[2173525, 2588413, 2098225, 1663566, 2885003, 1359777, 830338, 2615124, 1720654, 2287332, 1562862, 375188, 2909144, 1273983, 1050792, 1499018, 'Back']
[2173389, 2587152, 2105081, 1673337, 2892138, 1362915, 829235, 2641955, 1720601, 2287522, 1541637, 374019, 2886334, 1273452, 1023621, 1474371, 'Back']
[2173918, 2588857, 2098859, 1664245, 2885505, 1359843, 829204, 2617283, 1720777, 2287631, 1566949, 376695, 2909943, 1275953, 1052980, 1502081, 'Back']
[2173101, 2587383, 2105179, 1673674, 2891264, 1362838, 829205, 2639224, 1721091, 2288122, 1538763, 373370, 2886242, 1272188, 1022199, 1471890, 'Back']
[2173677, 2589272, 2099647, 1665641, 2885490, 1360001, 829716, 2621395, 1720298, 2287940, 1570317, 378369, 2910314, 1277977, 1054741, 1504628, 'Back']
[2172990, 2587914, 2102727, 1673083, 2890439, 1362668, 828767, 2634108, 1721005, 2288171, 1536281, 372645, 2887095, 1270702, 1021758, 1470304, 'Back']
[2173783, 2589575, 2100129, 1666354, 2886474, 1360554, 829258, 2626446, 1720099, 2287796, 1571895, 379287, 2909038, 1279211, 1054889, 1504972, 'Back']
[2173234, 2588347, 2102433, 1671578, 2889145, 1362849, 828102, 2630066, 1721260, 2288318, 1535240, 371901, 2888091, 1269571, 1022895, 1469927, 'Back']
[2173840, 2589482, 2102117, 1666632, 2887277, 1360433, 830297, 2630353, 1719918, 2287483, 1572273, 379654, 2907323, 1279791, 1054039, 1504603, 'Back']
[2173519, 2588761, 2101914, 1670160, 2888629, 1362282, 828891, 2625543, 1721354, 2287989, 1535157, 370914, 2889697, 1268261, 1024206, 1470651, 'Back']
[2173674, 2589302, 2103656, 1667849, 2888331, 1361058, 830110, 2635355, 1719894, 2287481, 1571809, 380007, 2904904, 1281009, 1051896, 1503393, 'Back']
[2173342, 2588835, 2101272, 1668653, 2887437, 1361836, 828912, 2620343, 1721207, 2287840, 1536123, 370475, 2891775, 1267757, 1026596, 1472772, 'Back']
[2173502, 2588960, 2104431, 1669253, 2888789, 1361192, 829021, 2638242, 1719669, 2287377, 1569736, 380038, 2901967, 1280923, 1048603, 1501072, 'Back']
[2173644, 2589298, 2099221, 1667957, 2886677, 1361921, 829881, 2617677, 1721168, 2287862, 1538337, 370848, 2894631, 1267588, 1029589, 1476189, 'Back']
[2173739, 2589042, 2104533, 1670855, 2890105, 1361729, 828726, 2641528, 1719933, 2287702, 1567551, 380486, 2899604, 1281407, 1045527, 1498728, 'Back']
[2173512, 2589271, 2099116, 1666608, 2885818, 1361174, 829362, 2614197, 1721454, 2287871, 1541833, 371231, 2897665, 1268147, 1033148, 1479927, 'Back']
[2173625, 2588791, 2106132, 1671922, 2890517, 1362081, 829271, 2644052, 1720003, 2287613, 1563758, 379845, 2896863, 1280881, 1041153, 1494906, 'Back']
[2173190, 2589027, 2098629, 1665300, 2884484, 1360617, 829916, 2613360, 1721312, 2287823, 1545568, 371727, 2901062, 1269002, 1036960, 1484322, 'Back']
[2173172, 2588241, 2106194, 1672334, 2890715, 1362001, 828376, 2645116, 1719841, 2287073, 1558813, 378460, 2894041, 1279250, 1036109, 1489876, 'Back']
[2173355, 2589158, 2097676, 1663923, 2883895, 1359961, 829487, 2610531, 1721203, 2287254, 1549953, 371894, 2903559, 1269425, 1039817, 1487800, 'Back']
[2173115, 2587823, 2106439, 1672923, 2891045, 1362206, 829358, 2644879, 1720210, 2287008, 1554180, 377313, 2890792, 1277976, 1030849, 1484783, 'Back']
[2172933, 2588508, 2097837, 1663540, 2883907, 1359497, 830103, 2611680, 1720859, 2287004, 1555138, 372861, 2906026, 1270982, 1044196, 1492683, 'Back']
[2172635, 2587230, 2106301, 1673287, 2891352, 1362072, 828492, 2644365, 1719841, 2286706, 1548700, 375587, 2888827, 1275893, 1027837, 1480372, 'Back']
[2173122, 2588819, 2098416, 1663789, 2883927, 1359662, 829665, 2612623, 1720415, 2286809, 1559792, 374036, 2908584, 1272463, 1048835, 1497066, 'Back']
[2173051, 2587711, 2106439, 1674245, 2891329, 1362689, 828972, 2641796, 1720247, 2287290, 1544106, 374883, 2887364, 1274599, 1025350, 1476850, 'Back']
[2173013, 2588699, 2098474, 1664569, 2884289, 1359700, 830117, 2614571, 1720391, 2287150, 1564544, 375740, 2909267, 1274774, 1051536, 1500706, 'Back']
[2172431, 2587040, 2104050, 1673986, 2890587, 1362621, 828639, 2639157, 1720100, 2286673, 1540215, 373108, 2886234, 1272536, 1022853, 1473766, 'Back']
[2173015, 2588721, 2098859, 1664884, 2884505, 1360090, 831150, 2619123, 1720118, 2286643, 1568052, 376645, 2909754, 1276433, 1053339, 1503629, 'Back']
[2172360, 2587257, 2103487, 1672913, 2890029, 1362506, 829038, 2635925, 1720630, 2286976, 1537205, 372137, 2885978, 1271067, 1021449, 1471278, 'Back']
[2172842, 2588710, 2098611, 1664548, 2885311, 1359307, 829691, 2621188, 1719781, 2286540, 1570408, 377477, 2909030, 1277571, 1053959, 1504095, 'Back']
[2172344, 2587434, 2101587, 1671351, 2889331, 1362037, 829277, 2631840, 1720571, 2286868, 1534957, 370947, 2886149, 1269185, 1020940, 1468990, 'Back']
[2172926, 2588659, 2098879, 1665314, 2885828, 1359539, 829138, 2626474, 1719623, 2286441, 1571809, 378210, 2907437, 1278784, 1053684, 1504260, 'Back']
[2172534, 2587650, 2099048, 1670361, 2888371, 1361816, 829268, 2626872, 1720988, 2286894, 1534797, 370156, 2888018, 1268216, 1022347, 1469599, 'Back']
[2172833, 2588231, 2099461, 1666235, 2886996, 1359800, 830074, 2630721, 1719669, 2286124, 1571805, 378454, 2905562, 1279679, 1052042, 1503760, 'Back']
[2172426, 2587519, 2098809, 1668471, 2887132, 1361302, 830034, 2622509, 1721111, 2286548, 1534784, 369320, 2889525, 1267406, 1023948, 1470836, 'Back']
[2172729, 2587982, 2101461, 1667371, 2888026, 1360363, 830065, 2635416, 1719543, 2285944, 1570419, 378556, 2902537, 1280200, 1049561, 1501935, 'Back']
[2172479, 2587768, 2097763, 1667435, 2886031, 1360945, 829898, 2618630, 1721046, 2286685, 1536442, 369232, 2892313, 1267337, 1026856, 1474170, 'Back']
[2172819, 2588081, 2101867, 1669647, 2888426, 1361184, 829881, 2638976, 1719518, 2286408, 1568635, 379010, 2900824, 1280953, 1046700, 1500697, 'Back']
[2172788, 2588361, 2096954, 1667620, 2885362, 1361577, 830561, 2616285, 1721357, 2287117, 1539511, 370060, 2895746, 1267824, 1030215, 1478428, 'Back']
[2172942, 2588105, 2102473, 1671595, 2889162, 1361635, 829474, 2642994, 1719942, 2286767, 1565913, 379378, 2898208, 1281065, 1042972, 1497868, 'Back']
[2173056, 2588677, 2095945, 1665922, 2884003, 1360456, 830619, 2613194, 1721538, 2287177, 1543095, 370577, 2898819, 1268460, 1033553, 1482114, 'Back']
[2172879, 2588013, 2103338, 1671694, 2889415, 1360989, 829009, 2643806, 1719791, 2286541, 1561842, 378383, 2895027, 1279925, 1037942, 1492463, 'Back']
[2173086, 2589268, 2095541, 1664418, 2883422, 1359574, 830037, 2611293, 1721194, 2287086, 1547506, 371183, 2901668, 1268746, 1037501, 1485264, 'Back']
[2173301, 2588632, 2103703, 1672348, 2890482, 1361514, 829811, 2644569, 1720199, 2287072, 1557318, 377916, 2892355, 1278864, 1033391, 1487169, 'Back']
[2173247, 2589774, 2095376, 1663667, 2883499, 1359309, 830715, 2610475, 1721442, 2287213, 1552509, 372476, 2904785, 1270342, 1041534, 1489630, 'Back']
[2173162, 2588668, 2104772, 1673163, 2890800, 1362421, 829590, 2644985, 1720632, 2287033, 1552182, 376921, 2889778, 1277581, 1029385, 1482496, 'Back']
[2173232, 2589706, 2096724, 1663240, 2883563, 1359744, 830226, 2612066, 1721422, 2287142, 1557552, 373603, 2907010, 1272187, 1046240, 1494600, 'Back']
[2172939, 2588226, 2104831, 1673580, 2891049, 1362542, 831278, 2643617, 1720754, 2286857, 1547086, 375389, 2887593, 1275863, 1026339, 1478655, 'Back']
[2173067, 2589246, 2096178, 1664043, 2883208, 1359984, 831416, 2614283, 1721338, 2286980, 1562384, 374865, 2908750, 1274132, 1050069, 1499006, 'Back']
[2172696, 2587737, 2103280, 1674341, 2890713, 1363283, 831155, 2643965, 1721073, 2286854, 1542728, 374088, 2886461, 1274357, 1023668, 1476041, 'Back']
[2172998, 2589070, 2096732, 1664338, 2883400, 1359552, 831117, 2617451, 1721181, 2287010, 1566771, 376339, 2910020, 1276082, 1052422, 1503227, 'Back']
[2172432, 2587427, 2102093, 1673581, 2889722, 1362718, 829808, 2639400, 1721386, 2286993, 1539372, 373073, 2886567, 1272488, 1021759, 1473375, 'Back']
[2172334, 2588402, 2096131, 1664140, 2884208, 1359175, 829214, 2619588, 1720559, 2286369, 1569225, 376968, 2910349, 1277383, 1053247, 1504769, 'Back']
[2171460, 2586732, 2100565, 1672244, 2890037, 1362335, 831427, 2636393, 1720907, 2286548, 1536143, 371448, 2886946, 1270657, 1020557, 1470875, 'Back']
[2171647, 2587893, 2097054, 1664466, 2885350, 1359000, 831588, 2624401, 1719871, 2286158, 1571120, 377886, 2909790, 1278850, 1054210, 1505259, 'Back']
[2170929, 2586562, 2099733, 1670575, 2888416, 1361355, 830054, 2631101, 1720871, 2286447, 1534757, 370875, 2888019, 1269334, 1021497, 1469588, 'Back']
[2170876, 2587084, 2098579, 1665141, 2885437, 1358411, 830659, 2628021, 1719610, 2285970, 1572026, 378948, 2907977, 1279650, 1053184, 1504601, 'Back']
[2169667, 2585617, 2098199, 1669245, 2887187, 1360457, 830413, 2626438, 1720236, 2285841, 1534218, 369879, 2889682, 1267897, 1022531, 1470004, 'Back']
[2169682, 2585987, 2098316, 1666262, 2886136, 1358579, 830395, 2633280, 1718858, 2285605, 1570899, 378763, 2906007, 1280379, 1051086, 1503618, 'Back']
[2169066, 2585305, 2096214, 1668005, 2885267, 1359785, 829490, 2621236, 1719942, 2285880, 1534802, 369234, 2891667, 1267493, 1024437, 1472000, 'Back']
[2169375, 2585899, 2099964, 1668536, 2886870, 1359868, 831128, 2637781, 1718565, 2285790, 1569398, 379026, 2902726, 1281219, 1048021, 1501828, 'Back']
[2168673, 2585718, 2096056, 1667403, 2884499, 1360415, 830419, 2618028, 1720085, 2286375, 1537024, 369772, 2893835, 1268289, 1028024, 1476040, 'Back']
[2168681, 2585939, 2101484, 1670528, 2888166, 1360911, 829944, 2640927, 1718259, 2285943, 1566998, 379383, 2899596, 1281783, 1045237, 1500153, 'Back']
[2168152, 2586043, 2095862, 1666880, 2884352, 1361062, 831713, 2615261, 1719608, 2286665, 1539988, 370503, 2896433, 1268867, 1031663, 1480089, 'Back']
[2167910, 2585329, 2102648, 1671991, 2889102, 1361973, 830426, 2644011, 1717833, 2286256, 1563485, 379407, 2896554, 1281573, 1042104, 1496672, 'Back']
[2167589, 2585657, 2095909, 1665646, 2883480, 1360510, 830404, 2612832, 1718668, 2286286, 1543386, 370754, 2899295, 1269103, 1036653, 1484391, 'Back']
[2167626, 2584756, 2103718, 1672260, 2890238, 1362087, 830280, 2644721, 1717004, 2285630, 1558498, 377930, 2893087, 1279900, 1037799, 1491286, 'Back']
[2167569, 2585555, 2095892, 1664246, 2883832, 1360104, 831457, 2611434, 1718398, 2285896, 1547716, 371166, 2901674, 1269579, 1040521, 1487396, 'Back']
[2167654, 2584763, 2105048, 1672669, 2890662, 1362377, 829951, 2646167, 1716920, 2285307, 1553778, 376799, 2890233, 1278099, 1033668, 1485990, 'Back']
[2168249, 2586377, 2097543, 1663903, 2883888, 1360661, 831105, 2611693, 1718349, 2286108, 1552873, 372545, 2904621, 1270825, 1045379, 1491716, 'Back']
[2168224, 2585538, 2106470, 1674134, 2891312, 1363839, 830223, 2645852, 1717411, 2286114, 1549002, 376195, 2888058, 1277084, 1030244, 1481582, 'Back']
[2168890, 2587373, 2098496, 1664625, 2883404, 1361125, 830640, 2613179, 1717971, 2286512, 1558201, 374099, 2906888, 1273091, 1049366, 1496766, 'Back']
[2169328, 2586873, 2107056, 1675268, 2891062, 1365121, 830494, 2644763, 1718027, 2287243, 1544587, 375807, 2886568, 1276313, 1026830, 1478476, 'Back']
[2169579, 2588031, 2099851, 1665188, 2883416, 1361888, 830780, 2615350, 1718414, 2287530, 1563135, 376297, 2908506, 1276145, 1052317, 1501498, 'Back']
[2168952, 2586072, 2106803, 1674673, 2889918, 1364738, 830407, 2640860, 1718108, 2287070, 1540262, 374124, 2885622, 1274519, 1024014, 1475503, 'Back']
[2168884, 2586568, 2099667, 1664772, 2883397, 1360934, 830819, 2617074, 1717796, 2286484, 1566362, 376434, 2908725, 1277024, 1053662, 1503642, 'Back']
[2168523, 2585085, 2105272, 1674111, 2889378, 1364142, 829654, 2636673, 1718018, 2286143, 1536609, 371862, 2885269, 1272169, 1022303, 1472399, 'Back']
[2168929, 2586215, 2100435, 1666160, 2884036, 1361778, 831338, 2622731, 1717534, 2286033, 1569334, 377132, 2908953, 1278452, 1055308, 1505848, 'Back']
[2168773, 2584973, 2104286, 1673662, 2888698, 1364290, 830583, 2634215, 1718447, 2286315, 1534764, 370956, 2886346, 1270803, 1022728, 1471960, 'Back']
[2169808, 2586490, 2102250, 1666947, 2885378, 1361144, 832274, 2626142, 1717800, 2285880, 1570951, 377932, 2908220, 1279532, 1055466, 1506682, 'Back']
[2169605, 2585605, 2103046, 1671771, 2887808, 1363250, 830309, 2628734, 1719197, 2286293, 1534172, 370207, 2887939, 1269289, 1023493, 1471009, 'Back']
[2170422, 2587092, 2102129, 1668096, 2886204, 1362255, 831214, 2631517, 1718178, 2286126, 1571877, 378820, 2906772, 1280594, 1054411, 1505844, 'Back']
[2170101, 2586373, 2101380, 1670948, 2886403, 1362918, 829815, 2623510, 1719580, 2286642, 1534786, 370128, 2890017, 1268500, 1024874, 1472154, 'Back']
[2170742, 2587129, 2103615, 1669294, 2886496, 1361623, 829923, 2633816, 1718346, 2286174, 1571202, 379453, 2904301, 1280957, 1050969, 1503720, 'Back']
[2170618, 2587075, 2101028, 1669991, 2885335, 1362931, 830160, 2619614, 1720184, 2286941, 1536177, 370256, 2892394, 1268122, 1026306, 1473886, 'Back']
[2171055, 2587517, 2105253, 1670949, 2887197, 1362316, 829308, 2637579, 1718595, 2286380, 1569476, 379789, 2901689, 1281538, 1047611, 1501347, 'Back']
[2170859, 2587568, 2100160, 1668605, 2883920, 1362465, 829812, 2614719, 1720219, 2286928, 1538975, 370478, 2895148, 1268248, 1029698, 1477071, 'Back']
[2171489, 2587559, 2106413, 1672548, 2888383, 1363544, 831251, 2642663, 1718889, 2286556, 1566958, 379818, 2899155, 1281707, 1044790, 1498382, 'Back']
[2171461, 2587985, 2099675, 1668005, 2883689, 1362237, 831104, 2614632, 1720606, 2287109, 1542930, 371203, 2899135, 1268991, 1034909, 1482241, 'Back']
[2171635, 2587436, 2107373, 1673733, 2889437, 1363332, 830371, 2644765, 1719119, 2286621, 1563392, 379517, 2896818, 1281145, 1041040, 1494999, 'Back']
[2171629, 2588089, 2099056, 1666545, 2883601, 1361869, 831554, 2612510, 1720676, 2286877, 1546990, 371664, 2902169, 1269698, 1038491, 1486342, 'Back']
[2171594, 2587227, 2106496, 1673686, 2889802, 1363192, 829852, 2645475, 1719373, 2286331, 1558747, 378427, 2893938, 1279867, 1036315, 1490344, 'Back']
[2172221, 2588661, 2097786, 1665345, 2882664, 1360904, 831325, 2610586, 1720831, 2286679, 1551786, 372414, 2905031, 1270590, 1042327, 1490637, 'Back']
[2171897, 2587418, 2105523, 1674172, 2889739, 1362983, 829274, 2644804, 1719854, 2286471, 1554010, 377472, 2891220, 1278050, 1031574, 1485373, 'Back']
[2172097, 2588952, 2097054, 1665190, 2882755, 1360517, 830846, 2610754, 1720460, 2286695, 1556908, 373742, 2907708, 1271695, 1045891, 1494626, 'Back']
[2171881, 2587819, 2105255, 1675012, 2889705, 1363273, 829288, 2642759, 1719990, 2286866, 1548848, 376643, 2889417, 1276592, 1027433, 1480289, 'Back']
[2172060, 2589151, 2097560, 1665216, 2882177, 1360691, 829949, 2612409, 1720293, 2286772, 1561893, 375337, 2909232, 1273800, 1048892, 1498153, 'Back']
[2172339, 2588322, 2105273, 1675774, 2889562, 1364544, 830225, 2642727, 1720388, 2287066, 1544621, 375634, 2887680, 1275322, 1024283, 1476602, 'Back']
[2172477, 2589490, 2098333, 1665778, 2882906, 1361134, 831535, 2616104, 1720546, 2286928, 1566788, 377044, 2910308, 1276240, 1052107, 1502081, 'Back']
[2171881, 2587897, 2105410, 1675161, 2889368, 1364667, 830683, 2640399, 1720413, 2286557, 1540424, 373777, 2886804, 1273159, 1022829, 1473719, 'Back']
[2172337, 2589185, 2100284, 1665927, 2883461, 1361364, 830611, 2619570, 1720119, 2286333, 1569488, 377562, 2910505, 1277501, 1054107, 1504834, 'Back']
[2171682, 2587648, 2104950, 1673789, 2889007, 1363783, 829250, 2635458, 1720487, 2286257, 1536970, 372139, 2886621, 1271336, 1021023, 1471332, 'Back']
[2172509, 2589219, 2101102, 1666200, 2885051, 1360874, 831421, 2622631, 1719856, 2286114, 1571617, 378189, 2910236, 1278744, 1053946, 1505672, 'Back']
[2171867, 2587839, 2104453, 1672542, 2888432, 1363190, 829669, 2630550, 1720901, 2286375, 1535641, 371381, 2887939, 1269936, 1020748, 1470308, 'Back']
[2172403, 2589080, 2102239, 1667098, 2885463, 1360788, 830364, 2626311, 1719847, 2286039, 1572679, 379123, 2908412, 1279516, 1052831, 1505195, 'Back']
[2171756, 2587890, 2102594, 1671340, 2887170, 1362374, 829875, 2625857, 1720909, 2286213, 1535546, 370704, 2889481, 1268332, 1021898, 1470594, 'Back']
[2172562, 2588957, 2103258, 1668057, 2885900, 1360585, 830062, 2630108, 1719713, 2285770, 1572363, 379397, 2906307, 1279991, 1050467, 1503488, 'Back']
[2172116, 2588483, 2101321, 1670128, 2885733, 1362525, 829112, 2621929, 1721172, 2286338, 1536211, 370538, 2891597, 1267637, 1022970, 1471452, 'Back']
[2172304, 2588866, 2103806, 1669558, 2886653, 1361724, 831491, 2636719, 1719669, 2286135, 1571291, 380136, 2904037, 1280968, 1047528, 1502458, 'Back']
[2172148, 2588762, 2099613, 1668899, 2884441, 1362114, 830520, 2617880, 1721105, 2286364, 1538023, 370526, 2894502, 1267550, 1025851, 1474954, 'Back']
[2172523, 2588929, 2104221, 1671160, 2887526, 1362279, 829887, 2639629, 1719614, 2285994, 1569149, 380038, 2901371, 1280982, 1044551, 1499632, 'Back']
[2172047, 2588635, 2098606, 1668115, 2883648, 1361894, 830309, 2613836, 1721101, 2286407, 1540549, 370613, 2897007, 1267976, 1029252, 1477655, 'Back']
[2172172, 2588151, 2105015, 1672852, 2888845, 1362754, 830724, 2641933, 1719434, 2285700, 1565492, 379443, 2898424, 1280746, 1040903, 1495768, 'Back']
[2172289, 2588897, 2098465, 1667298, 2883579, 1361813, 830650, 2611409, 1721148, 2286323, 1544256, 371226, 2900040, 1268407, 1033735, 1482056, 'Back']
[2171888, 2587764, 2106552, 1673214, 2889521, 1362871, 830700, 2644055, 1719680, 2285731, 1561667, 378981, 2895325, 1279920, 1037050, 1491727, 'Back']
[2172090, 2588785, 2098215, 1665668, 2883083, 1360884, 830865, 2610056, 1720905, 2285941, 1548973, 371765, 2903096, 1268958, 1038492, 1486522, 'Back']
[2171954, 2587690, 2106808, 1673861, 2889571, 1362948, 829484, 2644021, 1719594, 2285526, 1556875, 377874, 2892232, 1278102, 1032628, 1486861, 'Back']
[2172403, 2589159, 2098927, 1665682, 2882848, 1361217, 831940, 2611292, 1720738, 2285963, 1554197, 372943, 2905925, 1270132, 1042737, 1491620, 'Back']
[2172206, 2587967, 2106336, 1674952, 2889938, 1363146, 829986, 2643747, 1720009, 2286051, 1552269, 377254, 2890339, 1277071, 1028899, 1482829, 'Back']
[2171933, 2588833, 2098759, 1664925, 2882306, 1360010, 830982, 2611511, 1720648, 2285949, 1559091, 374208, 2907788, 1271876, 1045607, 1495198, 'Back']
[2171526, 2587352, 2106962, 1674872, 2889891, 1363236, 829987, 2642801, 1719925, 2285537, 1546727, 375336, 2888002, 1274769, 1024274, 1477588, 'Back']
[2171926, 2588880, 2099084, 1665568, 2882409, 1360369, 830572, 2612899, 1720281, 2285758, 1563544, 375389, 2909743, 1273746, 1048693, 1499048, 'Back']
[2171325, 2587245, 2106355, 1675397, 2889360, 1363296, 829350, 2638812, 1720272, 2286140, 1542482, 374509, 2887140, 1273893, 1021431, 1474482, 'Back']
[2171551, 2588422, 2100096, 1666070, 2883327, 1360906, 831938, 2616658, 1720040, 2285928, 1567524, 376826, 2910548, 1276155, 1050873, 1502720, 'Back']
[2170761, 2586568, 2105250, 1674406, 2889150, 1363011, 829678, 2636032, 1720043, 2285707, 1538868, 372850, 2887072, 1272006, 1020294, 1472877, 'Back']
[2171598, 2588230, 2099766, 1666003, 2883369, 1360437, 830178, 2618792, 1719617, 2285357, 1569834, 377401, 2910583, 1277150, 1052076, 1504719, 'Back']
[2171525, 2587286, 2104194, 1673973, 2888551, 1363357, 831096, 2632909, 1720574, 2285733, 1536393, 371889, 2887791, 1270191, 1019587, 1471321, 'Back']
[2171999, 2588643, 2100763, 1666738, 2884527, 1360411, 831014, 2623113, 1720132, 2285661, 1571968, 378864, 2910106, 1278608, 1052073, 1506008, 'Back']
[2171708, 2587579, 2102981, 1672468, 2887720, 1362730, 831041, 2628532, 1721125, 2286004, 1535691, 371422, 2889679, 1268709, 1020175, 1471510, 'Back']
[2172216, 2588631, 2102486, 1667649, 2885463, 1360768, 831375, 2628003, 1719954, 2285626, 1572781, 379524, 2908752, 1279571, 1051055, 1505869, 'Back']
[2171812, 2587846, 2101786, 1671020, 2886573, 1362316, 829856, 2622773, 1721221, 2285998, 1535782, 370804, 2891489, 1267970, 1021505, 1472151, 'Back']
[2171950, 2588409, 2102571, 1668542, 2885939, 1360745, 830392, 2632020, 1719958, 2285451, 1572434, 379888, 2906649, 1280181, 1048652, 1504736, 'Back']
[2171743, 2588046, 2100061, 1669496, 2885302, 1361717, 830761, 2619081, 1721278, 2285798, 1536577, 370489, 2893339, 1266779, 1022864, 1473814, 'Back']
[2172313, 2588715, 2103891, 1670300, 2887312, 1361454, 830525, 2636768, 1720039, 2285473, 1570932, 380299, 2904236, 1280412, 1046101, 1502576, 'Back']
[2172077, 2588558, 2099930, 1668478, 2884257, 1361712, 830654, 2615734, 1721660, 2286083, 1539236, 370761, 2896529, 1267219, 1026803, 1477116, 'Back']
[2172364, 2588676, 2105127, 1671296, 2887994, 1361767, 831370, 2639738, 1719995, 2285517, 1568319, 379883, 2901542, 1280654, 1043123, 1499681, 'Back']
[2171821, 2588622, 2098784, 1666676, 2883494, 1361028, 829879, 2611546, 1721715, 2286056, 1542272, 370856, 2899295, 1267556, 1030461, 1480499, 'Back']
[2171635, 2587850, 2105766, 1671941, 2888578, 1362036, 830407, 2642360, 1719563, 2284981, 1564325, 379030, 2898322, 1279586, 1038745, 1495430, 'Back']
[2172269, 2589263, 2098055, 1666240, 2883505, 1361305, 832093, 2611037, 1721297, 2285817, 1546190, 371510, 2902560, 1268134, 1034920, 1484865, 'Back']
[2171614, 2587848, 2105339, 1672821, 2889234, 1362077, 829747, 2643087, 1720066, 2285523, 1560078, 378960, 2895822, 1279049, 1035062, 1490877, 'Back']
[2171703, 2588863, 2097065, 1664622, 2882284, 1359952, 830602, 2608873, 1720958, 2285178, 1550620, 371933, 2905646, 1268749, 1039325, 1488767, 'Back']
[2171623, 2587985, 2105281, 1673591, 2889631, 1362769, 829535, 2644237, 1719810, 2284910, 1554717, 377252, 2892877, 1277077, 1030526, 1485308, 'Back']
[2172459, 2589902, 2096960, 1664726, 2883097, 1360876, 831938, 2611150, 1721196, 2285811, 1556035, 373662, 2908903, 1270703, 1044162, 1493961, 'Back']
[2171971, 2588298, 2104693, 1674042, 2890006, 1362906, 830196, 2642516, 1720556, 2285582, 1550031, 376748, 2891338, 1275803, 1027068, 1481539, 'Back']
[2172334, 2589561, 2097069, 1664121, 2882648, 1359946, 830531, 2610813, 1721110, 2285516, 1560899, 374851, 2910284, 1272048, 1046762, 1497491, 'Back']
[2172126, 2588138, 2104013, 1674205, 2890216, 1363133, 831497, 2641447, 1720788, 2285582, 1545463, 375579, 2889054, 1273879, 1023072, 1477117, 'Back']
[2172030, 2589156, 2096591, 1663779, 2883069, 1359362, 832010, 2613407, 1720888, 2285574, 1565632, 376498, 2911322, 1274043, 1049619, 1501505, 'Back']
[2171905, 2587903, 2103212, 1673543, 2889628, 1362943, 830665, 2638256, 1720898, 2285569, 1541201, 374194, 2888173, 1271968, 1020353, 1474586, 'Back']
[2172169, 2589209, 2096681, 1663956, 2883947, 1360058, 831414, 2617804, 1720742, 2285529, 1568542, 377455, 2911125, 1275679, 1050086, 1504041, 'Back']
[2171417, 2587482, 2101408, 1672043, 2888909, 1362461, 829572, 2635300, 1720791, 2285390, 1537748, 372590, 2887735, 1270138, 1017934, 1472490, 'Back']
[2171741, 2588763, 2097204, 1664143, 2883413, 1359636, 830654, 2621285, 1720008, 2284878, 1570756, 377876, 2910822, 1276534, 1050347, 1505614, 'Back']
[2171416, 2587771, 2101285, 1671603, 2887602, 1362903, 830143, 2631602, 1720901, 2285284, 1535688, 371581, 2888406, 1268719, 1017818, 1471097, 'Back']
[2171681, 2588773, 2098412, 1665151, 2884141, 1359760, 830422, 2625022, 1720038, 2285211, 1572526, 379234, 2909736, 1278632, 1050421, 1506297, 'Back']
[2171622, 2587969, 2100048, 1670423, 2887579, 1362124, 830348, 2625811, 1721013, 2285284, 1535219, 370942, 2889735, 1267421, 1018674, 1470880, 'Back']
[2172105, 2588771, 2100548, 1666614, 2886195, 1360400, 831513, 2630287, 1720122, 2285293, 1573270, 380032, 2908517, 1279381, 1050084, 1505971, 'Back']
[2171478, 2587787, 2099405, 1668859, 2886101, 1361578, 831725, 2622436, 1721282, 2285384, 1536166, 370723, 2892797, 1266644, 1021839, 1472965, 'Back']
[2171965, 2588569, 2101574, 1667833, 2887234, 1360747, 831478, 2634896, 1719922, 2285193, 1571931, 380208, 2906246, 1279810, 1047431, 1504256, 'Back']
[2171340, 2588194, 2098972, 1667810, 2885983, 1361770, 830727, 2618974, 1721420, 2285600, 1537850, 370913, 2895385, 1266791, 1024362, 1475686, 'Back']
[2171672, 2588625, 2103133, 1669534, 2888257, 1361260, 831591, 2637635, 1719653, 2285286, 1570054, 380460, 2903904, 1280458, 1045115, 1501880, 'Back']
[2171244, 2588853, 2097243, 1667229, 2884526, 1361744, 830996, 2613968, 1720874, 2285782, 1540344, 371226, 2898098, 1267039, 1028753, 1478365, 'Back']
[2171098, 2588397, 2103839, 1671385, 2888489, 1362244, 830350, 2641618, 1719185, 2285475, 1566706, 380544, 2900567, 1280286, 1041960, 1497898, 'Back']
[2171365, 2589321, 2099061, 1667094, 2884106, 1362038, 832324, 2613112, 1720690, 2286029, 1543909, 372170, 2901107, 1267844, 1033171, 1482336, 'Back']
[2170869, 2588056, 2107186, 1672543, 2889741, 1362802, 830732, 2644213, 1719034, 2285463, 1562998, 380236, 2897458, 1279650, 1038706, 1493924, 'Back']
[2170841, 2588928, 2100027, 1665478, 2883486, 1361405, 830502, 2610728, 1720009, 2285291, 1547792, 372055, 2903897, 1267810, 1038039, 1486314, 'Back']
[2171179, 2588510, 2108647, 1673726, 2890601, 1363873, 831723, 2644730, 1718868, 2285139, 1557665, 378775, 2894525, 1277795, 1034527, 1488840, 'Back']
[2171780, 2590187, 2100444, 1665210, 2883401, 1362285, 831863, 2610569, 1720110, 2285663, 1552623, 373320, 2906811, 1269122, 1042198, 1491278, 'Back']
[2171591, 2589098, 2109465, 1674558, 2890476, 1364741, 830012, 2643766, 1719236, 2285556, 1552886, 378043, 2892055, 1276557, 1029830, 1484852, 'Back']
[2172069, 2590486, 2101831, 1665118, 2883033, 1362189, 830546, 2609848, 1720106, 2285468, 1557692, 374667, 2909107, 1270646, 1045377, 1495901, 'Back']
[2171396, 2588605, 2110101, 1674652, 2889879, 1364412, 829623, 2641075, 1719604, 2285304, 1547733, 376615, 2889602, 1274496, 1025372, 1480004, 'Back']
[2171720, 2589887, 2102958, 1665033, 2882831, 1361992, 830914, 2612133, 1719676, 2284943, 1562531, 375576, 2910752, 1272003, 1048650, 1499482, 'Back']
[2171017, 2588034, 2110297, 1674846, 2889592, 1365307, 830106, 2640755, 1719513, 2285117, 1543358, 375136, 2888818, 1272489, 1022804, 1476326, 'Back']
[2171195, 2589181, 2103368, 1665264, 2882792, 1362053, 830935, 2614478, 1719322, 2284716, 1566722, 376835, 2911912, 1273879, 1051291, 1502686, 'Back']
[2170983, 2587810, 2109589, 1674841, 2888863, 1365481, 829701, 2637224, 1719709, 2284812, 1539502, 373590, 2888535, 1270474, 1020772, 1473317, 'Back']
[2171551, 2589162, 2104462, 1666253, 2883498, 1362681, 831629, 2619542, 1719513, 2284851, 1569881, 377962, 2912143, 1275802, 1052294, 1504869, 'Back']
[2170908, 2587532, 2108961, 1674242, 2888715, 1364977, 831146, 2634074, 1720017, 2284916, 1537085, 372399, 2889362, 1269141, 1020027, 1471886, 'Back']
[2171096, 2588490, 2105562, 1666705, 2883958, 1361972, 830940, 2622579, 1719091, 2284355, 1571687, 378612, 2911924, 1276770, 1052546, 1505773, 'Back']
[2170824, 2587558, 2107755, 1673489, 2887641, 1365278, 830399, 2630572, 1719949, 2284667, 1535460, 371453, 2890859, 1267468, 1020574, 1470983, 'Back']
[2170982, 2588271, 2106271, 1667978, 2884684, 1362296, 830829, 2626926, 1718977, 2284498, 1572617, 379330, 2911256, 1278144, 1052547, 1506326, 'Back']
[2170696, 2587470, 2106595, 1672392, 2886632, 1364618, 830042, 2623984, 1720226, 2284811, 1535122, 370785, 2892556, 1266717, 1021527, 1471518, 'Back']
[2170785, 2587736, 2106410, 1669411, 2885743, 1362819, 830470, 2631483, 1718724, 2284245, 1572154, 379682, 2908271, 1278963, 1049580, 1504382, 'Back']
[2170221, 2587062, 2104425, 1670729, 2885512, 1364308, 830570, 2620828, 1720081, 2284461, 1536582, 370436, 2895024, 1266090, 1024114, 1473551, 'Back']
[2170374, 2587306, 2107722, 1670377, 2886853, 1363460, 830416, 2636591, 1718557, 2284033, 1570872, 379731, 2906254, 1279236, 1047507, 1502554, 'Back']
[2170038, 2587292, 2103679, 1669346, 2884214, 1363451, 829696, 2616421, 1719827, 2284466, 1537872, 370076, 2897130, 1265940, 1026068, 1475365, 'Back']
[2170175, 2587216, 2109359, 1671632, 2887812, 1362999, 830936, 2638204, 1718312, 2283963, 1568316, 379614, 2903219, 1279258, 1043444, 1498993, 'Back']
[2170483, 2587946, 2103575, 1668391, 2883648, 1363454, 831404, 2613233, 1719728, 2284298, 1541205, 370621, 2900091, 1265875, 1029437, 1478668, 'Back']
[2170606, 2587411, 2109902, 1673157, 2888210, 1364249, 830043, 2641505, 1718663, 2284116, 1565161, 379805, 2900311, 1278983, 1038947, 1494919, 'Back']
[2170296, 2587659, 2102154, 1666905, 2882006, 1362431, 829961, 2610429, 1719877, 2284352, 1545076, 371254, 2903035, 1266887, 1032474, 1482332, 'Back']
[2170545, 2586942, 2109677, 1673584, 2888144, 1363830, 829593, 2641874, 1718523, 2283626, 1560475, 378400, 2897300, 1277795, 1033583, 1489703, 'Back']
[2170985, 2588155, 2101937, 1666510, 2881745, 1362658, 831315, 2610025, 1720138, 2284163, 1549710, 371736, 2906060, 1267887, 1036382, 1486665, 'Back']
[2171287, 2587437, 2110244, 1675263, 2889119, 1364656, 830266, 2643796, 1719169, 2284466, 1556308, 378288, 2894972, 1277452, 1030274, 1486535, 'Back']
[2171112, 2588342, 2101225, 1666109, 2881250, 1362188, 829898, 2609314, 1720227, 2284661, 1554967, 373563, 2908574, 1269911, 1041138, 1492103, 'Back']
[2171083, 2587394, 2108818, 1676059, 2888761, 1365407, 829998, 2643179, 1719092, 2284460, 1550894, 377184, 2891821, 1275853, 1026193, 1482183, 'Back']
[2171336, 2588256, 2100297, 1665953, 2881330, 1361829, 829763, 2609647, 1719957, 2284819, 1559901, 375084, 2910292, 1272017, 1044933, 1496733, 'Back']
[2170841, 2586696, 2108588, 1675867, 2888560, 1364878, 829418, 2641023, 1718909, 2284055, 1545978, 375467, 2889992, 1273926, 1022575, 1477713, 'Back']
[2171412, 2588100, 2101508, 1666004, 2881312, 1361726, 830843, 2613028, 1719542, 2284503, 1564534, 376209, 2911894, 1273731, 1048035, 1500561, 'Back']
[2171707, 2586908, 2108491, 1675686, 2888519, 1364930, 830243, 2638940, 1719193, 2284265, 1541440, 374133, 2888813, 1271870, 1019985, 1474247, 'Back']
[2172954, 2588642, 2102348, 1666595, 2882464, 1362008, 832033, 2616527, 1719390, 2284565, 1568295, 377478, 2912603, 1275166, 1050173, 1503283, 'Back']
[2172700, 2587094, 2107106, 1674777, 2888342, 1364524, 829956, 2634636, 1719805, 2284489, 1538571, 373178, 2888670, 1270293, 1018414, 1471621, 'Back']
[2173528, 2589122, 2102790, 1666835, 2883657, 1361727, 830702, 2619148, 1719285, 2284231, 1570954, 378232, 2911873, 1276380, 1050538, 1504331, 'Back']
[2173668, 2588821, 2107004, 1674899, 2888260, 1365014, 830259, 2630765, 1720809, 2285434, 1537307, 372974, 2889696, 1269478, 1018270, 1470605, 'Back']
[2173736, 2589843, 2104501, 1668040, 2883815, 1362275, 829558, 2623914, 1720007, 2285218, 1573661, 380202, 2911260, 1278606, 1050767, 1505739, 'Back']
[2172762, 2588537, 2105134, 1673093, 2886103, 1364366, 828787, 2626193, 1720614, 2285182, 1536331, 372038, 2890950, 1267985, 1018422, 1470902, 'Back']
[2173291, 2589685, 2105009, 1669254, 2884630, 1363160, 830350, 2628904, 1719554, 2284943, 1573369, 380646, 2909373, 1279574, 1048454, 1505147, 'Back']
[2172822, 2588958, 2103654, 1672263, 2885337, 1364650, 830495, 2622827, 1720662, 2285068, 1536416, 371691, 2892876, 1267266, 1019556, 1472212, 'Back']
[2172665, 2589138, 2104824, 1670123, 2885015, 1362578, 830534, 2631792, 1719407, 2284843, 1572670, 381296, 2907312, 1279976, 1046371, 1504027, 'Back']
[2172366, 2588759, 2102288, 1670888, 2883830, 1364296, 830132, 2618116, 1720390, 2284764, 1537376, 371251, 2895297, 1266436, 1021959, 1473824, 'Back']
[2172914, 2589254, 2106752, 1672432, 2887114, 1364141, 831084, 2636931, 1719374, 2284765, 1570812, 381181, 2905135, 1280444, 1044041, 1501880, 'Back']
[2172356, 2588998, 2100963, 1669724, 2883667, 1363525, 830652, 2613150, 1720977, 2285246, 1540042, 371645, 2897997, 1267078, 1025635, 1477006, 'Back']
[2171909, 2588295, 2106446, 1672695, 2887469, 1363779, 830306, 2640725, 1719085, 2284339, 1567704, 380455, 2901605, 1279949, 1040126, 1497950, 'Back']
[2171424, 2588396, 2100326, 1667764, 2882947, 1362887, 831041, 2612519, 1720324, 2284431, 1543102, 371146, 2901098, 1266593, 1029571, 1480740, 'Back']
[2171457, 2587769, 2107277, 1673616, 2888449, 1363899, 829808, 2642243, 1718770, 2283975, 1563374, 379363, 2898951, 1279116, 1036417, 1493580, 'Back']
[2171702, 2588670, 2100212, 1666823, 2882005, 1362224, 830623, 2609761, 1720444, 2284335, 1546791, 371554, 2903962, 1267353, 1033487, 1484111, 'Back']
[2171508, 2587850, 2108415, 1674346, 2888354, 1363830, 830486, 2642906, 1719224, 2283949, 1558914, 378680, 2895628, 1277815, 1031501, 1488462, 'Back']
[2171510, 2588860, 2100241, 1666374, 2881579, 1361569, 830456, 2608969, 1720501, 2284475, 1551884, 372925, 2906620, 1268805, 1037307, 1488706, 'Back']
[2171104, 2587528, 2108365, 1675078, 2888552, 1364316, 830081, 2643287, 1719202, 2284067, 1553839, 377732, 2893077, 1276530, 1026719, 1483672, 'Back']
[2171458, 2589011, 2100003, 1665877, 2881396, 1362081, 830553, 2610243, 1720167, 2284530, 1557151, 374276, 2909636, 1270681, 1041978, 1494178, 'Back']
[2170730, 2587246, 2107869, 1675394, 2888264, 1364537, 829623, 2642562, 1719430, 2284034, 1548743, 376461, 2891278, 1274733, 1023105, 1479773, 'Back']
[2171069, 2588788, 2099613, 1665646, 2881316, 1361502, 830871, 2612355, 1719803, 2284098, 1561596, 375232, 2911392, 1271958, 1044912, 1497974, 'Back']
[2170572, 2587088, 2106848, 1675453, 2888046, 1363705, 828771, 2638971, 1719595, 2284181, 1543924, 375226, 2889454, 1272710, 1020024, 1475562, 'Back']
[2170754, 2588207, 2099937, 1665448, 2881284, 1360930, 830477, 2613522, 1719493, 2283781, 1565876, 376418, 2912001, 1273291, 1047571, 1500707, 'Back']
[2170331, 2586682, 2105681, 1674709, 2888135, 1364267, 830278, 2637338, 1719806, 2283782, 1539933, 373357, 2888754, 1270672, 1018479, 1472591, 'Back']
[2170817, 2588171, 2100074, 1665359, 2882232, 1360854, 830675, 2616188, 1719512, 2283731, 1569233, 377193, 2912239, 1274996, 1049641, 1503106, 'Back']
[2170131, 2586607, 2105151, 1673714, 2887392, 1363854, 829509, 2634114, 1719863, 2283914, 1537194, 372130, 2888738, 1268990, 1017297, 1470358, 'Back']
[2170619, 2587852, 2101958, 1666186, 2882591, 1360722, 830906, 2621175, 1719014, 2283432, 1571591, 378115, 2911814, 1276404, 1050189, 1504272, 'Back']
[2170043, 2586426, 2104821, 1672875, 2886012, 1363628, 829379, 2630136, 1719932, 2283579, 1535655, 371052, 2889999, 1267547, 1017408, 1469214, 'Back']
[2170534, 2587609, 2102438, 1667121, 2883562, 1361073, 830720, 2625914, 1718897, 2283276, 1572605, 378747, 2910825, 1277647, 1049446, 1504665, 'Back']
[2170111, 2586728, 2101972, 1671436, 2885875, 1363060, 829928, 2624632, 1720154, 2283662, 1535279, 370566, 2891780, 1266432, 1018601, 1470015, 'Back']
[2170698, 2587773, 2103038, 1668148, 2884732, 1361392, 830674, 2630600, 1718765, 2283230, 1572579, 379471, 2909151, 1278253, 1048184, 1504024, 'Back']
[2170510, 2587429, 2101461, 1670126, 2884923, 1363278, 830486, 2620656, 1720445, 2283964, 1536266, 370553, 2894604, 1265865, 1021276, 1472229, 'Back']
[2170702, 2587618, 2103830, 1669355, 2885995, 1361803, 830296, 2634056, 1719085, 2283548, 1571313, 379849, 2906235, 1279051, 1045508, 1501893, 'Back']
[2170421, 2587371, 2099312, 1668426, 2883820, 1362264, 828917, 2615017, 1720348, 2283554, 1537859, 369910, 2896873, 1265337, 1024000, 1474230, 'Back']
[2170833, 2587551, 2104554, 1670637, 2886922, 1362089, 830452, 2637653, 1718947, 2283178, 1568918, 379572, 2903952, 1279123, 1042275, 1498913, 'Back']
[2170433, 2587637, 2099672, 1667241, 2883368, 1362060, 831138, 2613610, 1720580, 2283647, 1540835, 370326, 2899980, 1265826, 1027423, 1477777, 'Back']
[2170184, 2586796, 2105561, 1671294, 2887612, 1362098, 829493, 2639684, 1718739, 2283012, 1565334, 378967, 2901036, 1278493, 1038635, 1495183, 'Back']
[2170160, 2587438, 2098729, 1665758, 2882285, 1361197, 830141, 2609710, 1720068, 2283069, 1544097, 370126, 2902772, 1265813, 1031273, 1481088, 'Back']
[2170670, 2587334, 2106552, 1672976, 2888565, 1363644, 830032, 2643805, 1718982, 2283348, 1561713, 378625, 2898477, 1278458, 1035171, 1491344, 'Back']
[2170644, 2588221, 2098105, 1665225, 2881835, 1361026, 831161, 2609798, 1720654, 2283863, 1549420, 371794, 2906376, 1267771, 1036617, 1486480, 'Back']
[2170704, 2587521, 2106102, 1673245, 2888477, 1362840, 828886, 2642971, 1719019, 2283170, 1557081, 377761, 2895707, 1276788, 1031079, 1486746, 'Back']
[2171040, 2588834, 2097518, 1664123, 2881856, 1360792, 830722, 2608438, 1720623, 2283777, 1554171, 372856, 2908853, 1268857, 1040391, 1490617, 'Back']
[2170577, 2587578, 2105849, 1673216, 2889097, 1363293, 829759, 2642889, 1719555, 2283139, 1551786, 376431, 2892826, 1275216, 1026386, 1481924, 'Back']
[2170877, 2588990, 2097189, 1663308, 2881163, 1359922, 829521, 2609290, 1720362, 2283260, 1558988, 373634, 2910545, 1270204, 1043415, 1495047, 'Back']
[2171096, 2588188, 2105753, 1673765, 2889117, 1363334, 829904, 2641120, 1719987, 2283495, 1547061, 375427, 2890978, 1273487, 1021949, 1477765, 'Back']
[2171471, 2589678, 2098193, 1664175, 2881397, 1360209, 830700, 2611966, 1720570, 2283841, 1564544, 375931, 2912482, 1272500, 1046380, 1499487, 'Back']
[2171223, 2588409, 2105018, 1674312, 2888163, 1363298, 829087, 2638514, 1720450, 2284249, 1543582, 375130, 2889631, 1272030, 1018785, 1474542, 'Back']
[2171462, 2589449, 2097464, 1664638, 2881353, 1360090, 829713, 2614818, 1720341, 2284141, 1568838, 377620, 2912765, 1274385, 1047661, 1502526, 'Back']
[2171154, 2587976, 2102387, 1673693, 2887488, 1362792, 829366, 2635391, 1720704, 2284156, 1540230, 373758, 2889305, 1270191, 1016744, 1472426, 'Back']
[2171531, 2589163, 2096991, 1664929, 2881986, 1359454, 829981, 2617870, 1720162, 2283862, 1571541, 378463, 2912459, 1275730, 1048727, 1504600, 'Back']
[2171183, 2587989, 2101241, 1673008, 2886995, 1362823, 830154, 2631852, 1721317, 2284563, 1538156, 373032, 2889994, 1268891, 1016259, 1471185, 'Back']
[2170848, 2588430, 2097698, 1665284, 2882403, 1359703, 830779, 2623475, 1719958, 2283772, 1573246, 379028, 2911707, 1277162, 1048663, 1505854, 'Back']
[2170625, 2587647, 2100064, 1671227, 2886104, 1362275, 830306, 2627998, 1720553, 2283687, 1535973, 370947, 2890706, 1267266, 1016292, 1470668, 'Back']
