[1634297, 2463236, 2441086, 836498, 3130407, 1056085, 35701, 1013915, 1222782, 1230488, 954658, 96148, 2558362, 2043830, 1613211, 255932, 'Back']
[1634667, 2463631, 2441987, 835651, 3131260, 1054154, 36423, 1019625, 1222441, 1230255, 957684, 100685, 2551030, 2047683, 1616794, 265029, 'Back']
[1634996, 2464166, 2441177, 837071, 3130361, 1056375, 36483, 1011382, 1223191, 1230808, 955555, 96856, 2559157, 2043721, 1614254, 255971, 'Back']
[1634790, 2463898, 2442247, 836125, 3131434, 1054731, 36947, 1021816, 1223253, 1231092, 957813, 101743, 2550443, 2048785, 1615430, 266002, 'Back']
[1634246, 2463489, 2440390, 836402, 3129367, 1055371, 35013, 1008433, 1222947, 1230229, 955711, 96443, 2559167, 2042785, 1615153, 255382, 'Back']
[1634555, 2463501, 2442757, 836828, 3131959, 1055462, 36612, 1023449, 1222853, 1230636, 957138, 101272, 2549960, 2048612, 1614119, 265930, 'Back']
[1633771, 2462611, 2441126, 836393, 3130398, 1055377, 36377, 1006868, 1222827, 1230082, 956645, 96506, 2558807, 2042525, 1615380, 256230, 'Back']
[1633494, 2462138, 2442784, 836116, 3132159, 1055474, 35641, 1025628, 1222486, 1230098, 956456, 100505, 2550097, 2048204, 1612922, 265522, 'Back']
[1632940, 2461757, 2440626, 835081, 3130641, 1054284, 36798, 1007129, 1222324, 1229388, 956773, 95981, 2558988, 2041806, 1617208, 256070, 'Back']
[1633270, 2462268, 2442234, 835886, 3132083, 1055758, 35803, 1026632, 1221831, 1229531, 955071, 99428, 2550526, 2047341, 1612520, 263299, 'Back']
[1633808, 2463014, 2440830, 835329, 3130223, 1054267, 36852, 1006907, 1222467, 1229959, 957582, 96930, 2558584, 2042695, 1618382, 256325, 'Back']
[1633050, 2462272, 2441592, 835843, 3131175, 1055705, 35792, 1027371, 1222214, 1229839, 955102, 99687, 2550954, 2047539, 1611582, 262554, 'Back']
[1632816, 2462137, 2439768, 834421, 3129252, 1052818, 35372, 1006290, 1221774, 1228884, 957211, 96910, 2556747, 2042367, 1617714, 256967, 'Back']
[1633484, 2462851, 2441963, 836793, 3131664, 1056885, 36177, 1027380, 1221797, 1229519, 954191, 98929, 2551232, 2046877, 1610016, 261222, 'Back']
[1633259, 2462605, 2440405, 835023, 3130081, 1053518, 36901, 1008866, 1222019, 1229562, 957975, 98139, 2555942, 2043470, 1618560, 259318, 'Back']
[1632868, 2462016, 2441194, 836160, 3130792, 1056340, 35682, 1026473, 1221717, 1229296, 953768, 98076, 2551954, 2046005, 1609645, 260135, 'Back']
[1633029, 2462029, 2440462, 834554, 3130188, 1052952, 36177, 1009461, 1221773, 1228831, 957998, 98053, 2554589, 2043461, 1618413, 259818, 'Back']
[1632796, 2461880, 2441300, 836647, 3131192, 1057022, 36168, 1024883, 1221814, 1229012, 953318, 97159, 2553106, 2044915, 1609740, 258864, 'Back']
[1632232, 2461187, 2440513, 834572, 3130539, 1053396, 36582, 1012117, 1221716, 1228743, 957944, 98539, 2553460, 2044303, 1618418, 262222, 'Back']
[1631904, 2460900, 2440861, 836316, 3130263, 1056436, 35219, 1022362, 1221198, 1228382, 952883, 95986, 2553814, 2043812, 1609651, 257954, 'Back']
[1631836, 2460592, 2440759, 834243, 3130586, 1053062, 37050, 1014932, 1221043, 1227804, 958101, 98447, 2551939, 2044158, 1618064, 263189, 'Back']
[1631984, 2460781, 2441320, 836052, 3131332, 1056583, 36867, 1021374, 1221327, 1227788, 953770, 95206, 2555505, 2042648, 1611045, 257217, 'Back']
[1632018, 2460810, 2440911, 833983, 3130982, 1053050, 36666, 1017082, 1221123, 1227462, 958198, 98781, 2551103, 2044767, 1617413, 263900, 'Back']
[1632325, 2461329, 2440568, 835809, 3130301, 1056261, 36578, 1017485, 1221233, 1227666, 954255, 95178, 2556736, 2041995, 1611933, 255807, 'Back']
[1632779, 2461840, 2441146, 834966, 3131155, 1053499, 37093, 1019325, 1221547, 1228091, 958387, 100092, 2549756, 2045726, 1615784, 264687, 'Back']
[1632591, 2461863, 2440558, 836421, 3130478, 1055952, 37367, 1014980, 1221698, 1228527, 955333, 96234, 2557114, 2042112, 1612112, 255520, 'Back']
[1632449, 2461504, 2441025, 835069, 3131052, 1053346, 35790, 1021616, 1221240, 1228277, 957886, 100759, 2549284, 2046269, 1614994, 264957, 'Back']
[1632262, 2461579, 2439722, 836075, 3129654, 1055287, 35938, 1012089, 1221231, 1228074, 955367, 96010, 2557606, 2041224, 1612881, 254761, 'Back']
[1632618, 2461908, 2440999, 835708, 3130883, 1054816, 36598, 1023776, 1220998, 1228239, 956711, 100727, 2548491, 2046618, 1613022, 265160, 'Back']
[1632682, 2462131, 2439870, 835900, 3129197, 1055669, 35960, 1009168, 1221497, 1228574, 955941, 96496, 2557511, 2041673, 1613454, 255569, 'Back']
[1632542, 2461755, 2441254, 835237, 3131016, 1054975, 36023, 1024905, 1221189, 1228324, 956502, 100663, 2548731, 2046822, 1612212, 265367, 'Back']
[1632648, 2462030, 2439686, 835047, 3129084, 1054948, 36170, 1007938, 1221436, 1227922, 956448, 96288, 2558084, 2040869, 1615062, 255575, 'Back']
[1632700, 2461813, 2441261, 835127, 3131185, 1055823, 35923, 1027678, 1221235, 1228030, 955616, 100372, 2548855, 2046470, 1611087, 264430, 'Back']
[1632463, 2461567, 2439730, 834220, 3129384, 1054343, 36364, 1007718, 1221690, 1227921, 956865, 96939, 2557611, 2040785, 1615986, 256259, 'Back']
[1632957, 2461966, 2442096, 835755, 3132024, 1056638, 36839, 1028183, 1221298, 1228087, 954795, 100115, 2550050, 2046125, 1611301, 263491, 'Back']
[1632703, 2461877, 2440219, 834670, 3130226, 1054533, 35866, 1007492, 1221621, 1228290, 957132, 97671, 2557237, 2041262, 1616996, 257162, 'Back']
[1632584, 2461800, 2441620, 835942, 3131565, 1056444, 36049, 1027967, 1221463, 1228957, 954707, 100287, 2550751, 2046278, 1610260, 262739, 'Back']
[1632711, 2461851, 2439776, 834608, 3130059, 1053952, 36308, 1008023, 1221408, 1228348, 957762, 98140, 2557114, 2041569, 1618349, 257753, 'Back']
[1632961, 2461961, 2441044, 836458, 3131305, 1056938, 36374, 1027277, 1221744, 1228843, 954325, 99516, 2552206, 2045411, 1609854, 260644, 'Back']
[1632972, 2462157, 2439914, 835210, 3129984, 1054436, 36846, 1009830, 1221899, 1228933, 958486, 99223, 2555725, 2042707, 1617514, 259366, 'Back']
[1632856, 2462182, 2441118, 837286, 3131334, 1057538, 36806, 1027549, 1221777, 1229514, 954315, 99628, 2553218, 2045554, 1609454, 260371, 'Back']
[1632374, 2461837, 2439576, 835054, 3130061, 1053781, 35580, 1011828, 1221369, 1228921, 958327, 99873, 2554607, 2043381, 1617803, 261031, 'Back']
[1632855, 2462643, 2440789, 837405, 3131250, 1057675, 36098, 1025031, 1221342, 1229186, 953447, 98561, 2554269, 2044406, 1609376, 258535, 'Back']
[1632916, 2462601, 2440812, 835276, 3131191, 1054484, 37266, 1013828, 1221679, 1229140, 958717, 100909, 2553613, 2044302, 1617711, 262732, 'Back']
[1633360, 2462999, 2441668, 837351, 3131157, 1058290, 37587, 1024198, 1222010, 1229506, 954447, 98655, 2556064, 2043864, 1610852, 258429, 'Back']
[1632999, 2462164, 2440984, 834563, 3130445, 1054057, 36189, 1017084, 1221865, 1228870, 958943, 101154, 2552447, 2044811, 1617930, 264405, 'Back']
[1632855, 2462307, 2441497, 836911, 3130852, 1058279, 38120, 1020796, 1221821, 1229113, 954291, 97441, 2556408, 2042920, 1611223, 257082, 'Back']
[1632926, 2462140, 2441691, 835039, 3131419, 1055341, 37158, 1019682, 1221720, 1229177, 958371, 101391, 2551479, 2045927, 1617556, 265758, 'Back']
[1633203, 2462650, 2441190, 836592, 3130272, 1057985, 35566, 1018942, 1221908, 1229043, 954411, 97222, 2557793, 2042466, 1612846, 256970, 'Back']
[1633665, 2463117, 2441525, 835145, 3130904, 1055146, 35996, 1022224, 1222006, 1229525, 958163, 102150, 2550850, 2046412, 1616719, 265618, 'Back']
[1633978, 2463664, 2440395, 836405, 3129887, 1057288, 35462, 1015227, 1222354, 1229609, 955494, 97837, 2558425, 2041747, 1613038, 255270, 'Back']
[1634409, 2463983, 2441686, 835951, 3131344, 1055493, 37348, 1024702, 1222627, 1230188, 958241, 102952, 2550490, 2046846, 1614938, 265299, 'Back']
[1634749, 2464365, 2440506, 836746, 3129643, 1057082, 34904, 1012528, 1223113, 1230527, 956715, 98579, 2559417, 2042005, 1614160, 255246, 'Back']
[1635127, 2464579, 2442171, 836620, 3131044, 1056293, 36009, 1026556, 1223213, 1230786, 958109, 103383, 2550124, 2047484, 1612951, 265430, 'Back']
[1635094, 2464772, 2440915, 836646, 3129844, 1056199, 37494, 1011012, 1223286, 1230628, 957663, 98984, 2559223, 2041794, 1614180, 255971, 'Back']
[1635222, 2464815, 2442555, 837211, 3132052, 1056863, 37414, 1029207, 1222961, 1230837, 957788, 103276, 2550571, 2047454, 1612903, 265797, 'Back']
[1635166, 2464753, 2441284, 836888, 3130277, 1056336, 36321, 1010156, 1223303, 1230965, 958474, 99368, 2559304, 2042107, 1616560, 257215, 'Back']
[1634850, 2464257, 2442990, 837239, 3132465, 1057839, 36251, 1029816, 1222908, 1230906, 957056, 102748, 2550175, 2047324, 1611456, 265205, 'Back']
[1634414, 2464094, 2440957, 836082, 3131140, 1056343, 37126, 1009923, 1222914, 1230455, 958574, 99129, 2558764, 2041976, 1617228, 257874, 'Back']
[1633909, 2463909, 2442232, 836746, 3132210, 1058441, 36033, 1030777, 1222330, 1230402, 956350, 101667, 2551482, 2047040, 1611783, 264042, 'Back']
[1633586, 2463921, 2440448, 835374, 3130397, 1056144, 36487, 1009959, 1222507, 1230056, 958807, 99233, 2557408, 2042197, 1617366, 258228, 'Back']
[1633354, 2463851, 2441353, 836633, 3131575, 1058725, 36500, 1030656, 1222220, 1230256, 955734, 101358, 2551594, 2046416, 1610390, 262687, 'Back']
[1633458, 2463978, 2439452, 835283, 3129705, 1055699, 36286, 1011813, 1222064, 1229938, 958926, 100070, 2556488, 2042440, 1618488, 259148, 'Back']
[1633701, 2464172, 2440911, 837426, 3131131, 1059042, 37053, 1029848, 1222137, 1230404, 955215, 101068, 2552389, 2045632, 1610035, 260811, 'Back']
[1633877, 2464491, 2440066, 836029, 3130058, 1055848, 36566, 1011769, 1222554, 1230707, 959879, 101433, 2554795, 2043433, 1617900, 260614, 'Back']
[1633717, 2464144, 2440893, 837634, 3130929, 1058731, 35478, 1027498, 1222640, 1230840, 955389, 100747, 2552650, 2045274, 1608569, 259752, 'Back']
[1633798, 2464035, 2440137, 835730, 3129881, 1055112, 36452, 1013656, 1222440, 1230244, 959960, 101426, 2553275, 2043708, 1617319, 261882, 'Back']
[1633653, 2463921, 2440913, 837812, 3131403, 1059009, 39658, 1026134, 1222518, 1230451, 955484, 99528, 2553835, 2044088, 1609104, 258939, 'Back']
[1633429, 2463633, 2440270, 835920, 3131045, 1055234, 38104, 1016123, 1222279, 1229925, 960047, 101882, 2552163, 2044388, 1617463, 264169, 'Back']
[1633421, 2463822, 2440816, 838169, 3131129, 1058997, 36626, 1023377, 1222403, 1230006, 955318, 98869, 2554765, 2043154, 1609448, 258531, 'Back']
[1633221, 2463582, 2441209, 836355, 3131273, 1055871, 37861, 1019370, 1222317, 1229914, 960200, 102520, 2551188, 2044932, 1616681, 266084, 'Back']
[1632814, 2463425, 2441216, 837902, 3130922, 1059839, 37686, 1022335, 1222081, 1229663, 955736, 98731, 2556423, 2042075, 1611391, 258591, 'Back']
[1632522, 2463122, 2441363, 836012, 3131497, 1057119, 37777, 1022513, 1221668, 1229594, 959095, 102785, 2550138, 2045389, 1616605, 267050, 'Back']
[1632607, 2463361, 2440390, 837511, 3131083, 1060179, 38182, 1019643, 1221848, 1229495, 955680, 98798, 2557436, 2041819, 1613057, 257798, 'Back']
[1632629, 2463328, 2440509, 836129, 3131563, 1058176, 37771, 1025262, 1221688, 1229635, 958542, 103583, 2549822, 2046192, 1616130, 266929, 'Back']
[1632576, 2463393, 2439182, 836879, 3130240, 1059815, 38564, 1017254, 1221591, 1229754, 955941, 99065, 2557788, 2041584, 1613188, 256760, 'Back']
[1632330, 2462886, 2439922, 836088, 3131591, 1058330, 37938, 1028349, 1221295, 1229814, 957570, 103755, 2548856, 2046680, 1613428, 266627, 'Back']
[1631535, 2462127, 2438080, 836299, 3130057, 1058743, 36958, 1014459, 1221188, 1229126, 955886, 98912, 2558152, 2040870, 1613384, 256223, 'Back']
[1631148, 2461697, 2439529, 836122, 3131986, 1057632, 37564, 1029635, 1220550, 1228848, 956144, 103071, 2548426, 2046045, 1611157, 265552, 'Back']
[1630614, 2461297, 2438287, 836462, 3130487, 1057978, 37649, 1014170, 1220643, 1228496, 956324, 98992, 2558022, 2040442, 1613865, 256278, 'Back']
[1630178, 2460975, 2439993, 837113, 3132195, 1058855, 36581, 1031778, 1220217, 1228688, 955678, 103108, 2548876, 2046359, 1610661, 265500, 'Back']
[1628944, 2460023, 2438376, 836277, 3130319, 1057618, 38065, 1012902, 1220175, 1228349, 956538, 99422, 2557175, 2040889, 1614584, 257564, 'Back']
[1628062, 2459114, 2439627, 836865, 3131166, 1059087, 36855, 1032714, 1219174, 1227574, 954124, 101931, 2549290, 2045719, 1610376, 264934, 'Back']
[1628098, 2459312, 2439063, 836216, 3130319, 1058036, 38088, 1012987, 1219247, 1227342, 955798, 98870, 2556790, 2040744, 1615866, 258518, 'Back']
[1628018, 2459297, 2440994, 837405, 3132196, 1060448, 38744, 1033352, 1219321, 1228023, 953738, 101850, 2550273, 2046126, 1609940, 264843, 'Back']
[1627388, 2458528, 2439389, 835327, 3130353, 1057388, 37954, 1012869, 1219339, 1227570, 956543, 99620, 2556316, 2041604, 1616913, 260263, 'Back']
[1627470, 2458147, 2440079, 836336, 3131021, 1059754, 36427, 1030826, 1218971, 1227127, 952570, 100138, 2550748, 2044722, 1608467, 262812, 'Back']
[1627690, 2458165, 2438860, 834989, 3130043, 1057012, 37759, 1013672, 1219286, 1227098, 956664, 99284, 2554857, 2041465, 1616026, 260752, 'Back']
[1627741, 2458135, 2439528, 836404, 3131408, 1059292, 37215, 1029851, 1219242, 1227322, 952657, 99510, 2552357, 2043894, 1608351, 261278, 'Back']
[1627871, 2458456, 2438484, 834898, 3130048, 1056064, 36608, 1014432, 1219384, 1227385, 956997, 100273, 2554121, 2041877, 1616239, 261244, 'Back']
[1627742, 2458590, 2438774, 836714, 3130484, 1059228, 36377, 1028460, 1219019, 1227533, 952098, 99510, 2553195, 2043048, 1607842, 259397, 'Back']
[1627750, 2458646, 2438110, 834745, 3129973, 1055466, 36622, 1016261, 1218870, 1227281, 956548, 101277, 2552688, 2042595, 1615777, 262086, 'Back']
[1628431, 2459493, 2438959, 837404, 3130914, 1059562, 37851, 1027312, 1219211, 1227741, 952010, 99163, 2555065, 2042411, 1609228, 258138, 'Back']
[1628852, 2459747, 2438881, 835778, 3130706, 1055791, 37923, 1019445, 1219672, 1228207, 956786, 102334, 2551858, 2043792, 1616020, 264151, 'Back']
[1629163, 2460103, 2439101, 837985, 3130698, 1059096, 36850, 1024212, 1220042, 1228628, 952619, 99330, 2555557, 2042260, 1608774, 257889, 'Back']
[1629438, 2460248, 2439644, 836459, 3131175, 1055924, 37218, 1020763, 1220073, 1228633, 956953, 103237, 2550506, 2044655, 1614800, 265934, 'Back']
[1629714, 2460580, 2439188, 838178, 3131096, 1059526, 38436, 1021831, 1220107, 1228729, 953177, 99248, 2556913, 2041623, 1610446, 258376, 'Back']
[1630231, 2460873, 2439763, 836627, 3131886, 1056890, 37867, 1024478, 1220343, 1228848, 956866, 103744, 2550084, 2045305, 1614510, 267480, 'Back']
[1630445, 2461212, 2438522, 837464, 3130724, 1058609, 36499, 1018275, 1220854, 1228929, 953996, 99457, 2557365, 2041090, 1610760, 257597, 'Back']
[1631109, 2461661, 2439954, 836270, 3132011, 1056494, 37888, 1027250, 1220485, 1228678, 956570, 103941, 2549124, 2045339, 1612819, 267150, 'Back']
[1631601, 2462381, 2438661, 836851, 3130211, 1057901, 37367, 1017175, 1221157, 1228974, 955050, 99665, 2558167, 2040469, 1611829, 256859, 'Back']
[1632258, 2463016, 2439854, 836456, 3131375, 1056963, 36663, 1029152, 1221239, 1229457, 956873, 104620, 2549377, 2046126, 1612113, 266289, 'Back']
[1632505, 2463310, 2438359, 836799, 3129770, 1057197, 35730, 1013717, 1221849, 1229744, 956554, 100411, 2558008, 2040823, 1611993, 255815, 'Back']
[1632744, 2463446, 2440187, 837384, 3131741, 1057494, 37673, 1031686, 1221581, 1229925, 956958, 104938, 2548837, 2046679, 1609998, 265390, 'Back']
[1632522, 2463394, 2438610, 837361, 3129997, 1056835, 38146, 1014225, 1221919, 1230050, 957759, 101292, 2558141, 2041494, 1613455, 256993, 'Back']
[1632737, 2463610, 2440369, 838175, 3131551, 1057865, 36928, 1032543, 1221587, 1230316, 956874, 105352, 2549486, 2047160, 1609842, 265788, 'Back']
[1633004, 2464232, 2439106, 838134, 3130009, 1057180, 36603, 1012708, 1222024, 1230570, 958559, 102383, 2557775, 2041956, 1614452, 258273, 'Back']
[1632933, 2464320, 2440670, 839378, 3131625, 1058779, 37279, 1032486, 1221713, 1230954, 956618, 105813, 2550353, 2047409, 1609265, 265880, 'Back']
[1633351, 2464922, 2438857, 838750, 3130014, 1057344, 37723, 1012206, 1221835, 1230756, 959103, 103168, 2557436, 2042516, 1615882, 259969, 'Back']
[1633742, 2465330, 2440726, 840251, 3131683, 1059886, 37752, 1033003, 1222184, 1231432, 956439, 105647, 2550549, 2047388, 1608005, 265544, 'Back']
[1633614, 2465161, 2439506, 838349, 3130640, 1057171, 38541, 1013740, 1222263, 1230976, 960002, 104004, 2555919, 2043061, 1615636, 262285, 'Back']
[1633510, 2464896, 2440713, 839527, 3131578, 1060361, 37297, 1031485, 1222054, 1230764, 955897, 104309, 2551487, 2046171, 1607672, 264675, 'Back']
[1633388, 2464774, 2439909, 837167, 3130792, 1057192, 38682, 1014518, 1222206, 1230416, 959882, 103861, 2554856, 2043207, 1615940, 263453, 'Back']
[1633503, 2464889, 2440379, 838623, 3131597, 1060698, 37683, 1031155, 1222121, 1230442, 955421, 103252, 2553035, 2045184, 1607933, 262901, 'Back']
[1633346, 2464760, 2438650, 836203, 3129818, 1056119, 36530, 1015744, 1221908, 1230177, 959815, 104055, 2554476, 2043626, 1616609, 263609, 'Back']
[1633583, 2465058, 2439506, 838433, 3130358, 1059528, 36981, 1028220, 1222164, 1230723, 955361, 102852, 2554328, 2044524, 1607592, 259891, 'Back']
[1633557, 2464737, 2439059, 836411, 3130517, 1055162, 38205, 1017340, 1221982, 1230358, 960499, 105229, 2553381, 2044336, 1616157, 264104, 'Back']
[1633531, 2464615, 2438855, 838405, 3130346, 1058570, 35913, 1024786, 1222166, 1230225, 955712, 102360, 2555619, 2042922, 1608143, 257940, 'Back']
[1633684, 2464751, 2438981, 836912, 3130395, 1055133, 36359, 1018894, 1222324, 1230417, 960146, 105757, 2551808, 2044866, 1614462, 264524, 'Back']
[1633337, 2464668, 2439028, 838607, 3130148, 1058269, 37404, 1022159, 1222216, 1230567, 955893, 102306, 2556707, 2042631, 1608271, 257559, 'Back']
[1633240, 2464563, 2439421, 837001, 3130527, 1055439, 37479, 1021863, 1221852, 1230421, 959627, 106193, 2550879, 2045479, 1613672, 265459, 'Back']
[1633959, 2465509, 2439484, 839617, 3130802, 1059693, 38453, 1021926, 1222266, 1231183, 956585, 102582, 2557957, 2042874, 1610140, 257953, 'Back']
[1633888, 2465226, 2439763, 837990, 3130586, 1056999, 36939, 1025084, 1222092, 1231093, 959755, 106987, 2550490, 2047096, 1613893, 267677, 'Back']
[1633986, 2465714, 2439167, 839531, 3129987, 1059907, 37564, 1018547, 1222379, 1231058, 957168, 102469, 2558226, 2042564, 1610985, 257931, 'Back']
[1634191, 2465986, 2440570, 838826, 3131430, 1058445, 38268, 1028139, 1222225, 1231574, 959547, 107496, 2550142, 2048128, 1613391, 268780, 'Back']
[1633680, 2465386, 2439187, 838770, 3129749, 1059143, 37015, 1015212, 1222521, 1231351, 958178, 102790, 2558288, 2042681, 1611959, 258181, 'Back']
[1633348, 2464882, 2440258, 838272, 3131248, 1058768, 37120, 1030538, 1221554, 1230532, 958662, 106672, 2549653, 2047589, 1612216, 267962, 'Back']
[1633712, 2465162, 2439174, 838836, 3130157, 1059490, 38384, 1014456, 1222225, 1230765, 958484, 102470, 2558641, 2042365, 1613422, 258215, 'Back']
[1633550, 2464603, 2440830, 838419, 3131706, 1059249, 37676, 1032390, 1222217, 1230734, 958661, 106720, 2549607, 2048101, 1610646, 268039, 'Back']
[1633563, 2464497, 2438976, 837769, 3129600, 1057906, 36234, 1012593, 1222152, 1229687, 959329, 102287, 2558629, 2041385, 1614794, 258636, 'Back']
[1633913, 2464775, 2441291, 838985, 3131679, 1059433, 37919, 1032091, 1222143, 1230410, 958414, 106305, 2550017, 2047205, 1609798, 266532, 'Back']
[1633841, 2464807, 2439918, 837892, 3130559, 1057059, 38827, 1011149, 1222535, 1230394, 960605, 103427, 2558145, 2042057, 1615381, 259536, 'Back']
[1633618, 2464705, 2441146, 838667, 3131798, 1059008, 36931, 1032024, 1222106, 1230309, 958071, 106022, 2551106, 2046726, 1609107, 265369, 'Back']
[1633828, 2465293, 2439803, 837293, 3129895, 1056662, 37562, 1011329, 1222411, 1230280, 960882, 103985, 2557707, 2042380, 1616011, 260058, 'Back']
[1633907, 2465660, 2440923, 838341, 3131347, 1059744, 37487, 1030830, 1222331, 1230684, 957424, 105898, 2551999, 2046811, 1608232, 263723, 'Back']
[1634130, 2465959, 2439587, 836697, 3129954, 1057431, 37195, 1012031, 1222359, 1230590, 961001, 105138, 2556730, 2043356, 1616278, 260889, 'Back']
[1633878, 2465529, 2440749, 838110, 3131017, 1060520, 36876, 1030409, 1221991, 1230311, 956641, 105362, 2552833, 2046261, 1607465, 262423, 'Back']
[1633884, 2465350, 2439744, 836147, 3130412, 1056793, 37268, 1013429, 1222100, 1229776, 960902, 105353, 2554937, 2043591, 1615824, 262142, 'Back']
[1633678, 2464925, 2440387, 837876, 3130283, 1059942, 36512, 1027575, 1221946, 1229589, 956128, 104187, 2553235, 2044648, 1607057, 260640, 'Back']
[1633981, 2464874, 2440473, 836604, 3130728, 1056764, 37302, 1015307, 1222178, 1229551, 961213, 105880, 2553061, 2043928, 1615252, 263557, 'Back']
[1633757, 2464484, 2440997, 838667, 3131440, 1060136, 37974, 1027068, 1222335, 1229675, 956558, 103632, 2554191, 2043990, 1607485, 259860, 'Back']
[1633711, 2464229, 2440588, 836769, 3131063, 1056862, 37185, 1018879, 1222392, 1229709, 961453, 106318, 2552213, 2044884, 1615776, 265718, 'Back']
[1633542, 2464499, 2440546, 838696, 3131029, 1060328, 36783, 1024594, 1222427, 1229991, 956573, 102993, 2555034, 2043532, 1608088, 258919, 'Back']
[1633223, 2464256, 2440173, 836666, 3131296, 1056957, 37324, 1020098, 1221988, 1229778, 960991, 106439, 2550799, 2045407, 1615211, 266031, 'Back']
[1633364, 2464760, 2440549, 838876, 3132389, 1061225, 40110, 1022262, 1222225, 1229986, 957399, 102954, 2556645, 2042840, 1609929, 258447, 'Back']
[1633567, 2465059, 2440504, 837183, 3132429, 1058125, 37425, 1022905, 1222204, 1230341, 961318, 107467, 2550690, 2046708, 1615369, 267436, 'Back']
[1632969, 2464703, 2439442, 837867, 3130101, 1060214, 38051, 1018841, 1222344, 1230032, 958155, 103003, 2557492, 2042392, 1610697, 257445, 'Back']
[1633059, 2464691, 2439983, 836521, 3130661, 1057746, 36059, 1025045, 1221661, 1229429, 960464, 107044, 2549395, 2046037, 1612911, 266555, 'Back']
[1633891, 2465717, 2439940, 838415, 3131315, 1060625, 39323, 1016411, 1222516, 1230201, 959492, 103356, 2558481, 2042008, 1611680, 257415, 'Back']
[1634160, 2465861, 2441298, 838252, 3132605, 1059821, 39014, 1028372, 1222712, 1230676, 961803, 108387, 2549671, 2047626, 1612521, 268111, 'Back']
[1632846, 2464819, 2439353, 837738, 3130163, 1059563, 37639, 1013844, 1222943, 1230474, 960658, 103521, 2558767, 2042101, 1612941, 258247, 'Back']
[1632872, 2464627, 2440486, 837896, 3131972, 1059395, 37567, 1029560, 1221726, 1229795, 960599, 107090, 2549550, 2046947, 1611826, 267834, 'Back']
[1633194, 2465057, 2438943, 838148, 3130390, 1059547, 38523, 1012212, 1222424, 1230238, 961112, 103237, 2558942, 2041816, 1614576, 258685, 'Back']
[1632805, 2464460, 2440061, 837625, 3131837, 1059499, 38895, 1029965, 1222000, 1230248, 960238, 106812, 2549779, 2047209, 1610578, 267814, 'Back']
[1633546, 2465123, 2438532, 837174, 3130392, 1058161, 38754, 1009371, 1222358, 1229887, 961548, 103123, 2557997, 2041292, 1614386, 259198, 'Back']
[1633323, 2464612, 2439707, 837461, 3131769, 1059271, 38140, 1029220, 1222529, 1230057, 960176, 106344, 2550277, 2046644, 1608879, 266874, 'Back']
[1633579, 2465032, 2438028, 836714, 3130306, 1057870, 37982, 1010040, 1222160, 1229218, 961949, 102943, 2557282, 2041097, 1614579, 260119, 'Back']
[1633392, 2464640, 2439309, 837734, 3131519, 1060147, 37895, 1030578, 1222334, 1229828, 959405, 106006, 2551100, 2046144, 1608014, 265810, 'Back']
[1633246, 2464414, 2437964, 836242, 3130415, 1057822, 39611, 1010968, 1222110, 1229139, 962452, 103916, 2556934, 2041550, 1615763, 261317, 'Back']
[1632957, 2463834, 2439023, 837607, 3131664, 1060331, 38140, 1028829, 1221843, 1228937, 958491, 104672, 2552263, 2044826, 1608192, 263898, 'Back']
[1633155, 2463877, 2438021, 836276, 3130878, 1057347, 38161, 1011050, 1221986, 1228855, 962294, 104185, 2555802, 2041964, 1616326, 262228, 'Back']
[1633237, 2464020, 2439475, 838616, 3132087, 1061284, 39795, 1028593, 1222006, 1229368, 958084, 104325, 2552739, 2044400, 1607372, 262715, 'Back']
[1633094, 2463693, 2438581, 836381, 3130849, 1057191, 38095, 1013575, 1222036, 1229265, 962993, 105421, 2554535, 2042741, 1616207, 263951, 'Back']
[1633024, 2463623, 2438861, 838210, 3131402, 1060680, 38422, 1025380, 1221803, 1229114, 958033, 103641, 2554182, 2042956, 1607994, 260670, 'Back']
[1633157, 2463717, 2438415, 836622, 3131226, 1057434, 39010, 1014429, 1221673, 1229082, 962574, 105717, 2553242, 2042750, 1615965, 264292, 'Back']
[1632638, 2463589, 2438464, 838310, 3130972, 1061011, 37058, 1024171, 1221763, 1229596, 958019, 103624, 2555249, 2042663, 1608117, 260272, 'Back']
[1632960, 2463838, 2438546, 836665, 3131044, 1057860, 38235, 1016852, 1221577, 1229148, 962254, 106306, 2551993, 2043412, 1614989, 265674, 'Back']
[1632811, 2463924, 2438493, 838477, 3131238, 1060990, 39625, 1020513, 1222159, 1229448, 958314, 103321, 2556180, 2041650, 1608476, 259239, 'Back']
[1632593, 2463602, 2438417, 836620, 3131140, 1058023, 38817, 1019513, 1221580, 1229119, 961753, 106896, 2550376, 2044113, 1614085, 266958, 'Back']
[1632343, 2463489, 2437930, 837959, 3130466, 1060684, 38561, 1019874, 1221734, 1228970, 957885, 102578, 2556694, 2040797, 1609280, 258621, 'Back']
[1631931, 2462831, 2438250, 836067, 3131014, 1057095, 38192, 1022899, 1221306, 1228641, 960906, 106496, 2550043, 2044087, 1613618, 267394, 'Back']
[1632223, 2463241, 2437489, 837649, 3130095, 1059765, 37652, 1017021, 1221582, 1228712, 957805, 101938, 2557401, 2039713, 1609966, 257618, 'Back']
[1632519, 2463241, 2438500, 836708, 3131566, 1057696, 38238, 1026390, 1221445, 1228880, 960192, 106507, 2548755, 2044389, 1611619, 267828, 'Back']
[1632832, 2463513, 2437480, 837477, 3130358, 1058818, 39040, 1014672, 1222035, 1229061, 958748, 102138, 2557702, 2039298, 1611073, 258004, 'Back']
[1632713, 2463280, 2438654, 836829, 3131421, 1057770, 37837, 1028318, 1221740, 1228793, 959781, 106513, 2548677, 2044254, 1610806, 267732, 'Back']
[1632791, 2463642, 2437250, 837111, 3129781, 1058180, 37649, 1012541, 1222166, 1228829, 959353, 102354, 2558312, 2038823, 1612447, 258284, 'Back']
[1632593, 2463709, 2438866, 837267, 3131888, 1058437, 38808, 1029693, 1221655, 1228637, 958992, 106434, 2548761, 2044030, 1609561, 267682, 'Back']
[1632428, 2463806, 2436977, 836750, 3129591, 1058187, 38106, 1011140, 1221697, 1228572, 959658, 102547, 2557607, 2038456, 1613111, 258882, 'Back']
[1632202, 2463495, 2438639, 837269, 3131211, 1059466, 38280, 1030667, 1221424, 1228700, 958756, 106289, 2548930, 2044087, 1608938, 267261, 'Back']
[1632161, 2463473, 2437220, 836644, 3129734, 1058337, 38805, 1011298, 1221498, 1228475, 960330, 102907, 2557236, 2038744, 1614616, 259674, 'Back']
[1631848, 2463032, 2438694, 837600, 3130979, 1059582, 38258, 1030976, 1221309, 1228718, 958221, 105833, 2549771, 2043818, 1608712, 266359, 'Back']
[1632223, 2463543, 2437367, 836902, 3129534, 1058003, 38108, 1011525, 1221435, 1228641, 960954, 103527, 2556614, 2038869, 1615451, 260854, 'Back']
[1631928, 2463208, 2438441, 837869, 3131474, 1059850, 38275, 1030446, 1221426, 1229202, 958165, 105862, 2550724, 2043423, 1607929, 265593, 'Back']
[1632438, 2463853, 2437264, 837020, 3130553, 1057388, 38159, 1011276, 1221498, 1229054, 961856, 104682, 2555877, 2039417, 1615813, 262231, 'Back']
[1631777, 2463102, 2437697, 838039, 3131180, 1059775, 37504, 1028849, 1221583, 1229301, 957997, 105426, 2552069, 2042667, 1607347, 264171, 'Back']
[1631808, 2463053, 2436454, 836139, 3130500, 1056308, 38059, 1010780, 1221176, 1228651, 961588, 104978, 2555120, 2039713, 1615767, 263131, 'Back']
[1631194, 2462553, 2437381, 837820, 3130912, 1059547, 37316, 1026834, 1221113, 1228849, 957108, 104467, 2553106, 2041263, 1606427, 261904, 'Back']
[1631178, 2462517, 2437267, 836271, 3130852, 1056441, 38494, 1014156, 1221153, 1228509, 962051, 105667, 2554115, 2040265, 1615301, 264379, 'Back']
[1630016, 2461462, 2437338, 837365, 3130675, 1058656, 37917, 1025188, 1220845, 1228372, 957174, 103594, 2554728, 2040239, 1606753, 260770, 'Back']
[1629456, 2460842, 2436905, 835389, 3129872, 1055047, 36782, 1015365, 1220193, 1227585, 961366, 105494, 2552833, 2040059, 1614647, 265036, 'Back']
[1629199, 2460744, 2437415, 837644, 3130318, 1058918, 38045, 1022905, 1219967, 1227426, 956367, 102385, 2556126, 2038780, 1608100, 259671, 'Back']
[1628673, 2460128, 2437417, 835726, 3130391, 1055930, 37268, 1017946, 1219796, 1227266, 960667, 105724, 2551963, 2040992, 1614838, 266763, 'Back']
[1628751, 2460398, 2437871, 837744, 3130266, 1059183, 37365, 1019390, 1220019, 1227266, 956346, 101879, 2556343, 2038290, 1607815, 258821, 'Back']
[1628396, 2460003, 2438768, 836064, 3131066, 1055889, 38116, 1019895, 1219995, 1227388, 960650, 106345, 2550422, 2041911, 1612869, 267797, 'Back']
[1627797, 2459558, 2437653, 837193, 3130207, 1058401, 37617, 1015930, 1219657, 1226976, 956899, 101657, 2557203, 2037841, 1608876, 258057, 'Back']
[1627958, 2459536, 2438560, 836234, 3131459, 1056871, 39212, 1022905, 1219136, 1226879, 959525, 106163, 2549473, 2042075, 1611828, 267541, 'Back']
[1627432, 2459208, 2436429, 836608, 3129368, 1057877, 37021, 1013574, 1219407, 1227019, 957141, 101647, 2557676, 2037578, 1609502, 257595, 'Back']
[1627584, 2459340, 2437646, 836050, 3130540, 1056423, 37649, 1024344, 1218873, 1227012, 958693, 106005, 2548594, 2042368, 1609812, 266974, 'Back']
[1627293, 2459091, 2436301, 836429, 3129182, 1056769, 37375, 1011185, 1219118, 1226862, 957502, 101578, 2557323, 2037131, 1609405, 257438, 'Back']
[1627643, 2459336, 2438181, 836460, 3131145, 1056924, 36997, 1027382, 1218851, 1226830, 958033, 105965, 2548121, 2042588, 1608383, 267214, 'Back']
[1627476, 2459228, 2436504, 836109, 3129498, 1056088, 37021, 1010005, 1219423, 1226922, 958087, 101787, 2557618, 2037305, 1611163, 258015, 'Back']
[1627444, 2458989, 2437883, 836128, 3130944, 1055721, 36277, 1027024, 1218844, 1226610, 957140, 105155, 2547981, 2042159, 1607529, 266287, 'Back']
[1627749, 2459297, 2436774, 835910, 3129874, 1055104, 37771, 1008039, 1219192, 1226528, 958490, 101542, 2556796, 2036538, 1612268, 258544, 'Back']
[1628094, 2459611, 2439152, 836998, 3131526, 1056938, 37000, 1028410, 1219170, 1226792, 956881, 104978, 2548765, 2041798, 1607441, 266451, 'Back']
[1628777, 2460395, 2437891, 836402, 3129976, 1055278, 36742, 1008200, 1219835, 1227064, 959157, 102492, 2557054, 2036875, 1613875, 260112, 'Back']
[1629504, 2460896, 2439792, 837723, 3132285, 1057466, 38563, 1029181, 1220168, 1227616, 956946, 105370, 2549873, 2041958, 1606837, 265977, 'Back']
[1629450, 2460711, 2437516, 835412, 3130003, 1053680, 37068, 1007941, 1220212, 1227165, 960116, 103271, 2555998, 2037179, 1614011, 261035, 'Back']
[1630414, 2461606, 2439449, 837636, 3131774, 1057323, 37854, 1027141, 1220270, 1227684, 956832, 104747, 2551005, 2041069, 1606239, 263724, 'Back']
[1630613, 2461765, 2438434, 836168, 3130624, 1054578, 38105, 1009500, 1221071, 1228076, 961414, 104523, 2555599, 2038275, 1614333, 262270, 'Back']
[1630388, 2461697, 2439082, 837598, 3131520, 1057247, 37557, 1025979, 1220657, 1228205, 956895, 104414, 2552237, 2040730, 1605170, 262636, 'Back']
[1630431, 2461694, 2438344, 835691, 3130782, 1053605, 37384, 1009800, 1220444, 1228012, 961174, 104825, 2554082, 2038683, 1613192, 262828, 'Back']
[1631029, 2462330, 2438955, 838322, 3131590, 1057730, 37199, 1024995, 1220547, 1228314, 956850, 103963, 2553807, 2039999, 1605746, 261478, 'Back']
[1631023, 2462224, 2438110, 836194, 3130473, 1053785, 37154, 1012770, 1221005, 1228439, 961941, 106011, 2553542, 2039891, 1614594, 265114, 'Back']
[1631157, 2462558, 2438634, 838227, 3131052, 1057298, 37937, 1021875, 1220686, 1228137, 956896, 103378, 2554808, 2038888, 1606346, 260130, 'Back']
[1631401, 2462845, 2438962, 836725, 3131421, 1054426, 37444, 1014480, 1220922, 1228442, 961853, 106718, 2552040, 2040362, 1613634, 266167, 'Back']
[1631625, 2463273, 2439321, 838841, 3132007, 1057957, 38578, 1019323, 1221393, 1228872, 957541, 103903, 2556173, 2038860, 1607312, 260120, 'Back']
[1631623, 2463298, 2439526, 836955, 3132138, 1054697, 38342, 1018197, 1221031, 1228335, 961881, 107540, 2551137, 2040810, 1613529, 267799, 'Back']
[1631819, 2463744, 2439476, 838499, 3131422, 1057691, 37672, 1018234, 1221394, 1228826, 958005, 103848, 2557319, 2038099, 1608746, 259563, 'Back']
[1632047, 2463855, 2439802, 836727, 3132075, 1055150, 37773, 1020423, 1221210, 1228778, 961318, 108163, 2550386, 2041612, 1612736, 267863, 'Back']
[1631448, 2463402, 2438352, 837402, 3130848, 1057230, 38110, 1014575, 1221187, 1228647, 958193, 103744, 2557729, 2037213, 1609066, 257671, 'Back']
[1631852, 2463590, 2438935, 836503, 3131395, 1055619, 36807, 1024056, 1221137, 1228543, 960533, 108122, 2549336, 2041663, 1611270, 267340, 'Back']
[1631405, 2463396, 2437405, 837033, 3129413, 1056438, 35866, 1012111, 1221135, 1228367, 958544, 103428, 2557488, 2036346, 1609416, 256683, 'Back']
[1631915, 2463947, 2439604, 837148, 3131625, 1055784, 37124, 1025287, 1221007, 1228689, 959902, 108446, 2548341, 2041905, 1609002, 266811, 'Back']
[1632228, 2464557, 2438300, 837996, 3130617, 1056719, 38808, 1011330, 1221398, 1228796, 959613, 104483, 2557840, 2036656, 1610373, 257690, 'Back']
[1632657, 2464921, 2440135, 837896, 3132133, 1056380, 38277, 1027502, 1221767, 1229569, 960179, 109512, 2548516, 2042850, 1608303, 268052, 'Back']
[1632718, 2465117, 2438852, 837548, 3130070, 1055821, 37491, 1009647, 1221964, 1228940, 960649, 105048, 2557564, 2036656, 1611388, 258709, 'Back']
[1632908, 2465011, 2440583, 837888, 3131698, 1056566, 37113, 1028307, 1222114, 1228986, 959963, 108865, 2548926, 2042120, 1607148, 267287, 'Back']
[1632380, 2464498, 2438676, 836771, 3129687, 1054773, 36643, 1008684, 1222216, 1228458, 961387, 105247, 2557617, 2036304, 1612285, 259806, 'Back']
[1633098, 2464955, 2440946, 838366, 3132083, 1057013, 38609, 1029243, 1221925, 1228722, 959079, 108012, 2550005, 2041673, 1606932, 266554, 'Back']
[1632909, 2464797, 2440012, 837034, 3130801, 1054709, 39257, 1008536, 1222522, 1228688, 961771, 105700, 2556723, 2036874, 1612895, 261168, 'Back']
[1632785, 2464625, 2441022, 838010, 3132038, 1057274, 38361, 1028173, 1222189, 1228932, 958565, 107770, 2550375, 2041299, 1605471, 265838, 'Back']
[1632985, 2464903, 2439312, 836217, 3130680, 1054446, 36969, 1008467, 1221878, 1228494, 961891, 106081, 2555592, 2036889, 1613075, 261783, 'Back']
[1633179, 2465123, 2440181, 838000, 3132580, 1057432, 38446, 1027829, 1222055, 1229145, 958620, 107349, 2551965, 2040517, 1606128, 264022, 'Back']
[1633031, 2465046, 2438894, 836282, 3130560, 1054174, 37283, 1009869, 1222280, 1229099, 962814, 107274, 2555219, 2037951, 1614479, 262871, 'Back']
[1632697, 2464666, 2439763, 838086, 3131531, 1057081, 36841, 1026247, 1221965, 1229190, 958376, 106854, 2552736, 2039880, 1605526, 262240, 'Back']
[1633090, 2464948, 2439340, 836845, 3130761, 1054046, 37753, 1012564, 1221936, 1229176, 962680, 107990, 2554044, 2038596, 1614334, 263980, 'Back']
[1633071, 2464911, 2440261, 838885, 3131744, 1057721, 37451, 1025856, 1222144, 1229673, 958170, 106658, 2554701, 2039628, 1606205, 261702, 'Back']
[1633008, 2464623, 2439518, 836622, 3130723, 1053535, 36480, 1015750, 1222181, 1229219, 962741, 108449, 2553458, 2039378, 1614189, 265734, 'Back']
[1633174, 2464994, 2440473, 838989, 3131525, 1057310, 37884, 1023491, 1222532, 1229514, 958101, 105747, 2556111, 2038411, 1606732, 260480, 'Back']
[1632988, 2464791, 2440368, 836694, 3131906, 1053570, 37956, 1017519, 1222346, 1229376, 962869, 109119, 2552573, 2040095, 1613774, 267178, 'Back']
[1633275, 2465524, 2440518, 838588, 3131709, 1057490, 37381, 1020274, 1222367, 1229214, 958439, 105392, 2557074, 2037344, 1607150, 259345, 'Back']
[1632959, 2465318, 2441053, 836723, 3131733, 1054865, 37421, 1020160, 1222554, 1229952, 962917, 110111, 2551642, 2041308, 1612913, 268298, 'Back']
[1632736, 2465325, 2440190, 838111, 3131431, 1057644, 38866, 1017862, 1222198, 1229434, 958962, 105251, 2558306, 2037377, 1608325, 258953, 'Back']
[1632623, 2465096, 2440255, 836516, 3131737, 1054777, 37028, 1023347, 1221837, 1229459, 962112, 109794, 2551127, 2041697, 1612293, 268448, 'Back']
[1633268, 2465944, 2439640, 838434, 3131240, 1057604, 38179, 1015521, 1222343, 1229884, 959957, 105543, 2558748, 2037386, 1609232, 258334, 'Back']
[1633155, 2465711, 2440242, 837303, 3131674, 1055491, 36766, 1025038, 1222351, 1230219, 962749, 110500, 2549932, 2042443, 1610235, 268495, 'Back']
[1633147, 2465784, 2438651, 837973, 3130194, 1056090, 37745, 1013969, 1222175, 1229652, 961420, 105528, 2558871, 2036656, 1610124, 258119, 'Back']
[1633263, 2465855, 2440162, 837925, 3131646, 1055532, 38073, 1028742, 1222489, 1230335, 962854, 110530, 2550111, 2042652, 1609904, 268591, 'Back']
[1633009, 2465835, 2438774, 838076, 3130335, 1056040, 39180, 1013236, 1222381, 1229820, 962620, 106000, 2558744, 2036889, 1611014, 259237, 'Back']
[1632898, 2465617, 2439843, 838009, 3131797, 1055905, 37956, 1029788, 1221934, 1229838, 962478, 110105, 2550040, 2042498, 1608881, 269020, 'Back']
