[1354647, 2037299, 1616693, 20949, 1121385, 171021, 854760, 2112904, 1125497, 993372, 1060871, 1590468, 1921191, 1554433, 132884, 1029651, 'Down']
[1350850, 2032424, 1670880, 18152, 1123692, 167475, 849659, 2146703, 1119740, 987403, 1116634, 1617782, 1937946, 1557993, 161770, 1040304, 'Down']
[1354830, 2037974, 1615729, 20902, 1120144, 171667, 855784, 2113594, 1124862, 992592, 1072028, 1594718, 1932954, 1554493, 137086, 1032452, 'Down']
[1350574, 2031749, 1670921, 17909, 1124999, 166984, 847958, 2145029, 1120683, 988134, 1104346, 1612379, 1925906, 1557363, 156429, 1037062, 'Down']
[1354772, 2037987, 1616529, 20540, 1118807, 171446, 855839, 2114499, 1124028, 991418, 1084072, 1599587, 1944489, 1554556, 141606, 1035061, 'Down']
[1350764, 2031402, 1668772, 17838, 1125716, 166690, 846919, 2143473, 1121472, 988770, 1091753, 1606854, 1914960, 1556487, 150500, 1034537, 'Down']
[1354706, 2037963, 1618897, 20358, 1117582, 171228, 853903, 2116799, 1123016, 990564, 1096861, 1604847, 1955116, 1555144, 146495, 1037700, 'Down']
[1351006, 2031347, 1664835, 18684, 1127312, 167429, 848118, 2140598, 1122559, 989900, 1078874, 1601093, 1904236, 1556150, 144555, 1031309, 'Down']
[1354350, 2037782, 1622433, 20551, 1117718, 171483, 853701, 2119430, 1122252, 989619, 1109364, 1610403, 1964015, 1556273, 152506, 1040850, 'Down']
[1350294, 2030847, 1659306, 18828, 1127458, 167066, 845194, 2137171, 1123078, 990432, 1066759, 1595645, 1895735, 1555474, 139375, 1028939, 'Down']
[1353691, 2037465, 1627821, 20467, 1116711, 170613, 851714, 2123919, 1120679, 988384, 1120217, 1615396, 1971480, 1556280, 157443, 1043043, 'Down']
[1351035, 2031946, 1652884, 19726, 1127506, 167264, 846637, 2133819, 1124204, 991774, 1056560, 1591152, 1890305, 1554568, 134539, 1026463, 'Down']
[1353701, 2037493, 1634227, 20501, 1116767, 170258, 852368, 2129449, 1120253, 988054, 1130101, 1620164, 1976717, 1557499, 162886, 1045353, 'Down']
[1351920, 2032934, 1644782, 19997, 1126783, 167304, 845562, 2128752, 1125128, 992773, 1048776, 1587476, 1887478, 1553913, 130209, 1024422, 'Down']
[1353240, 2036964, 1640493, 19933, 1116629, 169144, 849556, 2132138, 1119647, 987510, 1136570, 1623505, 1977468, 1557345, 165342, 1045311, 'Down']
[1352313, 2033547, 1637773, 20379, 1126373, 167958, 847696, 2124343, 1125616, 993341, 1043528, 1584628, 1887113, 1553469, 126825, 1023342, 'Down']
[1352802, 2036157, 1648564, 19951, 1117816, 169063, 849835, 2136791, 1119081, 986859, 1140043, 1625292, 1975948, 1557953, 167912, 1046242, 'Down']
[1352797, 2034265, 1631949, 21093, 1125683, 168726, 846955, 2120559, 1125990, 993882, 1041685, 1583116, 1890455, 1553433, 125439, 1023633, 'Down']
[1351676, 2034779, 1656489, 19422, 1118385, 168127, 847303, 2140490, 1118322, 986057, 1140276, 1625695, 1971870, 1558130, 168520, 1046032, 'Down']
[1353044, 2035042, 1626834, 21465, 1124667, 169643, 849824, 2117351, 1125966, 993538, 1042620, 1582750, 1896453, 1553024, 124986, 1024075, 'Down']
[1351457, 2034039, 1663257, 19608, 1120426, 168355, 848167, 2143564, 1118796, 986375, 1136939, 1624928, 1964952, 1558445, 168141, 1045386, 'Down']
[1353471, 2035596, 1622608, 21428, 1123656, 169876, 850116, 2115014, 1126028, 993415, 1047291, 1584176, 1905037, 1553071, 126195, 1025643, 'Down']
[1350723, 2032956, 1668176, 18903, 1121648, 167403, 846669, 2145582, 1118896, 986170, 1130467, 1622174, 1955523, 1557927, 165583, 1043368, 'Down']
[1354097, 2036838, 1619472, 21852, 1122465, 170912, 851226, 2114043, 1125755, 993069, 1055196, 1586985, 1915493, 1553230, 128656, 1027793, 'Down']
[1351120, 2033040, 1671838, 19658, 1123780, 167588, 847250, 2147408, 1119881, 987198, 1122318, 1619348, 1944987, 1558305, 162100, 1041634, 'Down']
[1354765, 2037876, 1617691, 22090, 1120883, 170376, 850992, 2114096, 1125839, 993007, 1065896, 1591771, 1927082, 1553664, 132315, 1030316, 'Down']
[1351085, 2032759, 1671264, 19537, 1124597, 166344, 845988, 2146212, 1120773, 987849, 1111671, 1615097, 1933467, 1557159, 156796, 1038116, 'Down']
[1355172, 2038558, 1615748, 22398, 1119768, 170601, 851462, 2113793, 1125267, 992381, 1077748, 1596660, 1938330, 1554070, 136356, 1032351, 'Down']
[1351208, 2032426, 1669697, 20297, 1126184, 166405, 845502, 2144895, 1121688, 988748, 1099609, 1610173, 1921618, 1556906, 151608, 1035434, 'Down']
[1355124, 2038882, 1616460, 22893, 1119213, 170739, 854123, 2115599, 1124692, 991788, 1090674, 1602238, 1950064, 1555253, 142314, 1036245, 'Down']
[1350539, 2031577, 1666627, 20073, 1127079, 166045, 846021, 2142894, 1122368, 989457, 1086511, 1604214, 1910496, 1556556, 146204, 1033199, 'Down']
[1354102, 2037911, 1619658, 21724, 1117967, 170062, 851938, 2118621, 1122826, 990057, 1103061, 1607105, 1960475, 1555430, 147483, 1039387, 'Down']
[1350097, 2031275, 1661642, 19955, 1127934, 166000, 846573, 2139424, 1122831, 989917, 1073495, 1597817, 1901392, 1555285, 139872, 1029854, 'Down']
[1353573, 2037729, 1624392, 21750, 1117730, 170272, 852855, 2122354, 1121832, 988918, 1114454, 1612151, 1968854, 1555903, 153103, 1041757, 'Down']
[1350125, 2031243, 1656629, 20255, 1128753, 166263, 846326, 2135567, 1124047, 991043, 1061720, 1592693, 1893765, 1554714, 135061, 1027447, 'Down']
[1352796, 2036874, 1631438, 21012, 1117730, 169358, 852292, 2126387, 1120447, 987510, 1125101, 1616664, 1975273, 1556213, 158302, 1043808, 'Down']
[1350772, 2032219, 1650726, 20752, 1128466, 166811, 846856, 2131123, 1124824, 991769, 1052424, 1587998, 1889373, 1553883, 130212, 1025009, 'Down']
[1352743, 2037122, 1639030, 20954, 1117401, 168896, 850337, 2129567, 1120307, 987521, 1133321, 1620865, 1977827, 1557397, 161906, 1045106, 'Down']
[1351285, 2033043, 1645004, 21179, 1127690, 166918, 847059, 2126332, 1125770, 992767, 1045693, 1584850, 1887089, 1553517, 125994, 1023594, 'Down']
[1352358, 2036320, 1648054, 21010, 1117610, 168339, 850150, 2134519, 1119559, 986712, 1138662, 1623747, 1977793, 1557267, 164640, 1046137, 'Down']
[1352056, 2034012, 1639656, 22350, 1127055, 167876, 848583, 2123047, 1126085, 993234, 1042329, 1583093, 1888809, 1553110, 123887, 1023643, 'Down']
[1351735, 2035698, 1656237, 21208, 1118781, 167929, 849870, 2138448, 1119249, 986409, 1141076, 1625567, 1975257, 1558044, 166898, 1046725, 'Down']
[1352665, 2034995, 1633439, 22703, 1125481, 168451, 848147, 2119336, 1126576, 993692, 1041765, 1582612, 1893181, 1552806, 123090, 1023911, 'Down']
[1351300, 2034775, 1663059, 20482, 1119615, 166985, 849209, 2142337, 1118937, 986218, 1139483, 1625502, 1969655, 1557766, 166627, 1046095, 'Down']
[1353202, 2035719, 1627196, 22618, 1124541, 168806, 849688, 2115885, 1126655, 993623, 1044339, 1582795, 1900344, 1552407, 123244, 1024398, 'Down']
[1350957, 2033893, 1667596, 20644, 1121247, 167144, 848050, 2144742, 1119224, 986090, 1134825, 1623775, 1961259, 1557939, 165302, 1044585, 'Down']
[1353231, 2036073, 1622531, 22628, 1123097, 169186, 849541, 2114757, 1126314, 992985, 1050861, 1585055, 1909870, 1552606, 125255, 1026738, 'Down']
[1350002, 2032596, 1671159, 19580, 1122171, 165925, 844971, 2145722, 1119437, 985970, 1127183, 1620469, 1951269, 1556843, 161767, 1042242, 'Down']
[1353823, 2037234, 1619077, 22634, 1122040, 169495, 852009, 2112017, 1126115, 992341, 1059062, 1587806, 1920395, 1551957, 127560, 1028029, 'Down']
[1350006, 2032657, 1673847, 20068, 1123889, 165965, 845450, 2146183, 1120491, 986807, 1117383, 1616575, 1939585, 1556790, 157902, 1039894, 'Down']
[1353725, 2037843, 1619073, 22867, 1120201, 169840, 851889, 2113384, 1125627, 992052, 1070726, 1592803, 1932216, 1553139, 131557, 1031416, 'Down']
[1349564, 2031903, 1674295, 19927, 1124700, 164915, 845371, 2146068, 1120873, 987181, 1105878, 1611751, 1928102, 1556244, 151934, 1037126, 'Down']
[1354095, 2038369, 1618847, 22912, 1118506, 169453, 850835, 2114045, 1124549, 991031, 1082702, 1597754, 1944038, 1553318, 135474, 1033831, 'Down']
[1350068, 2031943, 1672059, 20823, 1125545, 165111, 843579, 2143668, 1122064, 988591, 1092805, 1606462, 1916200, 1555840, 145731, 1033638, 'Down']
[1354542, 2038935, 1621813, 23700, 1117774, 169815, 851281, 2116889, 1124109, 990657, 1096035, 1603960, 1955142, 1554728, 141284, 1037252, 'Down']
[1350746, 2032241, 1669465, 21751, 1127006, 165220, 844565, 2141200, 1123526, 990028, 1080732, 1601495, 1906183, 1555830, 140442, 1031364, 'Down']
[1353952, 2038498, 1627225, 23033, 1117102, 168637, 850942, 2119845, 1123088, 989549, 1108939, 1609484, 1964283, 1554955, 147139, 1039845, 'Down']
[1350648, 2032191, 1665317, 21386, 1127877, 165077, 844661, 2137152, 1124195, 990486, 1068499, 1595368, 1897574, 1554391, 134921, 1027975, 'Down']
[1353683, 2038087, 1634061, 22385, 1117563, 168587, 850414, 2123413, 1122202, 988453, 1120218, 1614238, 1971629, 1555598, 152651, 1041956, 'Down']
[1350518, 2031983, 1661077, 21204, 1128247, 165076, 844424, 2133414, 1124861, 991066, 1057855, 1590241, 1891310, 1553850, 129766, 1025683, 'Down']
[1352569, 2037176, 1641439, 21763, 1117373, 168115, 849690, 2127669, 1120521, 987127, 1129428, 1618339, 1976586, 1556192, 157235, 1043683, 'Down']
[1350394, 2032581, 1653210, 21682, 1127545, 165976, 844330, 2128520, 1124811, 991685, 1048691, 1585865, 1887570, 1553679, 125373, 1023319, 'Down']
[1351961, 2036922, 1647026, 21746, 1117246, 168455, 848941, 2132023, 1119183, 986533, 1135562, 1622033, 1978019, 1557235, 160899, 1044793, 'Down']
[1351156, 2033771, 1644030, 22221, 1126748, 167139, 846061, 2123502, 1125186, 992615, 1042771, 1583354, 1886976, 1553190, 122663, 1022448, 'Down']
[1351667, 2036524, 1652957, 21287, 1117739, 168191, 851669, 2135462, 1118589, 986362, 1139812, 1624661, 1976330, 1557931, 163585, 1045715, 'Down']
[1352150, 2034889, 1636639, 21941, 1125980, 167863, 850612, 2119418, 1125743, 993396, 1041973, 1582824, 1890296, 1553453, 120847, 1023291, 'Down']
[1351186, 2035117, 1658405, 19584, 1118307, 167326, 851018, 2138367, 1118253, 985977, 1140975, 1625638, 1972249, 1558134, 163446, 1045624, 'Down']
[1353054, 2035751, 1628903, 21484, 1125065, 169127, 852878, 2116699, 1125777, 993708, 1043276, 1582804, 1895853, 1553082, 119583, 1023823, 'Down']
[1350945, 2034452, 1663171, 18916, 1120138, 167073, 851210, 2141724, 1118456, 986476, 1138868, 1625489, 1965742, 1558650, 163038, 1045460, 'Down']
[1353127, 2036137, 1622703, 21226, 1124159, 169619, 854612, 2113763, 1125506, 993439, 1048103, 1584356, 1904003, 1552842, 120360, 1025220, 'Down']
[1350222, 2033341, 1667078, 18759, 1122530, 167580, 853283, 2143884, 1118631, 986537, 1132910, 1623483, 1956444, 1558370, 161192, 1044115, 'Down']
[1352313, 2035719, 1618630, 20414, 1122994, 170185, 856942, 2112327, 1125017, 992882, 1055415, 1587121, 1913844, 1553291, 123534, 1027639, 'Down']
[1348356, 2031112, 1670742, 17496, 1123405, 167192, 851777, 2145663, 1117783, 985767, 1123826, 1619118, 1945518, 1557661, 157506, 1042274, 'Down']
[1351169, 2035231, 1616482, 19766, 1121220, 170766, 857235, 2111687, 1123503, 991434, 1064477, 1589623, 1924709, 1553131, 126770, 1030954, 'Down']
[1346263, 2029016, 1671933, 16942, 1124590, 166617, 851925, 2145292, 1117863, 985717, 1112213, 1613709, 1933064, 1556795, 153393, 1040352, 'Down']
[1349378, 2033763, 1616679, 19475, 1119373, 170499, 857716, 2112978, 1121767, 989639, 1075855, 1593906, 1936704, 1553445, 133288, 1035010, 'Down']
[1345030, 2027271, 1670554, 17026, 1124957, 166160, 850218, 2143323, 1117622, 985663, 1099193, 1607873, 1921511, 1555783, 149729, 1037524, 'Down']
[1348507, 2032986, 1616753, 19695, 1117979, 170906, 856881, 2114375, 1120284, 988477, 1087648, 1598645, 1947555, 1553663, 139919, 1037366, 'Down']
[1344251, 2026168, 1667028, 17849, 1126309, 166577, 851454, 2142341, 1118384, 986462, 1086178, 1602346, 1910150, 1555582, 146414, 1034929, 'Down']
[1347588, 2032375, 1619155, 19822, 1117390, 170487, 857007, 2116924, 1119038, 987215, 1100331, 1604242, 1957718, 1554466, 148250, 1040777, 'Down']
[1343217, 2025223, 1662659, 17983, 1127146, 166093, 850424, 2139258, 1118989, 986892, 1073224, 1596332, 1899871, 1554651, 141810, 1031844, 'Down']
[1347136, 2032112, 1623848, 20079, 1117887, 170528, 857944, 2121241, 1118119, 986121, 1112800, 1609735, 1966877, 1555555, 155387, 1043870, 'Down']
[1343677, 2025397, 1657002, 18550, 1128308, 166302, 850273, 2135369, 1120314, 988004, 1062098, 1591212, 1892705, 1554171, 137734, 1029687, 'Down']
[1346774, 2031546, 1630473, 19608, 1117553, 169614, 856538, 2125107, 1117230, 984891, 1123600, 1614470, 1973312, 1555510, 160821, 1046032, 'Down']
[1344242, 2026012, 1650797, 18481, 1128283, 166516, 850474, 2131064, 1121238, 988770, 1052295, 1586533, 1888031, 1553296, 132743, 1027407, 'Down']
[1346190, 2030936, 1637838, 18626, 1117640, 168776, 855935, 2129458, 1116328, 983924, 1131409, 1618042, 1976356, 1555917, 164365, 1047077, 'Down']
[1344705, 2027017, 1644856, 18885, 1127759, 167201, 850835, 2126865, 1121717, 989337, 1045091, 1582870, 1886138, 1552308, 129033, 1025914, 'Down']
[1345743, 2030489, 1646356, 18473, 1117919, 168715, 853758, 2133758, 1115873, 983518, 1136639, 1621101, 1976711, 1556417, 167593, 1048301, 'Down']
[1345394, 2027885, 1639124, 18910, 1127040, 167538, 850293, 2122631, 1122333, 989555, 1040642, 1580479, 1887165, 1551916, 126553, 1025608, 'Down']
[1345672, 2030225, 1655122, 18012, 1119252, 168072, 852684, 2138177, 1115813, 982964, 1139128, 1622557, 1974464, 1556496, 169750, 1049147, 'Down']
[1346935, 2029466, 1632476, 19327, 1126452, 168034, 851452, 2118369, 1123426, 990398, 1040167, 1579682, 1891417, 1551549, 125929, 1026207, 'Down']
[1346059, 2029594, 1661358, 17323, 1120137, 166759, 849234, 2140880, 1116339, 983105, 1138662, 1622930, 1968672, 1556836, 170251, 1048534, 'Down']
[1347809, 2030340, 1627231, 19263, 1125318, 167724, 851965, 2115965, 1124088, 990601, 1043374, 1580476, 1898352, 1551523, 126670, 1027161, 'Down']
[1346386, 2029546, 1666626, 17668, 1122050, 166025, 851441, 2143657, 1116842, 983544, 1134817, 1621625, 1960975, 1556570, 169892, 1047568, 'Down']
[1349141, 2032272, 1621863, 20239, 1124197, 168463, 853183, 2113502, 1124340, 991216, 1049623, 1582689, 1906910, 1551866, 129803, 1028917, 'Down']
[1346429, 2029573, 1669455, 18130, 1122817, 165803, 847565, 2145194, 1117148, 984410, 1128401, 1619579, 1950596, 1557086, 167772, 1045489, 'Down']
[1349950, 2033992, 1616947, 21313, 1122482, 169368, 852603, 2112522, 1123752, 991216, 1058402, 1586707, 1917586, 1552926, 132687, 1030860, 'Down']
[1346904, 2029847, 1669500, 18991, 1124417, 166069, 847723, 2145849, 1118069, 985761, 1118740, 1616565, 1939637, 1557268, 164140, 1043301, 'Down']
[1350554, 2034938, 1613111, 21155, 1121029, 169545, 851217, 2111608, 1123265, 990878, 1069224, 1591530, 1929765, 1553020, 137416, 1033744, 'Down']
[1347006, 2029571, 1668234, 18533, 1126095, 165842, 847158, 2144524, 1118718, 986092, 1106782, 1611275, 1927562, 1555993, 159071, 1039773, 'Down']
[1351587, 2035901, 1613669, 21043, 1120165, 170018, 853859, 2112764, 1122839, 990049, 1081936, 1596479, 1941768, 1553320, 143448, 1037258, 'Down']
[1347600, 2029594, 1667270, 18331, 1127269, 165395, 845270, 2141424, 1120253, 986996, 1094533, 1605833, 1916365, 1555646, 154171, 1037425, 'Down']
[1351680, 2036063, 1617230, 20571, 1119540, 169855, 852494, 2114005, 1122338, 989175, 1095083, 1601830, 1952884, 1554019, 148688, 1040394, 'Down']
[1347878, 2029705, 1666161, 18744, 1128547, 166048, 846210, 2139955, 1121344, 988044, 1082496, 1600368, 1906475, 1555067, 148778, 1035079, 'Down']
[1351757, 2036419, 1622940, 20437, 1119115, 170150, 852552, 2118167, 1121546, 988289, 1108175, 1607621, 1963280, 1554868, 155288, 1043948, 'Down']
[1348120, 2029854, 1662706, 18586, 1129248, 165883, 845140, 2136668, 1122650, 988959, 1070234, 1594749, 1897668, 1554287, 143366, 1032372, 'Down']
[1351848, 2036484, 1628895, 20232, 1118789, 169939, 852220, 2122483, 1120996, 987505, 1120260, 1612899, 1971193, 1555916, 160700, 1046267, 'Down']
[1348953, 2030665, 1655861, 19324, 1129328, 166476, 844441, 2133372, 1123856, 990164, 1060086, 1590226, 1891658, 1553872, 138368, 1030128, 'Down']
[1351687, 2036463, 1634143, 20571, 1118759, 169506, 851779, 2127064, 1120033, 986711, 1130347, 1618180, 1976936, 1556223, 165398, 1048409, 'Down']
[1350015, 2031805, 1647138, 20832, 1129250, 167253, 846295, 2128936, 1124963, 991747, 1051908, 1586991, 1888349, 1553345, 134460, 1028375, 'Down']
[1351534, 2035932, 1639096, 21042, 1118986, 168998, 850357, 2130948, 1119712, 986689, 1137843, 1622291, 1978381, 1557124, 169558, 1049528, 'Down']
[1350417, 2032312, 1638860, 21659, 1128666, 167476, 845874, 2124660, 1125631, 992595, 1046231, 1584247, 1887284, 1553333, 131313, 1027139, 'Down']
[1350780, 2035273, 1645887, 21324, 1119590, 168480, 849775, 2135223, 1118947, 986219, 1141909, 1624550, 1977411, 1557816, 171994, 1049995, 'Down']
[1350808, 2033457, 1631597, 22606, 1128036, 168407, 847067, 2121160, 1125932, 993371, 1043640, 1582642, 1889964, 1553381, 129692, 1027310, 'Down']
[1349902, 2034027, 1652632, 20624, 1119918, 167581, 847097, 2139871, 1118376, 985940, 1142810, 1625465, 1973508, 1558280, 172893, 1050313, 'Down']
[1351274, 2034093, 1625141, 22202, 1126379, 168136, 846972, 2117424, 1125686, 992988, 1044048, 1581794, 1895189, 1552875, 128403, 1027322, 'Down']
[1349601, 2033377, 1659456, 20388, 1121611, 167044, 846132, 2142237, 1118712, 985713, 1139998, 1624413, 1966414, 1558180, 172013, 1048585, 'Down']
[1351788, 2034929, 1621096, 22514, 1125514, 168685, 847686, 2114694, 1125979, 992738, 1048135, 1583033, 1902802, 1552364, 129779, 1028565, 'Down']
[1349367, 2032856, 1665250, 20358, 1123426, 166627, 844581, 2143929, 1119088, 985776, 1134447, 1622318, 1957247, 1557747, 170372, 1047039, 'Down']
[1352554, 2036182, 1617775, 22891, 1124228, 169126, 846664, 2111895, 1126105, 992774, 1055242, 1585807, 1912388, 1552898, 132135, 1030384, 'Down']
[1349613, 2032576, 1669565, 20447, 1124392, 166048, 842712, 2145323, 1119858, 986368, 1126689, 1619660, 1946710, 1557533, 166930, 1044849, 'Down']
[1353318, 2037077, 1616686, 22974, 1122536, 169302, 846555, 2111666, 1126034, 992390, 1065472, 1589886, 1923892, 1553008, 135219, 1032754, 'Down']
[1349655, 2032121, 1671860, 20490, 1125731, 165733, 841558, 2144810, 1120738, 986748, 1116099, 1615401, 1935331, 1557082, 161791, 1042110, 'Down']
[1353430, 2037694, 1616621, 22935, 1121207, 169320, 846699, 2111401, 1125581, 991742, 1076608, 1594443, 1935129, 1553613, 139053, 1035487, 'Down']
[1348995, 2031189, 1672777, 20344, 1126916, 165186, 839498, 2143156, 1121316, 987451, 1103608, 1609958, 1923213, 1556281, 155872, 1039066, 'Down']
[1352998, 2037611, 1619358, 23169, 1120822, 170179, 847697, 2113471, 1124369, 990540, 1088674, 1599225, 1946904, 1553946, 143738, 1038533, 'Down']
[1348418, 2030419, 1671409, 20186, 1128293, 165081, 840335, 2141740, 1122079, 987998, 1090281, 1603696, 1911941, 1555688, 150061, 1036617, 'Down']
[1352387, 2037131, 1622648, 22261, 1119499, 169420, 846528, 2115813, 1123015, 988852, 1101066, 1603758, 1957254, 1554103, 148954, 1041283, 'Down']
[1348413, 2030478, 1666655, 20378, 1128920, 165055, 839450, 2138451, 1122774, 988599, 1077229, 1597422, 1901941, 1554333, 143757, 1033203, 'Down']
[1351925, 2036947, 1626120, 22064, 1119084, 168847, 845998, 2119193, 1122102, 987887, 1113345, 1609331, 1966318, 1554453, 154586, 1043917, 'Down']
[1348943, 2030896, 1660028, 21077, 1129621, 165348, 838862, 2134789, 1123911, 989604, 1065774, 1592290, 1894488, 1553529, 138535, 1030556, 'Down']
[1351673, 2036711, 1631172, 21872, 1118716, 167906, 843661, 2123182, 1121212, 987052, 1124753, 1614443, 1973022, 1555163, 159700, 1045557, 'Down']
[1349535, 2031414, 1652833, 21650, 1129592, 165371, 838653, 2131430, 1124694, 990497, 1056356, 1587983, 1889776, 1552825, 133895, 1027876, 'Down']
[1351975, 2037070, 1636517, 22738, 1118974, 167996, 844821, 2128264, 1120411, 986638, 1133652, 1619188, 1977664, 1556083, 164484, 1047738, 'Down']
[1350772, 2033089, 1644088, 23282, 1128952, 166003, 839176, 2126665, 1126060, 992302, 1049183, 1585068, 1887232, 1553214, 130030, 1026588, 'Down']
[1352232, 2037341, 1642924, 23365, 1118842, 167693, 842471, 2132824, 1120355, 986940, 1140574, 1623191, 1978242, 1557331, 167818, 1049068, 'Down']
[1351883, 2034406, 1636503, 24026, 1127965, 166441, 838261, 2122004, 1127085, 993426, 1045673, 1583411, 1887986, 1552946, 127500, 1026199, 'Down']
[1351772, 2036373, 1649445, 23261, 1119834, 167280, 840824, 2135708, 1120325, 986580, 1143610, 1625179, 1975781, 1557808, 169244, 1048988, 'Down']
[1351731, 2034446, 1629220, 24012, 1127311, 166886, 839024, 2117915, 1127274, 993313, 1044183, 1582042, 1891179, 1552447, 126123, 1026266, 'Down']
[1350481, 2034572, 1655534, 22205, 1121096, 166351, 839969, 2139532, 1119351, 985370, 1142651, 1624519, 1970453, 1557069, 169979, 1048684, 'Down']
[1351656, 2034945, 1622797, 24008, 1126206, 167724, 839601, 2115156, 1126796, 992806, 1046100, 1581711, 1897928, 1552129, 126422, 1027069, 'Down']
[1349768, 2033614, 1660782, 21977, 1122745, 165986, 840484, 2142049, 1119377, 985370, 1138496, 1623119, 1962596, 1557374, 168891, 1047514, 'Down']
[1351866, 2035324, 1617751, 24044, 1125050, 168341, 841579, 2113822, 1126398, 992172, 1051285, 1583283, 1906745, 1552097, 128189, 1028898, 'Down']
[1349534, 2032994, 1664501, 22249, 1124110, 166279, 838327, 2144570, 1119782, 985639, 1131677, 1620447, 1953236, 1557423, 166496, 1046250, 'Down']
[1352675, 2036675, 1613669, 24597, 1123761, 169148, 842046, 2111213, 1126592, 992316, 1059513, 1586439, 1917218, 1552984, 130465, 1030966, 'Down']
[1349392, 2032360, 1667296, 22216, 1125307, 165872, 836871, 2145355, 1120310, 985870, 1122119, 1616816, 1941939, 1557370, 162086, 1043485, 'Down']
[1353218, 2037522, 1613253, 25084, 1122297, 169450, 841833, 2112420, 1126122, 991734, 1070107, 1590917, 1928870, 1553392, 134474, 1033679, 'Down']
[1349321, 2032139, 1668713, 22510, 1126613, 165400, 836232, 2144951, 1121664, 987116, 1111286, 1612615, 1930530, 1557169, 157592, 1040997, 'Down']
[1353350, 2038238, 1612415, 25337, 1120966, 169520, 842139, 2112170, 1125487, 991112, 1082123, 1596049, 1940766, 1553873, 139227, 1036643, 'Down']
[1349289, 2031943, 1666151, 22843, 1127536, 164791, 835790, 2142751, 1122352, 988008, 1098479, 1607505, 1918503, 1556283, 152164, 1037869, 'Down']
[1353389, 2038562, 1613818, 25550, 1119724, 169446, 842497, 2114969, 1124644, 990364, 1095399, 1601891, 1952075, 1554520, 145231, 1039712, 'Down']
[1349428, 2031890, 1662211, 23401, 1128464, 165061, 835962, 2141075, 1123283, 988977, 1085948, 1602010, 1908350, 1555849, 146968, 1035391, 'Down']
[1353121, 2038591, 1616609, 25380, 1118859, 169215, 842404, 2118016, 1123626, 989539, 1107860, 1607513, 1962060, 1555546, 151000, 1042859, 'Down']
[1349361, 2031881, 1656738, 23582, 1128767, 165030, 837247, 2138216, 1124000, 989907, 1073308, 1596423, 1899282, 1555213, 141311, 1032458, 'Down']
[1352745, 2038043, 1620550, 24928, 1118132, 168671, 842319, 2121444, 1122358, 988336, 1119138, 1612582, 1969950, 1555939, 156441, 1044949, 'Down']
[1349818, 2031997, 1649578, 23903, 1128954, 165012, 836288, 2132896, 1124759, 990537, 1061801, 1590929, 1892098, 1554528, 135791, 1029443, 'Down']
[1352239, 2037321, 1626181, 24506, 1118072, 167952, 841902, 2125108, 1121475, 987227, 1129177, 1616848, 1975142, 1556591, 160947, 1046622, 'Down']
[1350253, 2032452, 1642864, 24234, 1129040, 165518, 837555, 2129094, 1125492, 991118, 1052950, 1586406, 1888370, 1553364, 131143, 1027549, 'Down']
[1351867, 2036889, 1633754, 24392, 1118674, 168016, 841806, 2130201, 1120577, 986344, 1136763, 1620504, 1978267, 1556819, 164885, 1048592, 'Down']
[1350725, 2033266, 1635966, 24737, 1128540, 166153, 837780, 2124640, 1126397, 991988, 1046907, 1583582, 1887394, 1553179, 127996, 1026777, 'Down']
[1351618, 2036516, 1640880, 24282, 1119046, 167332, 840125, 2134127, 1120198, 985854, 1141699, 1623248, 1977680, 1557545, 167552, 1049455, 'Down']
[1351735, 2034306, 1628672, 25142, 1127549, 166688, 838157, 2120972, 1127261, 992547, 1044583, 1581849, 1889579, 1552839, 125725, 1026544, 'Down']
[1351637, 2035813, 1648850, 24459, 1120266, 167219, 840564, 2138391, 1120531, 985848, 1143890, 1624544, 1974267, 1557957, 168978, 1049540, 'Down']
[1352222, 2035030, 1624766, 25633, 1126791, 167159, 840201, 2117814, 1127917, 992962, 1045465, 1581590, 1894431, 1552725, 125692, 1027350, 'Down']
[1350784, 2034751, 1657654, 23909, 1121445, 166155, 839050, 2141109, 1120516, 985625, 1141997, 1624202, 1967843, 1557692, 168948, 1048834, 'Down']
[1352265, 2035632, 1621128, 25533, 1125364, 167545, 841429, 2114649, 1127710, 992760, 1048732, 1582209, 1901648, 1552297, 126263, 1028160, 'Down']
[1349936, 2033633, 1663879, 23274, 1122416, 165256, 838309, 2143434, 1120079, 985230, 1136659, 1621910, 1959184, 1557209, 167031, 1046771, 'Down']
[1352853, 2036912, 1617122, 26010, 1123922, 168360, 841003, 2112869, 1127330, 992477, 1054910, 1584395, 1911368, 1552743, 127984, 1029125, 'Down']
[1349795, 2033587, 1667302, 23547, 1123621, 165165, 837225, 2145123, 1120689, 986080, 1128011, 1618992, 1948387, 1557403, 163782, 1044244, 'Down']
[1353108, 2037594, 1614754, 26025, 1121800, 168244, 841665, 2112282, 1126704, 991955, 1064254, 1588145, 1922463, 1552847, 130939, 1031506, 'Down']
[1349248, 2032424, 1670370, 23287, 1124495, 164175, 837914, 2145042, 1121213, 986273, 1117785, 1614633, 1937055, 1556746, 158512, 1041583, 'Down']
[1353109, 2037723, 1615941, 25687, 1120510, 167938, 844436, 2111673, 1126261, 991082, 1075177, 1592308, 1933905, 1552726, 134338, 1033844, 'Down']
[1348906, 2031568, 1672222, 22837, 1125734, 163491, 838699, 2144077, 1121957, 986487, 1105498, 1609170, 1925144, 1555553, 152624, 1038642, 'Down']
[1353174, 2038038, 1618719, 25537, 1119170, 167880, 845881, 2113355, 1125146, 989590, 1087391, 1597305, 1945683, 1552952, 138559, 1037007, 'Down']
[1349139, 2031762, 1671670, 23397, 1127120, 163770, 840470, 2142497, 1123072, 987549, 1092958, 1604023, 1914109, 1555402, 146916, 1036107, 'Down']
[1353225, 2038675, 1623178, 25955, 1118793, 168478, 847691, 2116957, 1124576, 989262, 1100746, 1603347, 1956872, 1554191, 144831, 1040519, 'Down']
[1349373, 2032247, 1669471, 24505, 1127955, 164456, 840744, 2140264, 1123951, 989177, 1080670, 1598953, 1904535, 1555155, 141646, 1033718, 'Down']
[1352650, 2038788, 1627330, 26317, 1117743, 168722, 847482, 2119373, 1123314, 989142, 1113554, 1609620, 1965791, 1555564, 150315, 1043358, 'Down']
[1349283, 2032713, 1662518, 25079, 1128457, 165634, 842248, 2136022, 1124460, 990350, 1068539, 1593953, 1895571, 1555173, 136161, 1031021, 'Down']
[1352233, 2038837, 1631720, 25830, 1117716, 169274, 848773, 2123366, 1121830, 988088, 1124342, 1614957, 1972250, 1556724, 156379, 1046193, 'Down']
[1349819, 2033260, 1654983, 24490, 1128813, 166296, 843302, 2131691, 1125079, 991234, 1058488, 1589331, 1889656, 1554558, 131850, 1029346, 'Down']
[1351986, 2037889, 1637705, 23916, 1117645, 168572, 847408, 2127519, 1120507, 986617, 1133818, 1618943, 1976541, 1556988, 160629, 1048319, 'Down']
[1350302, 2033314, 1648405, 23547, 1128562, 166367, 844240, 2127851, 1125451, 991651, 1050907, 1585150, 1887071, 1553565, 127079, 1027673, 'Down']
[1351685, 2037164, 1644792, 22950, 1118614, 167758, 848624, 2131660, 1119646, 986263, 1140176, 1622272, 1978143, 1557384, 163432, 1049501, 'Down']
[1351330, 2034102, 1639984, 23472, 1128314, 166677, 845997, 2122697, 1126052, 992458, 1046121, 1582810, 1887142, 1553202, 123352, 1026578, 'Down']
[1351353, 2036227, 1651628, 22440, 1119432, 167123, 848648, 2136310, 1119293, 985919, 1144287, 1624562, 1976165, 1558008, 165307, 1049960, 'Down']
[1352037, 2035092, 1633435, 24031, 1127311, 167400, 847259, 2119695, 1126526, 993087, 1045402, 1581918, 1890900, 1553052, 121986, 1026932, 'Down']
[1351262, 2035847, 1658855, 22383, 1120485, 166518, 848201, 2139705, 1119237, 986016, 1144592, 1625368, 1971773, 1558431, 166072, 1049684, 'Down']
[1352814, 2036524, 1628081, 24386, 1126006, 167983, 848906, 2116574, 1126810, 993642, 1047693, 1582748, 1897487, 1553481, 122181, 1027664, 'Down']
[1351004, 2035602, 1665469, 22483, 1121873, 166637, 848171, 2143709, 1119473, 986370, 1141860, 1624873, 1964703, 1558409, 165586, 1048910, 'Down']
[1353408, 2037462, 1623595, 24818, 1125155, 168608, 850771, 2115314, 1127159, 993913, 1053480, 1584846, 1906456, 1553516, 125020, 1029956, 'Down']
[1350489, 2034400, 1669579, 22252, 1123195, 165843, 846464, 2145846, 1119873, 986490, 1135506, 1622451, 1955469, 1558368, 165184, 1047314, 'Down']
[1353095, 2037428, 1619174, 24569, 1124188, 168830, 852298, 2113322, 1126491, 992827, 1060774, 1587015, 1916422, 1553081, 129295, 1031542, 'Down']
[1349654, 2033225, 1671541, 22097, 1125887, 165808, 848207, 2146553, 1120083, 986338, 1125840, 1618041, 1943975, 1557490, 164047, 1044810, 'Down']
[1352729, 2037492, 1616653, 24151, 1122990, 169014, 850456, 2113114, 1125618, 991963, 1070681, 1590602, 1927681, 1553569, 136148, 1033883, 'Down']
[1348525, 2031779, 1671987, 21147, 1126981, 164632, 845411, 2146360, 1120165, 986391, 1114360, 1612849, 1931809, 1556835, 160682, 1041139, 'Down']
[1352801, 2037832, 1616649, 23821, 1121736, 168433, 852176, 2113911, 1124538, 990767, 1082545, 1595081, 1939177, 1553407, 142340, 1035701, 'Down']
[1348636, 2031601, 1670381, 21327, 1128014, 163904, 844946, 2144557, 1121323, 987242, 1102054, 1607411, 1920184, 1555644, 156603, 1037275, 'Down']
[1353344, 2038467, 1618012, 24005, 1120809, 168500, 851872, 2115573, 1124035, 990058, 1095573, 1600658, 1950609, 1553844, 148467, 1037932, 'Down']
[1349195, 2031840, 1668055, 21652, 1128855, 164071, 844478, 2142138, 1122777, 988710, 1089393, 1602245, 1909357, 1555730, 151301, 1034269, 'Down']
[1353004, 2038683, 1622530, 23866, 1119340, 168157, 850485, 2118316, 1123350, 989130, 1108461, 1606439, 1960886, 1554569, 154076, 1041101, 'Down']
[1349563, 2032462, 1665564, 22779, 1129425, 164746, 843814, 2139189, 1123875, 989698, 1077196, 1597020, 1900289, 1554718, 145322, 1031910, 'Down']
[1352883, 2038749, 1630123, 24404, 1119061, 168698, 850089, 2122574, 1122564, 988685, 1121002, 1612515, 1969588, 1555895, 159766, 1044462, 'Down']
[1349788, 2032811, 1661436, 23594, 1129730, 165224, 843850, 2135509, 1124853, 990779, 1066296, 1592242, 1893804, 1554595, 140476, 1030110, 'Down']
[1352710, 2038657, 1636569, 24555, 1119211, 168291, 848244, 2125520, 1121896, 987997, 1131057, 1617189, 1974951, 1556436, 165121, 1046697, 'Down']
[1350379, 2032923, 1655319, 23703, 1130528, 165325, 844231, 2130351, 1125968, 991415, 1057107, 1587810, 1888669, 1553540, 136053, 1027707, 'Down']
[1351785, 2036814, 1645405, 23279, 1120138, 167291, 848676, 2131090, 1121162, 986532, 1139164, 1620805, 1978119, 1556565, 169717, 1048416, 'Down']
[1350327, 2032564, 1648991, 22785, 1129931, 165030, 843167, 2126271, 1126528, 991427, 1050435, 1583618, 1887643, 1552282, 132749, 1026663, 'Down']
[1350900, 2035488, 1652808, 22142, 1120438, 166560, 846796, 2135139, 1120018, 984866, 1143607, 1622257, 1977784, 1556221, 171857, 1048501, 'Down']
[1350769, 2033365, 1642020, 23626, 1129307, 166309, 845316, 2122759, 1126599, 991618, 1046440, 1581019, 1889198, 1551996, 130446, 1025651, 'Down']
[1350334, 2035035, 1659976, 22722, 1121259, 166366, 846446, 2139779, 1119461, 984878, 1145248, 1623718, 1974772, 1557263, 173936, 1048619, 'Down']
[1351703, 2035097, 1635212, 24993, 1128052, 167282, 844725, 2119756, 1126609, 992360, 1046383, 1580902, 1894065, 1552271, 129849, 1025859, 'Down']
[1350274, 2034872, 1665386, 23477, 1122197, 166007, 844295, 2142546, 1119316, 985558, 1143622, 1624230, 1968777, 1557913, 173841, 1047706, 'Down']
[1352016, 2035857, 1628630, 25461, 1126611, 167252, 846080, 2116079, 1126473, 992943, 1049610, 1582649, 1901224, 1552644, 130885, 1026876, 'Down']
[1350254, 2034409, 1669332, 23346, 1123613, 165399, 843627, 2144328, 1119592, 985776, 1138934, 1622992, 1960318, 1557997, 172765, 1046070, 'Down']
[1353317, 2037316, 1622965, 25673, 1125276, 167785, 845572, 2113530, 1127072, 993015, 1056381, 1585047, 1910326, 1553015, 133440, 1028526, 'Down']
[1350358, 2033942, 1672053, 23205, 1125229, 164987, 843000, 2145839, 1120410, 986291, 1131995, 1620381, 1950051, 1557845, 170295, 1044343, 'Down']
[1354147, 2038606, 1618980, 26230, 1124708, 168789, 848256, 2112441, 1126977, 992929, 1065982, 1588947, 1921417, 1553310, 137427, 1031212, 'Down']
[1349806, 2033104, 1673113, 22898, 1126880, 164646, 841510, 2145542, 1121249, 987083, 1121830, 1616661, 1938333, 1557439, 166515, 1041963, 'Down']
[1352966, 2037783, 1618293, 24995, 1123192, 168448, 848414, 2112836, 1125859, 991487, 1076599, 1593002, 1933164, 1553205, 141736, 1033713, 'Down']
[1348959, 2031871, 1673550, 22308, 1128311, 164626, 842532, 2144619, 1121432, 986758, 1109186, 1610452, 1926742, 1556377, 161493, 1038965, 'Down']
[1352616, 2037777, 1619632, 24703, 1121840, 168752, 848509, 2113841, 1124825, 990154, 1088397, 1597260, 1944325, 1553838, 146960, 1036748, 'Down']
[1348441, 2031346, 1672470, 22411, 1129471, 164283, 842379, 2142587, 1122185, 987374, 1096387, 1604802, 1915019, 1555265, 156093, 1036338, 'Down']
[1352564, 2038185, 1623017, 24985, 1121263, 168540, 849510, 2115388, 1123826, 989042, 1101075, 1602821, 1955008, 1553980, 152736, 1039995, 'Down']
[1348755, 2031497, 1669820, 23035, 1130551, 164322, 842605, 2139253, 1123188, 988192, 1083569, 1599263, 1904836, 1554632, 150423, 1033690, 'Down']
[1352637, 2038311, 1628012, 25010, 1121014, 168762, 849910, 2119341, 1123126, 988024, 1113931, 1608792, 1964763, 1554742, 158834, 1043106, 'Down']
[1349600, 2032062, 1664794, 23766, 1131170, 164943, 842574, 2136378, 1124570, 989396, 1072179, 1594390, 1897074, 1554320, 145593, 1031357, 'Down']
[1352939, 2038402, 1633845, 25464, 1121198, 168676, 850158, 2123372, 1122605, 987460, 1125812, 1614199, 1972022, 1555610, 164440, 1045434, 'Down']
[1350378, 2032906, 1658780, 24551, 1131642, 165003, 843260, 2132163, 1125704, 990686, 1062758, 1590224, 1891422, 1553846, 141141, 1029092, 'Down']
[1352862, 2038184, 1639480, 25232, 1121004, 167843, 849431, 2126347, 1121977, 987131, 1135251, 1618796, 1976342, 1556244, 168826, 1046434, 'Down']
[1350836, 2033311, 1650942, 24774, 1131192, 165216, 844490, 2127139, 1126780, 991868, 1054332, 1586174, 1887351, 1553234, 136445, 1026024, 'Down']
[1351932, 2036817, 1647601, 24650, 1120903, 166780, 849002, 2132149, 1120905, 986144, 1142015, 1622183, 1977879, 1556998, 172419, 1047105, 'Down']
[1351304, 2033709, 1644877, 25452, 1130975, 165490, 847089, 2124095, 1126955, 992211, 1049200, 1583504, 1888350, 1552358, 133750, 1024956, 'Down']
[1351289, 2035918, 1654595, 24726, 1121725, 166286, 849046, 2136084, 1120434, 985837, 1145453, 1624246, 1976780, 1556947, 174915, 1047632, 'Down']
[1351226, 2034115, 1636697, 25818, 1129657, 166098, 847653, 2120069, 1127270, 992529, 1046795, 1581760, 1890814, 1551854, 131984, 1024867, 'Down']
[1350109, 2034425, 1659393, 24027, 1122271, 165367, 846832, 2139295, 1119610, 984848, 1144996, 1624146, 1971731, 1556697, 175069, 1047152, 'Down']
[1351358, 2034487, 1629331, 25969, 1128539, 166648, 848042, 2117183, 1126878, 992002, 1047577, 1581316, 1896190, 1551502, 131028, 1025512, 'Down']
[1349878, 2033984, 1664140, 24434, 1124380, 165613, 848173, 2142906, 1119422, 984755, 1141833, 1623539, 1964989, 1557105, 174547, 1047245, 'Down']
[1351837, 2035300, 1623210, 26529, 1127631, 167311, 850168, 2114504, 1127169, 992180, 1051879, 1583024, 1904049, 1552185, 132194, 1027469, 'Down']
[1349326, 2032787, 1667814, 24194, 1125306, 164949, 846672, 2145176, 1119714, 984652, 1135564, 1621132, 1955427, 1556736, 171463, 1045700, 'Down']
[1352454, 2036366, 1618426, 26790, 1126130, 167781, 851488, 2113397, 1126953, 991881, 1059572, 1585620, 1914174, 1552459, 134022, 1029770, 'Down']
[1349261, 2032561, 1670219, 24239, 1127164, 164430, 847863, 2146246, 1120687, 985479, 1127080, 1617762, 1944421, 1556731, 167605, 1043474, 'Down']
[1352828, 2036998, 1616470, 26492, 1124281, 167547, 851759, 2112921, 1126827, 991310, 1070214, 1589886, 1925702, 1552269, 137603, 1031983, 'Down']
[1349311, 2032043, 1670769, 23988, 1128095, 163589, 846739, 2145591, 1121761, 985900, 1116642, 1613142, 1932856, 1555831, 162136, 1039956, 'Down']
[1353385, 2038200, 1615491, 27040, 1123175, 168020, 853263, 2114322, 1126288, 990704, 1082361, 1594627, 1937590, 1552994, 141954, 1034566, 'Down']
[1349342, 2032289, 1669786, 24781, 1129151, 163687, 847296, 2145677, 1122812, 987357, 1104765, 1608858, 1921663, 1555623, 157517, 1037690, 'Down']
[1353560, 2038975, 1616805, 27654, 1122349, 168294, 854187, 2116182, 1125493, 990246, 1095026, 1600834, 1949757, 1553644, 147703, 1037907, 'Down']
[1349360, 2032014, 1666934, 25209, 1130297, 163505, 847441, 2142722, 1123747, 988324, 1091589, 1603145, 1910540, 1554804, 151750, 1034514, 'Down']
[1353017, 2038388, 1620163, 26999, 1120898, 167537, 853124, 2118086, 1124343, 988938, 1107537, 1605795, 1959554, 1553816, 152846, 1040240, 'Down']
[1349334, 2031985, 1662111, 25777, 1131439, 164218, 848544, 2138963, 1124616, 989231, 1078422, 1597143, 1900689, 1554406, 145606, 1031289, 'Down']
