[1701668, 2064694, 2554036, 697566, 3114323, 427681, 48786, 2034503, 1075855, 1115077, 459533, -463347, 2657722, 1907409, 1814707, 561953, 'Down']
[1700111, 2062125, 2562210, 694631, 3126593, 425252, 45068, 2037409, 1076107, 1114794, 468167, -458221, 2633486, 1907628, 1791882, 559997, 'Down']
[1701745, 2064815, 2553240, 697222, 3114455, 427741, 49346, 2035403, 1075845, 1114794, 463172, -462250, 2662651, 1906923, 1818057, 561461, 'Down']
[1700353, 2062357, 2562311, 695114, 3127596, 425662, 46520, 2037604, 1076458, 1115179, 465087, -459361, 2629168, 1907495, 1788996, 559149, 'Down']
[1701477, 2064626, 2553016, 697147, 3115305, 427298, 48828, 2034915, 1075666, 1114559, 466824, -460888, 2666356, 1906627, 1820335, 561175, 'Down']
[1700351, 2062282, 2562013, 694896, 3127597, 425907, 46637, 2036350, 1076401, 1115342, 461385, -460562, 2624841, 1907328, 1785783, 558016, 'Down']
[1701200, 2064409, 2553003, 696998, 3115389, 427879, 47690, 2036238, 1075096, 1113979, 469907, -459388, 2668905, 1906109, 1822451, 561540, 'Down']
[1700512, 2062646, 2561762, 695633, 3127423, 426819, 47972, 2036189, 1076360, 1115449, 458177, -461427, 2623268, 1907335, 1785601, 558528, 'Down']
[1700824, 2064106, 2553508, 696581, 3117000, 427607, 47749, 2036192, 1074692, 1113533, 472810, -458100, 2670160, 1905929, 1822858, 561979, 'Down']
[1700149, 2062326, 2560367, 695352, 3126397, 427206, 45851, 2033781, 1076321, 1115368, 454976, -462901, 2622203, 1907077, 1784508, 557545, 'Down']
[1700233, 2063374, 2554337, 696672, 3119781, 428848, 48964, 2037252, 1074614, 1113127, 475058, -457333, 2669168, 1905990, 1821281, 562122, 'Down']
[1700206, 2062431, 2559748, 696196, 3125571, 428349, 48323, 2034577, 1076414, 1115421, 453139, -463777, 2623724, 1907554, 1787276, 558997, 'Down']
[1699884, 2062948, 2554650, 696146, 3120811, 428066, 47389, 2038631, 1074612, 1113254, 477378, -456150, 2667643, 1906213, 1820538, 562960, 'Down']
[1700581, 2062937, 2557623, 696007, 3123316, 428022, 47199, 2034456, 1076351, 1115358, 452104, -464359, 2626294, 1907230, 1790154, 558825, 'Down']
[1699956, 2062929, 2555335, 695768, 3121928, 428156, 46082, 2039718, 1074715, 1113053, 478148, -455525, 2664578, 1905978, 1817800, 562230, 'Down']
[1700785, 2063383, 2556324, 696431, 3121944, 428816, 47345, 2033947, 1076766, 1115720, 451635, -464696, 2630027, 1907453, 1792984, 558096, 'Down']
[1700201, 2063155, 2557185, 696197, 3124494, 428669, 46615, 2039112, 1075228, 1113577, 478893, -454860, 2659863, 1906438, 1812844, 561068, 'Down']
[1700663, 2063620, 2555979, 697160, 3121192, 429078, 48158, 2033647, 1076848, 1116250, 452621, -464138, 2635073, 1908112, 1796527, 558479, 'Down']
[1698886, 2061951, 2558036, 695692, 3126045, 427667, 45739, 2039341, 1074894, 1113224, 477891, -455096, 2654470, 1906316, 1808650, 560745, 'Down']
[1700188, 2063527, 2554325, 697343, 3119153, 429126, 48709, 2034048, 1076068, 1115033, 453254, -464686, 2640490, 1907185, 1801668, 558861, 'Down']
[1699290, 2062235, 2559252, 695800, 3127849, 427817, 46677, 2039240, 1075121, 1113294, 476533, -455367, 2648505, 1906632, 1804398, 560892, 'Down']
[1700669, 2064208, 2554086, 697930, 3118563, 429905, 48538, 2034388, 1076121, 1114995, 455784, -463879, 2646801, 1907305, 1806947, 559980, 'Down']
[1699113, 2061989, 2560578, 695775, 3128956, 428363, 46081, 2038693, 1075453, 1113739, 474367, -455860, 2642122, 1907118, 1799439, 560620, 'Down']
[1700211, 2063735, 2552808, 697210, 3117573, 429501, 48053, 2033521, 1075852, 1114588, 458457, -463416, 2651631, 1907105, 1810193, 559894, 'Down']
[1699167, 2061721, 2560335, 695040, 3129660, 427286, 45926, 2038615, 1075209, 1113353, 471358, -457258, 2635899, 1906514, 1794706, 560212, 'Down']
[1700931, 2064454, 2552229, 697596, 3117535, 429479, 48105, 2034984, 1075900, 1114370, 462094, -462242, 2658036, 1906544, 1815681, 561273, 'Down']
[1699910, 2062322, 2560895, 695322, 3130586, 427528, 46515, 2037393, 1076231, 1114388, 468305, -457880, 2630407, 1906924, 1790568, 559804, 'Down']
[1700466, 2064047, 2550897, 696766, 3116619, 429177, 48114, 2035146, 1075567, 1113944, 465672, -461125, 2662424, 1906173, 1818545, 561667, 'Down']
[1699537, 2062007, 2560513, 694999, 3129561, 427472, 45513, 2037675, 1076187, 1114342, 464773, -459294, 2626183, 1906673, 1788059, 559412, 'Down']
[1700579, 2064401, 2551047, 697116, 3116590, 429245, 46914, 2035696, 1075441, 1113774, 469603, -459716, 2666261, 1906030, 1821268, 561717, 'Down']
[1699432, 2061986, 2560378, 695487, 3129808, 427924, 47191, 2037025, 1076450, 1114759, 461809, -460525, 2623385, 1906970, 1785905, 558518, 'Down']
[1699955, 2063706, 2551678, 697252, 3118135, 429221, 48294, 2037616, 1075088, 1113154, 472937, -458677, 2669615, 1905979, 1823929, 562896, 'Down']
[1699581, 2062338, 2559596, 695770, 3128978, 427972, 46816, 2036772, 1076327, 1114684, 458608, -461904, 2622925, 1906953, 1786696, 558865, 'Down']
[1700139, 2064338, 2552228, 697228, 3119561, 429577, 48187, 2038114, 1075025, 1113174, 475764, -457180, 2670371, 1906100, 1823606, 562494, 'Down']
[1700061, 2063360, 2559248, 696067, 3127436, 428782, 46167, 2036616, 1076795, 1115313, 456633, -462124, 2623462, 1907711, 1786913, 559112, 'Down']
[1699864, 2064226, 2552886, 696601, 3120507, 429037, 46209, 2039173, 1074778, 1112946, 478177, -455881, 2669891, 1906064, 1822901, 563109, 'Down']
[1700006, 2063472, 2557500, 696153, 3126813, 428580, 46721, 2035518, 1076518, 1115337, 454773, -463091, 2625069, 1907416, 1788907, 558926, 'Down']
[1699638, 2063845, 2553733, 696510, 3123401, 428990, 46382, 2039437, 1074567, 1112870, 479670, -455129, 2667403, 1906116, 1820438, 563008, 'Down']
[1700023, 2063719, 2556116, 696606, 3125236, 429688, 46767, 2034577, 1076645, 1115346, 453486, -463771, 2627650, 1907729, 1790906, 558996, 'Down']
[1699154, 2063404, 2554533, 696161, 3125125, 429172, 46455, 2040020, 1075016, 1112735, 480269, -454630, 2663300, 1906266, 1816184, 562644, 'Down']
[1699634, 2063570, 2554272, 696391, 3122938, 429382, 45928, 2034236, 1076736, 1115093, 453142, -464221, 2632480, 1907426, 1794972, 559398, 'Down']
[1698942, 2063235, 2555837, 696150, 3126337, 429161, 45133, 2040445, 1074793, 1112704, 479569, -454644, 2658967, 1906226, 1812726, 562115, 'Down']
[1700013, 2064180, 2554022, 697204, 3121153, 429834, 47729, 2033895, 1076571, 1115350, 454037, -464194, 2637442, 1907714, 1799055, 559322, 'Down']
[1698811, 2062794, 2557688, 696045, 3128256, 428684, 47323, 2040392, 1074813, 1113001, 478999, -454986, 2653146, 1906592, 1807817, 561746, 'Down']
[1700216, 2064577, 2553850, 698151, 3120494, 430222, 48877, 2034540, 1076284, 1115370, 455829, -464056, 2643617, 1907759, 1804206, 560241, 'Down']
[1698696, 2062616, 2559139, 696107, 3129217, 428327, 44665, 2039912, 1075049, 1113483, 477374, -455226, 2646891, 1907138, 1802831, 561779, 'Down']
[1700397, 2064946, 2553081, 698200, 3118628, 430168, 48039, 2035103, 1075788, 1114902, 458044, -463467, 2649793, 1907516, 1809233, 561497, 'Down']
[1699284, 2063257, 2560097, 696121, 3129825, 428482, 44873, 2039662, 1075343, 1113577, 474738, -455477, 2641111, 1907197, 1798518, 561900, 'Down']
[1700902, 2065745, 2552479, 698123, 3118235, 430572, 48025, 2035432, 1076176, 1114513, 461371, -461747, 2655889, 1907133, 1813657, 562029, 'Down']
[1699939, 2063923, 2560406, 696300, 3130512, 429352, 45875, 2039706, 1076144, 1113972, 472005, -455956, 2635537, 1907414, 1794646, 561729, 'Down']
[1700813, 2065812, 2551542, 697863, 3117408, 430310, 46692, 2035577, 1076102, 1114415, 464845, -460532, 2661089, 1907411, 1817752, 563028, 'Down']
[1699806, 2063695, 2560295, 695934, 3130747, 428654, 45181, 2039337, 1076188, 1114489, 468544, -457204, 2630375, 1907673, 1790790, 560821, 'Down']
[1701181, 2066167, 2551427, 698170, 3117773, 430166, 48199, 2036234, 1076086, 1114642, 468720, -458958, 2665454, 1907509, 1820810, 562790, 'Down']
[1699793, 2063387, 2560405, 695766, 3130822, 427818, 45303, 2038212, 1076817, 1114902, 465570, -458396, 2626242, 1907992, 1787580, 559633, 'Down']
[1700964, 2065659, 2551914, 698062, 3118803, 429543, 47356, 2036625, 1076094, 1114057, 472532, -458158, 2668712, 1907212, 1822613, 562440, 'Down']
[1699727, 2063411, 2560897, 696309, 3130851, 427966, 44685, 2036647, 1076890, 1115121, 462215, -460151, 2623688, 1908010, 1785518, 558644, 'Down']
[1700366, 2065685, 2553617, 698617, 3121127, 430461, 48114, 2038223, 1075577, 1114002, 475934, -456549, 2670616, 1907589, 1823629, 563341, 'Down']
[1699630, 2064330, 2561100, 697391, 3130735, 429921, 46344, 2036590, 1076980, 1115856, 460014, -460427, 2623489, 1909126, 1786844, 560348, 'Down']
[1699437, 2065783, 2553553, 698346, 3121790, 431154, 46246, 2037963, 1075230, 1113726, 478726, -455270, 2670536, 1908002, 1823566, 564384, 'Down']
[1698994, 2064687, 2559810, 697344, 3129585, 430950, 48071, 2035762, 1076966, 1115952, 457891, -461175, 2623646, 1909606, 1787362, 560419, 'Down']
[1699034, 2065865, 2554410, 697909, 3124468, 432083, 49158, 2039780, 1074827, 1113357, 480537, -454203, 2669320, 1908172, 1823029, 565052, 'Down']
[1699377, 2065556, 2558424, 697239, 3128441, 431825, 47661, 2035566, 1076895, 1115934, 456267, -461619, 2625777, 1909980, 1790539, 561006, 'Down']
[1699162, 2066029, 2555672, 697176, 3125662, 431331, 46704, 2040073, 1074974, 1113387, 482201, -452974, 2665772, 1908199, 1819881, 564288, 'Down']
[1700261, 2066682, 2557037, 697822, 3126070, 431620, 49038, 2035060, 1076901, 1116073, 456001, -461417, 2629294, 1909616, 1793793, 560650, 'Down']
[1700036, 2066896, 2556363, 697713, 3127333, 431674, 47984, 2040436, 1075414, 1113898, 483126, -451567, 2661878, 1908654, 1816553, 564002, 'Down']
[1701411, 2068012, 2555261, 698497, 3123836, 432177, 47507, 2034223, 1077539, 1116747, 456927, -460599, 2633830, 1910257, 1797135, 560338, 'Down']
[1700440, 2066944, 2557263, 697499, 3128472, 430948, 46220, 2039784, 1076080, 1114403, 483508, -451064, 2656612, 1908864, 1811355, 562616, 'Down']
[1701348, 2067767, 2554409, 698891, 3122799, 432107, 48974, 2034556, 1077873, 1116623, 458625, -460700, 2639270, 1909939, 1800880, 560133, 'Down']
[1700055, 2066106, 2558163, 697679, 3130843, 430724, 46682, 2040741, 1076302, 1114230, 482613, -451812, 2651413, 1908808, 1807313, 562878, 'Down']
[1701138, 2067461, 2553259, 699461, 3122525, 432318, 48887, 2034828, 1077456, 1116294, 460535, -460810, 2645769, 1909655, 1806558, 561305, 'Down']
[1699516, 2065229, 2558952, 697772, 3133012, 431238, 46845, 2040456, 1076183, 1114435, 480374, -452792, 2645278, 1909038, 1802495, 562835, 'Down']
[1700371, 2066767, 2552023, 699280, 3121527, 432815, 48651, 2034980, 1076908, 1115787, 462871, -460896, 2651458, 1909716, 1810935, 562380, 'Down']
[1698446, 2063991, 2559299, 696479, 3133289, 430995, 47371, 2039481, 1075914, 1114114, 477079, -454709, 2638340, 1909075, 1796905, 562541, 'Down']
[1699698, 2066217, 2550307, 698423, 3120393, 433147, 50095, 2035695, 1075901, 1114821, 465160, -460826, 2656601, 1908996, 1814723, 562941, 'Down']
[1698597, 2064164, 2558025, 696306, 3133083, 431935, 46743, 2039546, 1075763, 1114541, 473216, -455655, 2632420, 1909420, 1792467, 562029, 'Down']
[1699850, 2066439, 2548877, 698098, 3119146, 433662, 47092, 2035773, 1075839, 1115044, 468489, -459124, 2661754, 1909318, 1817972, 563284, 'Down']
[1698781, 2064159, 2558426, 696079, 3131713, 431508, 46283, 2039227, 1076054, 1115119, 469705, -456626, 2627960, 1909714, 1788741, 560611, 'Down']
[1700070, 2066553, 2549659, 698447, 3118343, 433268, 48134, 2037491, 1075700, 1114983, 472544, -457345, 2666461, 1909391, 1821440, 563088, 'Down']
[1699137, 2064360, 2558944, 696819, 3131325, 431677, 45906, 2038321, 1076744, 1115886, 466777, -457369, 2624850, 1910120, 1786758, 559717, 'Down']
[1699960, 2066321, 2550406, 699024, 3120040, 433349, 48751, 2038140, 1075835, 1114803, 476290, -455706, 2669058, 1909339, 1823097, 563657, 'Down']
[1699060, 2064329, 2559243, 697474, 3130853, 431933, 46757, 2037749, 1077168, 1116006, 464048, -458474, 2622819, 1910319, 1785809, 560063, 'Down']
[1699386, 2066068, 2551507, 699276, 3121601, 433347, 49083, 2039515, 1075557, 1114502, 479673, -454302, 2670283, 1909633, 1823838, 564284, 'Down']
[1698992, 2064658, 2558574, 698213, 3130646, 432484, 46123, 2037271, 1076963, 1116344, 461517, -458986, 2622847, 1911040, 1787080, 560316, 'Down']
[1698971, 2065568, 2552735, 699336, 3123690, 433274, 48603, 2039306, 1075252, 1113995, 481600, -453268, 2669031, 1909596, 1822585, 564080, 'Down']
[1698997, 2064583, 2558139, 698509, 3130301, 432741, 48344, 2036413, 1076943, 1115696, 459094, -460335, 2623693, 1910572, 1788079, 561052, 'Down']
[1698843, 2065088, 2553912, 698551, 3126509, 433169, 49778, 2040812, 1075357, 1113328, 483413, -452869, 2667679, 1908975, 1821193, 565159, 'Down']
[1699672, 2064974, 2556302, 698223, 3129134, 433090, 47836, 2035749, 1077406, 1116075, 457916, -461013, 2626430, 1910630, 1790810, 561298, 'Down']
[1698685, 2064335, 2553641, 697305, 3128194, 432507, 48671, 2041733, 1075116, 1113489, 484160, -452344, 2664111, 1908882, 1817866, 564693, 'Down']
[1699941, 2065027, 2554082, 697623, 3127278, 432480, 49002, 2035814, 1077004, 1115844, 457217, -461857, 2630828, 1909724, 1794934, 561064, 'Down']
[1699340, 2064785, 2554831, 696946, 3129934, 431977, 46784, 2040860, 1075652, 1113664, 484448, -451972, 2659502, 1908586, 1813761, 562663, 'Down']
[1700543, 2066229, 2553413, 698221, 3125466, 433201, 47600, 2034830, 1077700, 1116498, 458612, -461019, 2635414, 1910250, 1797892, 560058, 'Down']
[1698925, 2064764, 2556159, 696716, 3130355, 432366, 46066, 2041001, 1076022, 1114141, 484397, -451288, 2653913, 1909241, 1808982, 562244, 'Down']
[1699761, 2066161, 2552578, 698353, 3123194, 433812, 48363, 2035734, 1077177, 1115811, 459780, -460919, 2641146, 1909944, 1803421, 560693, 'Down']
[1698320, 2064405, 2557525, 697001, 3131782, 432348, 46438, 2040771, 1075962, 1113955, 482270, -451805, 2648179, 1909543, 1804949, 562243, 'Down']
[1699583, 2066360, 2552335, 699137, 3122625, 434313, 48650, 2035791, 1076740, 1115581, 461761, -460336, 2647033, 1910079, 1807672, 561219, 'Down']
[1698477, 2064558, 2559153, 697170, 3133171, 433060, 45573, 2040964, 1076092, 1114391, 480346, -452210, 2642215, 1909949, 1800216, 562506, 'Down']
[1700119, 2066804, 2552101, 699287, 3122241, 435016, 50411, 2036107, 1076804, 1115191, 464951, -459548, 2653456, 1909803, 1812505, 562514, 'Down']
[1699012, 2064610, 2560012, 697052, 3135044, 433042, 47021, 2038997, 1076740, 1114669, 477632, -453073, 2635972, 1909935, 1794923, 561609, 'Down']
[1700254, 2066570, 2551357, 698880, 3122487, 434784, 48521, 2036234, 1076511, 1114647, 468498, -458523, 2659020, 1909347, 1816924, 563142, 'Down']
[1698809, 2064214, 2559734, 696435, 3135084, 433149, 45859, 2039607, 1076751, 1114340, 473901, -454702, 2630972, 1909372, 1791754, 561460, 'Down']
[1700442, 2066889, 2550477, 698732, 3122635, 435170, 50127, 2037157, 1076447, 1114435, 472086, -457324, 2663649, 1909205, 1820309, 563557, 'Down']
[1699828, 2065175, 2559249, 696747, 3135149, 433599, 47863, 2039339, 1077368, 1115337, 471197, -455230, 2626755, 1910128, 1788982, 561329, 'Down']
[1700297, 2066908, 2549447, 698023, 3121719, 434448, 48026, 2037749, 1076371, 1114352, 475822, -455737, 2666752, 1909135, 1822451, 563614, 'Down']
[1699730, 2065242, 2558620, 696574, 3134040, 433261, 46726, 2038680, 1077467, 1115469, 467700, -456484, 2623602, 1910199, 1787156, 560130, 'Down']
[1700400, 2067207, 2550376, 698383, 3123258, 434523, 48756, 2038835, 1076292, 1114398, 479084, -454051, 2669146, 1909417, 1823824, 563430, 'Down']
[1700052, 2065752, 2558350, 697213, 3133115, 433225, 46936, 2037564, 1077830, 1116028, 464606, -457326, 2622430, 1910470, 1786457, 559917, 'Down']
[1700084, 2067093, 2550970, 698197, 3123703, 433751, 47639, 2039461, 1075953, 1113803, 481416, -452878, 2669281, 1908984, 1823158, 563648, 'Down']
[1700190, 2066386, 2557815, 697956, 3132089, 433765, 46464, 2037587, 1077803, 1116456, 461903, -457836, 2622558, 1910755, 1787142, 560147, 'Down']
[1700134, 2067296, 2552025, 698686, 3125124, 434277, 46785, 2040370, 1076021, 1114410, 483786, -451282, 2668528, 1909645, 1822440, 564902, 'Down']
[1700141, 2066458, 2556493, 698217, 3130164, 434253, 47523, 2036834, 1077779, 1116699, 459785, -458694, 2623923, 1910910, 1788610, 560936, 'Down']
[1699746, 2066732, 2552713, 698295, 3127346, 434387, 47185, 2041155, 1075935, 1114270, 484214, -450638, 2665936, 1909603, 1820016, 565513, 'Down']
[1700331, 2066874, 2555542, 698622, 3129551, 434695, 50288, 2037011, 1077967, 1116870, 458404, -459090, 2627470, 1910989, 1792103, 561874, 'Down']
[1699567, 2066762, 2554442, 698520, 3130445, 434992, 48213, 2043506, 1076159, 1114574, 485119, -449814, 2663051, 1909961, 1818399, 566599, 'Down']
[1700578, 2067389, 2554417, 698900, 3128721, 435300, 48199, 2036746, 1078096, 1117319, 458247, -459165, 2632085, 1911476, 1797365, 563416, 'Down']
[1699446, 2066389, 2555204, 697628, 3132501, 434210, 47287, 2042572, 1076234, 1114437, 484621, -449950, 2657407, 1909671, 1813855, 565824, 'Down']
[1700944, 2067843, 2553462, 698996, 3126847, 435394, 48642, 2036313, 1078206, 1117070, 459037, -459493, 2637023, 1911071, 1801229, 562954, 'Down']
[1699914, 2066682, 2557359, 697769, 3133177, 434165, 46370, 2042544, 1076680, 1114881, 483926, -449937, 2651620, 1910157, 1808656, 564925, 'Down']
[1701142, 2068303, 2552982, 699495, 3124676, 435458, 47210, 2036813, 1078378, 1117278, 461372, -458655, 2643049, 1911507, 1805366, 563174, 'Down']
[1699785, 2066409, 2558132, 697910, 3133917, 433977, 46574, 2043229, 1077229, 1115260, 482793, -450113, 2646139, 1910747, 1804012, 564863, 'Down']
[1700832, 2068145, 2551762, 699630, 3123480, 434980, 48868, 2037319, 1078085, 1116538, 464023, -458473, 2649530, 1911163, 1810409, 564149, 'Down']
[1699939, 2066689, 2559115, 698255, 3135483, 434144, 46691, 2042456, 1077296, 1115377, 480362, -451015, 2640389, 1910848, 1799406, 564362, 'Down']
[1701106, 2068838, 2551063, 700166, 3123720, 436118, 48828, 2037882, 1078255, 1117075, 467560, -456683, 2655619, 1911746, 1814481, 564569, 'Down']
[1699742, 2066553, 2559442, 697820, 3136098, 434128, 47808, 2042162, 1077520, 1115583, 477378, -451611, 2635034, 1911010, 1795518, 564126, 'Down']
[1700859, 2068654, 2550241, 699507, 3122683, 436127, 49108, 2039354, 1077537, 1115974, 470587, -456067, 2661643, 1910925, 1819642, 565579, 'Down']
[1699704, 2066394, 2558557, 697326, 3136087, 434341, 45998, 2041695, 1077746, 1115919, 473355, -453027, 2630332, 1911207, 1792480, 563555, 'Down']
[1700587, 2068465, 2549618, 699212, 3122984, 435708, 48011, 2038859, 1077062, 1115376, 473381, -455051, 2665460, 1910627, 1822502, 565652, 'Down']
[1699863, 2066608, 2559403, 697630, 3135737, 434638, 47618, 2040503, 1077974, 1115990, 469493, -454217, 2625413, 1911295, 1788886, 562865, 'Down']
[1700884, 2069022, 2550801, 699755, 3123922, 436819, 48701, 2039842, 1077250, 1115513, 477293, -453021, 2668128, 1911013, 1824468, 566557, 'Down']
[1700255, 2067383, 2559575, 698082, 3135842, 435589, 46222, 2039575, 1078389, 1117064, 466917, -454667, 2623027, 1912064, 1787942, 563152, 'Down']
[1700825, 2069246, 2551122, 699693, 3125285, 436676, 50255, 2040590, 1076901, 1115573, 480567, -451379, 2669655, 1911069, 1825619, 567156, 'Down']
[1700586, 2067900, 2558441, 698488, 3134466, 435473, 47544, 2039168, 1078483, 1117230, 464086, -455513, 2622266, 1912217, 1788069, 563532, 'Down']
[1700785, 2069173, 2551832, 699245, 3126024, 435347, 47088, 2040693, 1076832, 1115139, 483100, -450043, 2669185, 1910908, 1824672, 567282, 'Down']
[1700895, 2068311, 2558234, 698628, 3133868, 435090, 47206, 2037755, 1078675, 1117305, 461823, -456220, 2622457, 1912267, 1788609, 562412, 'Down']
[1701062, 2069399, 2553738, 699288, 3128363, 435686, 48498, 2041491, 1076965, 1115191, 485341, -448826, 2667568, 1911130, 1822736, 567032, 'Down']
[1701070, 2068493, 2557179, 698447, 3131629, 434421, 47073, 2036951, 1078648, 1117555, 460734, -456857, 2625057, 1912131, 1790864, 562913, 'Down']
[1700765, 2068748, 2554484, 698841, 3130113, 434801, 47471, 2041727, 1076876, 1115126, 486367, -448537, 2664629, 1910635, 1819928, 566441, 'Down']
[1701476, 2068819, 2556204, 699228, 3131152, 435089, 48089, 2036725, 1078970, 1117648, 459897, -457514, 2628580, 1912107, 1793945, 563300, 'Down']
[1700345, 2067883, 2555289, 698215, 3131731, 434441, 44956, 2042367, 1077099, 1114930, 486837, -448348, 2660582, 1910527, 1816481, 566678, 'Down']
[1701142, 2068506, 2554850, 699224, 3129381, 435440, 48051, 2037160, 1078627, 1117460, 459751, -458154, 2633286, 1911792, 1798326, 563187, 'Down']
[1699826, 2067284, 2556902, 698096, 3133911, 434262, 48352, 2043740, 1077092, 1115172, 486403, -448456, 2655944, 1910681, 1813375, 566295, 'Down']
[1700898, 2068603, 2553509, 699294, 3126947, 435658, 47979, 2037881, 1078496, 1117094, 461207, -458332, 2639656, 1911576, 1804821, 563947, 'Down']
[1699389, 2067103, 2557174, 697467, 3134696, 434148, 46093, 2042825, 1077073, 1115035, 484683, -448984, 2649548, 1910729, 1808660, 565203, 'Down']
[1701193, 2069906, 2552508, 699936, 3126798, 436640, 49490, 2037179, 1078444, 1117315, 462826, -457381, 2644839, 1912091, 1808579, 563571, 'Down']
[1699655, 2067920, 2558380, 697940, 3136185, 435506, 46038, 2043389, 1077464, 1116016, 482535, -448304, 2643295, 1912131, 1803726, 565199, 'Down']
[1700987, 2069971, 2551048, 699881, 3124618, 436335, 46756, 2037726, 1078177, 1117295, 465473, -456001, 2650893, 1912528, 1813273, 564365, 'Down']
[1699687, 2067791, 2558750, 698071, 3136376, 434960, 45644, 2042911, 1077547, 1115948, 479679, -449341, 2637262, 1912230, 1798884, 563791, 'Down']
[1700955, 2069770, 2550756, 700035, 3124616, 436429, 48695, 2038073, 1078236, 1116801, 469210, -455025, 2656741, 1912386, 1817941, 564739, 'Down']
[1699269, 2066871, 2559094, 697461, 3137157, 434446, 44658, 2042195, 1077903, 1115955, 476461, -450948, 2631340, 1912118, 1794971, 563300, 'Down']
[1700696, 2069519, 2550429, 699922, 3124182, 436404, 49049, 2039899, 1077686, 1116197, 472192, -454705, 2661424, 1911775, 1821978, 565287, 'Down']
[1699136, 2067014, 2559126, 697381, 3137348, 434061, 46636, 2042339, 1078071, 1116403, 472856, -452630, 2627030, 1912225, 1792588, 563056, 'Down']
[1700038, 2069340, 2549847, 699211, 3124409, 435829, 48195, 2040483, 1077159, 1115670, 475295, -454097, 2665567, 1911542, 1825225, 565408, 'Down']
[1699074, 2067533, 2559089, 697346, 3136945, 434573, 44880, 2040228, 1078224, 1116714, 468996, -454182, 2623404, 1912570, 1789700, 561749, 'Down']
[1699696, 2069813, 2550326, 699220, 3125252, 436397, 47090, 2040419, 1076993, 1115349, 479007, -452179, 2667770, 1911818, 1826015, 565152, 'Down']
[1699228, 2068487, 2558526, 697774, 3136102, 435557, 47035, 2039990, 1078353, 1116938, 466365, -454520, 2621933, 1913220, 1789476, 561898, 'Down']
[1700066, 2070710, 2551181, 699517, 3125879, 436986, 47958, 2040337, 1077360, 1115452, 482622, -450062, 2668609, 1912469, 1826187, 565309, 'Down']
[1700038, 2069656, 2558301, 698268, 3134047, 435872, 46459, 2038380, 1079104, 1117164, 464581, -454665, 2621246, 1913682, 1788980, 561631, 'Down']
[1700599, 2071322, 2552736, 699729, 3126367, 436786, 49800, 2040809, 1077482, 1115369, 485465, -448097, 2667960, 1912533, 1825301, 566319, 'Down']
[1700896, 2070774, 2557731, 699462, 3132282, 436624, 47783, 2037130, 1079481, 1118260, 463009, -454448, 2621993, 1914242, 1790146, 562836, 'Down']
[1700164, 2070741, 2552764, 699542, 3127963, 436614, 47866, 2041542, 1077270, 1115760, 487093, -446726, 2665113, 1912870, 1822780, 567443, 'Down']
[1700531, 2070366, 2555397, 699600, 3130943, 436438, 47485, 2037096, 1079018, 1117976, 461091, -455279, 2624818, 1913644, 1793262, 564045, 'Down']
[1699760, 2070142, 2553822, 699759, 3131176, 436897, 48919, 2042105, 1077282, 1115556, 487437, -446362, 2661941, 1912447, 1819902, 567810, 'Down']
[1700046, 2070182, 2554375, 699995, 3130111, 437793, 47691, 2037619, 1078820, 1117908, 461021, -455555, 2629334, 1914292, 1797271, 565409, 'Down']
[1698793, 2069323, 2554475, 698883, 3132763, 436877, 48187, 2042961, 1076774, 1115329, 487421, -446402, 2657864, 1912858, 1816838, 568275, 'Down']
[1699624, 2070094, 2552240, 699740, 3128810, 437747, 49004, 2037696, 1078365, 1117756, 461482, -455986, 2634185, 1913963, 1801818, 565765, 'Down']
[1698086, 2068263, 2554708, 698265, 3133635, 436751, 46096, 2044724, 1076529, 1114942, 486968, -446748, 2652551, 1912728, 1812988, 568218, 'Down']
[1699198, 2069470, 2550845, 699939, 3126210, 438317, 48100, 2038395, 1078225, 1116875, 462822, -456463, 2640318, 1913877, 1806940, 566190, 'Down']
[1697920, 2067878, 2556379, 698795, 3135325, 436993, 48663, 2044016, 1077109, 1114999, 485490, -447384, 2646433, 1913062, 1807965, 568202, 'Down']
[1698463, 2069073, 2550448, 700487, 3125438, 437812, 49983, 2038791, 1078055, 1116746, 465371, -455555, 2646234, 1913640, 1811554, 567710, 'Down']
[1696815, 2066842, 2556420, 698432, 3135975, 435742, 46538, 2043231, 1076871, 1115186, 482736, -447911, 2640008, 1912982, 1802948, 567886, 'Down']
[1697863, 2068841, 2548678, 700802, 3124559, 437790, 49109, 2039164, 1077170, 1116273, 467562, -455005, 2651939, 1912980, 1816116, 567904, 'Down']
[1696582, 2067001, 2556989, 699760, 3137604, 436907, 47471, 2043720, 1077142, 1116463, 479752, -448131, 2634371, 1913984, 1798985, 567583, 'Down']
[1697075, 2068694, 2547917, 701720, 3124684, 438852, 49679, 2040096, 1076623, 1116951, 470877, -453001, 2658018, 1914491, 1821277, 569685, 'Down']
[1695399, 2066050, 2556293, 699224, 3137478, 436907, 47776, 2041945, 1076697, 1116855, 475456, -449376, 2628942, 1915128, 1794850, 567567, 'Down']
[1696010, 2067835, 2546197, 700067, 3123485, 437935, 49328, 2039344, 1076010, 1116016, 472891, -452701, 2661629, 1914049, 1823003, 569318, 'Down']
[1694883, 2065747, 2555064, 697910, 3136278, 436616, 46273, 2041320, 1076515, 1115843, 470612, -451898, 2624012, 1914205, 1790989, 566288, 'Down']
[1695511, 2067699, 2546143, 700022, 3123409, 439055, 49043, 2040358, 1075295, 1114986, 475714, -451639, 2664656, 1913811, 1824954, 569587, 'Down']
[1694187, 2065122, 2555069, 698428, 3135284, 437990, 47071, 2041019, 1075816, 1115660, 466954, -452614, 2621047, 1914663, 1789481, 566870, 'Down']
[1695123, 2067182, 2547402, 700721, 3123805, 439510, 48463, 2040893, 1074693, 1114587, 478866, -450102, 2666557, 1913982, 1826211, 570619, 'Down']
[1694500, 2065390, 2555767, 699566, 3134041, 438247, 45683, 2039334, 1076575, 1116689, 464296, -453322, 2619152, 1915380, 1787838, 566778, 'Down']
[1694440, 2066462, 2548376, 700331, 3124692, 438406, 48230, 2041836, 1074621, 1114644, 481721, -448787, 2666594, 1913986, 1825721, 571508, 'Down']
[1694856, 2065748, 2554971, 699787, 3133061, 437447, 46654, 2039979, 1076417, 1116885, 461902, -454555, 2620072, 1915141, 1790056, 567692, 'Down']
[1695461, 2067211, 2549303, 701248, 3127848, 438517, 49060, 2042811, 1075303, 1115802, 484683, -447299, 2665815, 1914477, 1824930, 571810, 'Down']
[1695837, 2066729, 2554057, 700459, 3132424, 437804, 47845, 2039168, 1077416, 1118569, 461445, -454477, 2621898, 1916211, 1791558, 568067, 'Down']
[1695147, 2066641, 2549905, 699848, 3129009, 437228, 47995, 2043509, 1075607, 1115945, 486546, -446435, 2663337, 1914573, 1822229, 571538, 'Down']
[1696326, 2067472, 2552345, 700253, 3130118, 437953, 46648, 2038574, 1077488, 1118269, 460405, -455351, 2625393, 1915850, 1794795, 567541, 'Down']
[1695568, 2067365, 2551339, 699733, 3130494, 437945, 46302, 2043609, 1075970, 1116242, 487235, -445716, 2659818, 1915114, 1819021, 570554, 'Down']
[1696958, 2068418, 2551012, 700354, 3128551, 438477, 48678, 2038021, 1077780, 1118616, 460249, -455355, 2629990, 1916440, 1798433, 567239, 'Down']
[1696464, 2068090, 2552533, 699499, 3132416, 438034, 47342, 2044191, 1076228, 1116481, 486896, -445484, 2654968, 1915411, 1814708, 570240, 'Down']
[1697775, 2069589, 2549927, 700846, 3127156, 438828, 48232, 2038172, 1077660, 1119200, 461406, -454751, 2635351, 1916971, 1802647, 567945, 'Down']
[1696216, 2067945, 2553304, 699369, 3133895, 437761, 45661, 2044791, 1075733, 1117009, 485845, -445367, 2649286, 1915818, 1810389, 570125, 'Down']
[1697828, 2070094, 2548989, 701531, 3126216, 439709, 47498, 2038904, 1076866, 1119348, 463048, -454515, 2641291, 1916847, 1808391, 568759, 'Down']
[1696448, 2068169, 2555084, 699802, 3135877, 438112, 47731, 2044310, 1076125, 1117933, 484438, -445363, 2643042, 1916483, 1805772, 569962, 'Down']
[1697756, 2069995, 2548439, 701639, 3125372, 439723, 50218, 2039073, 1076961, 1119349, 466043, -453347, 2647392, 1917075, 1813207, 569636, 'Down']
[1696668, 2068100, 2555496, 699605, 3136309, 437952, 47076, 2043287, 1076531, 1118148, 481858, -445905, 2637124, 1916889, 1801502, 569892, 'Down']
[1698227, 2070439, 2547669, 701594, 3124031, 439903, 49382, 2039752, 1077171, 1118980, 469204, -452197, 2653360, 1917094, 1817736, 569966, 'Down']
[1697193, 2068407, 2555963, 699208, 3137054, 438327, 46827, 2043973, 1077129, 1118194, 479045, -446764, 2631874, 1917072, 1797837, 569174, 'Down']
[1698968, 2071236, 2547245, 701218, 3124043, 439899, 48476, 2040505, 1077411, 1118728, 473206, -450783, 2658778, 1917015, 1822109, 570348, 'Down']
[1697929, 2068698, 2555670, 698303, 3137420, 437382, 46581, 2043161, 1077963, 1118354, 476204, -447948, 2626756, 1917275, 1794041, 568076, 'Down']
[1699269, 2071108, 2546495, 699969, 3123564, 438792, 48371, 2041482, 1077429, 1117358, 476679, -450316, 2662853, 1915980, 1824922, 569665, 'Down']
[1698884, 2069438, 2555775, 698255, 3136332, 437321, 46625, 2041517, 1078735, 1117991, 472777, -449971, 2622710, 1916404, 1791154, 566274, 'Down']
[1699653, 2071492, 2547009, 699913, 3124567, 438760, 48264, 2040803, 1077855, 1116986, 481192, -448914, 2665147, 1915461, 1825372, 569197, 'Down']
[1699045, 2069919, 2555489, 698393, 3135458, 436993, 45393, 2041125, 1078652, 1118156, 469891, -450986, 2620393, 1916454, 1789324, 566190, 'Down']
[1699829, 2071938, 2547737, 700384, 3125422, 438525, 48912, 2042038, 1077092, 1116881, 483925, -447365, 2666844, 1915492, 1826615, 569832, 'Down']
[1699721, 2070665, 2555009, 699203, 3134441, 437447, 46976, 2040253, 1078694, 1119162, 467150, -451255, 2619684, 1917109, 1789554, 566520, 'Down']
[1700047, 2071900, 2548489, 700320, 3126639, 438388, 49076, 2042152, 1077070, 1117111, 486379, -446065, 2666353, 1915795, 1825652, 569704, 'Down']
[1699894, 2070551, 2554395, 699505, 3133351, 437872, 46586, 2039336, 1079051, 1119252, 465553, -452377, 2620484, 1917543, 1790228, 566175, 'Down']
[1699238, 2070391, 2548845, 699237, 3127944, 437919, 46720, 2042144, 1077186, 1116415, 488869, -445714, 2664750, 1915964, 1823249, 569595, 'Down']
[1699378, 2069571, 2551764, 698447, 3131598, 437546, 46512, 2038755, 1078897, 1118042, 463918, -454459, 2622450, 1916637, 1791703, 565489, 'Down']
[1698838, 2069558, 2549094, 698245, 3130597, 437460, 47682, 2043398, 1077153, 1115406, 489765, -446064, 2661841, 1914947, 1820677, 568862, 'Down']
[1698748, 2068956, 2550070, 697599, 3129723, 437033, 45841, 2038454, 1078797, 1117464, 462660, -455632, 2626051, 1915941, 1794777, 564403, 'Down']
[1698009, 2068620, 2550039, 697079, 3131491, 436831, 44948, 2044772, 1076618, 1114535, 488835, -446603, 2658129, 1914202, 1817800, 567735, 'Down']
[1698711, 2069543, 2548071, 697964, 3127616, 437425, 46720, 2038380, 1078319, 1117220, 462055, -455968, 2631944, 1915660, 1800186, 564037, 'Down']
[1697935, 2068998, 2550905, 697505, 3133191, 436743, 45996, 2044477, 1076637, 1114963, 488177, -446005, 2652946, 1914511, 1812936, 566431, 'Down']
[1699225, 2070535, 2548235, 699120, 3126384, 437817, 47805, 2038235, 1078368, 1117646, 463707, -454798, 2636919, 1915866, 1803993, 564369, 'Down']
[1698525, 2069377, 2553217, 698122, 3134540, 436469, 46179, 2044015, 1076974, 1115372, 487683, -445379, 2647079, 1914785, 1808734, 566824, 'Down']
[1700064, 2071077, 2547989, 699993, 3125682, 438139, 48047, 2038928, 1078507, 1117476, 466503, -454035, 2643052, 1915681, 1809340, 565438, 'Down']
[1698687, 2068900, 2554006, 698044, 3135464, 436317, 46107, 2044355, 1077744, 1115639, 486144, -445959, 2640418, 1915145, 1803674, 567121, 'Down']
[1700099, 2071100, 2546972, 699874, 3124327, 438074, 48404, 2039195, 1078310, 1116694, 469705, -453586, 2648868, 1915176, 1814477, 566736, 'Down']
[1699222, 2069433, 2554677, 697960, 3136987, 436780, 45418, 2043449, 1078383, 1116270, 483742, -446412, 2634375, 1915366, 1799559, 566263, 'Down']
[1700182, 2071432, 2546048, 699417, 3124686, 437785, 46542, 2039102, 1078360, 1116633, 472947, -452124, 2654158, 1915068, 1818336, 566552, 'Down']
[1698891, 2069199, 2554455, 697475, 3137598, 436243, 44606, 2044087, 1078176, 1115990, 479938, -447724, 2629012, 1914964, 1795899, 565730, 'Down']
[1700167, 2071707, 2545195, 699761, 3124798, 437906, 47697, 2041312, 1077848, 1115979, 476404, -450939, 2660273, 1914685, 1823871, 568221, 'Down']
[1699398, 2069714, 2554699, 697830, 3137722, 436094, 45440, 2043393, 1078874, 1116660, 476920, -448550, 2624731, 1915511, 1792862, 565229, 'Down']
[1700753, 2072195, 2545703, 700191, 3125113, 437727, 48333, 2041302, 1078433, 1116141, 480389, -449201, 2663854, 1915002, 1825474, 567955, 'Down']
[1699866, 2070372, 2554997, 698915, 3138106, 436365, 45430, 2041573, 1079580, 1117319, 473608, -449448, 2621446, 1916136, 1789851, 564930, 'Down']
[1700207, 2072140, 2546738, 700615, 3126798, 438059, 47771, 2042190, 1078118, 1116443, 483971, -447237, 2665775, 1915601, 1825850, 568802, 'Down']
[1699826, 2070555, 2554763, 699340, 3137491, 437091, 46335, 2042530, 1079111, 1117756, 470694, -450218, 2620063, 1916607, 1789880, 565891, 'Down']
[1700582, 2072436, 2547382, 700864, 3127557, 438259, 47488, 2043288, 1077670, 1116295, 486581, -446051, 2666572, 1915599, 1826982, 569054, 'Down']
[1701030, 2071918, 2554477, 700351, 3136302, 438325, 46603, 2041498, 1080024, 1119412, 468753, -450155, 2619469, 1917840, 1789827, 565441, 'Down']
[1701267, 2073231, 2547887, 701358, 3129412, 439256, 48598, 2043568, 1078498, 1117425, 490109, -443641, 2666367, 1916746, 1825934, 569665, 'Down']
[1701085, 2072324, 2552725, 700218, 3134354, 438475, 44926, 2040394, 1080314, 1119770, 467391, -450557, 2621001, 1918124, 1790604, 565136, 'Down']
[1700619, 2072829, 2548644, 700079, 3130500, 438468, 46659, 2044868, 1078185, 1116986, 491428, -443085, 2664221, 1916235, 1823386, 569140, 'Down']
[1701485, 2073246, 2552157, 700624, 3133464, 438975, 49015, 2039845, 1080350, 1119629, 465794, -451468, 2624098, 1917457, 1793685, 565212, 'Down']
[1700514, 2072788, 2550409, 700085, 3133174, 438435, 47307, 2044945, 1078429, 1117034, 492462, -442264, 2660707, 1916173, 1820070, 569240, 'Down']
[1700935, 2073004, 2550981, 700581, 3131303, 438796, 47051, 2039493, 1080262, 1119226, 465845, -451921, 2628028, 1917579, 1797504, 565601, 'Down']
[1699541, 2071886, 2551423, 699832, 3134194, 438370, 47328, 2045228, 1078135, 1116447, 491958, -442574, 2655780, 1916376, 1816389, 568487, 'Down']
[1700930, 2073216, 2550085, 701153, 3130549, 439446, 49089, 2039655, 1079591, 1118604, 465859, -452363, 2633140, 1917748, 1802104, 565891, 'Down']
[1699949, 2071936, 2553445, 699845, 3137011, 437981, 46391, 2045044, 1078808, 1116676, 491330, -442466, 2650090, 1916939, 1811855, 568054, 'Down']
[1700841, 2072759, 2548896, 700653, 3129560, 438500, 46673, 2039460, 1080076, 1118376, 467284, -452285, 2638566, 1917411, 1806587, 565989, 'Down']
[1699045, 2070515, 2553501, 698621, 3137771, 436697, 45203, 2045289, 1078459, 1115992, 488815, -444194, 2643842, 1916058, 1807135, 566811, 'Down']
[1700743, 2072874, 2547791, 700837, 3128272, 438621, 48573, 2039851, 1079425, 1117963, 468927, -452805, 2644896, 1916636, 1812104, 565932, 'Down']
[1699250, 2070779, 2554537, 698616, 3139152, 436938, 46586, 2045256, 1078526, 1116752, 486277, -445015, 2637922, 1916247, 1802720, 566121, 'Down']
[1700880, 2073563, 2547234, 700891, 3127229, 438647, 48071, 2040947, 1079074, 1117928, 471842, -451857, 2650856, 1916633, 1816685, 566448, 'Down']
[1699843, 2071820, 2555682, 698862, 3140177, 436724, 47722, 2045076, 1079210, 1117506, 483904, -445075, 2632231, 1916964, 1798365, 565555, 'Down']
[1700822, 2073750, 2546267, 700554, 3126547, 438022, 47702, 2040436, 1079067, 1117686, 475510, -449904, 2656421, 1916367, 1820844, 566200, 'Down']
[1699826, 2071642, 2555351, 699105, 3139792, 436972, 45795, 2044075, 1079132, 1117298, 480273, -446375, 2627036, 1916559, 1794623, 564262, 'Down']
[1700429, 2073337, 2546123, 701108, 3126865, 438448, 48401, 2042118, 1078863, 1117332, 479395, -448519, 2661296, 1916276, 1824401, 567043, 'Down']
[1699334, 2071064, 2555725, 699515, 3139820, 437457, 47174, 2044380, 1079197, 1117697, 476852, -447572, 2623575, 1916754, 1792995, 564520, 'Down']
[1699946, 2072876, 2546546, 701029, 3127132, 438542, 48260, 2043172, 1078395, 1116965, 482711, -447772, 2664959, 1916496, 1827101, 567605, 'Down']
[1699261, 2070915, 2555465, 699194, 3139589, 436802, 46707, 2043309, 1079467, 1117950, 473490, -449573, 2620793, 1917142, 1790533, 563724, 'Down']
