[1968196, 1952189, 1603606, -817475, 2639064, 2718979, 2627616, 2096640, 699474, 2075031, 2232567, 2439946, 2032381, 2651698, 1297390, -3901549, 'Forward']
[1956634, 1939234, 1603148, -830499, 2630987, 2774328, 2688768, 2137262, 688974, 2065697, 2233599, 2462651, 2073410, 2661513, 1298982, -3911350, 'Forward']
[1968403, 1953354, 1602543, -816641, 2638141, 2721618, 2628623, 2098619, 697446, 2073245, 2258569, 2441352, 2039286, 2652137, 1313478, -3891877, 'Forward']
[1956765, 1938969, 1605165, -831233, 2631866, 2771429, 2687258, 2135549, 690849, 2067737, 2208848, 2460040, 2065061, 2660137, 1283286, -3916335, 'Forward']
[1969427, 1954736, 1601520, -815499, 2637979, 2724952, 2631246, 2100269, 696118, 2071823, 2283556, 2444024, 2046992, 2653260, 1328762, -3882980, 'Forward']
[1956807, 1938436, 1606070, -831655, 2632451, 2766170, 2683044, 2131745, 693288, 2069528, 2185066, 2457316, 2056286, 2658704, 1267385, -3922150, 'Forward']
[1968136, 1953811, 1598719, -816104, 2635863, 2731715, 2636771, 2105317, 693498, 2069057, 2305788, 2447480, 2055604, 2654322, 1342529, -3875388, 'Forward']
[1957143, 1938794, 1606622, -830927, 2633789, 2761469, 2678467, 2129042, 694850, 2071463, 2167436, 2454579, 2047594, 2656952, 1256907, -3922929, 'Forward']
[1967440, 1953650, 1596838, -816094, 2634827, 2738298, 2642553, 2109974, 691486, 2067696, 2323864, 2451598, 2064426, 2655860, 1354381, -3868061, 'Forward']
[1957593, 1938888, 1606717, -830778, 2634236, 2754012, 2671271, 2123795, 696971, 2073466, 2152212, 2451334, 2039233, 2655204, 1246973, -3924826, 'Forward']
[1966439, 1952470, 1596013, -817265, 2633200, 2745637, 2650245, 2115456, 689451, 2065666, 2336217, 2454133, 2072216, 2657018, 1362229, -3863347, 'Forward']
[1959895, 1941324, 1607601, -828851, 2635753, 2746467, 2663521, 2118388, 698881, 2074937, 2144510, 2446849, 2032254, 2653403, 1242172, -3923192, 'Forward']
[1965749, 1951841, 1596177, -818134, 2632605, 2752226, 2657449, 2119870, 689060, 2065385, 2341200, 2458287, 2079818, 2659102, 1365185, -3861757, 'Forward']
[1960308, 1941928, 1607633, -828183, 2635867, 2738596, 2654965, 2112513, 700250, 2076100, 2141931, 2443389, 2026428, 2651651, 1239732, -3921428, 'Forward']
[1963539, 1949377, 1596306, -820289, 2631035, 2759834, 2665442, 2125409, 686808, 2063056, 2340867, 2460333, 2084553, 2659117, 1364772, -3861017, 'Forward']
[1961664, 1943474, 1607785, -826272, 2636674, 2732801, 2647651, 2108075, 700999, 2076316, 2147877, 2440776, 2022339, 2649945, 1243193, -3915364, 'Forward']
[1961951, 1947271, 1596529, -822273, 2630225, 2766126, 2672507, 2129865, 686272, 2062201, 2333431, 2462389, 2087457, 2659803, 1359985, -3862375, 'Forward']
[1963368, 1945683, 1607482, -824115, 2637527, 2726750, 2640124, 2103314, 701902, 2076815, 2158597, 2438866, 2020758, 2648657, 1249443, -3909048, 'Forward']
[1960425, 1945408, 1596985, -824217, 2629383, 2771709, 2679288, 2134363, 685859, 2061827, 2320097, 2464595, 2088573, 2660421, 1351719, -3865110, 'Forward']
[1965148, 1947991, 1605958, -821811, 2638567, 2723069, 2634728, 2100628, 702028, 2076820, 2175724, 2438523, 2021744, 2648406, 1260361, -3900180, 'Forward']
[1959606, 1943746, 1596871, -825825, 2630139, 2774205, 2683239, 2136277, 687050, 2062877, 2300400, 2465869, 2087428, 2660840, 1339209, -3870299, 'Forward']
[1966218, 1949257, 1602922, -820721, 2638215, 2719162, 2629305, 2097282, 701737, 2075838, 2195998, 2437945, 2024649, 2648029, 1272242, -3892470, 'Forward']
[1958171, 1941365, 1597595, -828214, 2629569, 2775536, 2686447, 2137417, 687801, 2062943, 2276744, 2464651, 2083937, 2659756, 1323759, -3877134, 'Forward']
[1967345, 1951062, 1600408, -818660, 2637953, 2718294, 2626487, 2096302, 700926, 2074637, 2220851, 2438027, 2029738, 2648037, 1287616, -3882334, 'Forward']
[1956716, 1939750, 1597301, -829939, 2629037, 2775240, 2687147, 2137607, 689057, 2064045, 2251296, 2463062, 2077882, 2658994, 1307449, -3883407, 'Forward']
[1968541, 1953214, 1598515, -816807, 2637317, 2719287, 2625925, 2096785, 699190, 2073217, 2246890, 2439399, 2035920, 2648707, 1303824, -3872255, 'Forward']
[1956706, 1939350, 1599254, -830707, 2629956, 2772913, 2686891, 2136031, 690954, 2066310, 2225503, 2462184, 2071215, 2658779, 1291116, -3889364, 'Forward']
[1968238, 1953611, 1596639, -816561, 2636218, 2722694, 2628109, 2098781, 697238, 2071449, 2272465, 2442883, 2043677, 2649785, 1319980, -3862794, 'Forward']
[1955987, 1938226, 1599798, -831651, 2630521, 2768923, 2683609, 2133508, 692349, 2067844, 2200583, 2459398, 2062479, 2657006, 1275595, -3894333, 'Forward']
[1968407, 1953794, 1594819, -815946, 2636042, 2726772, 2631392, 2101299, 695423, 2070054, 2295463, 2445201, 2052112, 2651355, 1334335, -3854846, 'Forward']
[1956445, 1937690, 1600723, -832162, 2632041, 2763325, 2679229, 2129688, 694144, 2069695, 2178570, 2455346, 2054202, 2655595, 1261711, -3898285, 'Forward']
[1967255, 1952492, 1591955, -817633, 2634473, 2733642, 2637438, 2106361, 692608, 2067466, 2315615, 2448140, 2060932, 2652301, 1347073, -3847387, 'Forward']
[1956945, 1937793, 1600696, -832246, 2633040, 2757675, 2673691, 2126090, 695430, 2070640, 2161930, 2451522, 2045182, 2652928, 1251442, -3899167, 'Forward']
[1966824, 1952726, 1590568, -816963, 2634019, 2739898, 2643305, 2110536, 690622, 2065706, 2330856, 2451678, 2068979, 2653698, 1356857, -3841546, 'Forward']
[1957753, 1939568, 1600994, -830369, 2634171, 2748586, 2664912, 2118862, 697433, 2073310, 2148062, 2448706, 2037377, 2652028, 1242176, -3901471, 'Forward']
[1964575, 1951594, 1590247, -818336, 2631930, 2746818, 2651244, 2115679, 688188, 2064401, 2338650, 2455190, 2076780, 2655614, 1361860, -3839901, 'Forward']
[1958215, 1940796, 1602999, -829662, 2634026, 2741207, 2657782, 2114413, 698112, 2074151, 2142058, 2444975, 2030584, 2650138, 1239141, -3899731, 'Forward']
[1963734, 1950781, 1592301, -819819, 2630657, 2753072, 2658991, 2120700, 686831, 2063044, 2341433, 2458954, 2082733, 2656897, 1364527, -3837924, 'Forward']
[1960264, 1942838, 1604535, -828346, 2634878, 2732680, 2649719, 2108281, 699987, 2075583, 2142626, 2443076, 2025664, 2648964, 1239432, -3896457, 'Forward']
[1962726, 1949109, 1593342, -821829, 2629076, 2759055, 2666830, 2125490, 686098, 2062095, 2337370, 2462129, 2087474, 2658064, 1362053, -3839033, 'Forward']
[1962047, 1944811, 1605038, -826740, 2635105, 2726263, 2642444, 2103769, 701128, 2076340, 2150594, 2440934, 2023319, 2648184, 1244274, -3890899, 'Forward']
[1960858, 1946681, 1594819, -824618, 2627918, 2765856, 2674960, 2130824, 685688, 2061456, 2327646, 2464260, 2089799, 2658637, 1356096, -3841091, 'Forward']
[1963513, 1946524, 1605163, -825075, 2635618, 2722033, 2636849, 2100661, 701813, 2076219, 2165625, 2439532, 2022455, 2646907, 1253895, -3882168, 'Forward']
[1959604, 1944652, 1596523, -826449, 2627287, 2769742, 2679837, 2133283, 686266, 2061293, 2312003, 2464799, 2089546, 2658536, 1346544, -3844776, 'Forward']
[1964788, 1948115, 1604355, -822813, 2635474, 2718693, 2630925, 2097480, 701753, 2075427, 2183523, 2437213, 2023829, 2646168, 1264516, -3875043, 'Forward']
[1958394, 1942840, 1597851, -827620, 2627004, 2773372, 2684587, 2135835, 686827, 2061677, 2291412, 2464565, 2087282, 2658462, 1333346, -3850154, 'Forward']
[1966282, 1950293, 1602782, -820249, 2635185, 2717490, 2627856, 2096122, 701331, 2074849, 2206760, 2437770, 2027732, 2646176, 1279004, -3865482, 'Forward']
[1957639, 1941450, 1599014, -828706, 2627025, 2774681, 2687433, 2137008, 688118, 2062871, 2267622, 2464994, 2082941, 2657877, 1318634, -3856167, 'Forward']
[1967503, 1951888, 1601122, -817930, 2635082, 2717148, 2625825, 2095362, 700411, 2073703, 2231868, 2440897, 2033088, 2646323, 1294997, -3856135, 'Forward']
[1956342, 1939340, 1599320, -829879, 2627096, 2773682, 2687558, 2136859, 689643, 2064104, 2240619, 2464823, 2076328, 2656788, 1301596, -3863973, 'Forward']
[1967419, 1952397, 1597810, -816521, 2634288, 2720559, 2627756, 2098210, 698269, 2071773, 2258218, 2442017, 2040482, 2647247, 1312361, -3845828, 'Forward']
[1955772, 1938193, 1600345, -830225, 2627991, 2771167, 2686469, 2135628, 691131, 2066049, 2215986, 2461318, 2069114, 2655900, 1287079, -3868256, 'Forward']
[1967706, 1953121, 1596912, -815211, 2633864, 2723568, 2629274, 2099705, 696522, 2070657, 2282069, 2443943, 2048679, 2648813, 1327685, -3837482, 'Forward']
[1955148, 1937017, 1601582, -831077, 2628110, 2766253, 2681964, 2132044, 692722, 2067762, 2190682, 2457671, 2060782, 2654468, 1271213, -3874314, 'Forward']
[1967184, 1952907, 1595640, -815160, 2632684, 2728740, 2633077, 2103094, 694193, 2068464, 2303553, 2447003, 2057428, 2649709, 1341482, -3830006, 'Forward']
[1955821, 1937400, 1603548, -830646, 2629688, 2760429, 2676391, 2128065, 694813, 2069735, 2170050, 2455147, 2051900, 2652806, 1258503, -3877545, 'Forward']
[1966439, 1952595, 1594718, -815510, 2631660, 2735640, 2639474, 2107947, 692506, 2066806, 2320929, 2451620, 2066229, 2651506, 1352731, -3823855, 'Forward']
[1956508, 1938298, 1604514, -830082, 2630687, 2753198, 2669436, 2122574, 696801, 2071385, 2154362, 2452235, 2043641, 2651026, 1249041, -3878935, 'Forward']
[1965331, 1951742, 1594123, -816761, 2629786, 2741601, 2644898, 2111515, 690661, 2064822, 2332241, 2455771, 2074013, 2652495, 1359956, -3820408, 'Forward']
[1957645, 1939360, 1605557, -829390, 2631262, 2745778, 2661321, 2116980, 698885, 2072931, 2143100, 2449660, 2036082, 2649113, 1241513, -3879861, 'Forward']
[1964502, 1950829, 1593927, -817643, 2629016, 2749068, 2652587, 2116527, 689380, 2063508, 2338732, 2459892, 2081040, 2654185, 1364348, -3817704, 'Forward']
[1959062, 1940742, 1605421, -827917, 2632589, 2737542, 2652597, 2110462, 700951, 2074577, 2139094, 2446798, 2029866, 2647712, 1238972, -3878359, 'Forward']
[1962602, 1948332, 1593121, -819979, 2628087, 2756377, 2660727, 2121932, 688165, 2062194, 2338067, 2462960, 2086535, 2655283, 1364107, -3818060, 'Forward']
[1960042, 1941517, 1603923, -827056, 2632993, 2732298, 2645916, 2107212, 701511, 2074581, 2143690, 2443441, 2025952, 2645781, 1242301, -3872761, 'Forward']
[1961401, 1946447, 1592797, -821865, 2627220, 2762937, 2667552, 2126593, 687348, 2060881, 2331520, 2464581, 2089595, 2655273, 1360439, -3818636, 'Forward']
[1961882, 1944020, 1603063, -824446, 2634147, 2726181, 2637947, 2102347, 702654, 2075355, 2152520, 2441552, 2024045, 2645051, 1247506, -3867165, 'Forward']
[1958844, 1944174, 1592264, -823980, 2626046, 2768308, 2673964, 2130835, 686659, 2060610, 2317987, 2466453, 2091390, 2656241, 1352102, -3821947, 'Forward']
[1962586, 1945996, 1601271, -822441, 2633938, 2720413, 2630585, 2097711, 702195, 2075163, 2167636, 2440422, 2023810, 2643846, 1256815, -3859723, 'Forward']
[1957272, 1942728, 1593544, -825585, 2625461, 2771750, 2679240, 2133725, 686717, 2061038, 2298284, 2467892, 2090188, 2656242, 1339687, -3827947, 'Forward']
[1964053, 1948366, 1600403, -820457, 2634071, 2717806, 2626603, 2095811, 701989, 2075249, 2188216, 2441037, 2026649, 2644367, 1269914, -3850912, 'Forward']
[1956258, 1941114, 1594886, -827826, 2625260, 2773287, 2682373, 2135154, 687492, 2061817, 2276680, 2468090, 2087328, 2656446, 1326423, -3833049, 'Forward']
[1965264, 1950144, 1598963, -819043, 2633774, 2716379, 2623159, 2094504, 701011, 2073898, 2212357, 2441505, 2031449, 2644438, 1284871, -3841544, 'Forward']
[1955192, 1939322, 1595435, -829538, 2625547, 2773457, 2683522, 2135665, 688865, 2062931, 2251519, 2466606, 2082229, 2655836, 1310552, -3839397, 'Forward']
[1965316, 1950751, 1595914, -818095, 2633040, 2717278, 2622206, 2094524, 699557, 2072251, 2237697, 2442112, 2037476, 2644785, 1300637, -3832041, 'Forward']
[1953875, 1937529, 1596901, -830807, 2625492, 2772441, 2683303, 2134932, 689999, 2063949, 2225619, 2464181, 2075022, 2654328, 1294164, -3845194, 'Forward']
[1965702, 1951686, 1595035, -816465, 2632371, 2720712, 2623199, 2096185, 697917, 2070769, 2263558, 2444170, 2045065, 2645754, 1317023, -3821988, 'Forward']
[1953207, 1936320, 1597752, -831593, 2625852, 2769046, 2680117, 2132217, 691715, 2065581, 2200150, 2461547, 2066639, 2652922, 1278127, -3850467, 'Forward']
[1965777, 1952111, 1593455, -815728, 2631396, 2725497, 2626568, 2099030, 695920, 2068799, 2286915, 2446913, 2053308, 2646858, 1331770, -3813647, 'Forward']
[1954277, 1936826, 1600038, -830935, 2627334, 2763743, 2675928, 2128285, 694309, 2067944, 2177758, 2458203, 2058370, 2651983, 1264221, -3854750, 'Forward']
[1965225, 1951895, 1592458, -815636, 2629727, 2731499, 2632126, 2103087, 694066, 2066859, 2307719, 2450009, 2062491, 2648558, 1344957, -3806642, 'Forward']
[1954428, 1936680, 1601146, -830781, 2627454, 2758449, 2671163, 2125184, 696097, 2069580, 2160277, 2454586, 2049874, 2650041, 1253259, -3856817, 'Forward']
[1964331, 1951355, 1591484, -815710, 2628390, 2738915, 2638796, 2108648, 692133, 2065044, 2325249, 2452805, 2070919, 2649889, 1356286, -3799559, 'Forward']
[1955102, 1937604, 1601495, -829509, 2628361, 2750583, 2662801, 2119215, 698216, 2071475, 2147119, 2450896, 2041501, 2648177, 1244430, -3857876, 'Forward']
[1962903, 1950228, 1590458, -816693, 2626958, 2745602, 2645351, 2113064, 690160, 2063424, 2334784, 2457000, 2078498, 2651373, 1361802, -3796778, 'Forward']
[1956087, 1938801, 1601650, -828445, 2629237, 2743205, 2654807, 2113803, 699755, 2072915, 2139948, 2447389, 2034362, 2646778, 1239628, -3856983, 'Forward']
[1961533, 1948754, 1589977, -817990, 2626069, 2753238, 2653273, 2118430, 688745, 2062339, 2338964, 2459867, 2084850, 2652836, 1364796, -3794763, 'Forward']
[1957148, 1940077, 1601788, -826771, 2630047, 2735704, 2646343, 2108016, 701177, 2074282, 2139575, 2444617, 2029304, 2645186, 1239184, -3853951, 'Forward']
[1959640, 1946637, 1590863, -819770, 2624837, 2760087, 2660683, 2123432, 687372, 2061102, 2335639, 2462512, 2089725, 2653976, 1362483, -3795818, 'Forward']
[1958450, 1941638, 1601867, -825193, 2630762, 2730138, 2639446, 2103957, 701890, 2074817, 2146002, 2441632, 2026234, 2644247, 1243082, -3848706, 'Forward']
[1958077, 1944543, 1590523, -822053, 2623804, 2766631, 2667914, 2128200, 686590, 2060070, 2326764, 2464526, 2092403, 2654560, 1357546, -3797128, 'Forward']
[1960156, 1943773, 1600366, -823097, 2631500, 2724315, 2631973, 2099321, 702563, 2074797, 2158401, 2440043, 2025033, 2642934, 1250924, -3841620, 'Forward']
[1956438, 1942484, 1591620, -823912, 2623401, 2771887, 2674549, 2132536, 686833, 2060102, 2310779, 2465892, 2092542, 2654730, 1347354, -3801612, 'Forward']
[1961853, 1946033, 1599872, -820645, 2631785, 2721103, 2626629, 2096846, 702557, 2074698, 2177569, 2439066, 2026348, 2642780, 1263191, -3832070, 'Forward']
[1955290, 1940680, 1592703, -825778, 2622768, 2773888, 2677827, 2133867, 687485, 2060582, 2291137, 2465792, 2090356, 2654690, 1335090, -3806247, 'Forward']
[1962690, 1947441, 1598278, -819442, 2631284, 2718445, 2622410, 2094643, 701713, 2073383, 2199022, 2438030, 2029297, 2642095, 1276083, -3823732, 'Forward']
[1954193, 1939099, 1594559, -827708, 2622785, 2775198, 2680694, 2135380, 688476, 2061479, 2267510, 2465094, 2086119, 2654232, 1320041, -3812077, 'Forward']
[1963806, 1949330, 1597836, -817683, 2630950, 2718493, 2620693, 2094759, 700647, 2072510, 2224600, 2439636, 2034581, 2642706, 1292172, -3813137, 'Forward']
[1953597, 1937806, 1596336, -829074, 2623262, 2774358, 2681217, 2135238, 690071, 2062973, 2242337, 2464234, 2079970, 2653507, 1304458, -3817468, 'Forward']
[1964655, 1950594, 1595686, -816516, 2630328, 2720420, 2620765, 2095718, 699413, 2070846, 2250349, 2441096, 2041375, 2643507, 1308510, -3803288, 'Forward']
[1952798, 1936344, 1596836, -830511, 2623416, 2772328, 2680381, 2134149, 691635, 2064168, 2216729, 2460957, 2072451, 2652114, 1288651, -3822787, 'Forward']
[1964532, 1950924, 1592934, -815914, 2629617, 2724420, 2623638, 2098511, 697400, 2068503, 2275849, 2443026, 2049013, 2644190, 1324860, -3793450, 'Forward']
[1952664, 1935640, 1595771, -831135, 2624292, 2768902, 2677780, 2132290, 693540, 2065617, 2193169, 2458682, 2063830, 2650616, 1274167, -3826726, 'Forward']
[1964463, 1951145, 1590278, -815548, 2628657, 2729883, 2627382, 2102207, 695681, 2066859, 2299069, 2446592, 2057923, 2645488, 1339771, -3784285, 'Forward']
[1952371, 1934924, 1597420, -831496, 2625089, 2763457, 2672423, 2128305, 695713, 2067254, 2171955, 2455166, 2055299, 2648693, 1260587, -3830121, 'Forward']
[1963811, 1950794, 1589473, -815465, 2627774, 2737493, 2634577, 2107763, 692931, 2064066, 2318697, 2449121, 2066599, 2646597, 1352589, -3776233, 'Forward']
[1953932, 1936476, 1598948, -829774, 2626686, 2757776, 2667121, 2124668, 698010, 2069537, 2156591, 2451196, 2047110, 2647583, 1251440, -3830561, 'Forward']
[1963092, 1950406, 1588262, -815894, 2626515, 2743613, 2640033, 2111584, 691901, 2063191, 2331923, 2452595, 2075063, 2648542, 1360977, -3771748, 'Forward']
[1955010, 1937603, 1599051, -828723, 2627587, 2749549, 2658276, 2118313, 699472, 2070728, 2145039, 2447333, 2039421, 2645475, 1243583, -3831378, 'Forward']
[1962515, 1949776, 1587630, -816424, 2625819, 2750281, 2646662, 2116020, 690546, 2061875, 2338055, 2456461, 2082235, 2650003, 1364458, -3770101, 'Forward']
[1956195, 1938797, 1598750, -827386, 2628431, 2742462, 2650310, 2113176, 701464, 2072544, 2139830, 2444601, 2033536, 2644338, 1239942, -3830383, 'Forward']
[1959545, 1946764, 1586441, -819023, 2623796, 2759516, 2656164, 2123428, 688176, 2059492, 2340111, 2458539, 2088536, 2651042, 1366259, -3768024, 'Forward']
[1957717, 1940887, 1598127, -825007, 2630035, 2735524, 2642222, 2108091, 702353, 2073243, 2143401, 2441348, 2028992, 2642845, 1242464, -3824447, 'Forward']
[1958584, 1945438, 1586531, -820466, 2623547, 2765478, 2663102, 2127627, 688077, 2059467, 2333540, 2462183, 2092677, 2652622, 1362081, -3769671, 'Forward']
[1958719, 1942090, 1596682, -823924, 2629999, 2730368, 2635594, 2104381, 702760, 2073167, 2151724, 2438672, 2026634, 2641337, 1247587, -3819089, 'Forward']
[1957163, 1943469, 1586618, -822338, 2622697, 2771713, 2670482, 2132522, 687666, 2059014, 2322266, 2463640, 2093959, 2652720, 1355426, -3771625, 'Forward']
[1960384, 1944371, 1596255, -821820, 2630430, 2725839, 2629271, 2101002, 703183, 2073467, 2167283, 2438141, 2026385, 2640799, 1257287, -3810582, 'Forward']
[1955744, 1941660, 1587733, -824366, 2622441, 2776011, 2675983, 2136221, 687822, 2059216, 2304551, 2465029, 2093248, 2653075, 1344266, -3775840, 'Forward']
[1961896, 1946365, 1594466, -819786, 2630925, 2723573, 2625213, 2099441, 703028, 2073139, 2187713, 2437224, 2028899, 2640968, 1270376, -3800736, 'Forward']
[1954734, 1939885, 1588538, -825907, 2622528, 2778890, 2680184, 2138694, 688245, 2059414, 2283053, 2464621, 2090220, 2652906, 1331203, -3780036, 'Forward']
[1963770, 1948920, 1594078, -817017, 2631282, 2722343, 2621921, 2098125, 702739, 2072791, 2210744, 2438289, 2032952, 2641348, 1284746, -3790961, 'Forward']
[1954319, 1939002, 1591031, -826633, 2623054, 2778594, 2681429, 2138482, 689988, 2061561, 2257741, 2464413, 2085363, 2653161, 1315253, -3786349, 'Forward']
[1963615, 1949382, 1591623, -816330, 2630006, 2722120, 2620131, 2097392, 700834, 2071014, 2234983, 2438904, 2038396, 2641585, 1299274, -3782474, 'Forward']
[1953283, 1937564, 1591914, -828002, 2622891, 2777135, 2681278, 2137912, 691079, 2062645, 2231528, 2462455, 2078456, 2651769, 1298275, -3792531, 'Forward']
[1963292, 1950021, 1589856, -815622, 2629167, 2723769, 2620938, 2098302, 698807, 2069248, 2260644, 2441721, 2046017, 2642385, 1315103, -3772865, 'Forward']
[1951798, 1935782, 1592833, -830033, 2622681, 2773262, 2679143, 2135488, 691604, 2063078, 2205236, 2459557, 2070266, 2649411, 1281302, -3799017, 'Forward']
[1963983, 1951342, 1589000, -814486, 2628362, 2729184, 2625322, 2102601, 696708, 2067553, 2286028, 2444955, 2055083, 2643802, 1331439, -3762882, 'Forward']
[1951407, 1935100, 1594188, -830638, 2623238, 2768252, 2675357, 2132460, 693739, 2065450, 2183096, 2456647, 2061835, 2648573, 1267462, -3802470, 'Forward']
[1963710, 1951584, 1588133, -814420, 2627285, 2734782, 2630226, 2106445, 694210, 2065067, 2307500, 2447799, 2063511, 2644847, 1344675, -3755210, 'Forward']
[1953093, 1936453, 1596756, -829684, 2625078, 2761762, 2669431, 2127740, 696696, 2068159, 2163860, 2453802, 2053567, 2647196, 1254734, -3805738, 'Forward']
[1963087, 1950874, 1587684, -814857, 2626405, 2740493, 2635418, 2109821, 692951, 2064244, 2323624, 2452091, 2072663, 2647095, 1354347, -3750599, 'Forward']
[1952956, 1936004, 1597472, -829740, 2625467, 2755078, 2662393, 2122552, 698047, 2069317, 2149474, 2450139, 2045785, 2645518, 1245378, -3807900, 'Forward']
[1961465, 1949207, 1587173, -816081, 2624800, 2748795, 2643846, 2115848, 690354, 2061305, 2335528, 2454025, 2080690, 2647673, 1362103, -3746334, 'Forward']
[1954284, 1937458, 1598348, -828348, 2626325, 2748266, 2655659, 2117979, 699794, 2070696, 2142669, 2446043, 2038722, 2643610, 1240943, -3806319, 'Forward']
[1960648, 1948632, 1587470, -817158, 2623107, 2756324, 2651834, 2121357, 688946, 2060242, 2341369, 2457722, 2086998, 2649030, 1365648, -3743873, 'Forward']
[1956470, 1940346, 1599438, -825892, 2627399, 2740812, 2647273, 2112399, 701403, 2072593, 2142241, 2443705, 2032393, 2642369, 1240354, -3803102, 'Forward']
[1959201, 1947397, 1587569, -818616, 2622326, 2762753, 2659619, 2125890, 688329, 2059941, 2339205, 2461609, 2091283, 2650639, 1363957, -3745164, 'Forward']
[1956940, 1941246, 1598301, -824884, 2627359, 2733855, 2639738, 2107146, 702322, 2072990, 2147188, 2441193, 2028226, 2640800, 1243042, -3799404, 'Forward']
[1956639, 1944157, 1587986, -821411, 2620696, 2769095, 2666961, 2130967, 686811, 2058268, 2330877, 2463759, 2093640, 2650761, 1358777, -3747523, 'Forward']
[1958354, 1942566, 1598383, -823439, 2628182, 2729464, 2633864, 2104660, 702543, 2072873, 2160124, 2440085, 2026614, 2640062, 1251175, -3791991, 'Forward']
[1955640, 1942001, 1589626, -823723, 2621230, 2774061, 2673539, 2135032, 687210, 2058745, 2317398, 2465711, 2094264, 2651635, 1350315, -3750474, 'Forward']
[1960151, 1944154, 1598165, -821775, 2629276, 2724553, 2627431, 2100401, 702277, 2072470, 2177516, 2437511, 2027667, 2639419, 1261714, -3783960, 'Forward']
[1953908, 1939340, 1590453, -826428, 2620243, 2776887, 2677475, 2137009, 687532, 2058239, 2296529, 2464396, 2092494, 2651167, 1336743, -3757145, 'Forward']
[1961107, 1946136, 1596312, -819769, 2628676, 2722832, 2623353, 2099102, 701720, 2071752, 2198788, 2436921, 2030267, 2638998, 1274618, -3775776, 'Forward']
[1952689, 1938269, 1591085, -827577, 2619872, 2779698, 2681801, 2140146, 687525, 2059143, 2275083, 2464299, 2088452, 2651003, 1323691, -3761229, 'Forward']
[1961964, 1948613, 1594541, -817680, 2628357, 2722643, 2621902, 2098841, 700472, 2070936, 2224655, 2438085, 2034932, 2639428, 1291172, -3765018, 'Forward']
[1951348, 1937291, 1592933, -829042, 2619782, 2778515, 2682484, 2139516, 688738, 2060820, 2249306, 2462906, 2082150, 2650428, 1307441, -3767858, 'Forward']
[1962226, 1949693, 1593699, -816965, 2626719, 2723894, 2622016, 2099920, 698574, 2069212, 2250401, 2440272, 2041593, 2640361, 1307263, -3755535, 'Forward']
[1950619, 1935715, 1595866, -830667, 2619796, 2775979, 2682014, 2138538, 690146, 2061913, 2223923, 2461477, 2074903, 2649334, 1291919, -3772837, 'Forward']
[1962943, 1950624, 1594189, -815809, 2626337, 2725284, 2622463, 2100466, 696912, 2067591, 2274590, 2442780, 2049348, 2640896, 1322659, -3746797, 'Forward']
[1950783, 1935342, 1598861, -831164, 2620751, 2770539, 2677961, 2134769, 692504, 2064197, 2196807, 2459241, 2066905, 2647871, 1274771, -3780011, 'Forward']
[1962679, 1950937, 1593921, -815643, 2625441, 2730464, 2627332, 2104153, 695337, 2065806, 2296880, 2445957, 2058927, 2642417, 1337111, -3739090, 'Forward']
[1951111, 1935413, 1601212, -831169, 2621186, 2765358, 2673532, 2131181, 694837, 2065912, 2175455, 2454910, 2058586, 2646043, 1262017, -3783336, 'Forward']
[1962195, 1950744, 1593512, -815494, 2623509, 2736449, 2632022, 2107823, 693454, 2063709, 2316122, 2449017, 2067889, 2643480, 1350034, -3732306, 'Forward']
[1951933, 1935954, 1603684, -830047, 2622326, 2759061, 2666440, 2126236, 697166, 2067735, 2157611, 2452401, 2050353, 2644409, 1250927, -3786127, 'Forward']
[1961215, 1949796, 1593538, -815769, 2622781, 2744590, 2639069, 2113436, 691816, 2062030, 2330308, 2453188, 2076523, 2645449, 1359087, -3727295, 'Forward']
[1952323, 1935987, 1603249, -829297, 2622830, 2752376, 2659064, 2121181, 699113, 2069037, 2145626, 2447665, 2042352, 2642445, 1243474, -3786344, 'Forward']
[1959674, 1948211, 1591708, -816554, 2621048, 2752353, 2646554, 2118808, 689589, 2059712, 2338146, 2455143, 2083557, 2646167, 1364603, -3723817, 'Forward']
[1953550, 1937358, 1603300, -827391, 2624008, 2745117, 2651155, 2115889, 700516, 2070375, 2140095, 2444489, 2035743, 2640715, 1240135, -3784089, 'Forward']
[1957970, 1946275, 1591604, -818040, 2619899, 2759618, 2654668, 2124199, 688266, 2058259, 2339296, 2458684, 2089466, 2647227, 1365503, -3722909, 'Forward']
[1954587, 1938783, 1604287, -825543, 2624939, 2738198, 2643822, 2110969, 701754, 2071397, 2140951, 2441552, 2030906, 2639397, 1241081, -3780121, 'Forward']
[1956222, 1944451, 1593150, -819454, 2618909, 2765834, 2662228, 2128885, 687182, 2057405, 2334161, 2461352, 2093505, 2648317, 1362899, -3723482, 'Forward']
[1955911, 1940712, 1604660, -823242, 2625797, 2731259, 2636251, 2106114, 702740, 2072115, 2148431, 2439837, 2028311, 2638496, 1245719, -3774719, 'Forward']
[1954064, 1941707, 1593945, -822147, 2618113, 2770576, 2668986, 2132796, 687058, 2057081, 2322085, 2463345, 2095780, 2649127, 1355384, -3726859, 'Forward']
[1957037, 1941826, 1603351, -822304, 2625977, 2725400, 2629122, 2101598, 702741, 2071078, 2162441, 2437176, 2027807, 2636836, 1254388, -3767603, 'Forward']
[1952441, 1939305, 1594554, -824401, 2617463, 2773602, 2673101, 2134712, 687442, 2056588, 2304051, 2463487, 2094858, 2648914, 1343525, -3732699, 'Forward']
[1958124, 1943477, 1601912, -820170, 2626065, 2722013, 2623608, 2098499, 702802, 2070816, 2180622, 2436476, 2029365, 2636929, 1265446, -3760362, 'Forward']
[1950724, 1936911, 1595181, -826245, 2617347, 2777058, 2677766, 2137429, 687598, 2056786, 2283144, 2463861, 2092356, 2648960, 1330755, -3737739, 'Forward']
[1958559, 1944617, 1600188, -819021, 2625439, 2721931, 2621249, 2098224, 701601, 2069373, 2204145, 2436615, 2033393, 2636654, 1280082, -3750504, 'Forward']
[1949918, 1935672, 1597249, -827889, 2617469, 2778819, 2680456, 2139317, 688786, 2057868, 2259662, 2462818, 2087682, 2648191, 1316205, -3742250, 'Forward']
[1960474, 1946992, 1599522, -817113, 2625380, 2721380, 2618719, 2097472, 701185, 2068733, 2229565, 2437825, 2039392, 2637189, 1296044, -3740297, 'Forward']
[1949354, 1934244, 1598836, -829606, 2617825, 2776907, 2680000, 2138377, 690737, 2059292, 2233090, 2461481, 2081526, 2647347, 1299110, -3749216, 'Forward']
[1961243, 1948068, 1598015, -815818, 2625064, 2723616, 2619611, 2099007, 699867, 2067268, 2255582, 2440581, 2047073, 2638285, 1312104, -3730821, 'Forward']
[1949426, 1933741, 1600183, -829919, 2618694, 2773024, 2677415, 2135634, 692822, 2061256, 2207330, 2459148, 2073879, 2646216, 1282584, -3755186, 'Forward']
[1961616, 1949318, 1596594, -814314, 2624788, 2727004, 2621965, 2101101, 698223, 2065864, 2279562, 2443203, 2055707, 2639898, 1326838, -3722742, 'Forward']
[1948956, 1933450, 1601595, -830301, 2619322, 2768425, 2673799, 2132867, 694762, 2063255, 2183718, 2457053, 2065807, 2645282, 1267872, -3759727, 'Forward']
[1960642, 1949315, 1594580, -814589, 2622862, 2732715, 2626362, 2105010, 695582, 2063325, 2301530, 2447013, 2064404, 2640945, 1341054, -3714704, 'Forward']
[1949744, 1934212, 1603036, -829636, 2620933, 2762202, 2668300, 2128326, 697149, 2065539, 2163780, 2454272, 2056994, 2643700, 1255469, -3762961, 'Forward']
[1959769, 1948707, 1593336, -815547, 2621769, 2738522, 2631886, 2108758, 693752, 2061606, 2318378, 2451156, 2073518, 2642333, 1351765, -3709615, 'Forward']
[1950354, 1934480, 1603471, -830149, 2621060, 2755685, 2661881, 2123871, 698473, 2066487, 2148806, 2450900, 2049083, 2641398, 1245948, -3764865, 'Forward']
[1959234, 1948014, 1592694, -816546, 2620443, 2746380, 2639829, 2114669, 692446, 2059941, 2331898, 2454927, 2081846, 2643797, 1360761, -3704175, 'Forward']
[1951285, 1935399, 1603433, -829357, 2622171, 2747117, 2652999, 2117676, 700630, 2067904, 2139918, 2446553, 2041209, 2639392, 1239925, -3764804, 'Forward']
[1958248, 1947049, 1592166, -817506, 2619659, 2752835, 2646789, 2119283, 690573, 2058197, 2337043, 2457533, 2088510, 2645079, 1363712, -3703036, 'Forward']
[1952871, 1937102, 1603713, -827323, 2622884, 2739979, 2645161, 2112528, 702527, 2069749, 2137878, 2443994, 2035774, 2638733, 1238471, -3762483, 'Forward']
[1956089, 1944615, 1591733, -819605, 2617658, 2760590, 2655116, 2125244, 689053, 2056856, 2337132, 2461003, 2093641, 2646339, 1363849, -3702359, 'Forward']
[1954535, 1939014, 1603811, -825169, 2623931, 2733240, 2637503, 2107675, 703334, 2070325, 2143237, 2441239, 2031437, 2637006, 1241850, -3757075, 'Forward']
[1954449, 1942561, 1592283, -821180, 2617074, 2766496, 2662479, 2129698, 688552, 2056352, 2329446, 2463169, 2096830, 2647183, 1359336, -3704211, 'Forward']
[1956049, 1941026, 1602814, -822972, 2624391, 2727008, 2629862, 2102938, 703863, 2070812, 2153732, 2438752, 2029325, 2635971, 1248505, -3750861, 'Forward']
[1953373, 1941071, 1592795, -822585, 2616707, 2770591, 2668020, 2132510, 688647, 2056632, 2314987, 2464531, 2097504, 2647700, 1349829, -3708702, 'Forward']
[1956886, 1942383, 1601370, -821594, 2624162, 2723203, 2624523, 2100059, 703820, 2070592, 2170091, 2437706, 2029998, 2635607, 1258230, -3743509, 'Forward']
[1951585, 1938682, 1593769, -824781, 2616127, 2775036, 2674275, 2136607, 688097, 2055841, 2297493, 2464216, 2095656, 2647275, 1339272, -3711852, 'Forward']
[1958771, 1944807, 1600493, -818894, 2624733, 2720407, 2620007, 2097669, 703791, 2070208, 2191620, 2437043, 2032705, 2635625, 1271781, -3733843, 'Forward']
[1950648, 1936968, 1595743, -826381, 2616363, 2776562, 2677017, 2137913, 689712, 2057203, 2273940, 2463738, 2092692, 2647633, 1324083, -3718413, 'Forward']
[1959315, 1945887, 1598974, -817619, 2624284, 2720468, 2618049, 2097734, 702716, 2068870, 2216359, 2436742, 2038002, 2635752, 1287275, -3723901, 'Forward']
[1949365, 1935112, 1596750, -828151, 2616329, 2776887, 2678484, 2138511, 690619, 2058039, 2249819, 2462363, 2087168, 2646624, 1309392, -3723270, 'Forward']
[1959649, 1946870, 1597069, -816516, 2623699, 2721028, 2616620, 2097441, 701140, 2067203, 2241850, 2438731, 2044171, 2636142, 1303124, -3714386, 'Forward']
[1947781, 1932997, 1597536, -830225, 2615942, 2775373, 2677959, 2137900, 691554, 2058973, 2223464, 2460037, 2079581, 2645267, 1292672, -3729518, 'Forward']
[1960393, 1948428, 1596104, -815133, 2623291, 2724879, 2619111, 2100384, 699018, 2065413, 2268489, 2441043, 2051906, 2636888, 1320215, -3703688, 'Forward']
[1948191, 1933250, 1600006, -830520, 2617217, 2771463, 2675473, 2135354, 694074, 2061468, 2199264, 2458527, 2072059, 2644343, 1277456, -3734089, 'Forward']
[1960196, 1948690, 1594651, -815172, 2621957, 2728496, 2621943, 2102194, 697436, 2063504, 2291666, 2444178, 2060969, 2637989, 1334550, -3695869, 'Forward']
[1948213, 1932732, 1600805, -830982, 2617919, 2764771, 2669626, 2130145, 696021, 2062687, 2175825, 2454806, 2063008, 2641940, 1262065, -3739591, 'Forward']
[1959205, 1948042, 1593124, -815424, 2620992, 2735196, 2627849, 2106957, 695272, 2061451, 2311347, 2447863, 2069929, 2639584, 1346688, -3689557, 'Forward']
[1948207, 1932447, 1601116, -831037, 2618744, 2759673, 2664568, 2126975, 697863, 2064395, 2159313, 2451770, 2055083, 2640448, 1252084, -3740493, 'Forward']
[1958647, 1947458, 1591393, -816137, 2619700, 2741986, 2634036, 2111664, 693312, 2059372, 2327333, 2451600, 2078510, 2640495, 1357066, -3682992, 'Forward']
[1949714, 1933796, 1601608, -830031, 2619916, 2751705, 2656259, 2121082, 700158, 2066207, 2146249, 2448182, 2046780, 2638579, 1243370, -3741331, 'Forward']
[1957506, 1946608, 1590379, -817196, 2618116, 2748649, 2640331, 2116366, 691810, 2057933, 2335890, 2454678, 2085858, 2642244, 1361885, -3680624, 'Forward']
[1950757, 1935110, 1601302, -828925, 2620895, 2744403, 2648196, 2115996, 701887, 2068012, 2139674, 2444501, 2040079, 2637137, 1238573, -3740757, 'Forward']
[1955783, 1944659, 1588931, -819271, 2616752, 2756245, 2648360, 2122118, 689949, 2056065, 2339546, 2458122, 2092060, 2643291, 1364296, -3678599, 'Forward']
[1952178, 1936873, 1600502, -827193, 2621533, 2737068, 2639566, 2110395, 702886, 2068529, 2139986, 2441632, 2034681, 2635438, 1238426, -3737172, 'Forward']
[1954357, 1943223, 1589267, -820132, 2616437, 2763109, 2656084, 2127217, 689313, 2055910, 2335152, 2461114, 2096896, 2644898, 1361299, -3679806, 'Forward']
[1953233, 1938451, 1599484, -825258, 2622026, 2730917, 2632043, 2105962, 703848, 2069546, 2147103, 2439059, 2032410, 2634734, 1242724, -3731993, 'Forward']
[1952385, 1940873, 1588847, -822519, 2615148, 2769295, 2663339, 2132099, 688118, 2054640, 2325572, 2462059, 2099239, 2645326, 1355704, -3681667, 'Forward']
[1954881, 1940493, 1598741, -823035, 2623014, 2726154, 2626020, 2102480, 704256, 2070027, 2160612, 2437237, 2031842, 2634352, 1251247, -3724441, 'Forward']
[1950720, 1938333, 1589624, -824783, 2614552, 2772728, 2668041, 2134415, 688125, 2054776, 2308798, 2462998, 2099574, 2645709, 1344957, -3686248, 'Forward']
[1955782, 1941699, 1597077, -821784, 2622714, 2722433, 2620270, 2099444, 703373, 2068643, 2178661, 2435678, 2033582, 2633292, 1262238, -3716508, 'Forward']
[1949675, 1936720, 1590562, -826763, 2614616, 2776060, 2672780, 2137108, 688529, 2055054, 2288504, 2463856, 2097686, 2645379, 1332217, -3691097, 'Forward']
[1957340, 1944068, 1595843, -819809, 2622876, 2719847, 2615745, 2096739, 703290, 2068586, 2201291, 2437367, 2037625, 2633396, 1276002, -3707498, 'Forward']
[1948094, 1934607, 1591322, -829083, 2614300, 2776773, 2674900, 2137758, 689303, 2055800, 2264017, 2463926, 2093508, 2644939, 1316292, -3697795, 'Forward']
[1957914, 1945236, 1593775, -818544, 2622564, 2720242, 2614501, 2096746, 701610, 2066643, 2226766, 2438466, 2043399, 2633579, 1291827, -3697340, 'Forward']
[1947602, 1933621, 1592844, -829980, 2614990, 2775108, 2674428, 2136436, 690921, 2057273, 2237782, 2462664, 2087172, 2644039, 1299505, -3704039, 'Forward']
[1958196, 1946096, 1592022, -817589, 2621368, 2722501, 2614677, 2097731, 700183, 2065370, 2251825, 2440901, 2050563, 2634796, 1307012, -3688737, 'Forward']
[1946950, 1932243, 1594300, -831091, 2615031, 2773713, 2674182, 2136051, 692243, 2058542, 2213002, 2460417, 2079421, 2642724, 1284078, -3709027, 'Forward']
[1958874, 1947085, 1591158, -815905, 2621023, 2725593, 2616598, 2099278, 698407, 2063449, 2277620, 2443532, 2058648, 2635502, 1323664, -3678852, 'Forward']
[1946103, 1931105, 1595357, -831409, 2615694, 2768582, 2670192, 2132066, 694431, 2060645, 2187581, 2457776, 2071137, 2641583, 1267571, -3715633, 'Forward']
[1958172, 1947091, 1589707, -815592, 2619869, 2731320, 2621852, 2103519, 695784, 2061451, 2299865, 2446570, 2067399, 2637283, 1337837, -3671236, 'Forward']
[1946397, 1931198, 1596777, -831644, 2616033, 2763305, 2665860, 2129048, 695913, 2062194, 2168105, 2454408, 2061968, 2640135, 1255759, -3718023, 'Forward']
[1958122, 1947392, 1588873, -815612, 2618543, 2738467, 2628523, 2109034, 693674, 2059648, 2319383, 2450510, 2075661, 2638960, 1350541, -3663690, 'Forward']
[1947587, 1932048, 1597736, -831361, 2616817, 2756938, 2659719, 2124828, 698504, 2064599, 2153327, 2451295, 2053985, 2638777, 1246538, -3719115, 'Forward']
[1957094, 1946331, 1588128, -816823, 2617279, 2746361, 2636374, 2115055, 691758, 2057460, 2332914, 2454149, 2084236, 2639837, 1359265, -3658584, 'Forward']
[1949447, 1933717, 1598845, -829598, 2618912, 2749858, 2652010, 2119851, 700683, 2066515, 2144730, 2448566, 2046646, 2637392, 1241332, -3717331, 'Forward']
[1955892, 1944792, 1587019, -818309, 2616472, 2753415, 2643640, 2119899, 690620, 2056306, 2339014, 2456989, 2091310, 2641796, 1362676, -3656981, 'Forward']
[1951248, 1935553, 1598349, -827751, 2620247, 2743255, 2644929, 2115234, 702398, 2067885, 2141202, 2444509, 2041120, 2636024, 1238795, -3715511, 'Forward']
[1954657, 1943332, 1586034, -819821, 2614950, 2760470, 2650997, 2125130, 689716, 2055543, 2339750, 2460250, 2097181, 2643191, 1363298, -3655781, 'Forward']
[1952628, 1937478, 1598248, -826144, 2620563, 2735751, 2635871, 2109450, 703591, 2068779, 2143779, 2441465, 2036580, 2634322, 1239794, -3711878, 'Forward']
[1953117, 1941823, 1587067, -821246, 2614365, 2766988, 2658309, 2129929, 688830, 2054770, 2332403, 2463359, 2100858, 2644230, 1358582, -3658108, 'Forward']
[1953943, 1939324, 1598190, -823701, 2621761, 2730625, 2629472, 2105727, 703804, 2068924, 2153541, 2440291, 2034542, 2633602, 1245771, -3705942, 'Forward']
[1951359, 1939586, 1588509, -822791, 2613860, 2772859, 2665520, 2134703, 688618, 2054666, 2320670, 2465237, 2102653, 2645446, 1351425, -3660331, 'Forward']
[1954677, 1940362, 1597189, -821992, 2621724, 2725215, 2622316, 2101608, 703776, 2068588, 2169066, 2437901, 2034583, 2632542, 1255190, -3698304, 'Forward']
[1949902, 1937028, 1589162, -825066, 2613724, 2775347, 2669556, 2136625, 688340, 2054135, 2301338, 2464188, 2100885, 2644721, 1338879, -3666330, 'Forward']
[1956401, 1942087, 1595995, -820454, 2622541, 2721550, 2616971, 2098381, 704063, 2068168, 2188630, 2436678, 2037106, 2632535, 1267045, -3690984, 'Forward']
[1948161, 1934362, 1589730, -828219, 2613516, 2776676, 2672509, 2137635, 689007, 2054182, 2278293, 2462891, 2097736, 2643797, 1324005, -3673264, 'Forward']
[1957197, 1943566, 1593965, -819442, 2622311, 2720333, 2614186, 2097040, 702341, 2066496, 2212509, 2435542, 2041207, 2631843, 1281802, -3681945, 'Forward']
[1947678, 1933718, 1591252, -828915, 2614088, 2777676, 2675154, 2138751, 690103, 2055819, 2254065, 2461682, 2092427, 2643328, 1309052, -3679069, 'Forward']
[1957936, 1945882, 1592433, -817374, 2621319, 2721855, 2614147, 2098048, 700568, 2065318, 2239217, 2437716, 2047456, 2632815, 1299171, -3671333, 'Forward']
[1946358, 1932975, 1592740, -830527, 2613151, 2775193, 2674300, 2137381, 691009, 2057348, 2228331, 2459855, 2084993, 2642181, 1293294, -3684885, 'Forward']
[1958079, 1947346, 1591986, -816510, 2619753, 2724037, 2615323, 2099619, 698419, 2063995, 2264260, 2439421, 2054690, 2633589, 1315096, -3662531, 'Forward']
[1946101, 1932243, 1595885, -831432, 2613527, 2772105, 2672989, 2136339, 692646, 2059331, 2203532, 2456811, 2077616, 2641427, 1278335, -3689879, 'Forward']
[1958077, 1947503, 1591294, -816044, 2618530, 2727482, 2618564, 2102831, 696308, 2061946, 2288831, 2441461, 2063734, 2635123, 1331329, -3653330, 'Forward']
[1946352, 1931987, 1597776, -831637, 2614060, 2765357, 2667991, 2132315, 694503, 2061138, 2180042, 2452951, 2069129, 2639927, 1263657, -3694847, 'Forward']
[1957532, 1947312, 1590308, -816384, 2617009, 2733134, 2624520, 2107358, 694123, 2060190, 2309039, 2444480, 2073098, 2636887, 1344417, -3646308, 'Forward']
[1946326, 1931797, 1598695, -831900, 2614167, 2760135, 2663758, 2129579, 695947, 2062388, 2162477, 2448907, 2060603, 2638055, 1253229, -3695884, 'Forward']
