[2918375, 2207860, 1931849, -365965, 2256630, 2624797, 2365095, 2095160, 1372605, 1143952, 1938277, 2300409, 2460260, 1435933, 201597, 739732, 'Left']
[2876432, 2213133, 1929411, -359487, 2263477, 2572959, 2361003, 2103257, 1371547, 1142516, 1965633, 2365865, 2470724, 1421803, 228973, 764060, 'Left']
[2913209, 2209003, 1931210, -365463, 2257450, 2620903, 2364848, 2097838, 1373725, 1144949, 1934195, 2290514, 2457854, 1433762, 198565, 734502, 'Left']
[2881519, 2212857, 1928439, -359518, 2262727, 2578214, 2360089, 2102335, 1370557, 1141404, 1969521, 2374251, 2472093, 1424017, 231279, 768747, 'Left']
[2907047, 2209704, 1931953, -364345, 2257463, 2615731, 2364594, 2097401, 1375468, 1146726, 1931225, 2282705, 2456219, 1432386, 195989, 730051, 'Left']
[2888110, 2211387, 1928272, -360325, 2262195, 2585098, 2361079, 2099843, 1369453, 1140429, 1972354, 2379667, 2473197, 1426635, 232531, 772506, 'Left']
[2900334, 2210651, 1932747, -362825, 2259068, 2608212, 2364225, 2098866, 1376189, 1147205, 1930098, 2279153, 2455805, 1429714, 196122, 728440, 'Left']
[2894452, 2210942, 1928685, -360028, 2261839, 2591176, 2361360, 2100214, 1369010, 1140126, 1973280, 2381547, 2473973, 1429394, 232381, 774967, 'Left']
[2893016, 2211146, 1933174, -361291, 2260091, 2601048, 2364743, 2100690, 1376990, 1148346, 1929785, 2278211, 2455866, 1427785, 196163, 727708, 'Left']
[2901197, 2210374, 1928981, -359874, 2261623, 2599465, 2363334, 2101118, 1368362, 1140168, 1972629, 2380190, 2473748, 1432502, 230827, 776006, 'Left']
[2885780, 2212341, 1932779, -360312, 2260337, 2593196, 2363659, 2100528, 1377297, 1148927, 1931137, 2281046, 2456238, 1426074, 197780, 729218, 'Left']
[2908185, 2209539, 1927923, -361669, 2259859, 2606918, 2362227, 2099046, 1367653, 1139323, 1970939, 2376223, 2473309, 1434189, 228298, 775855, 'Left']
[2879924, 2213072, 1931552, -360120, 2260420, 2586028, 2364016, 2100920, 1377424, 1148137, 1933735, 2287321, 2457802, 1423275, 200707, 732076, 'Left']
[2914477, 2208643, 1926654, -363799, 2257637, 2614669, 2361679, 2096934, 1367392, 1138799, 1968420, 2370101, 2472814, 1435857, 226389, 774567, 'Left']
[2874131, 2213700, 1930501, -359877, 2261340, 2579368, 2361340, 2101440, 1377292, 1148040, 1936953, 2296049, 2458777, 1421454, 204786, 735306, 'Left']
[2918761, 2207446, 1926511, -364963, 2257146, 2620788, 2362280, 2096027, 1367761, 1139004, 1963521, 2359989, 2470295, 1437098, 222196, 769920, 'Left']
[2870216, 2213265, 1928794, -359657, 2262669, 2574294, 2361673, 2101635, 1376527, 1147039, 1941197, 2306751, 2460140, 1419908, 209215, 739932, 'Left']
[2921423, 2206211, 1924907, -365854, 2256893, 2625150, 2362140, 2094672, 1368244, 1139375, 1958914, 2348637, 2468013, 1437863, 218059, 765468, 'Left']
[2867292, 2213108, 1927359, -358550, 2263697, 2570490, 2362700, 2103825, 1376021, 1146512, 1946231, 2318642, 2462034, 1419168, 213423, 745075, 'Left']
[2922096, 2206817, 1925741, -365093, 2257158, 2628011, 2363284, 2097578, 1369556, 1141044, 1953487, 2335157, 2465931, 1439189, 213128, 759808, 'Left']
[2866899, 2213389, 1926618, -358189, 2263799, 2568727, 2362449, 2102830, 1375083, 1145835, 1951912, 2331282, 2464524, 1419748, 217921, 751110, 'Left']
[2921654, 2206953, 1925163, -365422, 2256712, 2628669, 2363638, 2095934, 1369906, 1141348, 1948304, 2322443, 2463691, 1438495, 208997, 754055, 'Left']
[2868034, 2213665, 1925548, -357804, 2263169, 2568661, 2360599, 2103966, 1374141, 1144776, 1957295, 2344062, 2466444, 1420332, 221942, 757191, 'Left']
[2919828, 2207545, 1925501, -365198, 2255681, 2628096, 2363707, 2095632, 1371274, 1142563, 1943110, 2309708, 2461803, 1437801, 204649, 748525, 'Left']
[2871907, 2213173, 1924106, -358479, 2261971, 2571353, 2359799, 2101526, 1372572, 1143453, 1962951, 2357388, 2469504, 1421520, 226640, 764181, 'Left']
[2916581, 2207912, 1925306, -365412, 2256427, 2625551, 2363708, 2095751, 1372375, 1143546, 1938488, 2299483, 2460189, 1436186, 201943, 743522, 'Left']
[2876228, 2212752, 1923882, -359082, 2262771, 2575108, 2361344, 2102300, 1371548, 1142290, 1967322, 2368252, 2471721, 1423172, 230190, 769910, 'Left']
[2911403, 2208258, 1925813, -365631, 2256094, 2621617, 2363038, 2096654, 1373583, 1144758, 1934401, 2289716, 2458271, 1434235, 199119, 738783, 'Left']
[2881771, 2212052, 1922582, -359677, 2262145, 2580713, 2359739, 2101800, 1370073, 1141010, 1970629, 2376366, 2472703, 1425191, 232658, 774711, 'Left']
[2905193, 2209194, 1925752, -364422, 2257517, 2615975, 2364127, 2098096, 1374976, 1146241, 1931468, 2283063, 2456645, 1432520, 197303, 735084, 'Left']
[2888145, 2210961, 1921895, -360647, 2262002, 2587263, 2361003, 2100690, 1368861, 1140119, 1972700, 2381193, 2473539, 1427669, 233580, 777913, 'Left']
[2898205, 2210818, 1926134, -363209, 2257976, 2608637, 2363928, 2098936, 1375773, 1146997, 1929721, 2279735, 2455945, 1430276, 196990, 732464, 'Left']
[2895092, 2210562, 1922113, -361411, 2260412, 2594538, 2359944, 2099444, 1368786, 1139996, 1972813, 2382318, 2474174, 1430932, 233013, 778745, 'Left']
[2890601, 2211691, 1927147, -362234, 2259326, 2600409, 2362362, 2098668, 1376893, 1147564, 1929344, 2279535, 2456190, 1427557, 197387, 730694, 'Left']
[2901501, 2209626, 1923133, -362117, 2259341, 2601837, 2359703, 2099590, 1368116, 1139102, 1971559, 2380206, 2473907, 1433112, 231004, 777813, 'Left']
[2883665, 2212233, 1927753, -361458, 2259497, 2593074, 2362592, 2100272, 1376930, 1147497, 1930757, 2283005, 2457016, 1425190, 199308, 731210, 'Left']
[2908215, 2209058, 1923146, -363025, 2258495, 2609481, 2360264, 2097081, 1367874, 1138630, 1969472, 2375984, 2473680, 1435184, 229014, 776812, 'Left']
[2877463, 2213184, 1927221, -360387, 2260241, 2585726, 2360791, 2100728, 1377428, 1147741, 1933022, 2289575, 2458303, 1423236, 202201, 733367, 'Left']
[2913825, 2208829, 1923392, -363554, 2257647, 2617015, 2360252, 2097935, 1367837, 1138896, 1966096, 2368887, 2472632, 1437447, 226097, 774364, 'Left']
[2872015, 2213657, 1926689, -359949, 2261439, 2579673, 2361312, 2101355, 1377547, 1148050, 1936511, 2298597, 2459524, 1422677, 206009, 737181, 'Left']
[2918299, 2207085, 1922174, -365717, 2256095, 2623156, 2360364, 2095877, 1367529, 1138491, 1961690, 2359055, 2470607, 1438144, 222272, 770726, 'Left']
[2868434, 2213583, 1925018, -359755, 2261525, 2574311, 2360217, 2100989, 1376196, 1146655, 1940798, 2309993, 2461020, 1420657, 210579, 742031, 'Left']
[2920638, 2206843, 1922257, -366160, 2255672, 2626323, 2360685, 2095430, 1367571, 1138608, 1956422, 2347630, 2468324, 1438719, 218023, 765694, 'Left']
[2866407, 2213755, 1924741, -359418, 2261725, 2570381, 2359318, 2102825, 1375777, 1146221, 1945362, 2321856, 2462875, 1420444, 214525, 747106, 'Left']
[2921953, 2207139, 1922859, -366154, 2255413, 2629065, 2362236, 2096349, 1368530, 1139693, 1950987, 2334913, 2466188, 1439363, 213532, 760451, 'Left']
[2866827, 2213139, 1923244, -359637, 2261809, 2568866, 2359478, 2102272, 1374353, 1144741, 1951268, 2335678, 2465439, 1420613, 219630, 753655, 'Left']
[2921176, 2207082, 1923033, -366347, 2254861, 2629332, 2362954, 2096103, 1369525, 1140664, 1945424, 2321796, 2463576, 1439272, 209090, 754392, 'Left']
[2868365, 2213638, 1923035, -358906, 2262060, 2569251, 2360204, 2101886, 1373321, 1144092, 1956593, 2348531, 2467367, 1422005, 224054, 760115, 'Left']
[2918504, 2207473, 1923528, -366306, 2254629, 2627632, 2362441, 2095043, 1370804, 1142035, 1940150, 2308806, 2461182, 1438507, 204525, 748597, 'Left']
[2871865, 2213307, 1922196, -358870, 2261725, 2571751, 2359695, 2103495, 1372050, 1142708, 1961733, 2360387, 2469579, 1422978, 227694, 766395, 'Left']
[2914511, 2208459, 1923662, -365508, 2255018, 2624280, 2362514, 2095230, 1372551, 1143786, 1935160, 2297843, 2459198, 1437656, 201064, 743427, 'Left']
[2876141, 2212483, 1921035, -359792, 2260948, 2575381, 2357755, 2102385, 1371181, 1141763, 1965285, 2370042, 2471092, 1424780, 229899, 771209, 'Left']
[2908657, 2208533, 1923661, -365476, 2255423, 2619295, 2360649, 2097352, 1373575, 1144325, 1931074, 2288621, 2457388, 1434927, 197888, 738490, 'Left']
[2881648, 2211697, 1921121, -360338, 2260988, 2580842, 2357983, 2101371, 1369329, 1139935, 1968210, 2377520, 2472529, 1426645, 231767, 775465, 'Left']
[2902475, 2209007, 1924404, -365099, 2256099, 2613278, 2360360, 2097030, 1374791, 1145413, 1928247, 2282198, 2455994, 1432575, 196176, 734539, 'Left']
[2887754, 2210723, 1921009, -361077, 2260667, 2586921, 2357922, 2099802, 1368832, 1139407, 1969896, 2381282, 2473062, 1429479, 232141, 778236, 'Left']
[2895041, 2209494, 1924571, -364430, 2256683, 2605325, 2361323, 2098425, 1375614, 1145924, 1926861, 2278921, 2455195, 1430143, 195573, 732561, 'Left']
[2895114, 2208724, 1919795, -363413, 2258544, 2594288, 2356751, 2097703, 1367148, 1137726, 1970077, 2382169, 2472908, 1431168, 231865, 780022, 'Left']
[2888205, 2210612, 1924503, -363547, 2258006, 2597546, 2360818, 2100196, 1375802, 1146184, 1927388, 2280035, 2454484, 1427377, 197324, 732341, 'Left']
[2902369, 2208358, 1919853, -363938, 2257896, 2602081, 2358200, 2098620, 1366788, 1137534, 1969334, 2380020, 2472246, 1433863, 230734, 780120, 'Left']
[2881890, 2211389, 1924165, -362997, 2258919, 2589921, 2359122, 2099628, 1376440, 1146673, 1929239, 2284432, 2455190, 1425399, 199571, 733712, 'Left']
[2909110, 2208273, 1919843, -364764, 2257012, 2609018, 2357951, 2097401, 1366847, 1137607, 1967509, 2375463, 2471254, 1435918, 228233, 778737, 'Left']
[2875982, 2212436, 1923709, -362033, 2259016, 2582288, 2358981, 2101189, 1376569, 1146826, 1932642, 2291640, 2456127, 1423593, 202432, 736176, 'Left']
[2915066, 2207431, 1919456, -365867, 2255985, 2616602, 2357979, 2095703, 1366863, 1137775, 1964416, 2367424, 2469698, 1437476, 224538, 775823, 'Left']
[2871498, 2213311, 1923315, -360827, 2260364, 2577151, 2358682, 2101951, 1376121, 1146656, 1937073, 2301843, 2457687, 1422167, 206685, 740737, 'Left']
[2918695, 2207284, 1920279, -366231, 2255275, 2622238, 2359113, 2095515, 1367326, 1138548, 1960037, 2356999, 2467625, 1439341, 220329, 771715, 'Left']
[2868165, 2213457, 1923137, -360413, 2260868, 2572564, 2356825, 2102886, 1375172, 1146078, 1941509, 2312679, 2459347, 1421422, 210485, 745432, 'Left']
[2920984, 2207396, 1921520, -366524, 2255338, 2626232, 2359548, 2094570, 1367736, 1139244, 1955289, 2345129, 2465773, 1440489, 216042, 767045, 'Left']
[2866109, 2213642, 1923086, -360511, 2261013, 2569015, 2356458, 2101311, 1375136, 1145879, 1946255, 2324215, 2461548, 1421440, 214149, 750457, 'Left']
[2921756, 2206736, 1921710, -367830, 2254278, 2628463, 2358453, 2096162, 1368205, 1139755, 1949374, 2331544, 2463827, 1440160, 211040, 761159, 'Left']
[2866531, 2213459, 1922348, -360703, 2261450, 2568084, 2355147, 2101776, 1373557, 1144305, 1951937, 2337903, 2464047, 1421212, 219457, 757287, 'Left']
[2920210, 2207066, 1921983, -368186, 2253691, 2628130, 2357859, 2094532, 1369403, 1140522, 1943760, 2318107, 2461105, 1439420, 206345, 754623, 'Left']
[2868933, 2213676, 1922434, -360577, 2260962, 2569191, 2356544, 2102984, 1372847, 1143202, 1957192, 2350107, 2465996, 1422129, 223080, 762519, 'Left']
[2918315, 2207625, 1922820, -368264, 2253429, 2627329, 2359107, 2095295, 1370772, 1141737, 1938812, 2306113, 2458796, 1438511, 202620, 748958, 'Left']
[2873184, 2213621, 1921845, -361240, 2260024, 2572041, 2354907, 2100688, 1370971, 1141495, 1962272, 2362687, 2467460, 1423026, 227449, 768988, 'Left']
[2913748, 2209124, 1924543, -367282, 2254087, 2622756, 2359371, 2095458, 1372725, 1143589, 1933798, 2295353, 2455766, 1437367, 199010, 743166, 'Left']
[2877834, 2212424, 1922529, -361881, 2259908, 2575827, 2355775, 2101148, 1370568, 1140754, 1965694, 2371513, 2468460, 1425873, 229393, 773441, 'Left']
[2908549, 2208310, 1925507, -367489, 2254702, 2617771, 2358836, 2095646, 1373391, 1143492, 1929914, 2286876, 2453870, 1434477, 196757, 738657, 'Left']
[2884327, 2210746, 1923121, -362997, 2259633, 2581826, 2354000, 2098843, 1368685, 1138574, 1968733, 2378986, 2469610, 1427297, 232120, 777852, 'Left']
[2902143, 2209722, 1927890, -365876, 2256272, 2611691, 2358141, 2098705, 1374861, 1145222, 1927776, 2281790, 2452297, 1432553, 195875, 735436, 'Left']
[2890988, 2210400, 1923686, -363034, 2258726, 2589266, 2356192, 2100140, 1367966, 1138705, 1970700, 2382666, 2470016, 1430803, 232641, 781024, 'Left']
[2895609, 2209971, 1927543, -365627, 2255433, 2604519, 2358159, 2097671, 1374734, 1145431, 1927809, 2280087, 2451969, 1430400, 196610, 735013, 'Left']
[2897921, 2210010, 1923552, -363745, 2257778, 2596223, 2355671, 2098664, 1366835, 1137750, 1971257, 2383004, 2470016, 1432927, 232530, 782469, 'Left']
[2888426, 2211613, 1927753, -364189, 2256420, 2596666, 2357655, 2100329, 1375109, 1145874, 1928780, 2281498, 2452045, 1428205, 198272, 734797, 'Left']
[2904687, 2209345, 1923444, -364747, 2256635, 2604030, 2355652, 2097696, 1366551, 1137831, 1970052, 2379437, 2469406, 1435722, 230495, 781781, 'Left']
[2881866, 2212359, 1926946, -363576, 2257476, 2589728, 2357760, 2100676, 1375483, 1146508, 1930718, 2285736, 2452859, 1426431, 200300, 736024, 'Left']
[2911043, 2208545, 1922500, -366072, 2256080, 2611972, 2355819, 2098247, 1366091, 1137709, 1967711, 2373883, 2468623, 1437443, 228093, 780355, 'Left']
[2875358, 2213141, 1926056, -363001, 2259273, 2582499, 2356950, 2101291, 1375510, 1146535, 1933556, 2292644, 2453851, 1424431, 203241, 738562, 'Left']
[2916269, 2207664, 1921779, -367349, 2255031, 2619406, 2356895, 2096346, 1365645, 1137589, 1963614, 2364281, 2466782, 1439046, 223793, 776481, 'Left']
[2871486, 2213285, 1925609, -362598, 2258915, 2577546, 2356296, 2102511, 1374044, 1145816, 1938011, 2303236, 2455468, 1422768, 208033, 743377, 'Left']
[2920520, 2207751, 1922687, -367833, 2254019, 2624369, 2356401, 2096962, 1365023, 1137537, 1959810, 2354957, 2465122, 1440020, 221061, 773148, 'Left']
[2868877, 2214104, 1926160, -362251, 2258795, 2572496, 2356015, 2102612, 1373553, 1145365, 1943101, 2314924, 2457417, 1422131, 212565, 747954, 'Left']
[2923331, 2207997, 1924303, -368616, 2252727, 2627659, 2356577, 2095144, 1365456, 1137916, 1955299, 2343187, 2463239, 1440705, 217248, 767672, 'Left']
[2867962, 2214912, 1926081, -361641, 2259623, 2569214, 2354165, 2103493, 1372797, 1144427, 1948987, 2328516, 2459512, 1422042, 217881, 753539, 'Left']
[2923392, 2208657, 1925602, -368343, 2252694, 2628897, 2357193, 2097420, 1367279, 1139601, 1949366, 2329647, 2460581, 1441543, 212041, 760797, 'Left']
[2868834, 2215543, 1927012, -360822, 2260180, 2568887, 2354239, 2103079, 1372166, 1143672, 1954510, 2341773, 2462193, 1422925, 222334, 759574, 'Left']
[2922196, 2208417, 1927145, -368659, 2252320, 2628893, 2356576, 2095310, 1368277, 1140506, 1944336, 2317102, 2458464, 1440801, 207885, 754740, 'Left']
[2870909, 2215689, 1926526, -360170, 2260408, 2569608, 2353788, 2103957, 1370907, 1142543, 1959987, 2354500, 2463963, 1423432, 226382, 765375, 'Left']
[2918272, 2209957, 1927257, -367357, 2252822, 2626171, 2356833, 2097032, 1369967, 1142485, 1938990, 2304286, 2455888, 1440161, 203097, 748592, 'Left']
[2874758, 2214822, 1925319, -360700, 2259175, 2572749, 2354008, 2103217, 1369519, 1141529, 1964489, 2365098, 2466037, 1425484, 229081, 771029, 'Left']
[2914285, 2209889, 1926843, -367226, 2252766, 2622392, 2357291, 2096105, 1370289, 1142792, 1935158, 2295034, 2454888, 1437795, 201039, 744378, 'Left']
[2880260, 2214394, 1924593, -360994, 2259291, 2577059, 2353656, 2102565, 1368036, 1140075, 1968857, 2375402, 2468781, 1427008, 232867, 776334, 'Left']
[2907705, 2211341, 1928064, -365923, 2253889, 2616018, 2357314, 2098596, 1372496, 1144729, 1931550, 2286672, 2453729, 1436089, 198399, 739371, 'Left']
[2885984, 2213385, 1924648, -361620, 2258305, 2583112, 2354480, 2103383, 1367032, 1139377, 1970876, 2380240, 2470142, 1430570, 233095, 779526, 'Left']
[2900896, 2211840, 1927911, -365336, 2254504, 2609388, 2356901, 2099955, 1372753, 1145253, 1929462, 2281845, 2453049, 1433681, 197197, 736713, 'Left']
[2892645, 2212426, 1923895, -362677, 2257511, 2589718, 2355071, 2101061, 1365868, 1138255, 1972183, 2383336, 2470780, 1432477, 233146, 782028, 'Left']
[2893488, 2213007, 1928560, -364345, 2255218, 2601502, 2356788, 2100199, 1373954, 1146061, 1929004, 2280261, 2452591, 1431619, 196831, 735057, 'Left']
[2899497, 2211416, 1923758, -363687, 2256041, 2597290, 2353987, 2101264, 1365011, 1137523, 1972282, 2382959, 2470871, 1435079, 231974, 782866, 'Left']
[2886569, 2213334, 1928312, -363799, 2256210, 2593812, 2356148, 2100008, 1373774, 1146229, 1929960, 2282581, 2452925, 1429274, 198386, 735491, 'Left']
[2906643, 2209561, 1923531, -365592, 2254042, 2604502, 2353451, 2098149, 1363997, 1136442, 1970548, 2379707, 2470223, 1436755, 230323, 782302, 'Left']
[2880685, 2213527, 1928221, -362648, 2256278, 2586593, 2355628, 2103556, 1373242, 1145546, 1932293, 2288715, 2453670, 1426589, 201853, 737857, 'Left']
[2912698, 2209555, 1924332, -365076, 2255312, 2612169, 2354411, 2099124, 1364013, 1136931, 1967877, 2373899, 2469137, 1439610, 228064, 780940, 'Left']
[2874916, 2213526, 1927779, -362363, 2257545, 2579240, 2354839, 2102912, 1373359, 1145753, 1935203, 2296712, 2454979, 1425263, 205128, 741076, 'Left']
[2917982, 2208472, 1924413, -366313, 2253529, 2617750, 2353784, 2099012, 1363501, 1136555, 1963672, 2365026, 2467501, 1440284, 224509, 777690, 'Left']
[2870898, 2214390, 1928427, -361131, 2258544, 2573484, 2355324, 2104571, 1373252, 1145677, 1939394, 2307403, 2456776, 1424210, 209401, 745731, 'Left']
[2921512, 2208405, 1925837, -366667, 2253274, 2623037, 2355688, 2098691, 1364139, 1137226, 1958877, 2354141, 2465721, 1441600, 220460, 773331, 'Left']
[2868034, 2214946, 1928180, -360436, 2258908, 2569478, 2354212, 2104107, 1372719, 1145256, 1944290, 2319180, 2458525, 1423460, 213573, 750687, 'Left']
[2923041, 2208151, 1926200, -367488, 2252222, 2625958, 2355082, 2097642, 1365045, 1137994, 1953584, 2341285, 2463303, 1442133, 215412, 767634, 'Left']
[2867506, 2214476, 1927751, -360776, 2258816, 2566927, 2353328, 2104467, 1371737, 1143842, 1949737, 2332451, 2460657, 1423204, 218235, 756519, 'Left']
[2922780, 2207799, 1927098, -368051, 2251417, 2626786, 2355825, 2096656, 1365870, 1138531, 1947901, 2328263, 2460430, 1441903, 211172, 761572, 'Left']
[2868664, 2214157, 1928118, -360894, 2258826, 2566995, 2352177, 2103505, 1370604, 1142351, 1954900, 2345424, 2462408, 1423763, 222673, 762183, 'Left']
[2920645, 2208284, 1929265, -367488, 2252487, 2626695, 2356232, 2099756, 1367285, 1139662, 1942444, 2315017, 2458022, 1441129, 206733, 754828, 'Left']
[2870680, 2213648, 1929077, -360801, 2259201, 2569145, 2353550, 2104504, 1369622, 1141387, 1959798, 2357059, 2464470, 1424540, 226114, 767415, 'Left']
[2917002, 2208260, 1930654, -367468, 2251776, 2624595, 2355912, 2099251, 1368247, 1140835, 1936729, 2302189, 2455981, 1440076, 202142, 748397, 'Left']
[2875000, 2212948, 1928480, -361166, 2258435, 2572209, 2352606, 2104571, 1367411, 1139883, 1964265, 2367881, 2466749, 1426515, 229483, 773027, 'Left']
[2912110, 2208421, 1930526, -367601, 2252084, 2619676, 2356152, 2099436, 1368945, 1141789, 1932437, 2292310, 2453912, 1437957, 199156, 742993, 'Left']
[2881328, 2211591, 1927086, -362764, 2256972, 2577582, 2351795, 2102487, 1365483, 1137972, 1968007, 2376915, 2468387, 1428075, 232446, 777631, 'Left']
[2906844, 2209066, 1930708, -367191, 2252202, 2614014, 2355179, 2100192, 1369849, 1142392, 1929696, 2286430, 2452714, 1435431, 198485, 739277, 'Left']
[2887597, 2211544, 1928030, -362629, 2256948, 2583374, 2353276, 2103590, 1364726, 1136958, 1969991, 2383117, 2469308, 1430365, 234201, 780701, 'Left']
[2899575, 2210937, 1932706, -365382, 2253624, 2606933, 2356533, 2101014, 1371683, 1143940, 1927724, 2282311, 2451571, 1433779, 197390, 735936, 'Left']
[2894544, 2211225, 1928899, -363105, 2256387, 2591217, 2352984, 2102371, 1364837, 1137134, 1971463, 2384806, 2469863, 1433733, 233764, 782310, 'Left']
[2892533, 2211234, 1933303, -365079, 2254274, 2599976, 2355499, 2102678, 1372076, 1144110, 1927742, 2281641, 2451748, 1430758, 198258, 735052, 'Left']
[2901695, 2210122, 1929361, -364322, 2255162, 2599082, 2352823, 2102149, 1363916, 1136091, 1970373, 2383416, 2469988, 1435756, 232711, 782891, 'Left']
[2885869, 2212111, 1933576, -364224, 2254997, 2592486, 2354695, 2102820, 1372803, 1144590, 1929207, 2284807, 2452408, 1428551, 200175, 735899, 'Left']
[2908456, 2209181, 1929527, -365667, 2254780, 2606708, 2352726, 2099849, 1363295, 1135541, 1968687, 2379238, 2468995, 1437784, 230558, 781928, 'Left']
[2879099, 2213338, 1934366, -362845, 2257389, 2584426, 2356469, 2103641, 1373522, 1145317, 1931390, 2290518, 2452891, 1426889, 202639, 737533, 'Left']
[2913717, 2208524, 1929920, -366279, 2254048, 2612880, 2353869, 2100268, 1363383, 1135647, 1965321, 2371522, 2467723, 1439697, 227260, 779004, 'Left']
[2873771, 2213526, 1933234, -362384, 2256920, 2577574, 2353372, 2105075, 1373374, 1144772, 1935050, 2298885, 2454649, 1425208, 206029, 740945, 'Left']
[2918747, 2207880, 1929007, -367308, 2252254, 2618907, 2353073, 2099357, 1363318, 1135429, 1961545, 2361987, 2465978, 1441050, 223292, 775600, 'Left']
[2869792, 2214623, 1932799, -361267, 2257670, 2571954, 2352738, 2105631, 1372707, 1144211, 1939863, 2309952, 2456026, 1423891, 210336, 745674, 'Left']
[2921391, 2209092, 1931091, -366264, 2252570, 2623586, 2355216, 2100492, 1364655, 1136981, 1957087, 2350337, 2463984, 1442966, 218923, 771005, 'Left']
[2867173, 2215472, 1932543, -360140, 2258770, 2568452, 2353575, 2105657, 1372715, 1143963, 1944675, 2321388, 2457901, 1424218, 214262, 751307, 'Left']
[2922393, 2207915, 1930377, -367950, 2251672, 2626630, 2354848, 2098819, 1365685, 1137609, 1951103, 2336457, 2461509, 1443097, 213645, 765497, 'Left']
[2866905, 2214223, 1930934, -361087, 2258701, 2566904, 2351702, 2106050, 1370641, 1141838, 1949922, 2334889, 2460535, 1422987, 219388, 758055, 'Left']
[2921533, 2207043, 1929881, -368831, 2251156, 2626690, 2352768, 2097822, 1365769, 1137614, 1945242, 2323579, 2459290, 1441859, 209270, 759823, 'Left']
[2868577, 2213390, 1930652, -361149, 2258213, 2566949, 2351425, 2105461, 1369424, 1140684, 1955311, 2347590, 2462377, 1423674, 223333, 764036, 'Left']
[2919843, 2207410, 1931349, -368140, 2251428, 2625859, 2354325, 2099820, 1366682, 1138942, 1940417, 2311384, 2457060, 1441556, 205680, 754500, 'Left']
[2872024, 2213299, 1930208, -360924, 2258839, 2569390, 2351460, 2106339, 1367994, 1139911, 1961109, 2360661, 2464821, 1425478, 228203, 771089, 'Left']
[2915264, 2208539, 1931898, -367249, 2251721, 2622580, 2353189, 2101919, 1368370, 1141078, 1935383, 2299448, 2454553, 1440296, 201699, 748178, 'Left']
[2876271, 2213227, 1929889, -360881, 2257861, 2573040, 2350346, 2105669, 1366543, 1138963, 1965166, 2370358, 2466479, 1427606, 230650, 775225, 'Left']
[2910318, 2208798, 1931703, -367245, 2251654, 2617837, 2354415, 2101183, 1369333, 1142049, 1931656, 2290625, 2452977, 1438619, 199330, 742757, 'Left']
[2882092, 2212866, 1929087, -361482, 2257345, 2577904, 2350883, 2105147, 1365835, 1137795, 1968722, 2378440, 2467503, 1429942, 232981, 779309, 'Left']
[2904367, 2209935, 1932180, -366501, 2252312, 2611128, 2352749, 2101347, 1370946, 1143050, 1929356, 2284370, 2451275, 1436384, 197702, 739416, 'Left']
[2889462, 2211155, 1928433, -362942, 2256309, 2584332, 2351278, 2105136, 1364474, 1136756, 1971229, 2383906, 2468676, 1432381, 234577, 783271, 'Left']
[2896995, 2210861, 1933398, -365259, 2253810, 2603018, 2354006, 2102632, 1371993, 1144110, 1928247, 2282156, 2451006, 1434322, 198338, 737647, 'Left']
[2895784, 2209931, 1928668, -364187, 2255468, 2590672, 2351372, 2103309, 1363841, 1136043, 1971379, 2384627, 2469222, 1435401, 233845, 783816, 'Left']
[2889814, 2211588, 1932855, -364536, 2254945, 2595109, 2353812, 2105301, 1372397, 1144207, 1928294, 2282382, 2451236, 1431717, 198848, 735968, 'Left']
[2902287, 2209658, 1928437, -364614, 2255489, 2597877, 2352278, 2103806, 1363940, 1135849, 1970267, 2382262, 2468981, 1437795, 232004, 782875, 'Left']
[2882848, 2212247, 1932793, -363873, 2255544, 2587064, 2353525, 2104737, 1373065, 1144641, 1929340, 2285172, 2451882, 1429702, 200162, 735679, 'Left']
[2909497, 2208656, 1927725, -366087, 2253651, 2605356, 2350437, 2101228, 1363117, 1134837, 1967959, 2377384, 2468260, 1439401, 229672, 781179, 'Left']
[2877400, 2213371, 1931998, -362827, 2256382, 2580036, 2351987, 2107056, 1373430, 1144653, 1932736, 2292727, 2452766, 1427643, 203568, 738362, 'Left']
[2915311, 2209065, 1928538, -365972, 2253685, 2612598, 2352526, 2102003, 1363506, 1135423, 1965345, 2370035, 2466989, 1441911, 226748, 778639, 'Left']
[2872248, 2214736, 1932589, -361251, 2257355, 2574269, 2352575, 2107899, 1373820, 1145136, 1936882, 2302008, 2454314, 1426892, 207195, 742008, 'Left']
[2919287, 2208542, 1928759, -366976, 2252685, 2618973, 2352002, 2099972, 1364699, 1136421, 1960904, 2359193, 2465409, 1443396, 222148, 774139, 'Left']
[2868893, 2214711, 1931735, -361129, 2257517, 2569773, 2351748, 2108140, 1372933, 1143870, 1941357, 2313172, 2456785, 1425525, 211560, 747113, 'Left']
[2921407, 2208239, 1929697, -367569, 2251461, 2622806, 2352472, 2100580, 1365306, 1136746, 1955338, 2346825, 2463317, 1443954, 217273, 768799, 'Left']
[2867264, 2214666, 1931475, -361125, 2257334, 2566680, 2349928, 2107661, 1372213, 1143100, 1946204, 2325275, 2458661, 1424813, 215529, 751830, 'Left']
[2922579, 2208134, 1930095, -368175, 2250630, 2624830, 2353643, 2099995, 1365258, 1137081, 1950053, 2334209, 2460818, 1443666, 213214, 762899, 'Left']
[2867504, 2215506, 1931278, -360283, 2258275, 2564997, 2351761, 2109330, 1370938, 1142164, 1951679, 2338420, 2460547, 1424872, 220366, 757373, 'Left']
[2921690, 2208698, 1930412, -367901, 2250053, 2625215, 2353943, 2100956, 1366407, 1138371, 1944734, 2320871, 2458801, 1443792, 208502, 756591, 'Left']
[2869306, 2215103, 1930296, -360317, 2257232, 2565558, 2351130, 2108570, 1369968, 1141027, 1957395, 2351122, 2463168, 1426069, 224329, 763360, 'Left']
[2918679, 2208591, 1930559, -367885, 2250492, 2623404, 2354881, 2101485, 1367423, 1139299, 1939700, 2308374, 2456557, 1442759, 204245, 750669, 'Left']
[2872534, 2213560, 1929212, -361160, 2257821, 2567935, 2350832, 2107683, 1368122, 1139463, 1962168, 2363009, 2464885, 1427485, 228012, 769666, 'Left']
[2913392, 2208759, 1931643, -367268, 2251543, 2619315, 2353026, 2101011, 1368417, 1140763, 1934485, 2297048, 2453508, 1441274, 200396, 744768, 'Left']
[2877026, 2211825, 1929372, -361991, 2257406, 2572551, 2350476, 2107220, 1365973, 1138300, 1966316, 2372471, 2466071, 1429735, 230411, 774541, 'Left']
[2907448, 2207527, 1931687, -367973, 2251496, 2614994, 2354030, 2101669, 1368674, 1141096, 1930719, 2288624, 2451228, 1438757, 197637, 740150, 'Left']
[2882376, 2209772, 1927475, -363682, 2256089, 2579023, 2351224, 2106018, 1363389, 1135909, 1968736, 2379901, 2466548, 1431011, 232359, 778757, 'Left']
[2900669, 2207540, 1931140, -367645, 2251125, 2608983, 2353105, 2104662, 1368494, 1140979, 1927905, 2283769, 2449501, 1435652, 196911, 737381, 'Left']
[2887889, 2208403, 1927265, -364203, 2254771, 2584984, 2350251, 2105849, 1361500, 1134326, 1969853, 2383708, 2466416, 1433135, 232927, 781605, 'Left']
[2892590, 2207782, 1932004, -366384, 2253231, 2601025, 2354328, 2104144, 1368464, 1141613, 1926889, 2281249, 2448418, 1433451, 196790, 735451, 'Left']
[2893824, 2206461, 1927692, -365198, 2254746, 2592247, 2351416, 2106116, 1360515, 1133948, 1970133, 2383784, 2466215, 1436102, 232250, 782722, 'Left']
[2883991, 2207314, 1932007, -366208, 2253616, 2592971, 2352865, 2106567, 1368368, 1141317, 1926895, 2281753, 2447926, 1430718, 197154, 734771, 'Left']
[2900211, 2204918, 1927374, -367130, 2253747, 2599873, 2350231, 2103684, 1359304, 1132234, 1968368, 2380313, 2465361, 1437687, 229741, 781520, 'Left']
[2877270, 2208137, 1931972, -365542, 2255404, 2585087, 2353321, 2106958, 1368961, 1141314, 1929012, 2286054, 2448325, 1428741, 199463, 735093, 'Left']
[2907231, 2204334, 1927896, -368143, 2252581, 2607494, 2352010, 2103454, 1359015, 1132201, 1966621, 2374872, 2464236, 1440088, 227882, 779498, 'Left']
[2871932, 2209735, 1931761, -364492, 2255783, 2578372, 2351314, 2109176, 1368490, 1141502, 1932776, 2294265, 2449117, 1426732, 203667, 738112, 'Left']
[2912051, 2205367, 1928363, -368206, 2252528, 2613956, 2352488, 2105141, 1359132, 1132862, 1963098, 2366414, 2461883, 1441882, 224247, 775892, 'Left']
[2866779, 2211450, 1931420, -363535, 2255506, 2572154, 2352223, 2108926, 1368465, 1141579, 1936506, 2303118, 2449622, 1425676, 206584, 741227, 'Left']
[2916080, 2205854, 1928471, -368795, 2250735, 2619448, 2352294, 2104484, 1359443, 1133451, 1958490, 2355051, 2458909, 1443241, 219289, 770911, 'Left']
[2864543, 2212787, 1931272, -362648, 2256177, 2567797, 2350985, 2111144, 1367936, 1141373, 1941604, 2314662, 2450430, 1425257, 210784, 746320, 'Left']
[2919188, 2206372, 1929998, -369454, 2250744, 2622729, 2352620, 2103032, 1360564, 1134375, 1953874, 2342778, 2455738, 1444119, 214799, 765866, 'Left']
[2864696, 2213459, 1932001, -362470, 2257374, 2564936, 2350877, 2110542, 1367789, 1140648, 1947612, 2327814, 2452039, 1424886, 215474, 752070, 'Left']
[2920737, 2207090, 1930748, -369528, 2250101, 2624071, 2353411, 2103448, 1361811, 1135558, 1949260, 2331229, 2453600, 1444331, 211273, 761155, 'Left']
[2865961, 2213850, 1932663, -361987, 2256901, 2563291, 2351104, 2110946, 1366887, 1139633, 1953578, 2342164, 2454434, 1424716, 220790, 758991, 'Left']
[2919863, 2207647, 1932919, -369294, 2249468, 2623568, 2353965, 2103324, 1363371, 1136744, 1943924, 2318634, 2451466, 1443552, 207030, 754794, 'Left']
[2869228, 2213967, 1932057, -362179, 2256502, 2564967, 2351792, 2109903, 1366004, 1138827, 1959331, 2355512, 2456920, 1426219, 225322, 764920, 'Left']
[2916913, 2209031, 1932925, -368680, 2250135, 2621491, 2353886, 2105383, 1364985, 1138575, 1938988, 2306302, 2448851, 1442514, 202896, 748316, 'Left']
[2872748, 2214960, 1930774, -361339, 2256851, 2567611, 2351221, 2111194, 1365220, 1138207, 1964106, 2366357, 2458767, 1428216, 228420, 769891, 'Left']
[2912965, 2210010, 1932283, -368069, 2249550, 2618290, 2355402, 2105001, 1367022, 1140036, 1934765, 2295702, 2447178, 1441198, 199545, 742773, 'Left']
[2878673, 2215298, 1930006, -360930, 2256920, 2573288, 2352726, 2109943, 1364644, 1137380, 1968867, 2376492, 2460970, 1430430, 231950, 775404, 'Left']
[2907017, 2211015, 1932944, -366977, 2250827, 2613177, 2354120, 2106185, 1368796, 1142001, 1931672, 2288262, 2445887, 1439390, 197670, 738451, 'Left']
[2885118, 2213667, 1929961, -362387, 2255339, 2579330, 2352538, 2106904, 1362920, 1135905, 1971424, 2382892, 2462443, 1431978, 233526, 778709, 'Left']
[2900776, 2212580, 1934815, -365439, 2251903, 2606436, 2355438, 2108383, 1369818, 1142639, 1929869, 2283891, 2445117, 1436580, 197154, 735018, 'Left']
[2891925, 2213877, 1931112, -362070, 2255492, 2585864, 2351999, 2110043, 1363456, 1136326, 1973093, 2385528, 2463223, 1435996, 233580, 780773, 'Left']
[2893784, 2212704, 1934727, -365410, 2252238, 2598109, 2354772, 2108004, 1370686, 1143347, 1929802, 2282373, 2445224, 1434701, 196916, 733861, 'Left']
[2899182, 2211981, 1930323, -364068, 2253771, 2592373, 2352242, 2106523, 1361330, 1134314, 1972896, 2385298, 2463023, 1437178, 232563, 781452, 'Left']
[2886833, 2214302, 1935264, -363481, 2253578, 2589737, 2354943, 2110050, 1370827, 1143705, 1930334, 2284639, 2445146, 1432271, 198486, 733645, 'Left']
[2906387, 2211769, 1930793, -364334, 2252890, 2600185, 2352521, 2106939, 1361975, 1135317, 1971495, 2381538, 2462670, 1440784, 230200, 780609, 'Left']
[2880730, 2214851, 1935343, -362716, 2254215, 2582300, 2353885, 2110182, 1371318, 1143994, 1933093, 2290141, 2446082, 1430345, 200940, 735435, 'Left']
[2912735, 2210978, 1931519, -365364, 2252136, 2607214, 2352389, 2106563, 1361553, 1134697, 1968876, 2375417, 2461158, 1442210, 227305, 778389, 'Left']
[2875238, 2216354, 1936472, -361373, 2255766, 2575591, 2352927, 2110545, 1371558, 1143971, 1936561, 2298180, 2446995, 1428793, 204045, 738047, 'Left']
[2918069, 2210933, 1933640, -365704, 2251566, 2615039, 2354171, 2106955, 1362622, 1135539, 1965180, 2366134, 2459492, 1444960, 223088, 774513, 'Left']
[2871055, 2216344, 1937148, -361275, 2254597, 2570529, 2352322, 2111321, 1371253, 1143133, 1940872, 2308537, 2448534, 1427136, 207985, 742189, 'Left']
[2921827, 2210133, 1934429, -367128, 2249066, 2619859, 2353314, 2103218, 1362440, 1135135, 1960079, 2354916, 2457038, 1445275, 218571, 769147, 'Left']
[2869582, 2216623, 1937186, -360701, 2255436, 2567043, 2353059, 2112328, 1370493, 1142650, 1945963, 2321313, 2450593, 1426817, 212805, 747339, 'Left']
[2924043, 2209797, 1935356, -367451, 2249491, 2623022, 2354138, 2105493, 1363076, 1135778, 1955576, 2343891, 2455670, 1445364, 215306, 764745, 'Left']
[2868883, 2216682, 1937374, -360307, 2256708, 2564392, 2352738, 2111054, 1370202, 1142333, 1951433, 2334408, 2452719, 1427000, 217322, 752986, 'Left']
[2923650, 2210106, 1936940, -367251, 2249952, 2623962, 2354662, 2106262, 1364633, 1137437, 1949815, 2330235, 2452849, 1446059, 210125, 758093, 'Left']
[2869624, 2216389, 1937142, -359869, 2257159, 2563787, 2352528, 2112942, 1369066, 1141180, 1956754, 2347177, 2454745, 1427529, 221467, 759174, 'Left']
[2922260, 2209691, 1937310, -367261, 2249691, 2623965, 2355980, 2106634, 1365229, 1138374, 1944423, 2317539, 2450579, 1445215, 205971, 752594, 'Left']
[2872304, 2215404, 1936262, -360324, 2256569, 2566044, 2352357, 2113080, 1366913, 1139673, 1961960, 2360505, 2457068, 1428410, 226234, 765829, 'Left']
[2918041, 2209876, 1937256, -367290, 2249471, 2621262, 2355626, 2105690, 1365603, 1139027, 1938649, 2305595, 2447893, 1443863, 201889, 746451, 'Left']
[2876385, 2214588, 1935380, -360724, 2256194, 2569517, 2352036, 2113514, 1364797, 1137903, 1966187, 2371230, 2458704, 1429867, 229492, 771155, 'Left']
[2913256, 2210179, 1938200, -366860, 2249595, 2617118, 2356044, 2107922, 1366590, 1140001, 1934507, 2295827, 2445734, 1441570, 199248, 741605, 'Left']
[2881824, 2213423, 1935527, -361659, 2255818, 2574667, 2352728, 2111888, 1363439, 1136494, 1969793, 2379721, 2459983, 1432105, 232104, 775995, 'Left']
[2906550, 2210264, 1938639, -366747, 2250615, 2611357, 2356134, 2108479, 1367614, 1140514, 1931182, 2288546, 2444034, 1439243, 197465, 737035, 'Left']
[2887868, 2212479, 1934858, -362875, 2254850, 2581352, 2353111, 2111763, 1362085, 1134886, 1971480, 2384587, 2460572, 1434142, 233164, 778413, 'Left']
[2899662, 2211523, 1939080, -365877, 2251503, 2604992, 2356153, 2111345, 1368579, 1141307, 1929293, 2284414, 2442892, 1436487, 196901, 733962, 'Left']
[2895054, 2212251, 1935557, -363371, 2254006, 2588794, 2354095, 2110914, 1361767, 1134460, 1972436, 2386510, 2460897, 1436444, 233048, 780124, 'Left']
[2892700, 2212054, 1939954, -365520, 2252249, 2596865, 2356743, 2110274, 1370107, 1142276, 1929479, 2284099, 2443237, 1434306, 197731, 733052, 'Left']
[2901496, 2211167, 1936034, -364340, 2252886, 2595351, 2353792, 2111051, 1360547, 1132887, 1971713, 2385377, 2460803, 1438202, 232068, 780551, 'Left']
[2886366, 2213447, 1941110, -364022, 2252493, 2588915, 2357631, 2111713, 1370782, 1142624, 1930170, 2286095, 2443489, 1432501, 198748, 733025, 'Left']
[2909301, 2211180, 1936782, -364487, 2252336, 2603319, 2357142, 2110420, 1360923, 1133617, 1970467, 2381513, 2460506, 1441459, 230511, 780103, 'Left']
[2880006, 2214556, 1940350, -362755, 2253899, 2581435, 2357073, 2112476, 1370896, 1142849, 1933063, 2292580, 2443956, 1430380, 202134, 735210, 'Left']
[2914945, 2210231, 1936364, -366072, 2251935, 2610065, 2356930, 2106961, 1361214, 1133629, 1966778, 2373503, 2458478, 1443207, 226408, 776525, 'Left']
[2874438, 2216215, 1941369, -361017, 2255546, 2574756, 2357852, 2116068, 1371193, 1142890, 1936261, 2300761, 2445417, 1428874, 205238, 738212, 'Left']
[2919742, 2209431, 1937168, -366920, 2249749, 2616969, 2357380, 2108247, 1361567, 1134230, 1962486, 2363339, 2457330, 1445374, 222182, 772890, 'Left']
[2871298, 2215960, 1940028, -360918, 2255692, 2569908, 2357909, 2113915, 1370335, 1142489, 1940621, 2311806, 2447560, 1427793, 209716, 743157, 'Left']
[2922861, 2209443, 1937945, -366842, 2250161, 2621047, 2359006, 2109616, 1362024, 1134854, 1957508, 2352145, 2455384, 1446338, 218006, 768215, 'Left']
[2869847, 2216218, 1940310, -360051, 2256479, 2566663, 2359765, 2115848, 1369787, 1141747, 1945899, 2324454, 2450233, 1427678, 214761, 749616, 'Left']
[2925059, 2209054, 1938188, -367495, 2249216, 2624284, 2360090, 2107759, 1362563, 1135402, 1952720, 2340353, 2453994, 1446763, 214603, 764139, 'Left']
[2869973, 2215767, 1939707, -360234, 2256268, 2564514, 2358645, 2115001, 1368291, 1140389, 1951763, 2338456, 2452751, 1427163, 220163, 756264, 'Left']
[2924039, 2210130, 1940263, -366740, 2249408, 2624341, 2361397, 2108318, 1363910, 1136713, 1946968, 2327256, 2451709, 1446343, 210121, 757966, 'Left']
[2870668, 2216600, 1940095, -359412, 2256682, 2564586, 2358397, 2115939, 1367779, 1140157, 1956976, 2350763, 2455210, 1428664, 223911, 762373, 'Left']
[2921220, 2210255, 1940769, -367101, 2248740, 2623487, 2361354, 2108871, 1365277, 1138276, 1941366, 2313406, 2448885, 1445821, 204951, 751813, 'Left']
[2873826, 2215308, 1939433, -360315, 2255073, 2567589, 2357563, 2116120, 1365609, 1138403, 1961993, 2362409, 2456684, 1429267, 227555, 768678, 'Left']
[2917557, 2210402, 1941102, -366829, 2248915, 2621292, 2361216, 2109743, 1365424, 1138855, 1936993, 2302360, 2446877, 1444282, 202180, 747118, 'Left']
[2878040, 2214957, 1939281, -360234, 2255874, 2571515, 2359974, 2116252, 1364472, 1137595, 1966792, 2372604, 2458767, 1431620, 231138, 774587, 'Left']
[2911834, 2210145, 1940879, -367117, 2249772, 2616669, 2361576, 2110701, 1366907, 1140079, 1933154, 2292577, 2445164, 1442130, 199459, 742686, 'Left']
[2883276, 2214211, 1938005, -361249, 2256296, 2576615, 2358515, 2115284, 1362878, 1135876, 1969980, 2380284, 2459712, 1433360, 233343, 779432, 'Left']
