[1576738, 1765981, 1478026, -484140, 2307836, 2597228, 2460385, 2246332, 669456, 1500330, 2192424, 2351768, 2487456, 2661410, 1103778, 275672, 'Right']
[1568299, 1758180, 1472399, -491661, 2297637, 2655555, 2514679, 2288416, 654659, 1486640, 2279632, 2380527, 2544490, 2680328, 1158525, 293274, 'Right']
[1577585, 1767972, 1475996, -482261, 2307034, 2596679, 2457738, 2245199, 668630, 1499755, 2215326, 2353635, 2492614, 2663441, 1118723, 282618, 'Right']
[1567423, 1756438, 1473634, -493606, 2298053, 2656633, 2516265, 2289060, 655725, 1487670, 2255909, 2379460, 2537697, 2678766, 1142858, 283967, 'Right']
[1578878, 1769468, 1474658, -480878, 2306289, 2597779, 2456103, 2245213, 666981, 1497930, 2239917, 2356034, 2499984, 2665298, 1134201, 289570, 'Right']
[1567710, 1755563, 1475271, -494674, 2299447, 2655414, 2515680, 2287709, 657619, 1489716, 2230110, 2377780, 2530291, 2676761, 1125573, 273467, 'Right']
[1579650, 1770560, 1471996, -480128, 2305809, 2602265, 2459033, 2248104, 665073, 1496369, 2265090, 2359727, 2509449, 2668388, 1150733, 296939, 'Right']
[1567610, 1754735, 1475143, -496307, 2300418, 2653049, 2514076, 2286414, 658584, 1490745, 2207027, 2374325, 2521839, 2673536, 1111245, 266368, 'Right']
[1579279, 1771359, 1470556, -480302, 2304666, 2607692, 2462750, 2252225, 662136, 1493995, 2288513, 2363104, 2517994, 2670342, 1166330, 303969, 'Right']
[1567542, 1755186, 1479129, -497046, 2301834, 2647875, 2510517, 2283381, 659906, 1492959, 2185332, 2370339, 2512657, 2670952, 1097786, 259823, 'Right']
[1578697, 1772052, 1471172, -480292, 2303534, 2613751, 2469013, 2257514, 659123, 1491799, 2309273, 2366201, 2526803, 2673039, 1180447, 310011, 'Right']
[1568369, 1756312, 1480859, -496323, 2303015, 2640362, 2504681, 2278884, 662120, 1495734, 2167010, 2366925, 2503851, 2668139, 1086740, 254194, 'Right']
[1577386, 1771459, 1470861, -481059, 2301642, 2619000, 2474166, 2262010, 656823, 1490443, 2323654, 2370160, 2535149, 2675426, 1189812, 312243, 'Right']
[1567787, 1756361, 1482562, -496178, 2303788, 2632066, 2498605, 2274175, 663384, 1497435, 2152719, 2363260, 2495889, 2665909, 1077906, 249792, 'Right']
[1575000, 1769446, 1470856, -482957, 2299880, 2626183, 2482365, 2268393, 654387, 1488462, 2333158, 2374037, 2541794, 2678099, 1196601, 313998, 'Right']
[1568670, 1757306, 1483205, -495588, 2304919, 2623208, 2491178, 2268558, 665213, 1498873, 2145327, 2360108, 2488663, 2663840, 1074186, 248967, 'Right']
[1573245, 1766996, 1470899, -485622, 2298532, 2632105, 2489835, 2273175, 653571, 1487133, 2335571, 2377403, 2546875, 2679762, 1197954, 312340, 'Right']
[1569913, 1758059, 1483780, -494864, 2305779, 2615149, 2484108, 2262897, 666958, 1500007, 2143552, 2357270, 2484751, 2662556, 1073028, 249070, 'Right']
[1572079, 1764608, 1471602, -488238, 2298104, 2639366, 2498338, 2279051, 652677, 1485752, 2333025, 2379701, 2551044, 2681759, 1196228, 309953, 'Right']
[1572239, 1760329, 1483630, -493360, 2306737, 2608633, 2477180, 2258366, 668469, 1500496, 2148832, 2354278, 2482808, 2661443, 1076694, 251501, 'Right']
[1571729, 1763538, 1472060, -490436, 2297177, 2646112, 2504619, 2283723, 652766, 1485372, 2323433, 2381421, 2552376, 2682098, 1189618, 304169, 'Right']
[1574941, 1763739, 1482305, -490813, 2307126, 2603385, 2469884, 2253498, 669056, 1500868, 2160357, 2352835, 2482828, 2660871, 1084183, 255651, 'Right']
[1571215, 1762738, 1473653, -491321, 2297901, 2651484, 2510739, 2287501, 653040, 1485667, 2308508, 2381751, 2551396, 2682021, 1179238, 296460, 'Right']
[1576090, 1765882, 1481502, -488299, 2306942, 2601036, 2465590, 2251499, 668865, 1500540, 2177682, 2352488, 2485437, 2661878, 1095594, 261117, 'Right']
[1569221, 1760430, 1474856, -492969, 2297180, 2655641, 2515114, 2290421, 653096, 1485779, 2290567, 2380816, 2547152, 2681420, 1167507, 288883, 'Right']
[1576607, 1767407, 1480688, -485753, 2307000, 2598564, 2461990, 2249427, 668327, 1499874, 2199037, 2351962, 2489123, 2663163, 1109115, 267580, 'Right']
[1567493, 1757659, 1477082, -494526, 2298007, 2656412, 2518612, 2291974, 654340, 1486769, 2268167, 2378691, 2541694, 2680536, 1152275, 279432, 'Right']
[1576959, 1767611, 1479355, -484793, 2306429, 2596829, 2460242, 2248266, 667475, 1498343, 2222834, 2353057, 2495664, 2665002, 1124219, 274878, 'Right']
[1566117, 1754809, 1478341, -496932, 2298326, 2654068, 2518866, 2291259, 656037, 1487752, 2243263, 2376407, 2534703, 2678249, 1135181, 269296, 'Right']
[1576968, 1768081, 1477810, -483690, 2305715, 2598160, 2461826, 2250066, 665402, 1496015, 2248203, 2355389, 2503937, 2666976, 1140571, 282754, 'Right']
[1565939, 1754179, 1480338, -497239, 2299956, 2651124, 2518738, 2290147, 657777, 1489026, 2219830, 2373366, 2527217, 2675684, 1120278, 261631, 'Right']
[1577681, 1769521, 1476001, -482068, 2304900, 2600477, 2463027, 2251586, 664156, 1494343, 2272070, 2357974, 2512861, 2669389, 1155877, 289039, 'Right']
[1566292, 1753916, 1480889, -497683, 2300613, 2646743, 2515415, 2286756, 659729, 1490783, 2196465, 2370235, 2518444, 2672924, 1104567, 252673, 'Right']
[1578137, 1770880, 1474542, -481133, 2303507, 2607112, 2468049, 2255767, 661920, 1492466, 2294818, 2362425, 2522066, 2672045, 1170390, 294787, 'Right']
[1567799, 1755954, 1482376, -496880, 2301681, 2641938, 2510526, 2282038, 662052, 1493059, 2177331, 2367162, 2509772, 2670446, 1092274, 246403, 'Right']
[1578036, 1771700, 1473346, -481243, 2302004, 2614479, 2472974, 2259470, 660002, 1490491, 2312957, 2366406, 2530417, 2674636, 1181806, 298263, 'Right']
[1568531, 1756741, 1483238, -496569, 2302765, 2636688, 2504677, 2277483, 664082, 1494825, 2161322, 2364104, 2501145, 2667741, 1082124, 241135, 'Right']
[1577538, 1771299, 1472543, -481553, 2301229, 2622086, 2479561, 2264661, 657912, 1488688, 2326661, 2370608, 2538176, 2677205, 1190699, 300811, 'Right']
[1569263, 1757637, 1483802, -495144, 2304347, 2629162, 2497913, 2272176, 665777, 1496887, 2150471, 2361105, 2494024, 2666186, 1075152, 237698, 'Right']
[1574955, 1769080, 1470939, -483341, 2299339, 2629801, 2487515, 2270665, 655211, 1486616, 2334554, 2374052, 2544778, 2679657, 1195804, 301247, 'Right']
[1569543, 1758178, 1482705, -494358, 2304772, 2621382, 2490423, 2267209, 666486, 1497805, 2146151, 2357638, 2488248, 2664104, 1072867, 237358, 'Right']
[1573380, 1767219, 1470574, -484857, 2298470, 2636446, 2495508, 2276468, 653422, 1485201, 2336128, 2376481, 2549197, 2681018, 1196808, 299920, 'Right']
[1571128, 1760154, 1482997, -492396, 2306176, 2613253, 2483150, 2261068, 667919, 1499289, 2147795, 2355855, 2484397, 2663141, 1074068, 238860, 'Right']
[1571771, 1765249, 1471404, -486916, 2297943, 2642827, 2503374, 2281605, 652444, 1484573, 2331377, 2379719, 2551932, 2682345, 1193025, 295983, 'Right']
[1572980, 1762720, 1482854, -490194, 2306761, 2607602, 2476868, 2257462, 668364, 1500010, 2156574, 2354344, 2483165, 2662890, 1079853, 242698, 'Right']
[1570998, 1764189, 1472890, -488578, 2297601, 2648599, 2509872, 2286080, 651924, 1484527, 2320925, 2381345, 2552133, 2682783, 1185871, 290298, 'Right']
[1574656, 1765316, 1482789, -488010, 2306960, 2603796, 2471651, 2254259, 668029, 1500017, 2171103, 2354219, 2483997, 2662892, 1089516, 247956, 'Right']
[1569597, 1762422, 1475047, -490340, 2297285, 2653644, 2515354, 2290135, 651832, 1484951, 2305368, 2382229, 2550235, 2682155, 1175886, 283534, 'Right']
[1575355, 1767154, 1481856, -485957, 2306755, 2601569, 2466898, 2252418, 667208, 1499552, 2189977, 2353928, 2487163, 2663530, 1102545, 254764, 'Right']
[1567587, 1760206, 1475997, -492437, 2297574, 2656920, 2519528, 2292554, 652283, 1485816, 2285022, 2381171, 2546283, 2681450, 1162968, 275541, 'Right']
[1576124, 1768820, 1480474, -484184, 2307098, 2599244, 2463364, 2250188, 666551, 1499080, 2211346, 2354264, 2493069, 2665028, 1116614, 261451, 'Right']
[1566122, 1757871, 1477564, -494720, 2298242, 2656234, 2520921, 2292656, 653296, 1486764, 2260360, 2379713, 2540603, 2679988, 1146570, 265594, 'Right']
[1576024, 1769126, 1478674, -483500, 2306310, 2599459, 2463496, 2251065, 664790, 1496995, 2234946, 2356124, 2500248, 2666799, 1132031, 268947, 'Right']
[1564518, 1755055, 1479159, -497083, 2298673, 2654730, 2521614, 2292984, 654692, 1487406, 2236505, 2377085, 2533150, 2677745, 1131201, 258449, 'Right']
[1575974, 1768975, 1477478, -483169, 2305392, 2600858, 2464072, 2252829, 663338, 1494741, 2260179, 2357751, 2508503, 2668453, 1148104, 277814, 'Right']
[1564576, 1753505, 1481208, -498664, 2300013, 2650103, 2519056, 2290419, 657454, 1489358, 2211730, 2373533, 2524632, 2675134, 1114196, 250240, 'Right']
[1577073, 1769573, 1476130, -483186, 2304503, 2603353, 2465861, 2254149, 662121, 1492884, 2282813, 2360848, 2517360, 2671035, 1162088, 284043, 'Right']
[1566146, 1753763, 1482715, -499528, 2301370, 2644645, 2514687, 2285951, 660078, 1491307, 2188679, 2370227, 2515861, 2672450, 1098571, 242353, 'Right']
[1578133, 1770834, 1475262, -482750, 2303383, 2610536, 2471576, 2259066, 660560, 1491215, 2303738, 2364889, 2526947, 2674046, 1175296, 289676, 'Right']
[1568102, 1756050, 1484344, -497907, 2302874, 2640032, 2509248, 2282045, 662733, 1493919, 2170746, 2367581, 2507613, 2670672, 1087599, 238179, 'Right']
[1578120, 1771927, 1474311, -481688, 2302505, 2616807, 2475580, 2262618, 659246, 1490318, 2319201, 2369668, 2535391, 2677311, 1185445, 293328, 'Right']
[1567829, 1756101, 1484150, -497011, 2304110, 2632645, 2502541, 2276579, 664661, 1495769, 2154616, 2364726, 2499279, 2668868, 1077545, 233219, 'Right']
[1574715, 1768456, 1472358, -483623, 2300567, 2623795, 2483092, 2267927, 656398, 1487301, 2328433, 2372517, 2542386, 2679313, 1191661, 294665, 'Right']
[1567465, 1755135, 1484278, -496650, 2304871, 2624383, 2494874, 2271078, 665641, 1496238, 2144826, 2359685, 2492370, 2666092, 1071632, 231671, 'Right']
[1572989, 1766142, 1472507, -485469, 2299819, 2629765, 2490090, 2273157, 654941, 1485392, 2332853, 2375300, 2548098, 2681054, 1194282, 294930, 'Right']
[1568633, 1756518, 1484584, -495502, 2306552, 2615114, 2487738, 2265310, 667791, 1497673, 2141722, 2356944, 2487515, 2664756, 1069849, 232118, 'Right']
[1570812, 1763523, 1471790, -488481, 2298376, 2635138, 2497526, 2278675, 653983, 1484012, 2331399, 2377929, 2552381, 2682572, 1193077, 292946, 'Right']
[1569653, 1757804, 1484142, -494763, 2306361, 2606518, 2479804, 2259622, 668977, 1498069, 2145836, 2354001, 2484859, 2663453, 1072415, 234777, 'Right']
[1569110, 1761303, 1472819, -490879, 2297117, 2641442, 2505518, 2284175, 653012, 1482498, 2325004, 2379625, 2554057, 2682985, 1188014, 289273, 'Right']
[1571414, 1760266, 1483737, -492252, 2306443, 2602280, 2474393, 2257140, 669565, 1498297, 2158386, 2353791, 2484455, 2663056, 1080144, 240730, 'Right']
[1567973, 1759631, 1474074, -492664, 2296640, 2647498, 2511408, 2288653, 653325, 1482947, 2313080, 2382154, 2553273, 2683303, 1179715, 284546, 'Right']
[1572971, 1762388, 1482056, -490276, 2306627, 2598361, 2468210, 2253313, 669506, 1498186, 2174093, 2353376, 2485812, 2663133, 1090615, 246957, 'Right']
[1567303, 1757885, 1474199, -494205, 2297148, 2651598, 2516137, 2291305, 653450, 1483126, 2294369, 2382313, 2550138, 2682586, 1167316, 276801, 'Right']
[1574847, 1764351, 1480401, -488000, 2306737, 2596622, 2464052, 2251137, 669120, 1497914, 2193688, 2354369, 2490306, 2664532, 1103175, 253178, 'Right']
[1566471, 1755817, 1475574, -496195, 2297629, 2653580, 2518512, 2292387, 654437, 1484208, 2272046, 2381724, 2545765, 2681463, 1152315, 267796, 'Right']
[1575835, 1765856, 1478646, -486209, 2306848, 2596172, 2462095, 2250135, 667567, 1496232, 2217087, 2355687, 2497208, 2666153, 1118682, 260854, 'Right']
[1565503, 1753998, 1476621, -497660, 2298310, 2653637, 2519998, 2292756, 655425, 1485147, 2248331, 2379451, 2539207, 2679955, 1136915, 259096, 'Right']
[1576285, 1767032, 1476547, -484677, 2305756, 2598510, 2462553, 2252078, 665616, 1494487, 2243355, 2357881, 2504725, 2668833, 1135568, 269358, 'Right']
[1564495, 1752549, 1477659, -498772, 2298727, 2652818, 2519972, 2292706, 656863, 1486841, 2226982, 2377754, 2531656, 2678363, 1122722, 252743, 'Right']
[1575518, 1767164, 1474709, -483617, 2304583, 2601710, 2464621, 2254253, 663292, 1492308, 2270991, 2360588, 2513172, 2670608, 1152913, 278803, 'Right']
[1563049, 1750809, 1479141, -499176, 2299970, 2647736, 2517339, 2289584, 658457, 1488227, 2204570, 2373688, 2522074, 2675078, 1107372, 245638, 'Right']
[1573867, 1766216, 1472962, -483472, 2303154, 2606385, 2468834, 2258068, 660708, 1489708, 2294054, 2363742, 2521522, 2673326, 1167574, 285634, 'Right']
[1562176, 1749639, 1480237, -499725, 2300954, 2643109, 2513972, 2286816, 659767, 1489158, 2185112, 2369881, 2512648, 2672538, 1095271, 241302, 'Right']
[1572636, 1765296, 1472608, -483436, 2302214, 2613147, 2474825, 2263312, 658210, 1487097, 2314556, 2366892, 2530300, 2675963, 1181207, 292762, 'Right']
[1562641, 1749803, 1481816, -498970, 2302782, 2637018, 2508309, 2282939, 661454, 1490821, 2168744, 2365740, 2504086, 2670345, 1085150, 238090, 'Right']
[1571705, 1764797, 1471364, -483645, 2301750, 2620185, 2480969, 2268214, 655998, 1485279, 2328573, 2370288, 2538303, 2678433, 1190145, 296394, 'Right']
[1563369, 1751222, 1482059, -497340, 2304330, 2629980, 2501047, 2277100, 663281, 1492881, 2155710, 2362021, 2496423, 2668093, 1076877, 234823, 'Right']
[1570192, 1763911, 1470607, -484341, 2300095, 2627642, 2486775, 2272728, 653847, 1483749, 2336860, 2373761, 2544841, 2680719, 1195124, 297134, 'Right']
[1564001, 1752090, 1483213, -496355, 2305174, 2622306, 2492080, 2270571, 664790, 1494351, 2149059, 2358455, 2490440, 2666384, 1072588, 233650, 'Right']
[1567892, 1761087, 1470677, -486781, 2298681, 2635069, 2493598, 2277802, 651702, 1481334, 2338878, 2375847, 2549975, 2681823, 1196224, 296073, 'Right']
[1565355, 1753608, 1482727, -494671, 2306032, 2615296, 2484391, 2265411, 665587, 1494791, 2148609, 2354974, 2486020, 2664464, 1072885, 235412, 'Right']
[1567180, 1760266, 1471098, -487704, 2298787, 2641683, 2501594, 2283353, 651141, 1480916, 2334345, 2378419, 2552985, 2683240, 1193356, 293378, 'Right']
[1567493, 1756682, 1482860, -492313, 2307019, 2608821, 2477588, 2261176, 666831, 1495951, 2154789, 2353416, 2484582, 2664503, 1077624, 239348, 'Right']
[1565671, 1758579, 1472150, -490513, 2297438, 2646804, 2507469, 2287553, 650704, 1480442, 2323580, 2379522, 2553301, 2683642, 1186324, 288441, 'Right']
[1569470, 1759530, 1482641, -490366, 2306971, 2603480, 2471098, 2257126, 666840, 1495821, 2166950, 2352303, 2484468, 2664043, 1086149, 244967, 'Right']
[1565175, 1757729, 1474230, -492084, 2297487, 2650405, 2512367, 2290193, 651144, 1480958, 2307824, 2381117, 2551982, 2683457, 1176060, 281919, 'Right']
[1570934, 1761776, 1481603, -488440, 2307292, 2599844, 2466134, 2254272, 666853, 1495761, 2183430, 2353133, 2487193, 2664405, 1097086, 250588, 'Right']
[1563494, 1755101, 1474747, -494893, 2297291, 2654345, 2517298, 2293953, 651232, 1481078, 2288198, 2381062, 2548035, 2682359, 1163936, 275344, 'Right']
[1572090, 1763098, 1480547, -487251, 2307044, 2599030, 2463859, 2253497, 665915, 1494700, 2205602, 2352906, 2491957, 2665417, 1112569, 259604, 'Right']
[1563368, 1753262, 1476584, -496702, 2298232, 2655654, 2520374, 2295389, 652753, 1482453, 2265615, 2379267, 2542588, 2681011, 1149878, 268030, 'Right']
[1573934, 1764537, 1478297, -485930, 2306940, 2599759, 2463470, 2254123, 665141, 1493572, 2229762, 2355509, 2499257, 2667332, 1128885, 268333, 'Right']
[1563708, 1752114, 1477975, -498404, 2299401, 2654513, 2520729, 2294715, 654781, 1484012, 2241322, 2378182, 2535833, 2678724, 1134389, 260579, 'Right']
[1574897, 1766210, 1476778, -484782, 2306340, 2601214, 2463441, 2254651, 663615, 1492030, 2254196, 2357480, 2507749, 2669094, 1144748, 276267, 'Right']
[1563225, 1751635, 1479318, -499603, 2300246, 2651561, 2519344, 2292756, 656297, 1485912, 2216492, 2374495, 2527580, 2676421, 1118043, 252296, 'Right']
[1574713, 1767446, 1476455, -484230, 2304895, 2605981, 2467125, 2258323, 661295, 1490454, 2278588, 2360926, 2516420, 2671947, 1160742, 284063, 'Right']
[1563647, 1752400, 1482919, -499815, 2301249, 2647394, 2516343, 2290295, 658100, 1488091, 2194808, 2371582, 2518459, 2674442, 1104790, 247029, 'Right']
[1574974, 1768694, 1475489, -484083, 2303312, 2610820, 2471117, 2262283, 659760, 1489214, 2299676, 2364713, 2525431, 2674934, 1174449, 290235, 'Right']
[1564129, 1752762, 1483191, -500668, 2301604, 2641589, 2511515, 2286973, 660366, 1490383, 2175813, 2368343, 2509786, 2672307, 1092507, 242489, 'Right']
[1574438, 1768575, 1473890, -484992, 2301356, 2616905, 2476705, 2266973, 657598, 1486966, 2317896, 2368183, 2533964, 2677196, 1185940, 295706, 'Right']
[1565409, 1754210, 1484849, -499687, 2302846, 2634960, 2505221, 2282710, 662855, 1492478, 2160941, 2364809, 2501572, 2669961, 1082742, 239077, 'Right']
[1573986, 1768418, 1473163, -485446, 2300275, 2624447, 2483890, 2272782, 656201, 1485794, 2331197, 2372429, 2541756, 2680327, 1194283, 299344, 'Right']
[1566582, 1755291, 1484527, -499182, 2303552, 2627663, 2498338, 2276900, 665343, 1494617, 2151354, 2361436, 2494117, 2668126, 1076374, 237257, 'Right']
[1572221, 1766498, 1472193, -487763, 2297958, 2631179, 2490476, 2276918, 654546, 1483635, 2337108, 2374604, 2547461, 2681461, 1197365, 299098, 'Right']
[1567665, 1756646, 1484390, -497972, 2303972, 2620014, 2490194, 2270502, 666626, 1495484, 2147113, 2357135, 2488753, 2665729, 1073455, 236659, 'Right']
[1570535, 1764239, 1472188, -489835, 2296583, 2638806, 2498193, 2282509, 653079, 1482265, 2337285, 2376855, 2551827, 2682837, 1197108, 297585, 'Right']
[1568746, 1757783, 1484228, -496377, 2304743, 2614410, 2483984, 2266910, 667427, 1495836, 2150900, 2354289, 2485609, 2664701, 1076475, 240207, 'Right']
[1569116, 1762345, 1473219, -491139, 2296702, 2645198, 2505747, 2287573, 652829, 1481577, 2331654, 2378552, 2554304, 2683528, 1193262, 294724, 'Right']
[1570226, 1759721, 1484135, -493908, 2305626, 2608163, 2476931, 2261853, 668641, 1496583, 2159302, 2352227, 2484749, 2664444, 1081798, 243817, 'Right']
[1567362, 1759884, 1474390, -492928, 2296303, 2650010, 2511650, 2291192, 652771, 1481600, 2319135, 2379984, 2554297, 2684159, 1184353, 288939, 'Right']
[1571425, 1761367, 1483324, -491439, 2306256, 2603447, 2472006, 2258385, 668584, 1496404, 2174148, 2351856, 2486423, 2664782, 1091587, 250052, 'Right']
[1565311, 1756605, 1475024, -495745, 2295666, 2653768, 2517183, 2294373, 652764, 1481291, 2301787, 2380301, 2551890, 2683640, 1172708, 282047, 'Right']
[1572537, 1762671, 1481826, -489780, 2305857, 2600344, 2467338, 2255917, 668073, 1495312, 2193602, 2351799, 2490294, 2665423, 1104192, 257502, 'Right']
[1564424, 1754769, 1476498, -497110, 2296314, 2656078, 2520762, 2296650, 653552, 1481713, 2281211, 2379688, 2548022, 2682567, 1159226, 275297, 'Right']
[1573494, 1764327, 1480147, -487720, 2305439, 2600050, 2465693, 2255647, 667098, 1494389, 2216926, 2353125, 2496678, 2667089, 1119630, 266200, 'Right']
[1563800, 1753495, 1478399, -498252, 2296827, 2655749, 2521825, 2296524, 654761, 1482904, 2257795, 2377963, 2541681, 2680530, 1143905, 267623, 'Right']
[1574241, 1765969, 1479585, -485838, 2304516, 2600768, 2464484, 2255879, 665889, 1492944, 2240740, 2354720, 2504028, 2668734, 1134617, 273424, 'Right']
[1563106, 1752332, 1481039, -499061, 2297721, 2655442, 2522916, 2297075, 656340, 1484320, 2233657, 2375408, 2534174, 2678569, 1128188, 260164, 'Right']
[1575039, 1767512, 1478334, -484027, 2304300, 2604748, 2467392, 2258467, 664093, 1491262, 2266896, 2358202, 2512731, 2670938, 1152475, 283624, 'Right']
[1563475, 1751947, 1482712, -499264, 2299200, 2651498, 2520172, 2293779, 658806, 1486642, 2209331, 2372996, 2525176, 2676097, 1112663, 253106, 'Right']
[1575177, 1767586, 1476828, -483388, 2303107, 2608616, 2469839, 2260778, 662390, 1489286, 2288733, 2361654, 2521331, 2673724, 1166191, 289455, 'Right']
[1563962, 1751480, 1484233, -499313, 2300690, 2646894, 2516359, 2290597, 660925, 1488289, 2187355, 2369308, 2516429, 2673990, 1098111, 246648, 'Right']
[1574968, 1767224, 1475778, -483298, 2302541, 2614611, 2475034, 2264897, 660654, 1487311, 2308728, 2364743, 2530558, 2676393, 1178665, 295330, 'Right']
[1564711, 1751479, 1484575, -499054, 2302073, 2640543, 2510888, 2285984, 662862, 1489687, 2169613, 2365079, 2508077, 2671156, 1086849, 242803, 'Right']
[1574226, 1766824, 1474388, -483283, 2301107, 2621213, 2480730, 2269491, 658451, 1484949, 2323992, 2368049, 2539177, 2678424, 1188253, 299137, 'Right']
[1565368, 1752688, 1484814, -497396, 2303292, 2633699, 2503973, 2280582, 664772, 1491800, 2156220, 2361593, 2500566, 2669527, 1078081, 239612, 'Right']
[1572642, 1765914, 1472759, -483579, 2299764, 2628899, 2487959, 2274887, 656235, 1483438, 2334377, 2372413, 2546440, 2681217, 1194584, 301199, 'Right']
[1566157, 1754175, 1484158, -495711, 2304063, 2626577, 2496830, 2275490, 666172, 1493365, 2149252, 2359080, 2494074, 2667792, 1073628, 238855, 'Right']
[1571171, 1764571, 1471937, -485182, 2298095, 2636345, 2495635, 2280400, 654558, 1481877, 2339033, 2375738, 2551815, 2683084, 1197333, 301466, 'Right']
[1567734, 1756070, 1484438, -493928, 2304796, 2619659, 2489498, 2270050, 667726, 1494566, 2149239, 2356306, 2489409, 2666562, 1074180, 241277, 'Right']
[1569649, 1762658, 1472238, -486882, 2296823, 2643726, 2503274, 2286101, 653219, 1480628, 2337496, 2378201, 2555492, 2684357, 1196398, 300595, 'Right']
[1569815, 1758311, 1484355, -491473, 2305780, 2613556, 2482947, 2265670, 668991, 1495565, 2155083, 2354721, 2487235, 2665476, 1078105, 245608, 'Right']
[1568813, 1761018, 1473243, -488206, 2296480, 2649083, 2509666, 2289945, 653136, 1480628, 2329339, 2380671, 2556681, 2685112, 1190529, 297051, 'Right']
[1571154, 1760029, 1483469, -489579, 2306084, 2607843, 2476341, 2261001, 669159, 1495607, 2166488, 2353463, 2486878, 2665342, 1085243, 250576, 'Right']
[1567246, 1758766, 1474456, -490323, 2296321, 2653689, 2516039, 2293651, 652979, 1480108, 2314765, 2381387, 2555184, 2684306, 1180234, 290709, 'Right']
[1572857, 1762621, 1482726, -486958, 2306454, 2603993, 2471286, 2257722, 669380, 1495652, 2183381, 2353521, 2489194, 2666212, 1096412, 257324, 'Right']
[1566068, 1757104, 1475884, -492050, 2296596, 2656372, 2519604, 2295402, 653752, 1480878, 2295501, 2381438, 2551632, 2684229, 1167327, 283265, 'Right']
[1573397, 1763903, 1481054, -485852, 2305536, 2602291, 2467919, 2255859, 668595, 1494570, 2203972, 2353836, 2493451, 2667215, 1109661, 264418, 'Right']
[1564737, 1754859, 1476631, -494409, 2296443, 2658208, 2523237, 2297032, 654033, 1480932, 2273871, 2379612, 2545756, 2682168, 1153340, 276598, 'Right']
[1574799, 1765912, 1479296, -483611, 2305229, 2601683, 2466377, 2255306, 667211, 1493073, 2227615, 2354985, 2499123, 2668573, 1125393, 273309, 'Right']
[1563921, 1753384, 1477772, -495745, 2296783, 2657669, 2524285, 2297623, 655559, 1482649, 2248989, 2377932, 2538417, 2681012, 1137336, 268629, 'Right']
[1574766, 1766801, 1476988, -482260, 2303857, 2603888, 2466956, 2257382, 664856, 1491157, 2252785, 2356918, 2507124, 2670906, 1142381, 282996, 'Right']
[1563096, 1752171, 1479032, -496667, 2297529, 2654145, 2522548, 2295148, 656971, 1484107, 2224247, 2374739, 2530240, 2678395, 1121606, 262062, 'Right']
[1574907, 1767574, 1475333, -481093, 2303245, 2606301, 2468774, 2258806, 663103, 1489396, 2275429, 2359386, 2515514, 2673153, 1156964, 289858, 'Right']
[1562782, 1751274, 1480124, -497156, 2299070, 2649828, 2519841, 2292847, 658840, 1485862, 2200646, 2371579, 2521640, 2676305, 1106369, 255024, 'Right']
[1574399, 1767457, 1473506, -480895, 2301795, 2611326, 2472932, 2262553, 660757, 1487087, 2297257, 2362896, 2524844, 2675516, 1171032, 296309, 'Right']
[1563230, 1751240, 1481127, -497102, 2300088, 2644863, 2516105, 2289500, 660925, 1487897, 2180060, 2368057, 2512586, 2673905, 1092859, 249491, 'Right']
[1574359, 1767765, 1472085, -480412, 2300842, 2617919, 2478902, 2267424, 658822, 1485483, 2316343, 2366560, 2533927, 2678534, 1183294, 302446, 'Right']
[1564720, 1752404, 1481691, -495866, 2301924, 2637950, 2509958, 2284290, 663549, 1490707, 2164410, 2365160, 2504660, 2672434, 1082673, 245916, 'Right']
[1572958, 1766538, 1470674, -481533, 2299539, 2624854, 2485529, 2272495, 656545, 1483562, 2329910, 2370932, 2542240, 2681034, 1191582, 305281, 'Right']
[1565193, 1753198, 1481668, -495286, 2302896, 2630962, 2502911, 2279196, 664731, 1491783, 2153860, 2361390, 2497555, 2669693, 1075814, 244164, 'Right']
[1571704, 1765176, 1469499, -483196, 2298451, 2631951, 2492619, 2277462, 654948, 1481903, 2337334, 2373629, 2548541, 2682649, 1195913, 306090, 'Right']
[1566410, 1754619, 1481555, -494163, 2304061, 2624085, 2495811, 2274046, 666336, 1492945, 2149254, 2357753, 2492033, 2668376, 1073310, 244753, 'Right']
[1569986, 1763385, 1468990, -484739, 2297346, 2638870, 2500177, 2282978, 653741, 1480718, 2338826, 2376843, 2553295, 2684686, 1196778, 305651, 'Right']
[1567323, 1755730, 1480620, -492543, 2304703, 2616895, 2489269, 2269163, 667347, 1493532, 2150446, 2355518, 2488254, 2667201, 1074538, 247205, 'Right']
[1568374, 1761054, 1469090, -486731, 2296311, 2645557, 2508341, 2288837, 652557, 1479237, 2334348, 2378987, 2555968, 2685449, 1193908, 303780, 'Right']
[1569333, 1758008, 1480022, -490382, 2305153, 2609948, 2481951, 2264175, 668601, 1494673, 2158439, 2353632, 2486459, 2666715, 1079944, 252087, 'Right']
[1567605, 1759515, 1470042, -488265, 2295975, 2649884, 2514255, 2292820, 652428, 1479222, 2323285, 2380260, 2555896, 2685897, 1185941, 299119, 'Right']
[1570852, 1759964, 1479542, -488258, 2305728, 2605831, 2476906, 2261771, 668864, 1494688, 2172288, 2352722, 2487664, 2667325, 1088720, 258321, 'Right']
[1565749, 1756860, 1471168, -490933, 2295525, 2654864, 2520171, 2296805, 652560, 1478954, 2308080, 2380027, 2554213, 2685411, 1175824, 294442, 'Right']
[1572758, 1762390, 1478788, -485628, 2305752, 2603268, 2471916, 2259288, 668582, 1494145, 2191252, 2352541, 2491007, 2667680, 1101574, 266798, 'Right']
[1564972, 1755101, 1473034, -492633, 2296011, 2657010, 2523599, 2298278, 653849, 1480223, 2287121, 2381009, 2550447, 2684908, 1162232, 287102, 'Right']
[1573330, 1763736, 1477421, -484484, 2304981, 2601597, 2468876, 2257487, 667540, 1492604, 2212686, 2353823, 2496700, 2668966, 1115917, 274526, 'Right']
[1563509, 1753165, 1474780, -494643, 2295872, 2657388, 2524691, 2298602, 654784, 1480820, 2263117, 2378952, 2544279, 2682978, 1146391, 279160, 'Right']
[1573876, 1765205, 1476271, -482504, 2304500, 2602347, 2467943, 2257456, 666252, 1491216, 2236255, 2355611, 2503470, 2670546, 1130971, 283039, 'Right']
[1562933, 1752138, 1476326, -495155, 2297455, 2656373, 2525351, 2298077, 656202, 1482377, 2238660, 2377057, 2536853, 2681087, 1130559, 272145, 'Right']
[1574436, 1766741, 1474587, -480754, 2303826, 2604748, 2469073, 2259075, 664463, 1490065, 2260476, 2358956, 2511781, 2673427, 1147195, 291437, 'Right']
[1562575, 1751291, 1477775, -496412, 2297736, 2652924, 2523243, 2295989, 657961, 1484027, 2214002, 2374766, 2528118, 2679018, 1114520, 264963, 'Right']
[1574510, 1767177, 1473305, -480600, 2302078, 2609373, 2472367, 2262759, 662220, 1487415, 2284304, 2361909, 2520578, 2675550, 1162805, 299892, 'Right']
[1563244, 1751082, 1479668, -496656, 2299292, 2648639, 2520285, 2293561, 660243, 1486163, 2192608, 2371559, 2519286, 2676718, 1101213, 260468, 'Right']
[1574694, 1767106, 1472215, -480681, 2301361, 2614230, 2476804, 2266032, 660428, 1485674, 2304784, 2365520, 2529546, 2677870, 1176149, 306314, 'Right']
[1564002, 1750970, 1480841, -497115, 2300685, 2641929, 2514368, 2288192, 662601, 1487971, 2172933, 2367785, 2510749, 2674123, 1088486, 255056, 'Right']
[1573712, 1766247, 1470949, -481921, 2300098, 2621007, 2482932, 2270635, 658253, 1483134, 2320908, 2368830, 2538254, 2679931, 1186354, 310557, 'Right']
[1564629, 1751618, 1481489, -497058, 2301783, 2636480, 2509274, 2284541, 664264, 1489366, 2159267, 2364032, 2502788, 2671302, 1079903, 253141, 'Right']
[1573004, 1765853, 1470443, -482774, 2298617, 2628457, 2489836, 2276313, 656490, 1481448, 2333015, 2372002, 2545355, 2681548, 1194119, 314358, 'Right']
[1566466, 1753790, 1482412, -495037, 2303264, 2628911, 2502163, 2278877, 666406, 1491354, 2150676, 2360721, 2495879, 2669452, 1074539, 252361, 'Right']
[1571626, 1764410, 1470301, -483869, 2297426, 2636071, 2497391, 2281898, 655291, 1480545, 2338167, 2376216, 2551345, 2684003, 1197250, 314811, 'Right']
[1567511, 1754804, 1482534, -493744, 2304094, 2621813, 2494619, 2273496, 667810, 1492667, 2148351, 2358134, 2490773, 2668101, 1073531, 253964, 'Right']
[1570100, 1762038, 1470542, -485795, 2296814, 2642018, 2504302, 2286609, 654117, 1479106, 2336854, 2378653, 2554978, 2684852, 1195955, 313292, 'Right']
[1569388, 1756509, 1481976, -491768, 2305184, 2614696, 2486752, 2268505, 668925, 1493308, 2152271, 2355384, 2488240, 2667320, 1076154, 257331, 'Right']
[1568647, 1759633, 1470430, -488445, 2296386, 2647214, 2510624, 2290470, 653568, 1478588, 2329655, 2380130, 2557273, 2686272, 1190579, 309706, 'Right']
[1570859, 1758190, 1480749, -490598, 2305674, 2608128, 2479537, 2263031, 669217, 1493443, 2161617, 2353219, 2487927, 2666909, 1082062, 261449, 'Right']
[1567315, 1757611, 1470762, -490671, 2296403, 2651599, 2516759, 2293688, 653255, 1478405, 2316393, 2380937, 2557180, 2686293, 1181244, 303826, 'Right']
[1571729, 1760072, 1478911, -488819, 2305922, 2604496, 2475184, 2260051, 668917, 1493270, 2177776, 2352626, 2490166, 2667740, 1092721, 268277, 'Right']
[1565170, 1755442, 1470740, -493474, 2295317, 2655617, 2521676, 2296850, 652556, 1477955, 2299579, 2380398, 2554245, 2685436, 1170486, 298628, 'Right']
[1572665, 1762513, 1477403, -487321, 2305126, 2601993, 2471125, 2257613, 667776, 1492433, 2197972, 2352842, 2493431, 2668260, 1106209, 276594, 'Right']
[1564599, 1755112, 1473779, -495024, 2295868, 2656819, 2524581, 2297731, 653654, 1479426, 2277911, 2380504, 2548901, 2684485, 1156207, 291290, 'Right']
[1573780, 1765226, 1477373, -485520, 2304436, 2601512, 2469204, 2257204, 666704, 1491630, 2221059, 2355460, 2499818, 2670212, 1121480, 285030, 'Right']
[1564102, 1754238, 1476514, -496367, 2296344, 2656503, 2525792, 2298114, 655092, 1481264, 2254114, 2380207, 2542684, 2683334, 1140901, 284111, 'Right']
[1574525, 1766690, 1476708, -484309, 2303163, 2602427, 2468677, 2257736, 664985, 1490491, 2245469, 2358775, 2507311, 2672304, 1137546, 293723, 'Right']
[1563159, 1752739, 1479748, -498301, 2296147, 2655171, 2525685, 2297673, 656054, 1482338, 2230141, 2378098, 2534561, 2680814, 1125596, 277530, 'Right']
[1574579, 1767513, 1477595, -483635, 2301691, 2606215, 2470961, 2260291, 663057, 1488409, 2270688, 2361363, 2515519, 2674449, 1154304, 302907, 'Right']
[1563507, 1752396, 1483022, -498638, 2297706, 2650471, 2522729, 2294037, 658505, 1484425, 2206500, 2374638, 2525403, 2678108, 1110409, 271141, 'Right']
[1574545, 1767793, 1476855, -483184, 2300680, 2610301, 2474380, 2262992, 661559, 1486633, 2292231, 2364539, 2524593, 2676930, 1168125, 308902, 'Right']
[1563597, 1751760, 1484474, -499215, 2298856, 2645702, 2519183, 2291031, 660513, 1485985, 2185519, 2370608, 2516848, 2676132, 1097100, 265793, 'Right']
[1574225, 1767674, 1475041, -483095, 2299557, 2615983, 2479751, 2267192, 659600, 1484530, 2311442, 2367336, 2533701, 2679402, 1180530, 314675, 'Right']
[1563956, 1752065, 1484414, -498692, 2299894, 2639337, 2513517, 2286319, 662813, 1488066, 2167739, 2366811, 2508339, 2673959, 1085421, 261308, 'Right']
[1572709, 1766562, 1473269, -483616, 2297754, 2622573, 2485614, 2271760, 657389, 1482382, 2325557, 2370857, 2541618, 2681602, 1189254, 318074, 'Right']
[1564618, 1752856, 1484784, -497384, 2300603, 2632639, 2507193, 2281637, 664248, 1489704, 2155151, 2363545, 2500824, 2671736, 1077510, 259160, 'Right']
[1571540, 1765563, 1472530, -484267, 2296366, 2630374, 2493399, 2277699, 655362, 1480832, 2335547, 2374301, 2548883, 2684082, 1195675, 321070, 'Right']
[1565859, 1754212, 1484784, -495684, 2301556, 2625087, 2499655, 2276126, 666301, 1491523, 2149174, 2359869, 2494739, 2670274, 1073624, 259428, 'Right']
[1570251, 1763807, 1472558, -485496, 2295357, 2636761, 2500016, 2282567, 653928, 1479035, 2338700, 2376837, 2554181, 2685519, 1196993, 320897, 'Right']
[1567111, 1755395, 1485167, -493991, 2302400, 2618093, 2491697, 2270861, 667984, 1492852, 2148329, 2357288, 2490762, 2669479, 1072869, 260640, 'Right']
[1568323, 1760953, 1472374, -487969, 2294258, 2644177, 2507845, 2288440, 652543, 1477904, 2335956, 2379087, 2557522, 2686947, 1194894, 319330, 'Right']
[1568988, 1757312, 1484305, -492054, 2303624, 2612177, 2484881, 2266407, 668382, 1492823, 2155639, 2354003, 2488657, 2668259, 1078154, 265928, 'Right']
[1567308, 1759359, 1474050, -489275, 2294582, 2649365, 2513324, 2291645, 652728, 1477925, 2326141, 2380605, 2558317, 2687472, 1187963, 314825, 'Right']
[1570151, 1759122, 1484096, -489796, 2304339, 2607693, 2479062, 2262147, 668769, 1493070, 2167455, 2353550, 2489194, 2668745, 1086133, 271137, 'Right']
[1565657, 1756878, 1474899, -491812, 2293855, 2654235, 2519007, 2295073, 652573, 1477327, 2311373, 2380961, 2556764, 2686673, 1178281, 309221, 'Right']
[1571841, 1761214, 1482895, -487652, 2303854, 2603965, 2472805, 2258859, 668556, 1492092, 2184866, 2352117, 2491415, 2668211, 1097416, 278147, 'Right']
[1564595, 1754813, 1476853, -493445, 2293851, 2657428, 2522991, 2297595, 653371, 1477651, 2292041, 2380290, 2553306, 2685748, 1165051, 302289, 'Right']
[1572585, 1762564, 1482226, -485643, 2303530, 2603636, 2470723, 2258743, 667560, 1490918, 2207032, 2352965, 2496479, 2669584, 1112208, 287105, 'Right']
[1563752, 1753303, 1478889, -494306, 2294859, 2659056, 2525949, 2299567, 654260, 1478822, 2270549, 2379579, 2547695, 2684688, 1151484, 296445, 'Right']
[1573749, 1764396, 1480619, -483491, 2303495, 2603769, 2469143, 2258642, 666338, 1490152, 2230626, 2355532, 2503192, 2671771, 1127928, 295919, 'Right']
[1563297, 1752108, 1480224, -495746, 2295641, 2658015, 2525898, 2299066, 655722, 1480239, 2245982, 2377686, 2540431, 2683224, 1135700, 289111, 'Right']
[1574265, 1765909, 1478962, -482153, 2302146, 2604501, 2468399, 2258615, 664943, 1488595, 2254388, 2357694, 2510824, 2673676, 1143145, 303692, 'Right']
[1562490, 1751082, 1481365, -496915, 2296204, 2654390, 2523943, 2296517, 657433, 1482015, 2220523, 2375407, 2532137, 2680427, 1118705, 280937, 'Right']
[1574060, 1766758, 1476703, -481213, 2300966, 2608171, 2470591, 2261067, 662730, 1486512, 2278241, 2360573, 2519775, 2675821, 1158627, 311350, 'Right']
[1562556, 1751050, 1482647, -496780, 2297431, 2649276, 2519601, 2292648, 659535, 1484028, 2197898, 2371805, 2523047, 2678539, 1104113, 274598, 'Right']
[1573678, 1766900, 1475596, -480797, 2299656, 2612043, 2473658, 2263507, 661093, 1484856, 2298745, 2363906, 2528438, 2678702, 1171413, 316494, 'Right']
[1562624, 1750684, 1483819, -497183, 2298290, 2644007, 2515149, 2289320, 661555, 1485877, 2177874, 2367988, 2514294, 2676262, 1091098, 269304, 'Right']
[1573126, 1766558, 1474697, -481110, 2298368, 2619023, 2479672, 2268874, 658818, 1482615, 2317894, 2367281, 2537145, 2680730, 1183904, 322857, 'Right']
[1563409, 1751089, 1484794, -496803, 2299466, 2638402, 2509812, 2285646, 663721, 1487632, 2163337, 2364406, 2505733, 2673751, 1081950, 266765, 'Right']
[1571939, 1765227, 1473800, -482079, 2297105, 2627446, 2487299, 2275215, 656919, 1480652, 2331753, 2370943, 2544845, 2683186, 1192991, 327294, 'Right']
[1564563, 1752170, 1485121, -495305, 2300838, 2632224, 2503527, 2281076, 665359, 1489305, 2154409, 2360578, 2498857, 2672055, 1077092, 267165, 'Right']
[1570603, 1763775, 1472686, -483490, 2295670, 2634721, 2494420, 2280532, 655414, 1479179, 2339234, 2374019, 2551263, 2685365, 1197741, 328942, 'Right']
[1565929, 1753482, 1484840, -494106, 2301784, 2625125, 2496332, 2275963, 666979, 1490191, 2150510, 2357184, 2493587, 2670249, 1074765, 267995, 'Right']
[1569853, 1762372, 1472866, -484777, 2295166, 2641896, 2502346, 2286299, 654385, 1477753, 2340569, 2376606, 2556067, 2686670, 1198343, 328639, 'Right']
[1568065, 1756026, 1484980, -491921, 2303014, 2617868, 2488533, 2270209, 668798, 1491842, 2152532, 2354721, 2490108, 2669609, 1076123, 270584, 'Right']
[1567841, 1760044, 1472649, -487330, 2294009, 2647248, 2508446, 2290066, 653333, 1477003, 2334438, 2378088, 2558316, 2687700, 1193676, 325100, 'Right']
[1568124, 1756509, 1482666, -491108, 2302408, 2611613, 2481290, 2265640, 668494, 1491449, 2160030, 2351675, 2488683, 2668316, 1081020, 274288, 'Right']
[1565713, 1757272, 1472144, -489800, 2292701, 2653316, 2515260, 2294958, 651830, 1475418, 2323355, 2378372, 2558419, 2686937, 1186646, 321546, 'Right']
[1570180, 1759266, 1481443, -488044, 2303295, 2607239, 2475639, 2262053, 668841, 1491545, 2174358, 2350838, 2489786, 2668294, 1090972, 281677, 'Right']
[1564708, 1755753, 1473398, -490826, 2293143, 2655917, 2519136, 2296614, 653010, 1476765, 2305400, 2379733, 2556203, 2687028, 1174204, 314385, 'Right']
[1571196, 1761168, 1480522, -485375, 2303057, 2604335, 2471279, 2259312, 668091, 1491214, 2193187, 2351863, 2494049, 2669728, 1103182, 288961, 'Right']
[1563144, 1753512, 1475044, -492351, 2293387, 2659359, 2523963, 2299703, 653124, 1477368, 2285726, 2379530, 2552350, 2686487, 1161698, 308533, 'Right']
[1572236, 1762950, 1479047, -483328, 2302571, 2604829, 2469481, 2259994, 666953, 1489933, 2216785, 2352764, 2499643, 2671079, 1119585, 299091, 'Right']
[1562858, 1752536, 1476555, -493600, 2294171, 2660291, 2525342, 2301030, 654672, 1478389, 2263191, 2377823, 2546037, 2684746, 1147619, 302614, 'Right']
[1573448, 1764826, 1477241, -481736, 2302292, 2604854, 2467667, 2259743, 666258, 1488895, 2240580, 2354796, 2506554, 2673076, 1134996, 307264, 'Right']
[1562010, 1751064, 1477456, -495401, 2295059, 2658588, 2524718, 2300147, 656272, 1479925, 2238151, 2375390, 2538315, 2683259, 1130929, 294708, 'Right']
[1573621, 1765695, 1475770, -480489, 2301975, 2607059, 2468026, 2260922, 664289, 1486780, 2265066, 2356659, 2515022, 2675168, 1150759, 315670, 'Right']
[1562070, 1750266, 1479242, -495636, 2296790, 2654377, 2521835, 2297047, 658559, 1481892, 2213451, 2372170, 2530181, 2680880, 1114717, 287218, 'Right']
