[2610599, 1451394, -434810, -75832, 2237221, 2475526, 1372227, 512508, 109525, 1047907, 212747, 1182251, 1715490, 1118475, -670119, 830817, 'Right']
[2549491, 1459925, -437661, -67308, 2245122, 2419853, 1380135, 521026, 118947, 1054094, 201074, 1161332, 1710221, 1070523, -667263, 811436, 'Right']
[2611046, 1450662, -433889, -76706, 2235889, 2476852, 1370954, 512210, 110211, 1048554, 206616, 1169292, 1715386, 1110874, -669577, 829846, 'Right']
[2549455, 1459351, -438575, -67281, 2245737, 2419212, 1379801, 520938, 117446, 1052456, 206553, 1174795, 1710802, 1079093, -668366, 812137, 'Right']
[2609701, 1450512, -433170, -76848, 2236966, 2476033, 1371710, 510096, 111590, 1049653, 200210, 1155956, 1715392, 1101028, -667621, 828209, 'Right']
[2551073, 1459286, -439572, -66936, 2245380, 2419879, 1378571, 521504, 115720, 1051211, 212718, 1188310, 1711506, 1088243, -669055, 813405, 'Right']
[2606057, 1450513, -432879, -76567, 2235451, 2473430, 1371628, 510595, 113003, 1050851, 194663, 1143281, 1714993, 1090867, -666897, 826550, 'Right']
[2554276, 1459875, -439546, -65973, 2246235, 2422386, 1379812, 521977, 114649, 1050364, 218554, 1200242, 1712372, 1097745, -669562, 815688, 'Right']
[2601241, 1450880, -432569, -76341, 2235685, 2470123, 1373156, 511993, 114659, 1052504, 190079, 1131999, 1714586, 1081317, -665035, 825811, 'Right']
[2559645, 1459553, -440131, -66798, 2245347, 2427573, 1377729, 520356, 112567, 1048757, 224141, 1210414, 1712733, 1107130, -670556, 817840, 'Right']
[2594284, 1452621, -432459, -75197, 2236823, 2464862, 1373326, 512319, 116729, 1054067, 186582, 1123518, 1713778, 1072437, -664386, 823141, 'Right']
[2565675, 1458734, -440284, -67776, 2244063, 2433126, 1378031, 519950, 111020, 1047673, 227606, 1217132, 1713768, 1115523, -670783, 820333, 'Right']
[2586384, 1454329, -432368, -73829, 2237311, 2458014, 1374455, 513427, 118069, 1055274, 183539, 1117569, 1713541, 1064251, -663558, 820006, 'Right']
[2572897, 1458024, -440378, -69103, 2242447, 2439684, 1376605, 518283, 109855, 1047016, 228880, 1220409, 1715127, 1122681, -671392, 822473, 'Right']
[2578196, 1455118, -434013, -74653, 2237529, 2450858, 1373792, 513079, 118608, 1055602, 181753, 1115441, 1712458, 1058781, -664511, 816930, 'Right']
[2580712, 1456654, -440394, -71493, 2240769, 2447402, 1375970, 518001, 108468, 1046325, 228957, 1220747, 1715405, 1127446, -672185, 824245, 'Right']
[2570180, 1455616, -435003, -73820, 2238407, 2443705, 1375420, 515479, 119106, 1055878, 182037, 1117023, 1711851, 1055335, -664362, 814430, 'Right']
[2588196, 1454700, -440844, -73231, 2239406, 2454528, 1373397, 513855, 107099, 1045429, 227769, 1218215, 1715354, 1129708, -672486, 825544, 'Right']
[2562550, 1456902, -435878, -71908, 2240444, 2436543, 1377812, 518206, 119643, 1055996, 183764, 1121690, 1711031, 1053950, -664561, 812188, 'Right']
[2595500, 1454379, -438901, -73283, 2239263, 2461495, 1374452, 515991, 107376, 1045941, 225566, 1212217, 1716196, 1130163, -671721, 828511, 'Right']
[2555897, 1457942, -436494, -70747, 2242111, 2429254, 1377387, 517123, 120575, 1056139, 187101, 1128924, 1711431, 1055388, -664417, 811999, 'Right']
[2601536, 1453144, -437394, -74405, 2237809, 2467129, 1372894, 514523, 107333, 1045625, 221793, 1203285, 1716215, 1127406, -671757, 828802, 'Right']
[2551264, 1458813, -436850, -69551, 2242086, 2424171, 1379078, 518162, 119995, 1055471, 191751, 1139598, 1710813, 1058867, -665166, 811261, 'Right']
[2606096, 1452386, -436646, -75824, 2236661, 2471758, 1371886, 512357, 108089, 1046653, 217399, 1192717, 1716044, 1122719, -670983, 829478, 'Right']
[2547711, 1460361, -438080, -68055, 2243730, 2420110, 1379716, 520464, 119386, 1054750, 197266, 1151855, 1710664, 1064122, -666393, 810662, 'Right']
[2608382, 1452272, -435378, -76143, 2235986, 2474512, 1372827, 511748, 109438, 1047995, 212239, 1180109, 1716244, 1116301, -669971, 830047, 'Right']
[2546541, 1460095, -439251, -68298, 2243686, 2417799, 1379018, 519477, 118317, 1053489, 203761, 1165355, 1710523, 1072178, -667700, 811187, 'Right']
[2607960, 1452506, -434230, -76345, 2235646, 2475389, 1371994, 512569, 110515, 1049002, 206438, 1166885, 1715441, 1107658, -669083, 829036, 'Right']
[2545852, 1462252, -438470, -66114, 2245794, 2417459, 1380550, 521726, 117877, 1053615, 209474, 1178320, 1711371, 1080890, -667823, 812564, 'Right']
[2606008, 1452151, -432690, -76842, 2235263, 2474861, 1372872, 510365, 112424, 1051011, 200574, 1152492, 1715807, 1098729, -667254, 828589, 'Right']
[2549009, 1460777, -439776, -67166, 2244502, 2419736, 1378963, 521146, 115512, 1051423, 216265, 1191510, 1711660, 1090249, -669446, 814209, 'Right']
[2603146, 1451661, -432941, -77141, 2234966, 2472622, 1372826, 511483, 112563, 1050995, 195847, 1141165, 1714198, 1088312, -667147, 826867, 'Right']
[2553935, 1459812, -439982, -67818, 2243828, 2423139, 1378004, 520600, 113370, 1049482, 221814, 1203954, 1711664, 1099642, -670589, 816043, 'Right']
[2597500, 1453080, -431652, -75779, 2235932, 2468015, 1373774, 512721, 115059, 1052853, 190533, 1130722, 1713390, 1078318, -665714, 825007, 'Right']
[2558839, 1460051, -439641, -67722, 2243456, 2427540, 1379401, 520299, 112265, 1048549, 226102, 1212733, 1713206, 1108892, -670835, 819374, 'Right']
[2591236, 1453126, -432135, -76568, 2235318, 2462700, 1373629, 511942, 116420, 1053633, 186806, 1122549, 1713328, 1069421, -665160, 823004, 'Right']
[2565735, 1460169, -439456, -68329, 2243013, 2433456, 1378444, 518895, 110622, 1047234, 229440, 1219695, 1712918, 1116981, -671831, 820990, 'Right']
[2583057, 1455440, -431835, -74979, 2236028, 2455094, 1375070, 512328, 118789, 1055917, 184058, 1117240, 1712467, 1062677, -661737, 819802, 'Right']
[2573493, 1458960, -439680, -69718, 2241052, 2440106, 1376403, 519941, 109369, 1046822, 230338, 1221659, 1713571, 1123881, -669588, 822443, 'Right']
[2575274, 1456308, -432556, -74152, 2237169, 2447584, 1375512, 514159, 119443, 1056295, 183027, 1115663, 1711059, 1057576, -661275, 816909, 'Right']
[2581227, 1457772, -439107, -71420, 2239600, 2446905, 1375777, 516076, 108473, 1046177, 230445, 1220799, 1713976, 1127841, -670084, 824236, 'Right']
[2567079, 1457397, -433528, -73019, 2238060, 2439633, 1376018, 514370, 120075, 1056500, 183587, 1117516, 1710751, 1054131, -661589, 813955, 'Right']
[2589293, 1455937, -438580, -72790, 2238236, 2454217, 1374135, 515511, 107179, 1045545, 229060, 1217085, 1714195, 1129420, -670386, 826590, 'Right']
[2559975, 1458628, -434370, -71130, 2239120, 2432115, 1377478, 516274, 120234, 1056331, 186403, 1123754, 1709420, 1053131, -661697, 812822, 'Right']
[2596029, 1455682, -437396, -73185, 2237392, 2460349, 1374049, 513790, 107601, 1045883, 226246, 1210396, 1714313, 1128692, -669066, 828554, 'Right']
[2552707, 1460531, -435114, -69164, 2241551, 2424828, 1378851, 517293, 121230, 1056650, 189624, 1131095, 1709498, 1054860, -661421, 811697, 'Right']
[2600655, 1454918, -435766, -73890, 2236093, 2465130, 1373811, 514560, 108621, 1046559, 222260, 1199832, 1714740, 1125498, -667797, 830379, 'Right']
[2548043, 1460846, -435978, -68600, 2241730, 2419635, 1379384, 519123, 120527, 1055475, 195035, 1141647, 1709138, 1058861, -662337, 811766, 'Right']
[2604887, 1452867, -435581, -76124, 2234620, 2469815, 1371657, 511535, 108525, 1046233, 218555, 1189029, 1714382, 1120539, -668082, 830323, 'Right']
[2545416, 1461429, -437514, -67616, 2242923, 2416614, 1380103, 519557, 118961, 1053470, 201316, 1155021, 1708381, 1064880, -664215, 810772, 'Right']
[2606091, 1453600, -434130, -75370, 2235525, 2472074, 1372545, 510422, 110507, 1048323, 213069, 1176056, 1714322, 1112890, -666150, 830438, 'Right']
[2543875, 1461838, -437921, -66556, 2243881, 2415151, 1380096, 520553, 119271, 1053602, 207298, 1167293, 1709424, 1072606, -664391, 811806, 'Right']
[2606083, 1452269, -433908, -76730, 2233786, 2473339, 1372424, 510061, 110919, 1048385, 207550, 1162314, 1713701, 1104357, -666248, 829388, 'Right']
[2545111, 1462372, -439439, -66173, 2243026, 2415619, 1379998, 520706, 117411, 1051851, 213897, 1181359, 1709045, 1081816, -666433, 813005, 'Right']
[2603601, 1452903, -433696, -76580, 2232941, 2471665, 1372302, 509546, 112680, 1050063, 201628, 1149478, 1712841, 1094783, -665498, 828144, 'Right']
[2548133, 1461406, -440374, -66647, 2242721, 2417509, 1379378, 520558, 115303, 1050325, 219704, 1194439, 1708969, 1091670, -667992, 814334, 'Right']
[2599465, 1452368, -433979, -76669, 2233382, 2468469, 1372743, 510384, 113541, 1050825, 196278, 1137804, 1711369, 1084822, -664964, 825976, 'Right']
[2552254, 1460372, -441834, -67274, 2243220, 2420939, 1378779, 520365, 112923, 1048503, 224620, 1205757, 1709098, 1101478, -669645, 816503, 'Right']
[2593170, 1452929, -433822, -75913, 2235000, 2463763, 1374048, 511274, 114982, 1052131, 190984, 1127811, 1710758, 1075075, -663830, 824529, 'Right']
[2558373, 1459595, -441265, -67782, 2242879, 2426499, 1378689, 519224, 111738, 1047281, 228747, 1214638, 1710243, 1110020, -669893, 819678, 'Right']
[2587026, 1453441, -433761, -75474, 2235483, 2457725, 1374843, 511997, 116840, 1053178, 187833, 1121080, 1710342, 1065919, -663563, 821818, 'Right']
[2565999, 1459296, -441470, -68276, 2242580, 2431854, 1377862, 519025, 110188, 1045978, 231580, 1220781, 1711361, 1117234, -670630, 821947, 'Right']
[2579737, 1454882, -434303, -74507, 2236606, 2450043, 1375228, 512174, 118408, 1054423, 185607, 1117550, 1709869, 1058879, -663191, 818996, 'Right']
[2574583, 1458176, -441890, -69595, 2241405, 2438733, 1376920, 517316, 108345, 1045024, 232847, 1223814, 1711511, 1122790, -671806, 823421, 'Right']
[2572119, 1456804, -435492, -72456, 2238111, 2441947, 1376769, 514966, 119653, 1055430, 185144, 1118212, 1708713, 1054105, -662704, 816764, 'Right']
[2582746, 1457571, -441583, -70403, 2240452, 2445286, 1375679, 515956, 107976, 1045301, 232288, 1222828, 1711908, 1126600, -670779, 826422, 'Right']
[2564846, 1457952, -436366, -71475, 2239285, 2433560, 1378138, 515777, 119938, 1055931, 186446, 1121910, 1708008, 1051827, -662071, 814662, 'Right']
[2590911, 1455716, -440793, -72112, 2239429, 2451448, 1375402, 515418, 107422, 1045103, 230445, 1219051, 1712418, 1127981, -669335, 828183, 'Right']
[2558823, 1458284, -437879, -70548, 2240560, 2426026, 1378559, 517499, 119186, 1054615, 189315, 1129886, 1707454, 1052139, -662818, 812281, 'Right']
[2598428, 1455233, -439534, -72715, 2238644, 2457300, 1375222, 514410, 107790, 1045657, 227531, 1212993, 1712970, 1126759, -668914, 829281, 'Right']
[2553154, 1459582, -437979, -69185, 2241873, 2419257, 1379545, 519512, 120298, 1055502, 193218, 1139585, 1707724, 1054712, -662460, 812060, 'Right']
[2603552, 1453829, -438212, -74504, 2236957, 2461859, 1373401, 513676, 107094, 1045452, 223653, 1204104, 1712800, 1123402, -669247, 830170, 'Right']
[2548160, 1460605, -438677, -68332, 2243591, 2412946, 1379943, 518920, 119604, 1054543, 198045, 1151425, 1707506, 1058768, -663698, 811405, 'Right']
[2606470, 1452338, -437519, -76509, 2235524, 2463635, 1371237, 511400, 107674, 1046068, 218012, 1192333, 1712473, 1117118, -668911, 830198, 'Right']
[2545857, 1460659, -440465, -68225, 2242819, 2408395, 1378461, 521123, 117538, 1052600, 203608, 1165211, 1706407, 1065136, -666184, 810471, 'Right']
[2607492, 1452065, -436563, -76994, 2234707, 2464339, 1372865, 510953, 108761, 1046870, 212021, 1180241, 1711821, 1109579, -667869, 829718, 'Right']
[2545122, 1461138, -440730, -67550, 2244079, 2405832, 1381278, 520875, 116909, 1051781, 208805, 1179132, 1707264, 1073613, -666105, 810901, 'Right']
[2605878, 1452749, -435692, -76650, 2234893, 2462881, 1373828, 512322, 110359, 1048259, 205617, 1167221, 1711895, 1100808, -666279, 828340, 'Right']
[2544691, 1461575, -441646, -67389, 2244458, 2404496, 1380785, 519669, 115990, 1050992, 214460, 1192035, 1708095, 1083143, -666524, 812431, 'Right']
[2601091, 1452174, -435188, -77665, 2233992, 2459490, 1371994, 512145, 111775, 1049202, 199114, 1152931, 1711560, 1090965, -665797, 826051, 'Right']
[2546452, 1461352, -441915, -67317, 2244328, 2405894, 1380343, 522697, 113993, 1049024, 220126, 1203934, 1708330, 1092660, -668118, 813597, 'Right']
[2594820, 1452700, -435024, -77277, 2234527, 2454045, 1374156, 511241, 113324, 1050898, 193348, 1140707, 1710607, 1080789, -664102, 823950, 'Right']
[2549782, 1460854, -442847, -67872, 2243533, 2407267, 1378270, 521575, 112198, 1048048, 223800, 1213124, 1708568, 1102060, -668793, 815340, 'Right']
[2587519, 1454271, -434969, -75637, 2235652, 2446063, 1375096, 513068, 115290, 1052648, 187967, 1130057, 1709682, 1071557, -663429, 821679, 'Right']
[2555420, 1460427, -442403, -67689, 2243849, 2410228, 1379978, 522477, 111092, 1047795, 226869, 1219815, 1709732, 1111572, -668799, 818896, 'Right']
[2580033, 1454484, -435058, -75060, 2235989, 2436993, 1375762, 514424, 116506, 1054085, 184084, 1122827, 1709119, 1064085, -662625, 819722, 'Right']
[2562971, 1458910, -442766, -69154, 2241722, 2414132, 1377855, 519878, 108939, 1046121, 228599, 1224026, 1710164, 1118870, -670469, 820311, 'Right']
[2572498, 1456122, -434973, -73535, 2237529, 2427966, 1376197, 515607, 117912, 1054983, 181878, 1119508, 1707588, 1057865, -663037, 816793, 'Right']
[2571366, 1458156, -441377, -70215, 2240726, 2419536, 1377882, 519612, 108238, 1045767, 228960, 1224879, 1710414, 1124544, -670357, 823996, 'Right']
[2565630, 1457423, -435132, -72685, 2238297, 2418571, 1378162, 517979, 118677, 1055086, 181768, 1120037, 1706892, 1053343, -662852, 815371, 'Right']
[2580092, 1457841, -440489, -71166, 2239721, 2424487, 1376495, 518248, 107627, 1045338, 228362, 1222942, 1710504, 1126974, -670461, 826276, 'Right']
[2558507, 1458864, -435531, -71645, 2239691, 2409111, 1378270, 518452, 119892, 1055612, 183096, 1123787, 1706514, 1051287, -662840, 813627, 'Right']
[2588091, 1456047, -439397, -73142, 2238497, 2429941, 1375557, 516763, 107547, 1045124, 225283, 1217411, 1711462, 1127213, -670322, 827665, 'Right']
[2552431, 1459550, -436433, -70710, 2240769, 2400747, 1378480, 519326, 119987, 1055038, 184862, 1130783, 1706374, 1051183, -663316, 811572, 'Right']
[2595386, 1455289, -438106, -73997, 2237343, 2434470, 1375152, 515246, 107291, 1044990, 221330, 1209697, 1711576, 1125170, -669988, 828270, 'Right']
[2547641, 1460889, -437374, -69077, 2242071, 2392660, 1380118, 520865, 119555, 1054795, 188768, 1140640, 1705888, 1053977, -663633, 810312, 'Right']
[2600667, 1454502, -437299, -74825, 2236583, 2437065, 1374538, 515568, 107676, 1046026, 216668, 1199063, 1711736, 1121138, -668984, 829898, 'Right']
[2544299, 1461567, -438226, -68084, 2243338, 2386436, 1381233, 521598, 118927, 1054244, 193292, 1151865, 1705962, 1059288, -664268, 811111, 'Right']
[2604548, 1453649, -435954, -75823, 2235447, 2439175, 1374005, 514622, 107824, 1046537, 211028, 1186973, 1710980, 1115100, -668444, 830018, 'Right']
[2543299, 1462632, -438205, -67088, 2243311, 2382591, 1381597, 523475, 118284, 1053623, 199008, 1164923, 1705722, 1066741, -664789, 811853, 'Right']
[2606442, 1453521, -434346, -76545, 2234010, 2439742, 1372794, 513555, 109314, 1048020, 205316, 1173443, 1710829, 1107766, -667585, 830644, 'Right']
[2544841, 1463358, -438880, -66543, 2244282, 2381127, 1381292, 523588, 116829, 1052349, 205271, 1178889, 1705772, 1075742, -666401, 812947, 'Right']
[2606251, 1453480, -433792, -77126, 2234042, 2438060, 1372911, 514025, 111095, 1049438, 198897, 1160051, 1710449, 1098368, -666219, 829984, 'Right']
[2548115, 1462889, -440042, -66825, 2244143, 2380984, 1380349, 524078, 115289, 1050625, 210735, 1191960, 1706241, 1084857, -667966, 814103, 'Right']
[2604028, 1453857, -432798, -76547, 2234855, 2434516, 1373929, 512942, 112763, 1050775, 192678, 1147113, 1709573, 1088077, -665332, 828393, 'Right']
[2553158, 1461842, -439959, -67497, 2244159, 2382975, 1380763, 523513, 113997, 1049508, 216236, 1203655, 1706877, 1094767, -668482, 816245, 'Right']
[2601093, 1453484, -432875, -77169, 2234434, 2430307, 1373118, 515732, 113888, 1051205, 188142, 1136530, 1708329, 1078421, -664564, 826156, 'Right']
[2560586, 1461844, -440277, -67435, 2244072, 2387144, 1379846, 523431, 111799, 1047633, 221460, 1214512, 1707203, 1104094, -669701, 818709, 'Right']
[2596980, 1455117, -431908, -75245, 2235942, 2424922, 1375902, 516138, 116083, 1052946, 184296, 1128359, 1708117, 1069145, -663139, 824197, 'Right']
[2569317, 1461027, -439858, -68044, 2243481, 2392964, 1379188, 522859, 111124, 1047244, 225214, 1222021, 1708311, 1112444, -669310, 822042, 'Right']
[2591524, 1456028, -432483, -74821, 2236307, 2418320, 1375421, 516650, 117564, 1054058, 181415, 1122743, 1706643, 1061173, -662942, 821942, 'Right']
[2578874, 1459625, -440173, -69857, 2241413, 2399466, 1377894, 521640, 109349, 1045743, 227265, 1225951, 1708142, 1119804, -670553, 824521, 'Right']
[2585805, 1457793, -432837, -73654, 2237803, 2410359, 1377181, 516997, 118539, 1054520, 180635, 1121285, 1705735, 1055568, -663000, 818963, 'Right']
[2588830, 1459529, -439013, -70621, 2241062, 2406305, 1376898, 521378, 109189, 1045834, 228215, 1226503, 1709665, 1124204, -670170, 826820, 'Right']
[2580086, 1459087, -433155, -72478, 2238637, 2403137, 1377853, 519823, 119538, 1055051, 181964, 1123007, 1705654, 1051740, -662651, 816958, 'Right']
[2598921, 1458084, -438473, -72358, 2238366, 2413787, 1376352, 519029, 108298, 1045310, 227645, 1223964, 1709677, 1126459, -670067, 828243, 'Right']
[2574745, 1459606, -434694, -72129, 2238445, 2395942, 1377373, 518822, 119322, 1054605, 183887, 1127949, 1704836, 1050210, -663547, 814067, 'Right']
[2608173, 1456925, -438267, -73640, 2237059, 2421188, 1374168, 518469, 107191, 1044969, 225430, 1218368, 1709704, 1126045, -670787, 829075, 'Right']
[2569426, 1461664, -435520, -70059, 2240304, 2389822, 1378776, 522533, 119767, 1055130, 187456, 1135472, 1704624, 1051301, -663365, 813123, 'Right']
[2615133, 1456074, -437387, -74996, 2236322, 2427535, 1374932, 515705, 107365, 1045734, 221906, 1209085, 1710602, 1124251, -669173, 830908, 'Right']
[2565505, 1461694, -437366, -69690, 2241246, 2384918, 1380026, 523392, 118821, 1054266, 191421, 1144914, 1704441, 1054916, -663856, 812248, 'Right']
[2621038, 1454916, -436704, -75788, 2235330, 2433039, 1373817, 517353, 107494, 1046194, 217014, 1197844, 1710091, 1119561, -668461, 832228, 'Right']
[2563820, 1462451, -438486, -68680, 2242280, 2382136, 1381087, 525209, 117926, 1053545, 196640, 1156686, 1704155, 1060766, -664425, 812920, 'Right']
[2625132, 1454665, -435727, -76740, 2234522, 2436637, 1373490, 516201, 108296, 1046980, 211254, 1184760, 1709721, 1112975, -667229, 832426, 'Right']
[2564477, 1462972, -439775, -68515, 2242365, 2380225, 1380518, 524078, 116938, 1052558, 202455, 1169538, 1704217, 1068389, -665670, 813005, 'Right']
[2628002, 1454650, -434799, -77393, 2233908, 2438345, 1372863, 516674, 109316, 1048081, 205618, 1171690, 1709178, 1104691, -666609, 831423, 'Right']
[2568007, 1463639, -439842, -68283, 2242775, 2380429, 1380427, 524286, 115975, 1051517, 208877, 1183571, 1704491, 1077220, -666506, 814063, 'Right']
[2629250, 1454566, -433645, -78368, 2233035, 2437456, 1372098, 514809, 111053, 1049007, 199977, 1158760, 1708788, 1095050, -665785, 829998, 'Right']
[2572975, 1463794, -439791, -68549, 2242842, 2381783, 1380179, 523525, 114895, 1050025, 214617, 1196523, 1705361, 1085941, -667450, 814980, 'Right']
[2627965, 1455528, -432766, -77739, 2233814, 2434943, 1373660, 515718, 112706, 1050425, 194006, 1146133, 1708375, 1084632, -664580, 827651, 'Right']
[2579591, 1463520, -439587, -68519, 2242849, 2385880, 1380709, 525399, 113853, 1049566, 220041, 1207909, 1706727, 1096304, -667225, 817755, 'Right']
[2625264, 1455025, -432465, -78270, 2233371, 2431254, 1372645, 514573, 114250, 1051611, 189299, 1135802, 1707840, 1075045, -663816, 825663, 'Right']
[2587852, 1462407, -440677, -69420, 2241945, 2391112, 1378043, 524298, 110905, 1046855, 225013, 1218249, 1706772, 1105199, -669593, 819431, 'Right']
[2620871, 1456544, -432281, -76945, 2234581, 2426137, 1375578, 515567, 116465, 1053441, 185686, 1127651, 1707182, 1066116, -662300, 824229, 'Right']
[2596495, 1461391, -440427, -70641, 2240961, 2397571, 1377153, 521876, 109747, 1046001, 228380, 1224146, 1707618, 1113472, -669886, 822530, 'Right']
[2615432, 1456432, -433054, -77143, 2234555, 2420181, 1374251, 517727, 116711, 1053120, 183440, 1122967, 1705705, 1058881, -663219, 821264, 'Right']
[2605667, 1460877, -440225, -71211, 2240544, 2404733, 1376452, 521555, 108256, 1044749, 229908, 1227887, 1707513, 1119345, -671425, 825123, 'Right']
[2608574, 1458554, -432903, -75167, 2236435, 2412906, 1376538, 516895, 118881, 1054637, 182309, 1121521, 1705084, 1053003, -663388, 819398, 'Right']
[2615392, 1459627, -439110, -72676, 2238841, 2412679, 1376229, 520222, 107861, 1044747, 229640, 1227220, 1708201, 1123706, -671251, 828536, 'Right']
[2602411, 1459677, -433771, -74281, 2237369, 2405971, 1376769, 519300, 118924, 1054127, 182676, 1124047, 1703875, 1049870, -664130, 817596, 'Right']
[2624815, 1459069, -438592, -73900, 2237843, 2420969, 1374468, 518336, 107559, 1044506, 227653, 1223425, 1708443, 1125425, -672021, 830538, 'Right']
[2596854, 1462041, -434503, -72510, 2238617, 2400267, 1377682, 519588, 120044, 1055077, 184882, 1129411, 1703548, 1049578, -664945, 815736, 'Right']
[2633473, 1458587, -437694, -75092, 2235960, 2428535, 1373535, 516213, 107318, 1045273, 225179, 1216848, 1709299, 1125537, -671952, 831510, 'Right']
[2590994, 1463223, -436246, -71336, 2239315, 2393952, 1378002, 521016, 120087, 1055235, 187817, 1136968, 1703919, 1050963, -665414, 814073, 'Right']
[2639604, 1457521, -437174, -76111, 2234725, 2434480, 1372072, 515649, 107188, 1045309, 220562, 1206728, 1709659, 1122305, -671822, 831984, 'Right']
[2587061, 1464071, -436455, -69628, 2240786, 2389557, 1379627, 523293, 119619, 1054895, 192500, 1147106, 1704159, 1055325, -665957, 813429, 'Right']
[2644464, 1456509, -435341, -77012, 2233926, 2439548, 1371582, 515320, 107952, 1046427, 216337, 1195086, 1709723, 1117311, -670838, 833869, 'Right']
[2585669, 1463961, -437331, -69624, 2241279, 2386799, 1380231, 521838, 118147, 1053150, 198686, 1160291, 1703276, 1061230, -667134, 815194, 'Right']
[2648485, 1455720, -434217, -78124, 2232561, 2442850, 1371192, 513774, 108421, 1046573, 211404, 1183775, 1708300, 1110009, -670594, 834242, 'Right']
[2586362, 1464794, -437676, -68822, 2241934, 2385413, 1379569, 523662, 117650, 1052180, 205326, 1174857, 1703003, 1069004, -668329, 815685, 'Right']
[2649867, 1455856, -432566, -78569, 2232677, 2443583, 1371393, 512568, 110341, 1047942, 205867, 1170878, 1708224, 1101612, -669206, 833945, 'Right']
[2588567, 1465702, -437910, -68210, 2242894, 2385992, 1379030, 523636, 117045, 1051266, 211562, 1188714, 1703929, 1077997, -669532, 816302, 'Right']
[2648153, 1455938, -433027, -78989, 2232625, 2442184, 1370595, 511853, 112392, 1049219, 199534, 1157493, 1708432, 1091388, -668232, 831670, 'Right']
[2591659, 1465396, -439752, -68210, 2242866, 2387540, 1378872, 523589, 115652, 1049516, 216580, 1200815, 1705232, 1086602, -670423, 817310, 'Right']
[2644552, 1457018, -432710, -77675, 2233191, 2439631, 1373157, 514343, 114178, 1050884, 193500, 1144901, 1708410, 1080983, -666469, 830131, 'Right']
[2596865, 1464815, -440730, -68603, 2241781, 2391783, 1377551, 523355, 113036, 1048082, 222050, 1212487, 1705934, 1096971, -669940, 819452, 'Right']
[2639540, 1457018, -433287, -77712, 2232632, 2435209, 1373199, 513509, 114904, 1051781, 188546, 1134627, 1706815, 1071213, -665843, 826793, 'Right']
[2603370, 1463584, -441787, -69576, 2241224, 2397089, 1377105, 521973, 111274, 1046937, 225995, 1221108, 1706704, 1105955, -671650, 821654, 'Right']
[2632933, 1457893, -433922, -76560, 2234244, 2429390, 1373141, 515782, 116071, 1052816, 184632, 1127301, 1706314, 1062561, -665734, 824319, 'Right']
[2610562, 1462777, -441312, -69784, 2241295, 2403347, 1376272, 522484, 109833, 1046309, 228427, 1226498, 1707402, 1113636, -672399, 825117, 'Right']
[2625276, 1458303, -434229, -75816, 2235438, 2422212, 1374897, 515290, 117601, 1053785, 182686, 1122742, 1705635, 1055820, -665580, 823190, 'Right']
[2618288, 1461381, -441708, -70951, 2240485, 2409953, 1376584, 521938, 108532, 1045023, 229856, 1228313, 1708371, 1119409, -673332, 828453, 'Right']
[2616885, 1460286, -435150, -74075, 2237428, 2414727, 1375630, 517838, 118792, 1054691, 182226, 1121134, 1705469, 1050777, -665465, 821702, 'Right']
[2626845, 1461319, -440914, -71810, 2239290, 2417597, 1374805, 521508, 108108, 1045379, 229703, 1225949, 1709515, 1123334, -673472, 831648, 'Right']
[2610044, 1462227, -435188, -72704, 2238096, 2407717, 1376720, 519288, 119879, 1055369, 183655, 1123604, 1705544, 1048654, -665241, 820599, 'Right']
[2635794, 1460819, -439215, -73214, 2237813, 2425805, 1373756, 518974, 107757, 1045170, 228746, 1221846, 1709884, 1125345, -672995, 833293, 'Right']
[2603169, 1464047, -435350, -71600, 2239804, 2401359, 1377339, 520763, 120634, 1055566, 186612, 1129953, 1704154, 1049042, -664784, 818774, 'Right']
[2642285, 1459758, -438428, -75555, 2236764, 2432468, 1371825, 516153, 107682, 1044965, 225497, 1214365, 1709210, 1123973, -672092, 834752, 'Right']
[2596461, 1465078, -436363, -71119, 2241352, 2395534, 1377424, 522003, 120456, 1054719, 189885, 1138661, 1703422, 1050744, -665480, 816388, 'Right']
[2646918, 1458629, -436820, -76882, 2235651, 2438567, 1372902, 514854, 108135, 1045386, 220894, 1204414, 1709623, 1120434, -671332, 834619, 'Right']
[2591024, 1465918, -436860, -69982, 2242045, 2391511, 1378860, 523468, 120069, 1054531, 194593, 1149988, 1703990, 1055362, -665368, 815802, 'Right']
[2648833, 1458318, -435707, -77750, 2235162, 2442494, 1370817, 513451, 108740, 1046761, 215618, 1192866, 1709965, 1115125, -669980, 834886, 'Right']
[2586529, 1466752, -438346, -68994, 2243100, 2388557, 1378052, 524791, 119170, 1054026, 199451, 1162303, 1704160, 1061968, -666486, 814964, 'Right']
[2648107, 1457815, -435220, -78111, 2234513, 2445301, 1370725, 514607, 109697, 1047877, 209506, 1179513, 1709738, 1107988, -668733, 834836, 'Right']
[2583267, 1466707, -439262, -68770, 2243636, 2387455, 1378166, 524773, 118082, 1052891, 205497, 1175921, 1704294, 1070236, -667264, 816245, 'Right']
[2644291, 1457358, -434471, -78733, 2234356, 2445895, 1371538, 513907, 110808, 1048658, 203382, 1165952, 1709052, 1098437, -667292, 833862, 'Right']
[2581343, 1466660, -439941, -68658, 2245136, 2388764, 1378473, 524266, 116751, 1051447, 211685, 1189202, 1704789, 1078672, -666079, 818106, 'Right']
[2638159, 1457112, -433764, -79210, 2233899, 2444062, 1370840, 513444, 112156, 1049703, 197469, 1152495, 1707952, 1088289, -665690, 832344, 'Right']
[2581519, 1466336, -440742, -69154, 2243519, 2389971, 1379511, 524419, 114584, 1049630, 217711, 1201872, 1705103, 1088571, -667678, 819196, 'Right']
[2630672, 1458700, -433243, -78220, 2234274, 2440017, 1372348, 515029, 113994, 1051510, 192707, 1141072, 1708059, 1078812, -664485, 830208, 'Right']
[2582412, 1466213, -441316, -69664, 2243133, 2393922, 1377634, 524313, 113168, 1049010, 223506, 1212608, 1706269, 1098718, -668637, 821371, 'Right']
[2620022, 1459292, -433711, -78031, 2233752, 2434976, 1371829, 516499, 115515, 1052656, 188621, 1131164, 1706781, 1069359, -665042, 827447, 'Right']
[2583968, 1465964, -441587, -69915, 2242496, 2399631, 1378981, 524035, 111868, 1047901, 228239, 1220845, 1707397, 1107966, -670922, 823650, 'Right']
[2608438, 1459574, -433631, -77598, 2234689, 2429648, 1375009, 516576, 117513, 1053981, 185819, 1124450, 1706858, 1061432, -663872, 825795, 'Right']
[2586523, 1464014, -442011, -71755, 2240516, 2405953, 1374742, 522118, 109659, 1045517, 230581, 1226411, 1707672, 1114767, -672262, 825293, 'Right']
[2595062, 1460397, -433970, -76617, 2235665, 2422291, 1375136, 518380, 118813, 1054469, 182955, 1121117, 1705325, 1054045, -664599, 821799, 'Right']
[2589203, 1463158, -440595, -72239, 2240037, 2413620, 1376385, 521202, 108679, 1045073, 230421, 1228086, 1708289, 1120422, -671617, 827345, 'Right']
[2582436, 1461154, -434204, -76177, 2235874, 2415740, 1374541, 517332, 119288, 1054831, 182210, 1121958, 1704668, 1050392, -664121, 819306, 'Right']
[2593069, 1462344, -439655, -73780, 2238513, 2421902, 1374581, 520870, 107628, 1044456, 229495, 1227230, 1708377, 1123748, -672908, 828587, 'Right']
[2569425, 1463790, -434281, -74127, 2238468, 2408450, 1375988, 520324, 120963, 1055559, 182665, 1126188, 1704297, 1047910, -663936, 817355, 'Right']
[2594900, 1461522, -438348, -75509, 2237044, 2429282, 1372635, 517978, 108681, 1045205, 225360, 1221363, 1709644, 1124530, -671927, 830925, 'Right']
[2557408, 1464590, -435039, -73949, 2238389, 2402731, 1376644, 521480, 120947, 1054873, 183460, 1132344, 1703958, 1048704, -664673, 815285, 'Right']
[2597544, 1459939, -437272, -77580, 2235335, 2437093, 1372374, 517199, 108196, 1044633, 220752, 1213885, 1709666, 1122986, -671532, 831530, 'Right']
[2547310, 1465513, -435799, -72687, 2240106, 2397707, 1376898, 520986, 120878, 1054159, 187225, 1142651, 1703353, 1051036, -665158, 813885, 'Right']
[2598017, 1458526, -435772, -78976, 2234200, 2443345, 1370914, 515226, 108868, 1045037, 216180, 1203672, 1709764, 1118963, -670965, 832135, 'Right']
[2538947, 1465769, -437260, -71876, 2241082, 2394527, 1377413, 523539, 119761, 1052740, 192148, 1154274, 1703686, 1055674, -666403, 812918, 'Right']
[2596681, 1458084, -435370, -79369, 2233848, 2448210, 1370518, 515397, 109560, 1045849, 210908, 1191131, 1710091, 1112436, -670270, 832704, 'Right']
[2532569, 1466293, -438641, -71034, 2241997, 2393197, 1379030, 523265, 119316, 1052246, 198412, 1166529, 1704634, 1062836, -667155, 813257, 'Right']
[2593218, 1457039, -435907, -80586, 2232537, 2451217, 1369802, 514304, 109987, 1046384, 205899, 1177413, 1709874, 1104866, -669844, 831750, 'Right']
[2528098, 1465996, -441206, -71100, 2241747, 2394199, 1378267, 523492, 116784, 1050438, 205041, 1180012, 1704424, 1070864, -669167, 813201, 'Right']
[2588302, 1456962, -435932, -80511, 2231991, 2453414, 1370792, 514779, 110966, 1047784, 200386, 1163919, 1709039, 1095714, -668844, 830247, 'Right']
[2525968, 1465736, -442009, -70876, 2241268, 2397104, 1377610, 523106, 115596, 1049296, 211520, 1193772, 1705109, 1080782, -670225, 814639, 'Right']
[2581476, 1455913, -435593, -81716, 2231165, 2453180, 1369745, 512051, 111934, 1048342, 194651, 1151480, 1708563, 1085901, -668524, 828325, 'Right']
[2525682, 1465414, -442771, -71196, 2241551, 2401948, 1376678, 522583, 112860, 1047202, 217517, 1207129, 1704995, 1090553, -671910, 815717, 'Right']
[2571639, 1457545, -435004, -80251, 2232485, 2451075, 1370852, 514592, 113857, 1050148, 189273, 1140226, 1707448, 1075384, -666963, 826463, 'Right']
[2526599, 1464667, -442870, -71984, 2240974, 2408091, 1377246, 522425, 111739, 1046198, 222633, 1216959, 1706415, 1099573, -671549, 818961, 'Right']
[2561811, 1457988, -434663, -80161, 2232669, 2447764, 1371957, 514767, 114889, 1050591, 186046, 1131857, 1706787, 1066052, -666566, 823904, 'Right']
[2529051, 1464810, -441924, -71921, 2240685, 2414908, 1376757, 522563, 110775, 1045448, 226731, 1224449, 1707616, 1108126, -672312, 820978, 'Right']
[2550255, 1459608, -433975, -78820, 2234177, 2442337, 1372699, 514991, 117409, 1052386, 183356, 1125103, 1706790, 1058181, -665966, 821738, 'Right']
[2532864, 1463241, -441446, -73458, 2239139, 2423344, 1375273, 520943, 109362, 1044045, 229059, 1228270, 1708889, 1115099, -674000, 823464, 'Right']
[2538656, 1459918, -434223, -78325, 2234133, 2436664, 1372639, 516024, 118407, 1052582, 181679, 1122570, 1706255, 1051900, -666630, 819115, 'Right']
[2537441, 1461422, -440717, -74900, 2237732, 2431620, 1373096, 519099, 108086, 1042987, 229352, 1228845, 1709224, 1119787, -675197, 825238, 'Right']
[2527891, 1459682, -434620, -77577, 2235340, 2430734, 1374166, 518160, 117838, 1051909, 182002, 1123855, 1705089, 1047557, -667484, 816274, 'Right']
[2542142, 1459563, -439699, -75925, 2237199, 2440161, 1372957, 518461, 106369, 1042181, 228391, 1226924, 1709312, 1122024, -674945, 827231, 'Right']
[2516021, 1460626, -434889, -75829, 2236810, 2424153, 1375387, 518700, 118266, 1052673, 183617, 1127959, 1704482, 1046069, -667303, 815331, 'Right']
[2545495, 1457879, -438617, -77053, 2235336, 2447978, 1372809, 517402, 105299, 1042239, 226647, 1220821, 1709370, 1122650, -674728, 829734, 'Right']
[2505202, 1461635, -435462, -74320, 2238203, 2418068, 1376724, 520340, 118192, 1052802, 187410, 1134886, 1704469, 1046950, -667226, 814042, 'Right']
[2548123, 1456017, -436930, -78837, 2234229, 2454785, 1370849, 515916, 105089, 1042526, 223483, 1211743, 1709968, 1120659, -673803, 831412, 'Right']
[2496751, 1461252, -436656, -73876, 2239064, 2412920, 1377643, 520340, 116677, 1051141, 192090, 1144861, 1703954, 1050380, -667486, 813082, 'Right']
[2549406, 1454546, -436368, -80002, 2232213, 2459697, 1369993, 515696, 104738, 1042440, 218897, 1201036, 1709728, 1116394, -672812, 831561, 'Right']
[2489909, 1462376, -437710, -72393, 2239918, 2409104, 1377789, 522581, 115942, 1050460, 197001, 1156567, 1703799, 1055683, -668234, 813090, 'Right']
[2550000, 1454635, -435451, -80466, 2231724, 2464005, 1370811, 514615, 105706, 1043717, 213447, 1188568, 1709351, 1109774, -671610, 832087, 'Right']
[2486849, 1462614, -439149, -72696, 2239748, 2407766, 1377725, 521988, 115190, 1049912, 203190, 1170265, 1704011, 1063267, -668758, 813239, 'Right']
[2548864, 1454573, -435184, -81419, 2230995, 2465909, 1369349, 513210, 105742, 1043489, 207911, 1176203, 1708279, 1101169, -672022, 830295, 'Right']
[2484935, 1464630, -439374, -70949, 2241353, 2407465, 1378117, 524253, 114820, 1049372, 209638, 1184010, 1704340, 1071751, -669389, 814652, 'Right']
[2545700, 1454986, -433449, -81793, 2231251, 2465733, 1371106, 512838, 109175, 1046423, 202349, 1161860, 1709035, 1092506, -669451, 830852, 'Right']
[2486454, 1464203, -440528, -72070, 2240600, 2409188, 1378306, 524199, 112855, 1047288, 216840, 1197554, 1705042, 1081471, -670843, 816072, 'Right']
[2541638, 1456056, -433716, -81732, 2230843, 2463233, 1370574, 513688, 110452, 1047483, 198102, 1150373, 1707986, 1082317, -668528, 829118, 'Right']
[2489326, 1465482, -440448, -71628, 2240576, 2412233, 1378231, 523953, 112307, 1046753, 223204, 1209936, 1706022, 1091309, -671715, 817909, 'Right']
[2535513, 1456792, -432729, -81758, 2231021, 2459092, 1370881, 515373, 113122, 1048974, 193337, 1139161, 1707927, 1072261, -666996, 827149, 'Right']
[2495007, 1464822, -440418, -72634, 2240366, 2417489, 1377536, 523071, 110289, 1044455, 228974, 1220386, 1705926, 1100133, -672558, 820194, 'Right']
[2528723, 1458721, -432358, -80574, 2231729, 2453731, 1371949, 514679, 115293, 1050664, 191329, 1132045, 1706071, 1063296, -665664, 824707, 'Right']
[2501052, 1464301, -440466, -73696, 2238891, 2423088, 1375316, 522529, 109588, 1044280, 233546, 1227585, 1706603, 1108799, -672500, 822238, 'Right']
[2520324, 1460460, -433049, -79455, 2232961, 2446781, 1373306, 515570, 116377, 1051571, 189407, 1127244, 1704703, 1055740, -665881, 822031, 'Right']
[2507206, 1464165, -439687, -74094, 2238152, 2429746, 1375142, 521913, 109088, 1044457, 235398, 1230754, 1707594, 1115412, -672083, 825304, 'Right']
[2511281, 1461138, -432619, -79089, 2233209, 2439644, 1373721, 515337, 117754, 1052405, 188461, 1125051, 1704275, 1050406, -665478, 819614, 'Right']
[2514397, 1463454, -438634, -75387, 2236871, 2436713, 1373270, 519006, 107673, 1043071, 235919, 1230928, 1707550, 1119565, -673382, 826618, 'Right']
[2502316, 1463255, -432268, -76958, 2234795, 2432208, 1374506, 519654, 119562, 1053713, 188526, 1126203, 1703914, 1046862, -664510, 818268, 'Right']
[2521891, 1461954, -437547, -76903, 2235133, 2445498, 1371995, 518745, 107047, 1042956, 234587, 1227788, 1708124, 1122800, -673065, 830204, 'Right']
[2493922, 1464117, -433710, -76229, 2235251, 2425598, 1375183, 518321, 119082, 1052907, 190515, 1132285, 1702961, 1046142, -665832, 816153, 'Right']
[2527716, 1461628, -436816, -77698, 2233650, 2451561, 1371301, 516863, 106872, 1042928, 230912, 1221789, 1708867, 1122020, -673230, 830967, 'Right']
[2486598, 1465546, -434922, -75196, 2236086, 2418483, 1376137, 519989, 119554, 1053377, 192479, 1139813, 1703476, 1047773, -666100, 815041, 'Right']
[2533417, 1460654, -436414, -79618, 2231580, 2457486, 1370184, 515770, 106408, 1042948, 226401, 1213278, 1709079, 1119610, -673357, 831924, 'Right']
[2480191, 1467496, -435919, -73515, 2238114, 2412390, 1375686, 521715, 119341, 1053117, 196140, 1150533, 1703213, 1050918, -667090, 813875, 'Right']
[2535715, 1459904, -435208, -80442, 2231623, 2460759, 1370202, 514347, 107715, 1044245, 219844, 1201036, 1709025, 1114359, -672599, 832446, 'Right']
[2475433, 1467410, -437112, -72648, 2239531, 2407545, 1378059, 522664, 119206, 1052170, 199594, 1161531, 1703694, 1056631, -667764, 813126, 'Right']
[2536381, 1459083, -433930, -80523, 2231187, 2462585, 1370552, 515595, 108973, 1045084, 212764, 1187528, 1709384, 1107072, -671154, 832546, 'Right']
[2473747, 1467370, -437703, -72145, 2239337, 2405376, 1377979, 524032, 117410, 1050341, 204643, 1174733, 1704095, 1064116, -668931, 813956, 'Right']
[2535920, 1458606, -433577, -81708, 2229936, 2462648, 1368874, 513169, 109269, 1045562, 206451, 1174302, 1708954, 1099001, -670670, 831301, 'Right']
[2473511, 1467977, -439050, -71927, 2239605, 2403712, 1376214, 522814, 115870, 1049231, 210292, 1188059, 1704861, 1073341, -670589, 813883, 'Right']
