[2390072, 2659769, 1819944, 1792731, 3124571, 1325777, 1023210, 3067400, 1806784, 2570480, 1484993, 273950, 2807289, 1479243, 1159040, 1511709, 'Right']
[2390754, 2661683, 1814673, 1783095, 3117580, 1323319, 1024258, 3053238, 1805921, 2570139, 1511094, 277662, 2836828, 1484408, 1197250, 1549351, 'Right']
[2390464, 2660558, 1819192, 1791593, 3123649, 1325420, 1023167, 3061673, 1806896, 2570650, 1482463, 273265, 2808509, 1477413, 1158950, 1510690, 'Right']
[2390980, 2662089, 1815805, 1784474, 3118871, 1323680, 1023287, 3058638, 1805967, 2570238, 1513217, 278995, 2835604, 1485614, 1196620, 1549465, 'Right']
[2390533, 2660894, 1818282, 1790610, 3122071, 1325362, 1021654, 3056330, 1807166, 2570701, 1481136, 273033, 2810120, 1476234, 1160970, 1510757, 'Right']
[2390710, 2661652, 1817038, 1785514, 3120316, 1323749, 1023626, 3062194, 1805814, 2569961, 1514248, 279353, 2834042, 1486261, 1195868, 1548918, 'Right']
[2390364, 2660718, 1817582, 1789124, 3120952, 1325823, 1023771, 3052600, 1807271, 2570357, 1480529, 272230, 2812238, 1475154, 1163448, 1511805, 'Right']
[2390751, 2661229, 1818286, 1786845, 3121737, 1324462, 1023301, 3068866, 1805903, 2569775, 1514308, 279509, 2831419, 1487430, 1193691, 1547852, 'Right']
[2390448, 2660576, 1815623, 1786905, 3118751, 1324974, 1022588, 3046991, 1807589, 2570443, 1481328, 271858, 2815185, 1474987, 1167227, 1514285, 'Right']
[2390756, 2660738, 1818442, 1787692, 3122836, 1324396, 1024700, 3073898, 1805655, 2569608, 1513597, 279421, 2828491, 1487330, 1190901, 1545253, 'Right']
[2390669, 2660894, 1813934, 1784877, 3117468, 1324314, 1023453, 3042961, 1807573, 2570510, 1483082, 271960, 2818807, 1474807, 1171451, 1517837, 'Right']
[2390651, 2660595, 1819683, 1789005, 3124132, 1324318, 1023130, 3075623, 1805941, 2569902, 1511756, 279760, 2824507, 1487225, 1185654, 1540855, 'Right']
[2390380, 2661032, 1813417, 1783442, 3116611, 1323735, 1022977, 3040684, 1807545, 2570393, 1485710, 272357, 2822100, 1475048, 1175011, 1522064, 'Right']
[2390686, 2660771, 1820650, 1790650, 3125169, 1324823, 1022957, 3078482, 1806066, 2569843, 1508625, 279511, 2820961, 1486776, 1180502, 1536276, 'Right']
[2390574, 2661543, 1813370, 1782737, 3115897, 1323508, 1023426, 3039690, 1807796, 2570534, 1489165, 273377, 2825643, 1475961, 1180261, 1526585, 'Right']
[2390612, 2660779, 1821985, 1792117, 3125954, 1325223, 1022914, 3079541, 1806168, 2569985, 1505048, 279377, 2817672, 1486123, 1176579, 1531658, 'Right']
[2391113, 2662245, 1813669, 1782828, 3115941, 1324129, 1024172, 3040027, 1807678, 2570606, 1493442, 274438, 2829947, 1477474, 1186045, 1532630, 'Right']
[2390588, 2660721, 1822548, 1792702, 3126527, 1325450, 1022591, 3078641, 1806739, 2570348, 1500595, 279004, 2813906, 1485022, 1171695, 1526412, 'Right']
[2391110, 2662332, 1813737, 1781941, 3116206, 1323778, 1025307, 3040974, 1807460, 2570364, 1497981, 275226, 2832976, 1478853, 1191277, 1537892, 'Right']
[2391163, 2660978, 1823266, 1793344, 3126891, 1326046, 1024404, 3078159, 1807184, 2570599, 1496146, 278092, 2811570, 1483948, 1168500, 1521972, 'Right']
[2391114, 2662280, 1813616, 1781080, 3115636, 1322745, 1023671, 3042203, 1807352, 2570397, 1502993, 276481, 2835491, 1480720, 1194830, 1542777, 'Right']
[2390979, 2660893, 1821810, 1792760, 3125736, 1325839, 1022339, 3073859, 1806978, 2570246, 1491294, 276522, 2809030, 1481789, 1163636, 1516897, 'Right']
[2391374, 2662468, 1813528, 1781170, 3115857, 1323273, 1022921, 3046597, 1807079, 2570322, 1506934, 277495, 2836438, 1482256, 1196691, 1546204, 'Right']
[2390665, 2660682, 1820717, 1792125, 3125185, 1325647, 1022175, 3070242, 1807247, 2570438, 1487404, 275634, 2807907, 1479887, 1161054, 1513916, 'Right']
[2390976, 2662084, 1814111, 1781468, 3117216, 1322840, 1023452, 3050115, 1806743, 2570023, 1510354, 278229, 2836946, 1483510, 1197844, 1548948, 'Right']
[2390637, 2660716, 1819493, 1791032, 3124325, 1325305, 1021847, 3064143, 1807423, 2570392, 1484255, 274510, 2807700, 1478105, 1159957, 1511544, 'Right']
[2391115, 2662044, 1814851, 1782213, 3118773, 1323048, 1023743, 3055681, 1806563, 2570008, 1513015, 279256, 2836287, 1485129, 1197867, 1549971, 'Right']
[2391081, 2660937, 1819119, 1790036, 3123768, 1325175, 1024190, 3059759, 1807845, 2570643, 1482284, 273935, 2809048, 1476957, 1160748, 1510800, 'Right']
[2391699, 2662219, 1817049, 1783823, 3120089, 1323354, 1023713, 3061884, 1807015, 2570290, 1514753, 280176, 2834874, 1486430, 1197717, 1550272, 'Right']
[2391568, 2661520, 1818427, 1789045, 3122373, 1325216, 1022841, 3055328, 1808619, 2570845, 1481969, 273873, 2811454, 1476272, 1163094, 1511990, 'Right']
[2392092, 2662543, 1818541, 1785322, 3121811, 1323484, 1022842, 3066532, 1807429, 2570335, 1515792, 281239, 2832904, 1487402, 1194643, 1549244, 'Right']
[2391728, 2662066, 1817787, 1787206, 3120586, 1324374, 1022861, 3049621, 1808898, 2570650, 1482512, 273904, 2814290, 1475472, 1164717, 1513828, 'Right']
[2391741, 2662219, 1819172, 1786183, 3122709, 1323236, 1021975, 3070390, 1807193, 2570000, 1515348, 281329, 2830542, 1487554, 1191634, 1547026, 'Right']
[2391247, 2661763, 1815422, 1784713, 3118477, 1323469, 1021844, 3044657, 1808292, 2570172, 1482924, 273008, 2817470, 1474572, 1168281, 1516366, 'Right']
[2391410, 2661641, 1820320, 1787599, 3123700, 1323466, 1022206, 3074616, 1806725, 2569613, 1513128, 280783, 2826749, 1487384, 1186780, 1542879, 'Right']
[2391057, 2661796, 1814707, 1783872, 3117703, 1323391, 1024240, 3042168, 1808278, 2570114, 1484705, 273088, 2820926, 1474663, 1172013, 1520045, 'Right']
[2390823, 2661139, 1821022, 1789176, 3124715, 1323807, 1022786, 3077201, 1806738, 2569612, 1510424, 280499, 2822948, 1486880, 1181636, 1538637, 'Right']
[2390496, 2661522, 1814215, 1782171, 3116070, 1323122, 1022870, 3040712, 1808223, 2569853, 1487218, 273290, 2824244, 1475160, 1176418, 1524494, 'Right']
[2390376, 2660644, 1822041, 1790007, 3125343, 1324001, 1022062, 3079382, 1806539, 2568937, 1506505, 279492, 2819110, 1485628, 1176964, 1533360, 'Right']
[2390925, 2661992, 1814065, 1781405, 3115693, 1322949, 1022878, 3040416, 1808309, 2569758, 1491235, 273960, 2828275, 1475966, 1181892, 1529668, 'Right']
[2390751, 2660667, 1823182, 1791267, 3126292, 1324119, 1021503, 3079652, 1807104, 2569347, 1502733, 279053, 2815722, 1484809, 1171883, 1528316, 'Right']
[2391041, 2662061, 1814266, 1780751, 3115664, 1322228, 1022551, 3039984, 1808428, 2569778, 1496028, 274883, 2832011, 1477335, 1186800, 1534968, 'Right']
[2390790, 2660631, 1823138, 1791717, 3126123, 1324328, 1021479, 3078165, 1807822, 2569641, 1498447, 278260, 2812553, 1483331, 1166768, 1522596, 'Right']
[2391131, 2661999, 1814857, 1780625, 3115712, 1322222, 1024128, 3043324, 1808746, 2569863, 1501154, 276182, 2834150, 1479056, 1190062, 1539519, 'Right']
[2391028, 2660550, 1822919, 1791894, 3125825, 1324353, 1021320, 3075639, 1808011, 2569544, 1494151, 277365, 2810350, 1481502, 1163401, 1518637, 'Right']
[2391677, 2662444, 1814808, 1780561, 3115793, 1322065, 1023488, 3044657, 1808511, 2569732, 1506021, 277514, 2836522, 1480753, 1193893, 1544140, 'Right']
[2391125, 2660762, 1822451, 1791624, 3125055, 1324438, 1021735, 3071695, 1808331, 2569762, 1490306, 276687, 2808816, 1479831, 1160671, 1515302, 'Right']
[2391269, 2662360, 1815586, 1780985, 3116135, 1322364, 1022717, 3048808, 1807881, 2569622, 1509555, 278514, 2836727, 1482636, 1195662, 1547561, 'Right']
[2390537, 2660531, 1822049, 1791462, 3124399, 1325002, 1022707, 3068474, 1808226, 2569871, 1486467, 275633, 2807608, 1478501, 1159064, 1513201, 'Right']
[2390854, 2661955, 1816191, 1781581, 3117554, 1322323, 1023046, 3053706, 1807313, 2569195, 1512127, 279122, 2836577, 1483982, 1196721, 1550457, 'Right']
[2390560, 2660724, 1820674, 1790131, 3123703, 1324743, 1022551, 3063567, 1808299, 2569819, 1483356, 274471, 2808348, 1477090, 1158817, 1511864, 'Right']
[2390982, 2661820, 1817248, 1782313, 3118762, 1322068, 1022188, 3058639, 1807269, 2569158, 1514112, 279791, 2835665, 1485116, 1196638, 1550805, 'Right']
[2390393, 2660496, 1819710, 1788505, 3121998, 1323971, 1022115, 3057597, 1808423, 2569390, 1481712, 273567, 2809806, 1475502, 1159925, 1511275, 'Right']
[2390706, 2661385, 1818332, 1783231, 3119843, 1321804, 1021569, 3063487, 1806977, 2568757, 1515006, 280225, 2833640, 1485995, 1194635, 1550302, 'Right']
[2390736, 2661018, 1818518, 1787324, 3120701, 1323576, 1022007, 3051132, 1808515, 2569373, 1481545, 273323, 2812591, 1474888, 1162309, 1513065, 'Right']
[2390703, 2661258, 1819238, 1784852, 3121169, 1321841, 1022396, 3066981, 1807134, 2568798, 1515055, 280861, 2831254, 1486652, 1191881, 1548458, 'Right']
[2390457, 2660888, 1816513, 1785070, 3118378, 1322507, 1020032, 3045641, 1808523, 2569182, 1481640, 272955, 2814835, 1473818, 1165165, 1514474, 'Right']
[2391142, 2661505, 1821080, 1786990, 3123243, 1322405, 1023532, 3072575, 1807046, 2568618, 1514025, 280876, 2827880, 1486519, 1188506, 1545064, 'Right']
[2391009, 2661743, 1816410, 1784116, 3117978, 1322609, 1022857, 3042566, 1809307, 2569673, 1483934, 273624, 2818569, 1474429, 1169682, 1518322, 'Right']
[2390962, 2661502, 1821676, 1788246, 3124198, 1322784, 1022224, 3076431, 1807565, 2568903, 1512436, 281160, 2824566, 1486191, 1184064, 1541374, 'Right']
[2390386, 2661631, 1814345, 1782311, 3116420, 1321724, 1021143, 3040338, 1808833, 2569422, 1486338, 273730, 2821964, 1473944, 1173916, 1522527, 'Right']
[2390481, 2661122, 1821830, 1789234, 3125014, 1322770, 1022180, 3077760, 1806781, 2568836, 1508941, 280583, 2820573, 1485787, 1179134, 1536516, 'Right']
[2390769, 2662012, 1813607, 1781322, 3115490, 1322017, 1022972, 3038878, 1808540, 2569743, 1489466, 274280, 2825659, 1475329, 1178884, 1527237, 'Right']
[2390629, 2661030, 1822064, 1789984, 3125373, 1323241, 1021692, 3078699, 1807107, 2569265, 1505129, 280363, 2817051, 1485409, 1174119, 1531495, 'Right']
[2390656, 2662093, 1813440, 1780034, 3115332, 1321153, 1021995, 3037669, 1808501, 2569693, 1493785, 275266, 2829456, 1476403, 1183375, 1532355, 'Right']
[2390191, 2660647, 1821914, 1790165, 3125661, 1323171, 1021856, 3076722, 1807009, 2568765, 1500348, 279230, 2813555, 1483316, 1169047, 1525520, 'Right']
[2390156, 2661831, 1813045, 1779316, 3114775, 1321088, 1022332, 3039352, 1808007, 2569168, 1497961, 276041, 2832524, 1477605, 1187786, 1537111, 'Right']
[2390288, 2660754, 1821530, 1791377, 3125448, 1323849, 1020438, 3076256, 1807029, 2568879, 1495325, 278400, 2810994, 1482054, 1164678, 1520960, 'Right']
[2390630, 2662462, 1812984, 1780339, 3114756, 1321230, 1022204, 3042321, 1807828, 2569457, 1502676, 277640, 2834581, 1479786, 1191836, 1542272, 'Right']
[2390333, 2660959, 1821558, 1792413, 3124714, 1323606, 1021582, 3072048, 1807594, 2569438, 1491335, 278051, 2808133, 1480982, 1161123, 1516851, 'Right']
[2390753, 2662476, 1814121, 1780992, 3115340, 1320924, 1023515, 3044979, 1807925, 2569547, 1507487, 279250, 2835904, 1481528, 1194796, 1546793, 'Right']
[2389986, 2660394, 1821010, 1791442, 3124227, 1323334, 1022478, 3069013, 1808103, 2569528, 1487751, 277122, 2807845, 1479056, 1159888, 1514919, 'Right']
[2389901, 2661550, 1814457, 1780203, 3115984, 1320449, 1021492, 3049201, 1807557, 2568985, 1510530, 279629, 2836775, 1482870, 1196781, 1549876, 'Right']
[2389153, 2659886, 1820034, 1789415, 3123277, 1323102, 1021751, 3063017, 1807653, 2568815, 1483931, 275320, 2807735, 1476891, 1158534, 1512269, 'Right']
[2388637, 2660694, 1814949, 1780706, 3117561, 1321424, 1023358, 3055104, 1806616, 2568410, 1512135, 279984, 2836007, 1483966, 1196314, 1550658, 'Right']
[2387142, 2658601, 1818543, 1788067, 3122015, 1323326, 1021191, 3058915, 1806438, 2568404, 1480629, 274104, 2808678, 1475560, 1159271, 1511602, 'Right']
[2386694, 2659317, 1816144, 1781780, 3118684, 1321703, 1021849, 3060981, 1804414, 2567372, 1512320, 279814, 2834144, 1484658, 1195958, 1550358, 'Right']
[2385702, 2657954, 1817742, 1787011, 3120616, 1323671, 1021295, 3054077, 1805319, 2567895, 1479009, 273441, 2810229, 1474524, 1161808, 1511853, 'Right']
[2385316, 2658300, 1818629, 1783849, 3120222, 1323066, 1023231, 3066785, 1803311, 2567053, 1512583, 280411, 2831639, 1485603, 1194731, 1549406, 'Right']
[2384677, 2657411, 1818076, 1785877, 3119215, 1324306, 1021522, 3049457, 1804595, 2567928, 1478806, 273299, 2812805, 1474065, 1165400, 1513750, 'Right']
[2384727, 2657611, 1820915, 1786169, 3121815, 1324244, 1022405, 3072088, 1802734, 2567308, 1512156, 281001, 2828664, 1486728, 1191923, 1546662, 'Right']
[2384253, 2657134, 1817344, 1785067, 3117974, 1324574, 1022640, 3045448, 1804198, 2568094, 1480429, 273564, 2816205, 1473959, 1170110, 1517214, 'Right']
[2384207, 2657004, 1821832, 1788008, 3122799, 1324829, 1021273, 3074051, 1802031, 2567170, 1510714, 281108, 2825766, 1486354, 1189528, 1543935, 'Right']
[2384195, 2657553, 1816149, 1784342, 3116524, 1325187, 1022228, 3041573, 1803742, 2568032, 1482232, 273710, 2819756, 1473876, 1175285, 1520861, 'Right']
[2384215, 2657176, 1822943, 1790168, 3124314, 1326269, 1022246, 3077739, 1802161, 2567931, 1508105, 281527, 2821754, 1486683, 1185329, 1539336, 'Right']
[2383825, 2657595, 1815609, 1783009, 3115794, 1325084, 1022323, 3039163, 1803399, 2568463, 1485381, 274459, 2823477, 1475179, 1180658, 1525754, 'Right']
[2383512, 2656644, 1823405, 1790738, 3124731, 1326214, 1020455, 3077484, 1801542, 2567615, 1504255, 280405, 2818423, 1485591, 1180763, 1534781, 'Right']
[2383927, 2657901, 1815390, 1782396, 3115389, 1325612, 1023271, 3039976, 1803246, 2568383, 1488568, 274741, 2827280, 1475985, 1184967, 1530989, 'Right']
[2383524, 2656399, 1824283, 1791662, 3125183, 1326785, 1021836, 3079813, 1802059, 2567975, 1499916, 279909, 2814999, 1484793, 1175742, 1530066, 'Right']
[2384292, 2658041, 1815598, 1781759, 3114772, 1325160, 1023297, 3040880, 1803206, 2567996, 1492942, 275264, 2831036, 1476858, 1190363, 1536310, 'Right']
[2384664, 2657087, 1824873, 1793294, 3125362, 1327279, 1021047, 3079202, 1802757, 2568017, 1495538, 278913, 2811868, 1483317, 1171165, 1524518, 'Right']
[2385420, 2658657, 1815852, 1781777, 3114166, 1324518, 1021461, 3042712, 1803832, 2568300, 1498322, 276619, 2834115, 1479065, 1194215, 1541200, 'Right']
[2385558, 2657233, 1824621, 1793499, 3125058, 1326750, 1022684, 3075256, 1803659, 2568016, 1491084, 277657, 2809919, 1480901, 1166720, 1519224, 'Right']
[2386512, 2659121, 1816277, 1782534, 3114916, 1324184, 1022833, 3045408, 1804523, 2568225, 1503420, 277918, 2836419, 1480011, 1197957, 1545348, 'Right']
[2386373, 2657697, 1823721, 1793942, 3124190, 1326378, 1020525, 3071107, 1804876, 2568400, 1487483, 277153, 2808392, 1479129, 1163956, 1515323, 'Right']
[2386927, 2659446, 1816621, 1782951, 3115139, 1323563, 1022107, 3048271, 1804657, 2568238, 1507572, 279119, 2837202, 1481731, 1200157, 1548026, 'Right']
[2386680, 2658058, 1822921, 1792951, 3123253, 1325813, 1020965, 3065522, 1805087, 2568202, 1483983, 275842, 2808265, 1477401, 1163098, 1512433, 'Right']
[2387598, 2660144, 1817688, 1784054, 3116397, 1324118, 1023212, 3053456, 1804778, 2568318, 1510726, 280227, 2837402, 1483275, 1200844, 1549691, 'Right']
[2387653, 2659303, 1822347, 1792956, 3122443, 1326452, 1021748, 3062359, 1805940, 2569125, 1482071, 276046, 2809286, 1476353, 1163672, 1511571, 'Right']
[2388092, 2660504, 1818231, 1785176, 3117451, 1323861, 1021905, 3058511, 1805183, 2568878, 1513017, 281660, 2836016, 1484854, 1200702, 1550234, 'Right']
[2387680, 2659240, 1820329, 1790968, 3120123, 1325290, 1019887, 3056716, 1806030, 2568716, 1480509, 274941, 2810651, 1474889, 1164328, 1511165, 'Right']
[2388430, 2660548, 1819832, 1785957, 3118458, 1323877, 1022014, 3063309, 1804926, 2568425, 1513760, 281670, 2834767, 1485624, 1198933, 1549900, 'Right']
[2387811, 2659344, 1819873, 1788880, 3119053, 1324669, 1021120, 3050543, 1806543, 2568970, 1480061, 274515, 2813153, 1474366, 1166091, 1512082, 'Right']
[2388249, 2659954, 1821374, 1787070, 3119889, 1323392, 1021897, 3068862, 1804950, 2567910, 1513739, 281645, 2832390, 1486185, 1196305, 1547919, 'Right']
[2388427, 2659882, 1818941, 1787577, 3117226, 1324093, 1021229, 3045917, 1806869, 2568694, 1480672, 274116, 2816198, 1473608, 1169310, 1514308, 'Right']
[2388975, 2660403, 1822849, 1789160, 3121640, 1324293, 1022579, 3073418, 1805418, 2568412, 1513438, 282334, 2829315, 1486643, 1192548, 1545018, 'Right']
[2388724, 2660293, 1817500, 1786128, 3115919, 1324223, 1021433, 3044519, 1806921, 2568902, 1482927, 274477, 2820038, 1473740, 1173903, 1518419, 'Right']
[2389249, 2660522, 1823367, 1790999, 3122494, 1324520, 1020862, 3077088, 1805453, 2568466, 1511261, 282308, 2825683, 1486455, 1188040, 1540991, 'Right']
[2389498, 2661385, 1817186, 1785750, 3114700, 1323969, 1021221, 3040845, 1807262, 2569276, 1485752, 275470, 2823662, 1474408, 1178730, 1522888, 'Right']
[2389824, 2661167, 1824802, 1792714, 3123534, 1325549, 1020980, 3080124, 1805885, 2568827, 1508707, 282841, 2822032, 1486322, 1184009, 1536829, 'Right']
[2390059, 2662248, 1816902, 1784680, 3114308, 1324041, 1021577, 3040697, 1807419, 2569508, 1489869, 276821, 2827818, 1475709, 1184735, 1528853, 'Right']
[2389879, 2661259, 1825220, 1793509, 3124123, 1325576, 1019453, 3079364, 1805980, 2569007, 1505006, 282594, 2818448, 1485467, 1179157, 1531984, 'Right']
[2390035, 2662481, 1816535, 1783628, 3114125, 1324056, 1022616, 3039398, 1807076, 2569555, 1493993, 277633, 2831335, 1476983, 1189219, 1533829, 'Right']
[2389577, 2661085, 1825832, 1794095, 3124926, 1325746, 1021307, 3078509, 1805947, 2569181, 1500398, 281785, 2815326, 1484363, 1174549, 1526821, 'Right']
[2389917, 2662485, 1816958, 1783068, 3113998, 1323694, 1021378, 3041762, 1806896, 2569413, 1498569, 278554, 2834452, 1478485, 1194190, 1538941, 'Right']
[2389835, 2661064, 1825842, 1794312, 3124756, 1325724, 1020732, 3077697, 1806286, 2569183, 1495907, 280836, 2812798, 1482696, 1170576, 1522021, 'Right']
[2390401, 2662718, 1817047, 1782978, 3114114, 1323628, 1021956, 3043958, 1806900, 2569299, 1503538, 279740, 2837101, 1480185, 1197921, 1543470, 'Right']
[2389894, 2660926, 1825234, 1794265, 3124190, 1326051, 1021026, 3074301, 1806729, 2569328, 1491730, 280013, 2810588, 1480676, 1166551, 1517832, 'Right']
[2390426, 2662682, 1816888, 1782988, 3114282, 1323330, 1020639, 3046983, 1806702, 2569375, 1507791, 280988, 2838434, 1481659, 1199893, 1547537, 'Right']
[2390251, 2661356, 1824721, 1794041, 3123194, 1326286, 1020807, 3070179, 1807070, 2569491, 1487794, 279045, 2809848, 1479227, 1164012, 1514896, 'Right']
[2390590, 2662730, 1818517, 1783664, 3115388, 1323510, 1021915, 3052085, 1806699, 2569184, 1511544, 281993, 2839021, 1483504, 1201265, 1550626, 'Right']
[2390471, 2661552, 1823645, 1793187, 3122358, 1325889, 1020746, 3064589, 1807500, 2569636, 1485057, 278206, 2810572, 1477854, 1163924, 1513696, 'Right']
[2390501, 2662547, 1819067, 1784248, 3116472, 1323163, 1021464, 3055575, 1806617, 2569054, 1513896, 282833, 2838052, 1484560, 1200828, 1551543, 'Right']
[2390271, 2661379, 1822841, 1791744, 3121146, 1325687, 1020914, 3059257, 1807600, 2569254, 1482975, 277074, 2811413, 1475898, 1164181, 1512675, 'Right']
[2390611, 2662430, 1820628, 1785189, 3117777, 1323290, 1021691, 3060682, 1806594, 2568697, 1515464, 283280, 2836924, 1485518, 1200330, 1551877, 'Right']
[2390067, 2661290, 1821783, 1789972, 3119518, 1325014, 1021192, 3053835, 1807918, 2569278, 1482041, 276463, 2813142, 1475063, 1165691, 1513146, 'Right']
[2390282, 2661952, 1821208, 1786695, 3119506, 1323419, 1020630, 3066295, 1806388, 2568605, 1515536, 283406, 2834348, 1486497, 1197661, 1550321, 'Right']
[2389686, 2661143, 1819801, 1787927, 3118129, 1324282, 1019847, 3048774, 1807453, 2568693, 1481731, 275580, 2815677, 1474335, 1167842, 1514846, 'Right']
[2390370, 2661950, 1822588, 1787950, 3120639, 1323783, 1020708, 3070989, 1806097, 2568459, 1514841, 283591, 2831453, 1486677, 1193517, 1547413, 'Right']
[2390029, 2661715, 1818789, 1786654, 3116886, 1324413, 1021735, 3046167, 1807899, 2569256, 1483089, 276046, 2818886, 1474258, 1171140, 1517200, 'Right']
[2389998, 2661617, 1823077, 1789481, 3121836, 1324437, 1019721, 3077000, 1805959, 2568488, 1513247, 283657, 2827698, 1487010, 1189412, 1543701, 'Right']
[2389869, 2661877, 1817121, 1785186, 3115032, 1324070, 1020532, 3042615, 1807494, 2569172, 1485043, 276041, 2821945, 1474622, 1175212, 1521264, 'Right']
[2390234, 2661816, 1824273, 1791467, 3123157, 1324819, 1020971, 3077990, 1805921, 2568707, 1510697, 283539, 2824038, 1487042, 1184831, 1539781, 'Right']
[2390227, 2662587, 1816991, 1784585, 3114500, 1323597, 1021412, 3039934, 1807548, 2569501, 1488408, 276848, 2826277, 1475585, 1180926, 1526709, 'Right']
[2390383, 2661903, 1825342, 1793058, 3123661, 1325016, 1019416, 3080050, 1805884, 2568926, 1507175, 283238, 2820657, 1486220, 1180953, 1535022, 'Right']
[2390707, 2663258, 1817059, 1784174, 3113675, 1323419, 1020763, 3040271, 1807729, 2569850, 1492390, 277955, 2829822, 1476956, 1186170, 1531695, 'Right']
[2390554, 2661970, 1825937, 1794009, 3124121, 1325098, 1020502, 3080391, 1806529, 2569263, 1503539, 283048, 2816922, 1485346, 1175845, 1529489, 'Right']
[2391142, 2663541, 1817463, 1783944, 3113396, 1323093, 1021458, 3042127, 1807946, 2569730, 1497590, 279258, 2833622, 1478313, 1191555, 1536975, 'Right']
[2390453, 2661671, 1826316, 1794941, 3124089, 1324981, 1019439, 3079625, 1807020, 2569292, 1499324, 282530, 2814244, 1483895, 1171722, 1524353, 'Right']
[2390866, 2663214, 1817199, 1783542, 3113329, 1322852, 1019919, 3043528, 1807710, 2569404, 1502129, 280163, 2836614, 1479786, 1195658, 1541568, 'Right']
[2390606, 2661783, 1826106, 1795001, 3123851, 1325220, 1019999, 3076833, 1807327, 2569405, 1494478, 281338, 2812000, 1482529, 1168078, 1519425, 'Right']
[2390825, 2663192, 1817344, 1783164, 3113519, 1322528, 1022142, 3046231, 1807887, 2569555, 1506729, 281482, 2838165, 1482158, 1199225, 1545448, 'Right']
[2390053, 2661212, 1824776, 1793781, 3122827, 1324573, 1019098, 3073368, 1807427, 2569035, 1490108, 279782, 2809981, 1480149, 1165000, 1515622, 'Right']
[2390431, 2662843, 1817651, 1782875, 3114156, 1322114, 1021314, 3051122, 1807257, 2569022, 1509750, 281756, 2838291, 1482824, 1198062, 1548127, 'Right']
[2390078, 2661486, 1823341, 1792948, 3121977, 1324573, 1019287, 3069180, 1807514, 2569373, 1486206, 278626, 2809525, 1478661, 1160163, 1513124, 'Right']
[2390418, 2662752, 1818366, 1783673, 3115309, 1322223, 1020742, 3055444, 1807147, 2569021, 1512750, 282687, 2838392, 1484644, 1196938, 1550156, 'Right']
[2389846, 2661033, 1823339, 1792064, 3120932, 1324598, 1019210, 3064634, 1807790, 2568999, 1483809, 277807, 2810331, 1477363, 1159305, 1511849, 'Right']
[2390492, 2662554, 1820190, 1785000, 3116400, 1322502, 1019699, 3061147, 1806900, 2568598, 1514841, 283422, 2837335, 1485903, 1196475, 1551084, 'Right']
[2390324, 2661675, 1822630, 1791333, 3119761, 1324272, 1020597, 3059568, 1808024, 2569122, 1483003, 277445, 2812117, 1476261, 1160835, 1512426, 'Right']
[2391190, 2663207, 1821934, 1786843, 3118182, 1322392, 1020892, 3066177, 1807254, 2569108, 1516893, 284732, 2835723, 1486931, 1195049, 1550770, 'Right']
[2390722, 2662228, 1821640, 1789968, 3118324, 1323607, 1019459, 3053321, 1808760, 2569736, 1483396, 277703, 2814355, 1475465, 1162986, 1513376, 'Right']
[2391002, 2662906, 1822655, 1788266, 3119615, 1323156, 1019972, 3072168, 1807044, 2568903, 1517122, 284965, 2833153, 1487385, 1192586, 1549084, 'Right']
[2390753, 2662640, 1819496, 1788341, 3116519, 1324007, 1017857, 3049524, 1808709, 2569617, 1484018, 277238, 2817483, 1475423, 1166061, 1516500, 'Right']
[2390892, 2662683, 1822962, 1789483, 3120832, 1323070, 1019687, 3074685, 1806821, 2568709, 1515621, 284781, 2829739, 1488165, 1187973, 1545652, 'Right']
[2390651, 2662632, 1818144, 1786501, 3115436, 1323350, 1019284, 3044730, 1808545, 2569257, 1485159, 276908, 2820598, 1475040, 1169521, 1519043, 'Right']
[2390705, 2662528, 1824118, 1790921, 3121695, 1323491, 1018279, 3077145, 1806895, 2568697, 1513154, 284596, 2826124, 1487612, 1183611, 1541709, 'Right']
[2390327, 2662691, 1817489, 1784955, 3113807, 1322586, 1018984, 3040701, 1808339, 2569267, 1487732, 277258, 2824828, 1475471, 1174798, 1523854, 'Right']
[2389942, 2661780, 1824478, 1791877, 3122344, 1323496, 1018604, 3079327, 1806363, 2568377, 1509641, 283883, 2822576, 1486877, 1179645, 1537124, 'Right']
[2390232, 2662850, 1816857, 1784045, 3113658, 1322532, 1020667, 3040659, 1808128, 2569216, 1490659, 277805, 2828089, 1476357, 1179880, 1528776, 'Right']
[2390051, 2661674, 1825207, 1793106, 3123300, 1323662, 1018193, 3081371, 1806664, 2568280, 1505855, 283315, 2818883, 1485933, 1174678, 1532218, 'Right']
[2390823, 2663430, 1816776, 1783498, 3112883, 1322226, 1019281, 3041441, 1808357, 2568952, 1495335, 278574, 2832393, 1477441, 1185395, 1534452, 'Right']
[2390649, 2662157, 1825623, 1793514, 3123105, 1323401, 1016882, 3080061, 1807423, 2568713, 1501861, 283084, 2815961, 1484445, 1170243, 1526772, 'Right']
[2391322, 2664042, 1817242, 1782903, 3112340, 1321660, 1019532, 3043041, 1808298, 2569085, 1500409, 280045, 2835265, 1478561, 1189349, 1539034, 'Right']
[2390755, 2662435, 1825542, 1794058, 3123327, 1323968, 1019363, 3078230, 1807791, 2569011, 1497509, 282360, 2813371, 1482863, 1165652, 1521956, 'Right']
[2390887, 2663816, 1816975, 1782275, 3112746, 1321389, 1018569, 3044148, 1808212, 2568866, 1504922, 280883, 2837605, 1480410, 1192716, 1543536, 'Right']
[2390604, 2662410, 1825369, 1793423, 3122702, 1324035, 1017639, 3074454, 1807708, 2568485, 1492560, 280514, 2811506, 1480822, 1161898, 1517557, 'Right']
[2391047, 2664176, 1817608, 1782412, 3113009, 1321498, 1017905, 3047622, 1807895, 2568630, 1508910, 281750, 2839285, 1482206, 1195021, 1547223, 'Right']
[2390601, 2662548, 1824063, 1793103, 3121956, 1323919, 1018414, 3069685, 1808098, 2568918, 1488651, 279773, 2810485, 1479429, 1159063, 1514294, 'Right']
[2390895, 2663825, 1817842, 1782635, 3114009, 1321375, 1020117, 3052540, 1807575, 2568548, 1512286, 282698, 2839367, 1483365, 1196426, 1549879, 'Right']
[2390338, 2662173, 1823316, 1792071, 3120572, 1323733, 1018040, 3066025, 1808232, 2568733, 1485778, 278548, 2810639, 1477365, 1158886, 1512915, 'Right']
[2390572, 2663466, 1818051, 1783225, 3114604, 1320895, 1018376, 3056635, 1807109, 2568221, 1514513, 283196, 2838585, 1484449, 1196259, 1551157, 'Right']
[2390338, 2662289, 1821924, 1790906, 3119487, 1323603, 1018765, 3061304, 1808340, 2568757, 1483590, 277888, 2811326, 1476148, 1158894, 1511797, 'Right']
[2390739, 2663565, 1819909, 1784514, 3116223, 1321543, 1018742, 3064151, 1807268, 2568332, 1516161, 284183, 2837192, 1486002, 1195647, 1551650, 'Right']
[2390155, 2662505, 1820678, 1788594, 3117303, 1322537, 1016486, 3054574, 1808397, 2568569, 1482614, 277133, 2813375, 1475050, 1160743, 1512293, 'Right']
[2390856, 2663692, 1821263, 1785987, 3117420, 1321508, 1018153, 3068752, 1806973, 2568111, 1516686, 284537, 2834868, 1486582, 1192950, 1549482, 'Right']
[2390564, 2663140, 1819960, 1787691, 3115978, 1322622, 1017899, 3051241, 1808953, 2569182, 1483502, 277694, 2816604, 1474886, 1164200, 1514705, 'Right']
[2390928, 2663493, 1822286, 1787645, 3118263, 1321733, 1016381, 3073044, 1807188, 2568302, 1516291, 285302, 2831547, 1487165, 1189513, 1546957, 'Right']
[2390546, 2663286, 1818881, 1787031, 3115013, 1322636, 1019770, 3047913, 1808877, 2569123, 1484702, 277637, 2819429, 1474681, 1167293, 1517546, 'Right']
[2390396, 2662760, 1823690, 1789705, 3120527, 1322366, 1019364, 3078697, 1806995, 2568424, 1514725, 285376, 2828680, 1487562, 1186227, 1544595, 'Right']
[2390144, 2662864, 1817269, 1784543, 3113415, 1321542, 1018562, 3043922, 1808386, 2568667, 1486293, 277329, 2823297, 1474702, 1172148, 1522283, 'Right']
[2390271, 2662579, 1824008, 1790244, 3121199, 1322457, 1017208, 3080428, 1806549, 2567991, 1511255, 284350, 2824446, 1486659, 1180584, 1539614, 'Right']
[2390335, 2663399, 1817116, 1783624, 3112794, 1321678, 1018860, 3042771, 1808181, 2568751, 1489240, 277530, 2826650, 1475367, 1176363, 1527105, 'Right']
[2390099, 2662641, 1825107, 1791913, 3122277, 1323119, 1018913, 3081833, 1806677, 2568361, 1507834, 284052, 2821041, 1486577, 1176462, 1535532, 'Right']
[2389833, 2663546, 1816272, 1782612, 3112096, 1321385, 1018575, 3041416, 1807874, 2568954, 1492935, 278614, 2830055, 1476563, 1182114, 1532056, 'Right']
[2389756, 2662758, 1825416, 1793034, 3122527, 1323872, 1017615, 3081938, 1806048, 2568326, 1503278, 283585, 2817217, 1485003, 1171786, 1529435, 'Right']
[2389953, 2664249, 1817174, 1782680, 3111646, 1321953, 1019172, 3043008, 1807235, 2569218, 1497414, 280068, 2833856, 1478182, 1187165, 1536881, 'Right']
[2389518, 2662707, 1826601, 1793576, 3122450, 1323728, 1017454, 3079421, 1806091, 2568683, 1498656, 283065, 2814356, 1483585, 1167205, 1523747, 'Right']
[2389975, 2664511, 1818574, 1782773, 3111843, 1321936, 1019212, 3044564, 1806727, 2568869, 1502205, 281104, 2836992, 1479614, 1191417, 1541721, 'Right']
[2389799, 2663236, 1827702, 1794744, 3122180, 1324582, 1016742, 3077396, 1806350, 2568974, 1494418, 282413, 2812261, 1481958, 1163642, 1519282, 'Right']
[2390358, 2664881, 1819881, 1783504, 3112381, 1322249, 1018424, 3046921, 1806938, 2569327, 1507208, 282727, 2838748, 1481614, 1194765, 1545378, 'Right']
[2389770, 2662929, 1827775, 1794336, 3121886, 1324786, 1017103, 3072469, 1806459, 2568867, 1490581, 281056, 2811027, 1480167, 1161397, 1515222, 'Right']
[2390094, 2664326, 1820780, 1783644, 3112740, 1322297, 1017098, 3049637, 1806362, 2568527, 1510915, 282952, 2840063, 1482795, 1196631, 1548583, 'Right']
[2389863, 2662912, 1827589, 1794316, 3121118, 1325356, 1017744, 3067480, 1806886, 2568763, 1486937, 279796, 2811051, 1478407, 1159232, 1513178, 'Right']
[2390004, 2663844, 1821973, 1784696, 3114097, 1322873, 1017946, 3054214, 1806222, 2568473, 1513762, 283614, 2840113, 1484717, 1197363, 1551293, 'Right']
[2389589, 2662363, 1826502, 1793202, 3120135, 1325795, 1018370, 3063462, 1806985, 2568706, 1484351, 278429, 2812040, 1477579, 1159355, 1513084, 'Right']
[2389857, 2663317, 1823173, 1785963, 3115790, 1323736, 1019344, 3061862, 1806040, 2568153, 1515546, 283901, 2838964, 1485960, 1196815, 1552848, 'Right']
[2389848, 2662481, 1824786, 1791781, 3118522, 1325233, 1017327, 3057756, 1807208, 2568211, 1483034, 277352, 2813926, 1475769, 1160759, 1513664, 'Right']
[2390485, 2663791, 1823877, 1787250, 3116660, 1323510, 1018197, 3065641, 1806261, 2568229, 1516522, 284836, 2837016, 1486754, 1194131, 1551412, 'Right']
[2390043, 2662855, 1823473, 1790290, 3116851, 1324559, 1017620, 3051609, 1807602, 2568950, 1482776, 277822, 2816059, 1475412, 1161955, 1514136, 'Right']
[2390330, 2663424, 1825346, 1788868, 3118087, 1323548, 1017643, 3070257, 1805951, 2568148, 1516504, 285108, 2834430, 1487158, 1191138, 1548957, 'Right']
[2390545, 2663489, 1822777, 1789504, 3115359, 1324476, 1017660, 3047262, 1807957, 2569065, 1483847, 277723, 2819456, 1474950, 1165597, 1516635, 'Right']
[2390903, 2663708, 1827047, 1791384, 3119552, 1324317, 1017841, 3074783, 1806643, 2568958, 1516068, 286148, 2831417, 1488026, 1187671, 1546361, 'Right']
[2390538, 2663515, 1821691, 1787913, 3113696, 1323683, 1017872, 3043176, 1808071, 2569348, 1485804, 278229, 2822975, 1475075, 1169907, 1520350, 'Right']
[2390974, 2663396, 1828167, 1792929, 3120722, 1325003, 1018664, 3079557, 1806469, 2568681, 1514031, 285770, 2828786, 1487747, 1184422, 1542906, 'Right']
[2390619, 2663638, 1821232, 1786741, 3112968, 1324120, 1019356, 3042612, 1807986, 2569045, 1488739, 278190, 2827726, 1475645, 1176201, 1526076, 'Right']
[2390375, 2662834, 1828306, 1793733, 3121672, 1324787, 1017507, 3078990, 1806352, 2568379, 1510434, 284860, 2824820, 1486934, 1180122, 1537790, 'Right']
[2390084, 2663506, 1819989, 1785273, 3112296, 1323137, 1018681, 3039364, 1807557, 2568681, 1491894, 278410, 2830959, 1476093, 1181536, 1530051, 'Right']
[2389905, 2662332, 1828254, 1793988, 3122217, 1324720, 1017308, 3079189, 1805756, 2567777, 1506020, 283751, 2821102, 1485685, 1175833, 1532393, 'Right']
[2390245, 2663732, 1820035, 1784573, 3111856, 1323319, 1018812, 3040395, 1807185, 2568319, 1495655, 278990, 2834281, 1477246, 1186718, 1535092, 'Right']
[2389877, 2662233, 1828977, 1794825, 3122306, 1325053, 1016918, 3078954, 1806243, 2568053, 1501557, 283298, 2817553, 1484492, 1170721, 1527082, 'Right']
[2389913, 2663285, 1820049, 1783611, 3111135, 1322415, 1017222, 3040602, 1807101, 2568073, 1500304, 279955, 2836934, 1478416, 1190096, 1539211, 'Right']
[2389596, 2661699, 1828745, 1794646, 3121160, 1324561, 1015739, 3077115, 1806410, 2567751, 1496977, 281992, 2814770, 1482517, 1165682, 1521458, 'Right']
[2390132, 2663432, 1819648, 1783306, 3110735, 1321983, 1017518, 3043519, 1806868, 2568056, 1505061, 281048, 2839531, 1480334, 1193503, 1543646, 'Right']
[2389978, 2662021, 1828120, 1795178, 3121200, 1324762, 1017691, 3074143, 1806898, 2568368, 1492619, 281207, 2812392, 1480958, 1161927, 1516766, 'Right']
[2390421, 2663608, 1820075, 1783882, 3111775, 1321812, 1018368, 3048191, 1806929, 2568186, 1509897, 282552, 2840437, 1482072, 1196278, 1547501, 'Right']
[2390151, 2662311, 1827093, 1794659, 3120558, 1324107, 1017438, 3069689, 1807434, 2568377, 1489386, 280512, 2811701, 1479196, 1160749, 1514507, 'Right']
[2390123, 2663618, 1820559, 1784441, 3112427, 1321323, 1016844, 3051036, 1806748, 2568005, 1513120, 283528, 2840580, 1483470, 1197699, 1549605, 'Right']
[2389587, 2661987, 1826497, 1794064, 3119835, 1323823, 1017641, 3063870, 1807162, 2568147, 1485945, 279299, 2811840, 1477441, 1159874, 1511847, 'Right']
[2389435, 2662884, 1821787, 1785329, 3114169, 1321330, 1017762, 3056326, 1806138, 2567405, 1514988, 283931, 2839968, 1484582, 1198002, 1550536, 'Right']
[2388920, 2661483, 1824568, 1792158, 3118251, 1323091, 1016128, 3057742, 1807000, 2567563, 1483500, 277959, 2812824, 1475659, 1160892, 1511118, 'Right']
[2389202, 2662470, 1822080, 1786350, 3114723, 1321265, 1016062, 3060694, 1805912, 2566922, 1516007, 284063, 2837729, 1485502, 1196292, 1549901, 'Right']
[2389084, 2661580, 1823400, 1791217, 3116567, 1323067, 1017437, 3052825, 1807318, 2567451, 1482550, 277277, 2814439, 1474753, 1161559, 1511451, 'Right']
[2389698, 2662764, 1824170, 1788369, 3116312, 1322006, 1017623, 3067384, 1805971, 2567139, 1516635, 284886, 2835618, 1486830, 1193838, 1549241, 'Right']
[2389379, 2662343, 1822581, 1789789, 3114572, 1322797, 1016602, 3048824, 1807539, 2568111, 1483058, 277738, 2817360, 1474452, 1164643, 1514195, 'Right']
[2389840, 2662838, 1825568, 1789703, 3117694, 1321984, 1016991, 3071273, 1805941, 2567327, 1516054, 285371, 2832383, 1486685, 1189944, 1546707, 'Right']
[2389883, 2662874, 1822096, 1788148, 3113133, 1322314, 1016985, 3043993, 1807796, 2567956, 1484452, 277558, 2820552, 1474027, 1167989, 1517689, 'Right']
[2390559, 2663125, 1827004, 1791717, 3118755, 1322513, 1016530, 3074935, 1806391, 2567521, 1514791, 285516, 2829250, 1486995, 1185720, 1543817, 'Right']
[2390368, 2663543, 1820960, 1787076, 3112100, 1321908, 1016966, 3041931, 1808237, 2568473, 1487312, 278411, 2824427, 1474817, 1172230, 1522143, 'Right']
[2390302, 2663015, 1828031, 1792650, 3120122, 1322502, 1016655, 3078910, 1806426, 2567813, 1512056, 285732, 2825632, 1486726, 1180744, 1539318, 'Right']
[2389989, 2663354, 1819507, 1785024, 3110960, 1320905, 1016235, 3040242, 1807906, 2568098, 1490064, 278550, 2828063, 1474851, 1176443, 1526444, 'Right']
[2389992, 2662448, 1827259, 1792954, 3120235, 1322038, 1016030, 3079230, 1806271, 2567265, 1507958, 284439, 2821386, 1485223, 1174399, 1533543, 'Right']
[2389957, 2663329, 1818678, 1783566, 3109911, 1320106, 1016127, 3039336, 1807680, 2567555, 1493826, 278720, 2831260, 1475391, 1180516, 1531095, 'Right']
[2390167, 2662501, 1827826, 1794116, 3120802, 1322596, 1017196, 3079556, 1806509, 2567147, 1503863, 283588, 2817806, 1484024, 1169330, 1528688, 'Right']
[2390170, 2663705, 1819387, 1783706, 3109773, 1320963, 1016891, 3040539, 1807654, 2567868, 1498261, 280001, 2834580, 1477459, 1184922, 1536838, 'Right']
[2389680, 2662060, 1828649, 1794809, 3120845, 1323317, 1016527, 3078393, 1806278, 2567398, 1498859, 282925, 2814748, 1483018, 1164841, 1523832, 'Right']
[2390482, 2664133, 1820122, 1783859, 3110565, 1321462, 1018471, 3042734, 1807357, 2567917, 1502903, 281334, 2837729, 1479558, 1190161, 1542144, 'Right']
[2390290, 2662644, 1829019, 1795275, 3121038, 1323636, 1016108, 3075483, 1807086, 2568001, 1495068, 282657, 2813112, 1481956, 1162271, 1519883, 'Right']
[2390554, 2664061, 1820934, 1783745, 3110808, 1321068, 1016714, 3045742, 1807401, 2568057, 1507684, 282745, 2839790, 1481194, 1193872, 1546406, 'Right']
[2389970, 2662333, 1828034, 1794775, 3120192, 1323224, 1015587, 3071012, 1807188, 2567824, 1490730, 281113, 2812232, 1479584, 1160662, 1516260, 'Right']
[2390279, 2663937, 1821257, 1784286, 3111859, 1320884, 1018233, 3050361, 1807053, 2567915, 1511282, 283524, 2841182, 1482865, 1197161, 1549553, 'Right']
[2389821, 2662392, 1827041, 1794242, 3119564, 1322925, 1016107, 3067381, 1807358, 2568003, 1487223, 280208, 2811905, 1478177, 1160235, 1513558, 'Right']
[2390214, 2663904, 1821699, 1784957, 3112876, 1320511, 1017223, 3054323, 1806891, 2567659, 1514125, 284273, 2840775, 1484126, 1197240, 1550804, 'Right']
[2389713, 2662577, 1826254, 1793149, 3118161, 1322524, 1015619, 3061835, 1807736, 2567964, 1484847, 279401, 2812633, 1476631, 1159106, 1512076, 'Right']
[2390222, 2663961, 1823122, 1786038, 3113860, 1320458, 1016789, 3059863, 1806823, 2567590, 1516295, 285219, 2839623, 1485431, 1196456, 1551444, 'Right']
[2389751, 2662815, 1825080, 1792052, 3116975, 1322304, 1016441, 3057174, 1808054, 2568123, 1483558, 279079, 2814458, 1475534, 1160183, 1512263, 'Right']
[2390097, 2663842, 1824091, 1787519, 3115183, 1320650, 1015932, 3064576, 1806741, 2567664, 1517029, 285889, 2837688, 1486420, 1194753, 1550673, 'Right']
[2389746, 2662895, 1824190, 1790610, 3115278, 1322129, 1015574, 3050764, 1808282, 2568052, 1483317, 278589, 2816504, 1474807, 1162854, 1513424, 'Right']
[2390045, 2663497, 1825720, 1789202, 3117016, 1321616, 1016918, 3070706, 1806760, 2567231, 1517072, 286041, 2835187, 1487023, 1192347, 1549375, 'Right']
[2389790, 2663086, 1822959, 1789394, 3113837, 1322277, 1017432, 3047437, 1808717, 2568372, 1484185, 278526, 2819796, 1475138, 1165872, 1516913, 'Right']
[2389928, 2662955, 1826703, 1790953, 3117983, 1321635, 1016256, 3074031, 1807006, 2567681, 1515719, 286219, 2831451, 1487430, 1187226, 1545830, 'Right']
