[2663532, 3201667, -69777, -67748, 2066088, 533841, 599300, 1361847, 1976405, 1812774, 2240924, 904012, 2122387, 1092014, 1159543, 1555557, 'Right']
[2720807, 3199884, 26771, -72203, 2088817, 529612, 597052, 1404409, 1961443, 1800212, 2423753, 1020635, 2220423, 1086200, 1262252, 1594286, 'Right']
[2652363, 3198190, -78726, -67282, 2056851, 534446, 600317, 1357195, 1975934, 1811977, 2267188, 924096, 2133901, 1091149, 1173347, 1558431, 'Right']
[2729956, 3203048, 33639, -72602, 2098635, 529212, 595543, 1409030, 1961616, 1800833, 2393368, 997678, 2207494, 1086958, 1245842, 1590138, 'Right']
[2644715, 3195560, -82174, -67008, 2048732, 535358, 602902, 1355331, 1974976, 1811543, 2299309, 948035, 2148975, 1090595, 1190786, 1562840, 'Right']
[2736392, 3205516, 38633, -73432, 2105519, 528758, 594800, 1412248, 1962054, 1801248, 2361930, 975344, 2193528, 1087247, 1230115, 1585306, 'Right']
[2639016, 3192705, -82722, -67115, 2041703, 535616, 604832, 1354035, 1973431, 1809880, 2333893, 973370, 2165117, 1089397, 1209678, 1566935, 'Right']
[2739786, 3208209, 37716, -73436, 2111612, 528557, 594608, 1412412, 1963573, 1802352, 2326927, 950868, 2177058, 1088279, 1211452, 1579339, 'Right']
[2637326, 3190749, -79314, -66859, 2037879, 535978, 606785, 1354080, 1972338, 1808730, 2367927, 997792, 2181430, 1088520, 1228456, 1572238, 'Right']
[2739713, 3209343, 33617, -73536, 2114932, 527922, 594439, 1410374, 1964874, 1803423, 2293032, 927732, 2160305, 1088727, 1193218, 1573286, 'Right']
[2638892, 3188969, -71874, -66712, 2036599, 535622, 608194, 1356007, 1970645, 1807346, 2400668, 1020379, 2197154, 1087999, 1246316, 1577452, 'Right']
[2735943, 3210466, 24566, -73010, 2115784, 528046, 594007, 1405887, 1966955, 1805401, 2261573, 906803, 2144029, 1089927, 1175891, 1566927, 'Right']
[2643365, 3187891, -62462, -67290, 2038253, 534882, 608848, 1359145, 1968814, 1805613, 2427803, 1038300, 2210805, 1086792, 1261124, 1582088, 'Right']
[2729546, 3210537, 13273, -72645, 2114401, 528545, 594088, 1401270, 1968561, 1806776, 2235055, 889313, 2129998, 1090703, 1160885, 1561013, 'Right']
[2651800, 3187297, -47275, -67904, 2042404, 534316, 607754, 1366531, 1966640, 1803929, 2451112, 1053332, 2223478, 1086576, 1274418, 1587093, 'Right']
[2719753, 3209382, 534, -71895, 2109839, 528752, 594287, 1395900, 1970642, 1808283, 2218567, 880192, 2120355, 1091309, 1151657, 1557015, 'Right']
[2661983, 3187011, -31843, -68828, 2048204, 533374, 606602, 1374669, 1964914, 1802244, 2466078, 1062135, 2232217, 1085740, 1282881, 1590629, 'Right']
[2707318, 3207377, -14499, -71306, 2102885, 529455, 595563, 1390071, 1972071, 1809362, 2208013, 875082, 2113524, 1091720, 1145276, 1553495, 'Right']
[2674639, 3187839, -14086, -70072, 2056735, 532030, 605320, 1384077, 1962616, 1800672, 2472783, 1065128, 2237744, 1085405, 1287918, 1593658, 'Right']
[2693604, 3205019, -29936, -70757, 2093422, 529727, 596022, 1382776, 1972496, 1810179, 2206865, 877197, 2111251, 1091710, 1144789, 1551328, 'Right']
[2686850, 3190035, -727, -70628, 2065085, 530858, 603393, 1390498, 1961003, 1799872, 2467695, 1059036, 2237113, 1085406, 1285757, 1593885, 'Right']
[2680572, 3203339, -45702, -69187, 2083801, 530933, 597587, 1375149, 1973722, 1810982, 2212212, 882939, 2111887, 1092177, 1146830, 1550734, 'Right']
[2700666, 3192860, 13484, -71102, 2076072, 530046, 601092, 1397820, 1959885, 1799300, 2455517, 1048319, 2233657, 1086038, 1280393, 1594268, 'Right']
[2667222, 3200146, -58854, -68669, 2073639, 532108, 598980, 1369057, 1973496, 1810901, 2227649, 896080, 2117708, 1091892, 1155033, 1551512, 'Right']
[2712673, 3195621, 25918, -72147, 2085833, 529472, 599311, 1404985, 1958807, 1798664, 2435838, 1032528, 2225988, 1086071, 1270904, 1592573, 'Right']
[2655322, 3197670, -69957, -68063, 2063581, 533229, 600437, 1362910, 1973716, 1810972, 2250439, 913750, 2127018, 1091727, 1166996, 1553306, 'Right']
[2723218, 3199053, 33913, -73188, 2095260, 528051, 596511, 1409413, 1958987, 1798782, 2408313, 1011401, 2214201, 1086511, 1256251, 1588919, 'Right']
[2646161, 3194552, -76411, -67974, 2053924, 533016, 601523, 1359240, 1973083, 1810060, 2279459, 935914, 2139856, 1090848, 1182131, 1556999, 'Right']
[2731696, 3201591, 40866, -73789, 2103459, 527279, 594798, 1413421, 1959378, 1799069, 2377499, 989264, 2200743, 1087206, 1240255, 1585153, 'Right']
[2638952, 3191703, -78385, -67265, 2046338, 534182, 603301, 1357153, 1972088, 1808967, 2313975, 961732, 2155886, 1090206, 1200893, 1562051, 'Right']
[2736399, 3204408, 42541, -73341, 2109815, 527183, 593047, 1414544, 1960479, 1800302, 2343292, 964978, 2184637, 1088534, 1221796, 1579956, 'Right']
[2634828, 3189290, -78536, -66311, 2040471, 534431, 604177, 1355140, 1971142, 1807998, 2347625, 986051, 2171431, 1090062, 1218684, 1567377, 'Right']
[2737998, 3205944, 38923, -73185, 2114488, 526678, 591065, 1412997, 1962302, 1801349, 2307415, 939802, 2167527, 1089411, 1202160, 1574912, 'Right']
[2634695, 3186946, -73265, -66530, 2037666, 533981, 604906, 1357051, 1969441, 1806234, 2381239, 1009347, 2187826, 1088977, 1236905, 1573710, 'Right']
[2736624, 3207385, 33973, -73284, 2116717, 526035, 590656, 1411791, 1963531, 1802472, 2275494, 918393, 2151715, 1090061, 1185026, 1569597, 'Right']
[2638050, 3185538, -63202, -67327, 2037030, 533552, 604888, 1361348, 1967264, 1804257, 2413167, 1031774, 2204047, 1087986, 1255021, 1579096, 'Right']
[2730611, 3207952, 23937, -73141, 2114779, 526531, 589878, 1407866, 1964870, 1803666, 2247356, 900632, 2137457, 1090748, 1169840, 1563325, 'Right']
[2644220, 3185086, -51944, -68271, 2038323, 533097, 604523, 1366212, 1964759, 1802645, 2437734, 1048120, 2217063, 1087085, 1268712, 1583339, 'Right']
[2721773, 3208296, 9821, -72930, 2110436, 527063, 589882, 1401422, 1966395, 1805261, 2223627, 885825, 2124528, 1091146, 1156381, 1557618, 'Right']
[2654061, 3185885, -37808, -68935, 2042935, 532675, 603145, 1372817, 1962676, 1801021, 2455550, 1058880, 2227191, 1086382, 1278758, 1587301, 'Right']
[2711848, 3207681, -4219, -71810, 2104280, 527867, 590309, 1395170, 1968044, 1806689, 2208660, 877875, 2115884, 1091683, 1148024, 1553877, 'Right']
[2666113, 3187224, -21677, -68935, 2050156, 531521, 602248, 1380187, 1961071, 1799809, 2466072, 1064758, 2234298, 1086342, 1285414, 1590745, 'Right']
[2700054, 3206616, -19000, -69914, 2097500, 528918, 591845, 1387530, 1970017, 1808167, 2202943, 876758, 2111399, 1092305, 1144614, 1551862, 'Right']
[2678879, 3188792, -5559, -69259, 2059049, 530762, 601281, 1387129, 1959870, 1798918, 2468442, 1064586, 2237356, 1085913, 1287640, 1593494, 'Right']
[2686202, 3203905, -34718, -69116, 2088472, 530101, 593286, 1379331, 1971265, 1809158, 2204642, 880018, 2110010, 1092603, 1144735, 1551059, 'Right']
[2691579, 3190646, 9816, -70139, 2069010, 530201, 599143, 1394508, 1958230, 1797643, 2461161, 1057373, 2235931, 1085799, 1284864, 1595060, 'Right']
[2672626, 3201021, -49058, -68609, 2078293, 531091, 595086, 1372229, 1971907, 1809394, 2215470, 890304, 2113313, 1092419, 1150245, 1551309, 'Right']
[2705243, 3193494, 23361, -71469, 2080192, 529334, 597724, 1402191, 1957687, 1797304, 2444340, 1043644, 2229825, 1086285, 1276577, 1594117, 'Right']
[2660321, 3198329, -60439, -68093, 2068321, 532364, 597375, 1366657, 1972224, 1809539, 2235467, 906919, 2121852, 1092199, 1161008, 1553165, 'Right']
[2715884, 3196307, 33321, -72507, 2089565, 528228, 595128, 1407180, 1957675, 1797248, 2420566, 1025156, 2220644, 1086648, 1264190, 1591480, 'Right']
[2649588, 3194859, -68835, -68187, 2058530, 532421, 598142, 1361930, 1971963, 1808652, 2260553, 926188, 2132695, 1091268, 1173767, 1555843, 'Right']
[2725230, 3198610, 41991, -73365, 2098677, 526790, 593375, 1411997, 1957297, 1796577, 2392355, 1004607, 2208710, 1086291, 1249912, 1588251, 'Right']
[2640481, 3191725, -74061, -67292, 2050280, 532726, 599707, 1358260, 1970705, 1807418, 2291861, 949570, 2146968, 1090386, 1190508, 1559852, 'Right']
[2731151, 3201005, 45275, -73637, 2105841, 525538, 590850, 1414171, 1957484, 1797124, 2359023, 980094, 2193634, 1087175, 1232076, 1583209, 'Right']
[2634419, 3188714, -75842, -66658, 2043058, 533139, 601593, 1356486, 1968892, 1806193, 2325135, 973485, 2162345, 1089515, 1208175, 1563884, 'Right']
[2734751, 3203148, 45535, -72938, 2112250, 525820, 589999, 1415391, 1958118, 1798501, 2324093, 955130, 2177387, 1088605, 1213444, 1577986, 'Right']
[2631587, 3186017, -72537, -65767, 2038565, 533659, 602167, 1356542, 1967014, 1805106, 2360088, 998334, 2179395, 1089118, 1227682, 1570407, 'Right']
[2734025, 3204001, 41000, -72716, 2114512, 526005, 589130, 1413513, 1958862, 1799640, 2289545, 931077, 2160544, 1089520, 1194986, 1572918, 'Right']
[2632452, 3183543, -65151, -66538, 2035843, 533709, 602293, 1359914, 1964322, 1803100, 2392601, 1020493, 2195137, 1088392, 1245683, 1576769, 'Right']
[2729947, 3204422, 33736, -72986, 2114573, 526200, 588258, 1411305, 1959642, 1800509, 2259592, 911430, 2145238, 1090313, 1179200, 1567776, 'Right']
[2635763, 3181789, -55172, -67393, 2035720, 533558, 602375, 1363996, 1961408, 1801175, 2421351, 1040217, 2209698, 1087702, 1262012, 1582114, 'Right']
[2722085, 3204180, 20927, -72956, 2111485, 526844, 588144, 1406054, 1960841, 1802101, 2231561, 893002, 2130313, 1091254, 1163377, 1562030, 'Right']
[2642908, 3180930, -42613, -68370, 2038971, 533050, 601556, 1370337, 1958892, 1799068, 2443141, 1053926, 2221430, 1086664, 1274324, 1587395, 'Right']
[2712237, 3203450, 6496, -72213, 2107038, 527390, 588251, 1399522, 1962458, 1802932, 2211926, 881100, 2119317, 1091382, 1152228, 1557585, 'Right']
[2653580, 3181540, -26887, -69210, 2044773, 531997, 601139, 1377628, 1956722, 1797151, 2458614, 1062797, 2230846, 1086005, 1283404, 1591312, 'Right']
[2700973, 3202072, -7639, -71553, 2099583, 527940, 588384, 1393183, 1963873, 1803967, 2202026, 876360, 2112925, 1091864, 1146697, 1554508, 'Right']
[2665499, 3183176, -10855, -69630, 2052033, 531216, 598900, 1384829, 1955113, 1795636, 2465684, 1065662, 2235960, 1085515, 1288155, 1593862, 'Right']
[2688647, 3201328, -22139, -69969, 2091395, 529324, 590034, 1386093, 1965718, 1805460, 2199748, 877453, 2109927, 1092408, 1145223, 1552811, 'Right']
[2678932, 3186095, 6099, -69530, 2061749, 530715, 597722, 1392879, 1954215, 1795232, 2464073, 1062474, 2237180, 1085852, 1288436, 1595929, 'Right']
[2675538, 3200185, -36395, -67938, 2081786, 531103, 591688, 1378955, 1967277, 1806863, 2207325, 885092, 2111471, 1092942, 1148763, 1552927, 'Right']
[2692219, 3189864, 18985, -69961, 2071023, 529988, 596304, 1399351, 1954449, 1795756, 2452331, 1051644, 2233201, 1086937, 1282390, 1596205, 'Right']
[2662944, 3197619, -50958, -68373, 2071236, 530801, 592852, 1371415, 1968311, 1807420, 2221038, 896181, 2115716, 1092802, 1154675, 1553131, 'Right']
[2705175, 3192640, 32481, -71911, 2081948, 528091, 593977, 1406649, 1953503, 1794961, 2433457, 1036138, 2225802, 1086377, 1272706, 1594132, 'Right']
[2651151, 3195402, -61316, -67517, 2060948, 532047, 594677, 1366084, 1968237, 1807638, 2244757, 914890, 2125535, 1092238, 1167211, 1554704, 'Right']
[2716703, 3196792, 41922, -71937, 2091629, 527643, 592200, 1412507, 1953964, 1796306, 2407440, 1015961, 2214818, 1087736, 1259031, 1590360, 'Right']
[2641844, 3192962, -68975, -66353, 2052206, 533297, 596756, 1361975, 1968268, 1808014, 2274025, 936664, 2138426, 1092152, 1182564, 1557936, 'Right']
[2724924, 3199555, 45973, -72337, 2099941, 526993, 589477, 1414792, 1954695, 1797004, 2375606, 991553, 2200426, 1088316, 1241605, 1585868, 'Right']
[2635309, 3189827, -72127, -66693, 2044522, 533241, 598038, 1359745, 1967142, 1806544, 2306099, 959211, 2152636, 1091298, 1198910, 1562250, 'Right']
[2731198, 3202229, 50305, -72430, 2106918, 526806, 588795, 1418176, 1955002, 1797194, 2344064, 969029, 2186077, 1088890, 1225637, 1582051, 'Right']
[2631136, 3188016, -71383, -65215, 2038263, 534212, 599250, 1358960, 1966210, 1805576, 2342285, 985536, 2169756, 1090864, 1219052, 1568440, 'Right']
[2733821, 3205061, 47530, -71362, 2111077, 526644, 587254, 1417509, 1957520, 1799142, 2308662, 944063, 2168921, 1090342, 1206309, 1577069, 'Right']
[2631462, 3186381, -65851, -65092, 2035086, 534000, 599547, 1360819, 1965361, 1804394, 2376899, 1009699, 2186737, 1090438, 1238087, 1575341, 'Right']
[2732302, 3206667, 40306, -71937, 2113019, 526144, 585007, 1414664, 1959352, 1800153, 2275338, 920937, 2152270, 1091030, 1187891, 1571187, 'Right']
[2634122, 3185655, -58876, -65962, 2033758, 533793, 599161, 1363249, 1963647, 1802630, 2406650, 1029439, 2201376, 1089136, 1253880, 1579774, 'Right']
[2728661, 3208279, 31172, -72062, 2112285, 526237, 585285, 1410658, 1961314, 1801933, 2246041, 901227, 2137488, 1091570, 1171464, 1565045, 'Right']
[2641320, 3185410, -46376, -67014, 2035650, 532743, 599828, 1368215, 1962031, 1801558, 2433480, 1046736, 2215619, 1088448, 1268679, 1584486, 'Right']
[2721257, 3208410, 19086, -71502, 2108674, 526419, 585043, 1405116, 1963011, 1803561, 2224386, 887558, 2125677, 1092232, 1159294, 1559782, 'Right']
[2651016, 3185883, -30398, -67276, 2040479, 532125, 598388, 1375719, 1959689, 1799735, 2454566, 1060126, 2227153, 1088145, 1280780, 1589055, 'Right']
[2711290, 3207941, 5821, -70260, 2102809, 527352, 585184, 1398935, 1964902, 1804985, 2210633, 880520, 2117355, 1093188, 1151841, 1555964, 'Right']
[2662229, 3187113, -14552, -67416, 2047240, 531828, 598219, 1382823, 1958320, 1798544, 2466386, 1066636, 2234497, 1087874, 1288138, 1592337, 'Right']
[2698847, 3206156, -10157, -69234, 2095728, 528803, 587221, 1391523, 1966560, 1806278, 2202850, 877147, 2111554, 1093827, 1146808, 1552912, 'Right']
[2674607, 3188044, 1677, -68694, 2056077, 530655, 595765, 1390731, 1956301, 1796757, 2468913, 1065919, 2237624, 1087370, 1289980, 1594477, 'Right']
[2685797, 3203836, -24213, -68559, 2086331, 529448, 588033, 1384313, 1967388, 1806611, 2205212, 881465, 2110778, 1093671, 1147622, 1551662, 'Right']
[2687641, 3190671, 17126, -69442, 2065053, 530067, 595173, 1397665, 1955496, 1796129, 2462599, 1059638, 2236687, 1087466, 1287576, 1595306, 'Right']
[2671802, 3201387, -39769, -67940, 2075915, 530841, 589281, 1375750, 1968400, 1807429, 2214361, 890192, 2113151, 1093557, 1151321, 1550967, 'Right']
[2700262, 3193274, 30572, -70477, 2075267, 529350, 591537, 1404071, 1953986, 1795145, 2446778, 1046390, 2230788, 1087070, 1279246, 1593880, 'Right']
[2658688, 3198679, -52016, -67171, 2065530, 532226, 591988, 1369227, 1968989, 1807271, 2233568, 905807, 2120626, 1093339, 1161143, 1552785, 'Right']
[2711294, 3196040, 41115, -71732, 2085433, 527700, 589837, 1409566, 1954111, 1794692, 2423583, 1027745, 2221108, 1087590, 1267074, 1591799, 'Right']
[2648019, 3195662, -60427, -66956, 2056477, 532462, 592663, 1364577, 1968903, 1806748, 2259330, 925283, 2131281, 1092527, 1174489, 1555564, 'Right']
[2721347, 3199229, 49807, -72229, 2094945, 527103, 588167, 1414525, 1954303, 1795037, 2395725, 1006754, 2208845, 1087893, 1252723, 1588152, 'Right']
[2639113, 3193083, -65861, -66104, 2048232, 532881, 594982, 1361069, 1968276, 1806348, 2290806, 948745, 2145221, 1091931, 1191419, 1559277, 'Right']
[2729091, 3202773, 54789, -71989, 2103562, 526267, 586621, 1417768, 1955367, 1796352, 2363661, 983442, 2194599, 1088988, 1236084, 1583749, 'Right']
[2633764, 3190754, -66480, -65831, 2041278, 532701, 595413, 1359549, 1967456, 1805527, 2325590, 974127, 2161286, 1091180, 1210402, 1564364, 'Right']
[2732688, 3205481, 54371, -72313, 2109149, 525414, 585632, 1418054, 1956909, 1797535, 2328726, 958484, 2177794, 1089740, 1217250, 1578155, 'Right']
[2631295, 3189093, -63790, -65454, 2036663, 533455, 598592, 1360238, 1965843, 1804231, 2360099, 998731, 2177895, 1090209, 1229153, 1569945, 'Right']
[2733268, 3207829, 49860, -72201, 2112284, 525522, 584548, 1417006, 1957814, 1799063, 2294304, 934777, 2161225, 1090461, 1198846, 1572570, 'Right']
[2632112, 3187899, -57976, -65969, 2034625, 533290, 599029, 1362496, 1963778, 1802986, 2392024, 1020735, 2193481, 1089662, 1246440, 1575307, 'Right']
[2730596, 3208978, 42179, -72349, 2113694, 526044, 585318, 1414396, 1959280, 1800286, 2262538, 913688, 2145647, 1091437, 1181694, 1567044, 'Right']
[2637066, 3186876, -46699, -66557, 2035625, 533560, 600290, 1367608, 1961804, 1801275, 2421620, 1041155, 2209027, 1089042, 1263375, 1581281, 'Right']
[2724531, 3209423, 31384, -71751, 2111893, 526808, 585981, 1409763, 1961308, 1802043, 2236473, 897327, 2132013, 1092563, 1167427, 1561867, 'Right']
[2644529, 3186538, -33921, -66888, 2038920, 532852, 600590, 1372422, 1959924, 1799819, 2444802, 1056138, 2221404, 1088885, 1276203, 1585945, 'Right']
[2715602, 3209249, 17860, -70829, 2107982, 527078, 586699, 1402342, 1963330, 1803877, 2216601, 885439, 2120694, 1093275, 1155852, 1557078, 'Right']
[2654277, 3186873, -18824, -67500, 2045013, 531446, 600339, 1377827, 1958220, 1798216, 2460693, 1065452, 2230206, 1087812, 1285222, 1589831, 'Right']
[2703787, 3207771, 2310, -69463, 2101971, 527940, 589176, 1394216, 1965285, 1804981, 2204862, 879292, 2113040, 1093478, 1148609, 1553584, 'Right']
[2666408, 3187615, -2091, -68025, 2053842, 530575, 599442, 1385535, 1956847, 1796859, 2467559, 1067823, 2235208, 1087230, 1289146, 1592575, 'Right']
[2691075, 3205059, -11625, -68953, 2094616, 528446, 589823, 1387347, 1966616, 1805623, 2202936, 880552, 2110069, 1093476, 1146989, 1551448, 'Right']
[2678760, 3188753, 14227, -69166, 2063486, 529685, 597517, 1393807, 1955209, 1795372, 2467050, 1065709, 2236948, 1086937, 1289838, 1594256, 'Right']
[2676570, 3202058, -27147, -68585, 2085450, 529301, 591061, 1380598, 1967538, 1806396, 2208749, 886891, 2110693, 1093274, 1149037, 1550128, 'Right']
[2691381, 3191024, 28002, -70506, 2074188, 528365, 595544, 1401414, 1954076, 1794887, 2455747, 1055289, 2233272, 1087109, 1283934, 1593012, 'Right']
[2663341, 3199117, -39686, -68201, 2075401, 529917, 592291, 1374945, 1967588, 1806334, 2223458, 899542, 2116068, 1092980, 1156358, 1549893, 'Right']
[2704014, 3193765, 41837, -71229, 2084224, 527601, 593576, 1409633, 1953177, 1794429, 2438077, 1041289, 2227208, 1087198, 1275427, 1591355, 'Right']
[2651380, 3196491, -50230, -67009, 2065112, 531267, 594632, 1369767, 1967821, 1806845, 2246246, 917769, 2125934, 1092916, 1168565, 1552095, 'Right']
[2715393, 3196909, 51980, -71781, 2093317, 526750, 591333, 1415478, 1953102, 1794950, 2412664, 1021666, 2216651, 1087509, 1262429, 1588482, 'Right']
[2641638, 3193373, -56807, -66288, 2055467, 532380, 596261, 1365852, 1967276, 1806542, 2275306, 939749, 2138667, 1092121, 1184144, 1555931, 'Right']
[2723575, 3199486, 57858, -71829, 2101799, 526749, 589950, 1418752, 1953382, 1795703, 2382409, 999197, 2203223, 1088611, 1246874, 1585445, 'Right']
[2634164, 3190099, -61022, -65904, 2047539, 532929, 597307, 1362980, 1966124, 1805807, 2307222, 962806, 2152805, 1091879, 1201130, 1560793, 'Right']
[2729764, 3201963, 61243, -72184, 2108559, 526040, 587166, 1420756, 1953620, 1795956, 2348920, 975199, 2187707, 1089225, 1229214, 1580772, 'Right']
[2629810, 3187981, -60078, -65215, 2040867, 533547, 598385, 1361403, 1964880, 1804288, 2342705, 988701, 2169404, 1091278, 1220518, 1566105, 'Right']
[2731803, 3204099, 58451, -71993, 2112969, 525763, 586663, 1419551, 1955596, 1797035, 2313643, 950388, 2170443, 1090149, 1210201, 1575173, 'Right']
[2629532, 3185764, -55510, -65561, 2036727, 533478, 598766, 1362226, 1963282, 1802266, 2376455, 1012304, 2185637, 1089917, 1238820, 1572017, 'Right']
[2730811, 3205819, 52222, -71977, 2114461, 525965, 584740, 1416774, 1957090, 1798150, 2279964, 927404, 2153805, 1090811, 1191647, 1569504, 'Right']
[2631977, 3184609, -48438, -65709, 2036231, 533423, 599587, 1364331, 1961606, 1800788, 2406683, 1032787, 2200440, 1089236, 1255163, 1577465, 'Right']
[2726377, 3206856, 42539, -71756, 2114610, 525680, 584303, 1412459, 1959134, 1799699, 2250188, 907590, 2138448, 1091605, 1175184, 1564053, 'Right']
[2638265, 3183592, -35111, -66729, 2038667, 531842, 598476, 1370104, 1959501, 1798850, 2433608, 1050626, 2214463, 1088324, 1270387, 1582851, 'Right']
[2718038, 3206589, 30615, -71041, 2111858, 525858, 584335, 1406228, 1960650, 1800810, 2227696, 893828, 2126290, 1091990, 1162949, 1558971, 'Right']
[2646254, 3184184, -22732, -66688, 2042847, 531689, 598679, 1375046, 1957943, 1797543, 2453108, 1062586, 2225135, 1087703, 1281323, 1586807, 'Right']
[2707448, 3206079, 14731, -70284, 2106181, 526660, 585194, 1399841, 1962555, 1802559, 2209762, 882905, 2116050, 1092582, 1152176, 1554376, 'Right']
[2658079, 3185365, -6909, -67478, 2048715, 531050, 597461, 1384204, 1955222, 1795559, 2465385, 1069015, 2233298, 1086648, 1288706, 1590762, 'Right']
[2695746, 3204916, -418, -69152, 2097751, 527774, 585951, 1394115, 1963784, 1803777, 2203138, 880429, 2111216, 1092935, 1148161, 1551765, 'Right']
[2670736, 3187139, 8149, -67936, 2056902, 530344, 596216, 1391959, 1953622, 1794793, 2468583, 1068767, 2236454, 1086675, 1291067, 1592652, 'Right']
[2682495, 3202738, -16550, -68568, 2088592, 528788, 587160, 1386262, 1964653, 1804784, 2204042, 883189, 2109350, 1093529, 1147749, 1550028, 'Right']
[2683753, 3188753, 23208, -69787, 2065718, 528890, 592846, 1398985, 1952321, 1793526, 2462849, 1062134, 2235575, 1086477, 1288453, 1593463, 'Right']
[2669120, 3199937, -30411, -68449, 2078353, 528985, 588671, 1378742, 1965586, 1804490, 2214158, 892440, 2112181, 1092453, 1152536, 1549426, 'Right']
[2696933, 3191610, 37974, -70814, 2075665, 527143, 591382, 1405933, 1951753, 1792387, 2449275, 1050600, 2230990, 1085823, 1282243, 1592492, 'Right']
[2656631, 3197631, -42308, -67421, 2067966, 529951, 590390, 1371886, 1966739, 1804800, 2233534, 908390, 2119762, 1092162, 1162811, 1551024, 'Right']
[2708777, 3194606, 49645, -71433, 2086305, 526159, 589110, 1411409, 1951773, 1792079, 2427237, 1033298, 2221862, 1086339, 1270830, 1590130, 'Right']
[2645546, 3194325, -50980, -66352, 2059064, 530895, 592116, 1366727, 1966502, 1804236, 2259057, 928150, 2130478, 1091525, 1176181, 1553561, 'Right']
[2718754, 3197513, 58211, -71580, 2096374, 525660, 587869, 1416464, 1952218, 1792485, 2399258, 1012474, 2209773, 1086805, 1256434, 1587035, 'Right']
[2636781, 3191161, -56070, -65921, 2050844, 531576, 593883, 1363611, 1965815, 1803598, 2290083, 951778, 2144345, 1090937, 1192748, 1557875, 'Right']
[2725729, 3200393, 63164, -71765, 2104578, 525274, 585308, 1419563, 1952649, 1793428, 2367397, 989824, 2195473, 1087602, 1239749, 1582643, 'Right']
[2631113, 3189026, -57186, -65059, 2043852, 532398, 595743, 1362527, 1964784, 1803032, 2324042, 976770, 2159883, 1090508, 1211067, 1562653, 'Right']
[2730041, 3203303, 63858, -71224, 2110166, 525384, 584883, 1421148, 1953580, 1794912, 2333342, 965984, 2179393, 1088882, 1221474, 1577670, 'Right']
[2628326, 3187377, -55287, -64340, 2038646, 533551, 596262, 1362530, 1963239, 1802401, 2358900, 1001892, 2176332, 1090376, 1229828, 1568375, 'Right']
[2730864, 3205116, 60621, -71242, 2113817, 525566, 583053, 1420982, 1954646, 1796381, 2298952, 942011, 2162736, 1090050, 1202628, 1572432, 'Right']
[2628747, 3185181, -48179, -64914, 2036265, 533260, 596655, 1365555, 1960706, 1800496, 2392780, 1025410, 2193159, 1089250, 1248679, 1574535, 'Right']
[2727017, 3206098, 52048, -71444, 2114589, 525452, 582408, 1416809, 1956042, 1797537, 2267543, 920806, 2146992, 1090580, 1185568, 1566225, 'Right']
[2632770, 3183956, -38583, -65730, 2036405, 532806, 596990, 1368930, 1958554, 1798297, 2421268, 1044226, 2207762, 1087658, 1264270, 1579304, 'Right']
[2720464, 3206377, 40572, -71020, 2112823, 525802, 582021, 1411403, 1957778, 1798958, 2240448, 902828, 2132812, 1090845, 1170546, 1560575, 'Right']
[2639798, 3183485, -26256, -66292, 2039399, 532003, 595490, 1374082, 1956155, 1796516, 2444126, 1058060, 2219546, 1086919, 1276753, 1583600, 'Right']
[2711714, 3205784, 27831, -70305, 2108383, 526414, 582651, 1405786, 1958797, 1800082, 2220383, 890629, 2121534, 1091557, 1159501, 1556227, 'Right']
[2649948, 3184048, -10502, -66736, 2044448, 531696, 595352, 1381707, 1954049, 1795103, 2461001, 1068553, 2229370, 1086457, 1287089, 1588314, 'Right']
[2700802, 3204833, 13731, -69373, 2101961, 527453, 582938, 1399587, 1960893, 1801652, 2208114, 884451, 2113876, 1092283, 1152406, 1553171, 'Right']
[2661122, 3185101, 5481, -67428, 2051367, 530503, 594407, 1388748, 1952577, 1793569, 2469781, 1072858, 2235154, 1086173, 1292611, 1591996, 'Right']
[2687972, 3203441, -2330, -67965, 2093132, 528355, 584265, 1390939, 1962515, 1802757, 2204110, 884035, 2109750, 1092850, 1149379, 1550914, 'Right']
[2674464, 3187384, 21376, -67679, 2060498, 529394, 591945, 1395937, 1951347, 1792703, 2468540, 1069643, 2236487, 1086507, 1292457, 1593767, 'Right']
[2674603, 3201538, -17810, -66693, 2084160, 529092, 585879, 1383226, 1963873, 1803859, 2208983, 889664, 2109898, 1093374, 1151149, 1550445, 'Right']
[2687320, 3190162, 35365, -68459, 2070726, 528098, 590132, 1403146, 1950358, 1792248, 2458362, 1060087, 2233452, 1086767, 1287677, 1594645, 'Right']
[2662148, 3199192, -30769, -66168, 2074083, 529798, 587292, 1377089, 1964155, 1804258, 2222859, 901588, 2114681, 1093203, 1158130, 1551659, 'Right']
[2699975, 3192586, 48758, -69777, 2080292, 526834, 588147, 1410614, 1949354, 1791631, 2441072, 1046049, 2226828, 1086712, 1279129, 1593818, 'Right']
[2649573, 3195581, -41953, -65911, 2063111, 530441, 588725, 1371624, 1963764, 1803596, 2244842, 919179, 2123590, 1092213, 1169583, 1553502, 'Right']
[2709898, 3195532, 57716, -70242, 2089764, 526102, 586392, 1415851, 1948948, 1791483, 2415451, 1026302, 2216199, 1087002, 1265759, 1590439, 'Right']
[2638970, 3192200, -50307, -65370, 2054215, 530974, 590482, 1366741, 1963327, 1803139, 2271970, 939500, 2135613, 1091742, 1183830, 1556659, 'Right']
[2718442, 3197715, 63859, -70759, 2098799, 525434, 584740, 1419518, 1949010, 1791576, 2384982, 1003412, 2202982, 1087226, 1249754, 1586918, 'Right']
[2631466, 3189284, -54122, -64535, 2046193, 532083, 591989, 1364740, 1962470, 1802448, 2304270, 962902, 2150175, 1091378, 1201049, 1561814, 'Right']
[2724237, 3199803, 67579, -71377, 2105911, 524972, 582292, 1422637, 1949575, 1792433, 2352086, 979431, 2187743, 1088218, 1232638, 1582333, 'Right']
[2626417, 3186562, -52801, -64375, 2039637, 532879, 592611, 1364193, 1960323, 1800832, 2340120, 988997, 2166854, 1090406, 1221091, 1566772, 'Right']
[2726190, 3202502, 64524, -70409, 2110240, 525557, 581270, 1421712, 1951071, 1794196, 2317367, 955168, 2171006, 1089600, 1214136, 1576643, 'Right']
[2625450, 3184656, -49524, -63951, 2035792, 532675, 593237, 1365202, 1959313, 1799964, 2373253, 1011738, 2182639, 1089665, 1238733, 1572385, 'Right']
[2725997, 3204389, 59559, -70349, 2113155, 525216, 580931, 1420110, 1952754, 1795731, 2284062, 931981, 2154484, 1090281, 1195868, 1570872, 'Right']
[2627423, 3183651, -41323, -64309, 2034615, 532230, 594419, 1368078, 1957499, 1798479, 2405988, 1034073, 2198926, 1088747, 1257045, 1578270, 'Right']
[2721384, 3205396, 49956, -70427, 2112811, 524863, 579685, 1415779, 1954740, 1797377, 2254185, 911838, 2139227, 1091233, 1179454, 1565377, 'Right']
[2632537, 3183006, -31163, -65696, 2035446, 531045, 593656, 1371824, 1955636, 1796819, 2432052, 1050656, 2212293, 1087780, 1271045, 1583123, 'Right']
[2714075, 3205176, 38181, -70878, 2109257, 524040, 578672, 1411042, 1956147, 1798140, 2230103, 896204, 2126503, 1091021, 1165897, 1560393, 'Right']
[2640998, 3182583, -16282, -66749, 2039619, 529464, 592469, 1379137, 1953329, 1794277, 2453296, 1063993, 2224270, 1086377, 1283610, 1588181, 'Right']
[2703970, 3204797, 23555, -69854, 2104333, 524973, 579952, 1404081, 1957953, 1799323, 2213176, 886253, 2116881, 1091469, 1156265, 1556196, 'Right']
[2651613, 3183966, -1858, -66752, 2046477, 529361, 592246, 1385875, 1951607, 1793425, 2465520, 1070092, 2231940, 1086445, 1290516, 1591648, 'Right']
[2692759, 3204025, 8543, -68454, 2097271, 526240, 580818, 1397496, 1959591, 1801234, 2204516, 882061, 2111168, 1092776, 1150800, 1553791, 'Right']
[2664565, 3186094, 15318, -67230, 2054750, 528652, 590047, 1393961, 1949877, 1792250, 2470475, 1071438, 2236589, 1086133, 1294339, 1594899, 'Right']
[2679666, 3202297, -6353, -67292, 2087945, 527476, 581867, 1390325, 1961102, 1802335, 2205850, 885689, 2109857, 1093070, 1151196, 1552691, 'Right']
[2677985, 3188193, 31633, -68153, 2064144, 527491, 588825, 1402132, 1948730, 1791554, 2465831, 1066148, 2236248, 1086482, 1292562, 1596127, 'Right']
[2666396, 3199669, -20204, -66868, 2077854, 528209, 583099, 1382515, 1961736, 1802833, 2215900, 895444, 2112672, 1092874, 1156210, 1552169, 'Right']
[2690318, 3191211, 44855, -68795, 2073926, 527269, 586950, 1408277, 1948152, 1790909, 2452163, 1054557, 2231261, 1086236, 1285941, 1595013, 'Right']
[2653746, 3197211, -32656, -65999, 2067637, 529028, 584783, 1376014, 1962623, 1803383, 2233144, 909689, 2118998, 1092879, 1164726, 1553495, 'Right']
[2702032, 3193837, 57154, -70012, 2083328, 525181, 583462, 1414393, 1947517, 1790714, 2431279, 1038068, 2222848, 1086881, 1275141, 1593464, 'Right']
[2642096, 3194591, -42116, -65153, 2057474, 529696, 585377, 1370372, 1962325, 1803241, 2258323, 929273, 2129454, 1092601, 1177728, 1556057, 'Right']
[2712177, 3197285, 66179, -69768, 2093308, 525055, 582797, 1420048, 1947748, 1791394, 2403712, 1017546, 2211192, 1087878, 1260933, 1590334, 'Right']
[2632759, 3191525, -48325, -64292, 2048643, 530586, 588314, 1367097, 1962053, 1802585, 2288933, 952169, 2143219, 1092186, 1194261, 1560423, 'Right']
[2719083, 3199727, 69526, -70345, 2101285, 524100, 580166, 1422270, 1948549, 1792001, 2370720, 992599, 2196132, 1088531, 1243035, 1585846, 'Right']
[2626660, 3188891, -50585, -63859, 2042200, 530782, 588875, 1364886, 1960716, 1801483, 2322025, 975423, 2158158, 1091299, 1211427, 1565164, 'Right']
[2724062, 3202326, 70938, -70461, 2107656, 523586, 578729, 1423882, 1949523, 1793166, 2337000, 968082, 2180387, 1089778, 1224807, 1581171, 'Right']
[2624157, 3187038, -47513, -63632, 2037115, 531017, 591017, 1365780, 1958966, 1800293, 2357581, 1000557, 2175056, 1090542, 1230695, 1570750, 'Right']
[2725489, 3204663, 68205, -70255, 2111769, 523405, 578157, 1423266, 1950725, 1794767, 2303821, 945131, 2164462, 1090405, 1207100, 1575287, 'Right']
[2624246, 3185334, -41672, -63858, 2034644, 531207, 592096, 1367966, 1957257, 1799114, 2391197, 1024016, 2191802, 1089622, 1249319, 1576172, 'Right']
[2722926, 3205938, 60250, -70471, 2112661, 523671, 577474, 1420702, 1952126, 1795975, 2271153, 922911, 2148340, 1090737, 1189208, 1569428, 'Right']
[2627883, 3184424, -32263, -64522, 2034511, 530922, 592819, 1371696, 1954691, 1797106, 2420538, 1043700, 2206561, 1088577, 1265622, 1581493, 'Right']
[2716482, 3206644, 49214, -70031, 2111225, 523994, 578393, 1415516, 1953805, 1797479, 2243808, 905446, 2133973, 1091553, 1174254, 1563577, 'Right']
[2634269, 3184180, -20860, -65266, 2036757, 530139, 592341, 1375993, 1953415, 1795396, 2443793, 1058647, 2218739, 1087491, 1278285, 1585563, 'Right']
[2708506, 3206588, 35138, -69591, 2106876, 524602, 578725, 1409129, 1956431, 1798604, 2222167, 891961, 2121815, 1092077, 1161322, 1558641, 'Right']
[2645140, 3184633, -4763, -66337, 2042705, 529134, 592035, 1384012, 1951823, 1793346, 2461419, 1069455, 2228396, 1086676, 1288211, 1590887, 'Right']
[2698177, 3205654, 22677, -68865, 2101962, 524928, 580269, 1402866, 1958061, 1799698, 2211017, 887140, 2114481, 1092372, 1155166, 1556546, 'Right']
[2655521, 3186313, 10855, -66308, 2050732, 528892, 592177, 1390139, 1950382, 1792382, 2470631, 1074326, 2234251, 1086788, 1294105, 1594541, 'Right']
[2684988, 3204559, 6548, -67336, 2095136, 526184, 582650, 1394629, 1960027, 1801560, 2205620, 885339, 2109377, 1093557, 1151096, 1554532, 'Right']
[2668361, 3187799, 28607, -67207, 2060976, 527353, 590782, 1398426, 1948496, 1791396, 2471028, 1072235, 2236157, 1086811, 1295008, 1597299, 'Right']
[2670682, 3201948, -8109, -66407, 2086076, 527119, 584324, 1386637, 1960699, 1802369, 2210891, 891606, 2109913, 1093717, 1153395, 1553684, 'Right']
[2680454, 3189742, 42147, -68080, 2071101, 526708, 589491, 1405137, 1947248, 1790948, 2461216, 1063052, 2233383, 1086867, 1289925, 1597194, 'Right']
[2657294, 3198673, -21907, -65859, 2075992, 528525, 586064, 1380678, 1960580, 1802592, 2223477, 902617, 2114010, 1093195, 1159342, 1553854, 'Right']
[2693367, 3192181, 54967, -68659, 2081520, 526517, 587969, 1413698, 1946401, 1790818, 2443394, 1048289, 2226782, 1087174, 1280978, 1595752, 'Right']
[2645217, 3195325, -33481, -65358, 2065441, 529336, 587878, 1375935, 1960395, 1802623, 2244650, 919471, 2122912, 1092740, 1170567, 1555753, 'Right']
[2704657, 3194769, 65062, -70128, 2091140, 525180, 586159, 1419552, 1945706, 1790373, 2418889, 1029253, 2216789, 1087071, 1268345, 1592455, 'Right']
[2635647, 3192621, -40558, -64909, 2056147, 530359, 589865, 1372158, 1959922, 1802073, 2272346, 940450, 2134911, 1091812, 1185210, 1558859, 'Right']
[2714090, 3197721, 73045, -70368, 2099574, 524984, 583833, 1423794, 1946033, 1790947, 2390608, 1008487, 2204612, 1087828, 1254175, 1589817, 'Right']
[2627141, 3189910, -46443, -63810, 2047730, 531763, 591405, 1366953, 1959441, 1801772, 2303925, 963578, 2148940, 1091863, 1202129, 1562941, 'Right']
[2720452, 3200608, 74830, -70314, 2106948, 524955, 582840, 1424697, 1946688, 1791717, 2355097, 982117, 2187880, 1088790, 1234942, 1584460, 'Right']
[2623130, 3187541, -45536, -63618, 2041541, 532442, 593491, 1366337, 1958181, 1800498, 2338455, 988331, 2165095, 1090898, 1221093, 1569069, 'Right']
[2722915, 3202901, 73517, -70032, 2111384, 524709, 581063, 1424336, 1948070, 1792977, 2321198, 958541, 2172021, 1089603, 1217237, 1579608, 'Right']
[2621613, 3185211, -41482, -63616, 2036995, 532168, 593298, 1367216, 1956134, 1798602, 2372445, 1012320, 2181465, 1089878, 1239530, 1574135, 'Right']
[2722735, 3204415, 68549, -69740, 2114196, 524734, 579686, 1422627, 1949684, 1793796, 2287795, 936254, 2155819, 1090402, 1199617, 1573646, 'Right']
[2623904, 3184086, -34768, -63409, 2035355, 532195, 593792, 1369157, 1955160, 1796869, 2404066, 1034448, 2197063, 1089317, 1257269, 1579502, 'Right']
[2719494, 3205570, 59147, -69342, 2113956, 525067, 578950, 1418491, 1951966, 1795341, 2256546, 915444, 2139814, 1091519, 1182174, 1567579, 'Right']
[2629746, 3182979, -22700, -63981, 2037018, 531840, 592802, 1374472, 1953195, 1794980, 2431816, 1053198, 2211718, 1088474, 1272944, 1584661, 'Right']
[2712183, 3205627, 47613, -68609, 2111673, 525745, 579004, 1413640, 1953891, 1796702, 2232920, 901190, 2127703, 1092298, 1169362, 1562578, 'Right']
[2637646, 3183108, -8935, -64440, 2040699, 530803, 591971, 1380558, 1951517, 1793463, 2452868, 1066757, 2223552, 1088255, 1284888, 1589573, 'Right']
[2702597, 3205049, 34818, -67983, 2106734, 525329, 578950, 1407463, 1955713, 1798132, 2215839, 891522, 2118196, 1092980, 1159789, 1558660, 'Right']
[2648579, 3184070, 7061, -64861, 2047588, 530294, 592112, 1387385, 1949504, 1791925, 2466817, 1074957, 2232129, 1087452, 1293374, 1592979, 'Right']
[2690598, 3203749, 18639, -66874, 2100006, 526791, 580537, 1399404, 1957250, 1799755, 2206426, 887209, 2111847, 1093777, 1153976, 1555138, 'Right']
[2660774, 3185339, 22384, -65916, 2055785, 529885, 590366, 1395334, 1947350, 1790952, 2470209, 1074805, 2235599, 1087406, 1295564, 1595363, 'Right']
[2677704, 3201622, 3431, -66331, 2090310, 528439, 581548, 1393095, 1957797, 1800674, 2205732, 888959, 2109658, 1093723, 1152816, 1553740, 'Right']
[2673627, 3186770, 39000, -67207, 2064688, 528266, 588621, 1403881, 1945100, 1789364, 2466871, 1070485, 2236301, 1086486, 1294946, 1596842, 'Right']
[2663680, 3198951, -10993, -65385, 2079744, 528981, 583302, 1385308, 1958243, 1800798, 2215581, 898619, 2112345, 1093225, 1157782, 1552988, 'Right']
[2685855, 3189687, 51525, -67475, 2074678, 527795, 586347, 1409609, 1944703, 1789161, 2452961, 1058483, 2231200, 1087296, 1287672, 1595470, 'Right']
[2650696, 3196259, -24959, -64623, 2069800, 531113, 584756, 1378073, 1958917, 1801288, 2231609, 911712, 2118140, 1093276, 1165312, 1553724, 'Right']
[2697964, 3192535, 62953, -68510, 2084790, 526163, 584451, 1415774, 1944066, 1788824, 2431785, 1041729, 2222841, 1086869, 1276911, 1593690, 'Right']
[2639899, 3193330, -33535, -64210, 2060177, 530526, 586374, 1373494, 1958750, 1800879, 2256268, 930817, 2128523, 1092351, 1178398, 1556227, 'Right']
[2708286, 3195695, 72309, -68968, 2094293, 525951, 583180, 1420586, 1944392, 1789557, 2405731, 1022188, 2211834, 1087697, 1263652, 1590392, 'Right']
[2630718, 3191046, -40346, -63468, 2051605, 531591, 588654, 1369189, 1958403, 1800831, 2285736, 952798, 2141253, 1092103, 1193675, 1559216, 'Right']
[2716345, 3198745, 77960, -69456, 2103126, 524941, 580952, 1424887, 1944939, 1790367, 2373698, 998603, 2197253, 1088521, 1246558, 1585626, 'Right']
[2624415, 3188558, -41741, -62924, 2044362, 532014, 589838, 1368515, 1957397, 1800180, 2320168, 978106, 2156899, 1091755, 1212338, 1563632, 'Right']
[2721113, 3201267, 79093, -69733, 2109128, 524326, 578979, 1426726, 1946321, 1791609, 2340004, 974759, 2181322, 1089852, 1228469, 1580221, 'Right']
[2621123, 3186025, -39980, -63283, 2039321, 531792, 590635, 1368920, 1955928, 1798267, 2354943, 1002958, 2172954, 1090241, 1230956, 1568753, 'Right']
[2722663, 3203628, 76649, -69268, 2113561, 524636, 578460, 1427591, 1947386, 1792264, 2306040, 951188, 2164797, 1090180, 1210233, 1575164, 'Right']
