[2072561, 2630511, 2115419, 1698758, 2759535, 1346946, 789401, 2524980, 1681825, 2147770, 1556738, 358915, 2916274, 1228413, 979641, 1510536, 'Right']
[2073217, 2632156, 2108081, 1689516, 2752165, 1343692, 791147, 2495086, 1682360, 2147994, 1574374, 358502, 2936872, 1226654, 1002026, 1529157, 'Right']
[2072914, 2630628, 2115140, 1698543, 2758955, 1346515, 789912, 2521654, 1682406, 2148050, 1552196, 357527, 2914518, 1226494, 976148, 1506472, 'Right']
[2072995, 2631774, 2107941, 1688960, 2751632, 1342313, 789083, 2495311, 1682180, 2147613, 1578784, 359748, 2937699, 1228122, 1004309, 1532092, 'Right']
[2072823, 2630727, 2113856, 1698467, 2758606, 1347022, 791244, 2519988, 1682683, 2148166, 1548397, 356290, 2914182, 1224468, 974400, 1503740, 'Right']
[2072651, 2631694, 2107727, 1689742, 2752776, 1342932, 790537, 2500472, 1682300, 2148138, 1582178, 361617, 2938053, 1230735, 1007058, 1535482, 'Right']
[2072208, 2630591, 2112176, 1697658, 2758089, 1346116, 789546, 2514462, 1682275, 2147827, 1545940, 355003, 2914535, 1222747, 974995, 1502316, 'Right']
[2072913, 2632333, 2109632, 1691043, 2754143, 1343276, 790807, 2503776, 1681789, 2148018, 1583855, 362699, 2937208, 1232101, 1008143, 1536324, 'Right']
[2072456, 2631271, 2112802, 1697138, 2757899, 1346329, 791060, 2511210, 1682660, 2148315, 1544748, 354601, 2915906, 1221624, 975972, 1502131, 'Right']
[2073107, 2632516, 2111750, 1692280, 2755713, 1344115, 792433, 2509347, 1681765, 2148144, 1584362, 363666, 2935940, 1233525, 1007766, 1536473, 'Right']
[2073172, 2632093, 2111835, 1696228, 2757184, 1346234, 790845, 2507382, 1683231, 2148591, 1544833, 354159, 2917932, 1221037, 977406, 1503162, 'Right']
[2073873, 2632962, 2112741, 1693210, 2756111, 1343963, 789853, 2512545, 1682189, 2148380, 1584022, 364114, 2933869, 1234573, 1005007, 1535445, 'Right']
[2073791, 2632635, 2109845, 1694727, 2755459, 1345166, 790227, 2501595, 1683772, 2148615, 1546562, 353762, 2919784, 1220204, 978162, 1504406, 'Right']
[2074139, 2632979, 2112951, 1694213, 2756670, 1344128, 791345, 2517023, 1682278, 2148426, 1582778, 364323, 2931233, 1234893, 1001456, 1533156, 'Right']
[2074055, 2633035, 2108268, 1693300, 2754305, 1344601, 790401, 2498099, 1684002, 2148907, 1548939, 353887, 2922686, 1220115, 980922, 1506944, 'Right']
[2074368, 2633069, 2113806, 1695580, 2757794, 1344821, 789828, 2519702, 1682356, 2148601, 1579913, 364325, 2928665, 1234710, 998407, 1530125, 'Right']
[2074017, 2633127, 2107962, 1691766, 2753962, 1344391, 791687, 2496628, 1683978, 2148594, 1552689, 354205, 2925600, 1220210, 984939, 1510526, 'Right']
[2073910, 2632768, 2114588, 1696198, 2758206, 1344927, 790342, 2522525, 1682555, 2148441, 1575971, 363792, 2925360, 1234230, 994600, 1526243, 'Right']
[2073344, 2632927, 2106298, 1690092, 2752724, 1343271, 790581, 2492146, 1683556, 2148353, 1556304, 354506, 2928197, 1220814, 988397, 1513625, 'Right']
[2073703, 2632453, 2113985, 1697175, 2758947, 1345703, 790276, 2523965, 1682183, 2148345, 1570934, 362942, 2922431, 1233103, 990328, 1521875, 'Right']
[2073854, 2633329, 2105669, 1690050, 2752901, 1344212, 791467, 2493148, 1683483, 2148212, 1561358, 355493, 2931571, 1222122, 993337, 1518929, 'Right']
[2073866, 2632502, 2114201, 1698129, 2760069, 1346363, 791129, 2524951, 1682652, 2148526, 1566054, 362002, 2920224, 1231964, 987084, 1518275, 'Right']
[2074395, 2634074, 2105975, 1689654, 2752832, 1343883, 791687, 2492481, 1683737, 2148684, 1566852, 356994, 2934166, 1223988, 997805, 1524100, 'Right']
[2074205, 2632722, 2113902, 1698342, 2759978, 1346048, 789778, 2522779, 1683092, 2148787, 1560988, 360839, 2918002, 1230034, 983028, 1514385, 'Right']
[2074276, 2633861, 2105712, 1688823, 2751945, 1342864, 789807, 2492495, 1683676, 2148535, 1571969, 358301, 2935950, 1225480, 1000567, 1528044, 'Right']
[2073869, 2632399, 2114098, 1698318, 2759363, 1345913, 789768, 2522511, 1682987, 2148354, 1555469, 358893, 2915188, 1227576, 978191, 1509551, 'Right']
[2074162, 2633874, 2106327, 1688770, 2751985, 1342536, 790637, 2494518, 1683469, 2148577, 1576968, 359720, 2937314, 1227147, 1003732, 1531738, 'Right']
[2073971, 2632715, 2113516, 1698244, 2758961, 1346051, 790173, 2520140, 1683089, 2148496, 1551190, 357503, 2914438, 1225385, 976201, 1506369, 'Right']
[2074540, 2634181, 2107751, 1689491, 2752823, 1342864, 790806, 2497546, 1683356, 2148787, 1580888, 361482, 2938350, 1229555, 1006325, 1534431, 'Right']
[2073715, 2632421, 2112520, 1697626, 2758006, 1345955, 789584, 2515948, 1683590, 2148582, 1548081, 356420, 2914863, 1223894, 975132, 1503755, 'Right']
[2074065, 2633654, 2107693, 1689437, 2752511, 1342317, 789885, 2500111, 1682701, 2148068, 1582881, 361913, 2937365, 1230660, 1006213, 1535261, 'Right']
[2074253, 2632929, 2112377, 1697448, 2758389, 1346514, 790981, 2514282, 1683976, 2148880, 1546382, 355468, 2915571, 1222447, 974666, 1503144, 'Right']
[2073811, 2633055, 2109391, 1690384, 2753719, 1342585, 789850, 2504622, 1682939, 2148332, 1584973, 363232, 2937297, 1232385, 1007096, 1537216, 'Right']
[2073266, 2631812, 2111281, 1695931, 2756766, 1345480, 790256, 2508844, 1683722, 2147947, 1544868, 353783, 2916452, 1220327, 974678, 1502102, 'Right']
[2073821, 2632823, 2111399, 1692416, 2755332, 1343362, 791064, 2508797, 1682707, 2148214, 1585351, 363880, 2935587, 1233660, 1006192, 1536775, 'Right']
[2072684, 2631331, 2109628, 1694737, 2755185, 1344980, 790469, 2502871, 1684040, 2148497, 1545817, 353819, 2919189, 1220301, 977553, 1504212, 'Right']
[2072985, 2631616, 2111468, 1692952, 2755184, 1344010, 791503, 2515025, 1681852, 2147500, 1583460, 363463, 2932940, 1233693, 1003893, 1535312, 'Right']
[2073329, 2631988, 2109316, 1693566, 2754305, 1345263, 792142, 2501620, 1683749, 2148229, 1547457, 353336, 2921274, 1219670, 979923, 1506379, 'Right']
[2072755, 2631296, 2111652, 1693223, 2755341, 1343648, 790208, 2517841, 1682330, 2148154, 1581846, 364054, 2930405, 1234574, 1000896, 1533106, 'Right']
[2072390, 2631210, 2105642, 1690385, 2752624, 1343113, 789758, 2494637, 1683201, 2147162, 1549266, 352508, 2923006, 1218613, 981343, 1508230, 'Right']
[2072848, 2631490, 2111437, 1694112, 2756324, 1343903, 790334, 2520133, 1681662, 2147038, 1577849, 362958, 2926899, 1233280, 996232, 1529067, 'Right']
[2072610, 2631776, 2104866, 1689941, 2752020, 1343873, 790982, 2495305, 1683548, 2147684, 1553419, 353491, 2926220, 1219695, 985462, 1512466, 'Right']
[2072194, 2630898, 2112365, 1695105, 2757642, 1344513, 790467, 2523521, 1681737, 2147059, 1573641, 362405, 2924257, 1232813, 992962, 1525515, 'Right']
[2071306, 2630759, 2104529, 1688189, 2751385, 1342476, 790700, 2491476, 1682805, 2147106, 1557332, 353476, 2929262, 1220178, 990103, 1516161, 'Right']
[2071078, 2629849, 2112363, 1695105, 2757451, 1344233, 790392, 2523287, 1681152, 2146133, 1567731, 360437, 2920660, 1230720, 988138, 1519536, 'Right']
[2071144, 2630910, 2103986, 1687060, 2751168, 1341692, 790546, 2491040, 1682427, 2146520, 1562162, 354173, 2931778, 1221136, 994433, 1519668, 'Right']
[2071217, 2630283, 2112823, 1695471, 2758398, 1344792, 789736, 2524093, 1681406, 2146136, 1562461, 359274, 2918112, 1229029, 984424, 1514593, 'Right']
[2071769, 2632007, 2104234, 1686341, 2750869, 1341999, 790327, 2491465, 1682570, 2146814, 1567778, 355830, 2934372, 1223075, 998704, 1524229, 'Right']
[2071750, 2630949, 2113142, 1695370, 2758000, 1344919, 788055, 2521861, 1681862, 2146830, 1557546, 358393, 2916135, 1227825, 980585, 1510735, 'Right']
[2072646, 2632796, 2104773, 1686393, 2751271, 1342185, 791675, 2492481, 1682655, 2147148, 1573028, 357321, 2936526, 1225451, 1001690, 1528208, 'Right']
[2072602, 2631684, 2112653, 1695949, 2758491, 1345450, 790116, 2520615, 1682584, 2147405, 1552988, 357086, 2914905, 1226333, 977424, 1507425, 'Right']
[2073665, 2633848, 2105570, 1687158, 2751988, 1342537, 791667, 2495364, 1683131, 2147856, 1578011, 359425, 2937917, 1227860, 1004862, 1532432, 'Right']
[2073221, 2632368, 2111452, 1695767, 2757618, 1345750, 789140, 2518334, 1683708, 2148487, 1549652, 356640, 2914381, 1225070, 975491, 1505282, 'Right']
[2073973, 2634133, 2107026, 1686995, 2752029, 1342369, 790370, 2497808, 1683169, 2148039, 1581657, 360673, 2938093, 1229653, 1006094, 1535099, 'Right']
[2073500, 2632834, 2113315, 1694848, 2757397, 1345759, 789447, 2514023, 1684221, 2148529, 1546706, 354960, 2914672, 1222957, 973663, 1503260, 'Right']
[2074169, 2634277, 2110547, 1687716, 2753202, 1343047, 791482, 2502909, 1683728, 2148511, 1583996, 362108, 2937410, 1231616, 1006017, 1536562, 'Right']
[2073760, 2633005, 2112448, 1694203, 2756778, 1345193, 790212, 2510455, 1684592, 2148711, 1545811, 354365, 2915998, 1221827, 974171, 1503055, 'Right']
[2074380, 2634169, 2110449, 1688734, 2753391, 1342467, 789917, 2505462, 1683658, 2148621, 1585305, 363302, 2936443, 1233083, 1006106, 1536664, 'Right']
[2073128, 2632374, 2110890, 1692445, 2754822, 1343631, 788446, 2504623, 1684633, 2148597, 1545643, 353802, 2917392, 1220577, 975173, 1502521, 'Right']
[2073479, 2632899, 2111502, 1688962, 2753873, 1341960, 789155, 2509552, 1683073, 2147976, 1584646, 363140, 2934423, 1233362, 1004348, 1535027, 'Right']
[2073154, 2632393, 2109290, 1691103, 2754728, 1343805, 790669, 2501403, 1684600, 2148261, 1546500, 352910, 2920122, 1219636, 977704, 1504112, 'Right']
[2073515, 2633096, 2111015, 1690108, 2755482, 1342618, 789449, 2513235, 1683097, 2147956, 1583061, 363324, 2932095, 1233932, 1002059, 1533434, 'Right']
[2073422, 2633363, 2108098, 1690052, 2754279, 1343506, 790807, 2497732, 1684696, 2148612, 1548726, 353342, 2922345, 1219640, 980446, 1506683, 'Right']
[2073671, 2633679, 2112710, 1691787, 2756198, 1343004, 788941, 2516134, 1683015, 2148477, 1580676, 364040, 2929742, 1234458, 999933, 1531053, 'Right']
[2073152, 2633832, 2105629, 1689166, 2752626, 1343095, 789440, 2492960, 1684027, 2148652, 1551388, 353671, 2924777, 1219800, 984292, 1509028, 'Right']
[2073544, 2634007, 2113049, 1694064, 2756995, 1344502, 789865, 2520191, 1682274, 2148693, 1577047, 364002, 2926570, 1234380, 996988, 1527607, 'Right']
[2073631, 2634886, 2105873, 1689221, 2752258, 1343983, 790451, 2492078, 1684143, 2149182, 1555873, 354849, 2928007, 1220916, 989463, 1513784, 'Right']
[2073297, 2633999, 2113898, 1695012, 2757391, 1344801, 788801, 2520649, 1682365, 2148674, 1572461, 363114, 2923014, 1233320, 992862, 1523234, 'Right']
[2073661, 2635229, 2107292, 1688587, 2751403, 1343730, 789413, 2490320, 1683662, 2148831, 1560428, 355251, 2930501, 1221733, 993182, 1517724, 'Right']
[2073254, 2633882, 2115484, 1695829, 2757544, 1345093, 788198, 2521045, 1682356, 2148610, 1567257, 361921, 2919945, 1231823, 988000, 1518718, 'Right']
[2073614, 2635085, 2108060, 1688041, 2751232, 1343152, 790081, 2488828, 1683243, 2148596, 1565205, 356128, 2932846, 1223037, 996633, 1521728, 'Right']
[2072906, 2633314, 2117306, 1696772, 2758263, 1345741, 788786, 2522673, 1682266, 2148265, 1561464, 360301, 2917726, 1230066, 984198, 1514617, 'Right']
[2073059, 2634351, 2108234, 1687709, 2750639, 1342305, 788865, 2488641, 1682781, 2148010, 1570100, 356983, 2935431, 1224304, 1000499, 1526403, 'Right']
[2073101, 2633172, 2116358, 1697583, 2757753, 1345912, 788221, 2519428, 1682235, 2148154, 1556227, 358711, 2915469, 1227644, 979635, 1509460, 'Right']
[2073799, 2634950, 2109117, 1689089, 2750973, 1343121, 791235, 2492539, 1683056, 2148773, 1576108, 359476, 2936663, 1227090, 1003838, 1530412, 'Right']
[2073062, 2632917, 2115886, 1698019, 2757416, 1346155, 788937, 2518068, 1682700, 2148576, 1552524, 357835, 2914474, 1226127, 977534, 1507068, 'Right']
[2073582, 2634439, 2109339, 1689464, 2751186, 1343149, 790011, 2495285, 1682687, 2148568, 1580050, 360608, 2938028, 1228742, 1006216, 1533905, 'Right']
[2073385, 2633166, 2114950, 1698087, 2757396, 1346376, 788224, 2514794, 1683155, 2148694, 1548920, 356414, 2914197, 1224278, 975086, 1504227, 'Right']
[2073768, 2634372, 2109905, 1690115, 2751791, 1343543, 790538, 2498386, 1682633, 2148474, 1583036, 361791, 2937523, 1230814, 1006441, 1535037, 'Right']
[2073171, 2632858, 2114704, 1697427, 2756789, 1346718, 789911, 2511652, 1683354, 2148763, 1547014, 355414, 2914734, 1223276, 974671, 1502966, 'Right']
[2073016, 2633342, 2111450, 1690012, 2752302, 1343153, 789899, 2502182, 1681906, 2148002, 1585003, 362418, 2937149, 1232266, 1007352, 1536578, 'Right']
[2072582, 2632403, 2113977, 1695690, 2755050, 1345506, 788273, 2507142, 1682729, 2148094, 1544933, 353591, 2915506, 1221201, 974405, 1501852, 'Right']
[2073379, 2633815, 2113667, 1691577, 2753037, 1343545, 789184, 2505430, 1681871, 2148126, 1584782, 362997, 2934851, 1233540, 1005656, 1535543, 'Right']
[2072898, 2632939, 2112718, 1695258, 2754837, 1345759, 790099, 2503631, 1683303, 2148643, 1545601, 353587, 2917566, 1220995, 976499, 1502809, 'Right']
[2073388, 2633707, 2114085, 1692689, 2754390, 1343799, 789561, 2510069, 1681799, 2148190, 1584480, 363608, 2933595, 1234402, 1005039, 1535575, 'Right']
[2073220, 2633590, 2111849, 1694379, 2754007, 1345577, 789953, 2499471, 1683303, 2148661, 1546764, 353208, 2920095, 1220159, 978492, 1505149, 'Right']
[2072993, 2633610, 2115328, 1694173, 2755537, 1344168, 789947, 2514435, 1681861, 2148449, 1582323, 364145, 2930426, 1234937, 1000991, 1533351, 'Right']
[2073105, 2633861, 2110942, 1692880, 2752645, 1344529, 788669, 2494532, 1683192, 2148385, 1549251, 353249, 2922466, 1219997, 980930, 1507641, 'Right']
[2073180, 2633577, 2116301, 1695476, 2756139, 1344762, 790180, 2517689, 1681953, 2148248, 1579519, 363894, 2927938, 1234848, 997735, 1530281, 'Right']
[2073156, 2633807, 2110719, 1691534, 2752155, 1344693, 789890, 2491967, 1683403, 2148343, 1552491, 353504, 2925394, 1220370, 984439, 1511181, 'Right']
[2073313, 2633198, 2117706, 1696151, 2757166, 1345597, 790265, 2520126, 1681979, 2148078, 1575096, 363017, 2924788, 1234083, 993293, 1526147, 'Right']
[2073325, 2633995, 2109397, 1690464, 2751368, 1344509, 790465, 2490401, 1683778, 2148579, 1557056, 354426, 2928600, 1221689, 988587, 1515185, 'Right']
[2073224, 2632962, 2117503, 1697285, 2756720, 1346126, 789159, 2521627, 1682478, 2148456, 1570766, 362492, 2922254, 1233832, 989502, 1522057, 'Right']
[2072971, 2633525, 2109404, 1689716, 2750067, 1343361, 790323, 2489271, 1683684, 2148672, 1562272, 355370, 2931824, 1223194, 992880, 1519600, 'Right']
[2072617, 2632315, 2116626, 1697830, 2757264, 1345589, 789657, 2521383, 1682350, 2148313, 1565591, 361135, 2919596, 1232058, 985421, 1517587, 'Right']
[2072268, 2633223, 2106796, 1689057, 2749907, 1342316, 788393, 2488681, 1683112, 2148391, 1567231, 356404, 2933920, 1224437, 997114, 1523983, 'Right']
[2072175, 2632396, 2114712, 1698484, 2757347, 1346068, 789547, 2520902, 1681806, 2147875, 1559544, 359392, 2916760, 1229731, 981219, 1512533, 'Right']
[2073009, 2634397, 2107346, 1689630, 2750484, 1343749, 791273, 2491061, 1682983, 2148823, 1572534, 358248, 2935885, 1226827, 1001381, 1528294, 'Right']
[2072586, 2632949, 2116039, 1698671, 2757678, 1347168, 790095, 2520263, 1682531, 2148688, 1554997, 358735, 2915350, 1228671, 979072, 1509481, 'Right']
[2072583, 2633980, 2107869, 1688646, 2749922, 1342981, 789695, 2492242, 1682270, 2148050, 1576690, 359011, 2937151, 1228231, 1004060, 1531437, 'Right']
[2072392, 2632589, 2114891, 1697682, 2756559, 1346802, 789382, 2517294, 1682354, 2148104, 1550183, 356616, 2914159, 1226140, 976126, 1505479, 'Right']
[2072667, 2634054, 2108294, 1688965, 2750756, 1343607, 790405, 2495926, 1681982, 2147810, 1580331, 360220, 2937555, 1230066, 1006108, 1534297, 'Right']
[2072227, 2632754, 2113351, 1696941, 2756856, 1346286, 788496, 2512753, 1682214, 2147825, 1546776, 354979, 2913617, 1224204, 974139, 1503260, 'Right']
[2072071, 2633430, 2108042, 1688432, 2750957, 1342176, 788920, 2497375, 1681524, 2147412, 1582487, 361109, 2936569, 1231480, 1005990, 1535268, 'Right']
[2071826, 2632224, 2111617, 1695750, 2755613, 1346421, 789700, 2510030, 1682065, 2147082, 1544430, 353298, 2914176, 1221856, 973236, 1501896, 'Right']
[2072252, 2633193, 2109753, 1689951, 2752805, 1343199, 790842, 2502694, 1681657, 2147283, 1583719, 361913, 2935642, 1232602, 1005843, 1536519, 'Right']
[2071442, 2631983, 2110838, 1694963, 2754912, 1345819, 789189, 2504549, 1682517, 2147215, 1544097, 352794, 2915472, 1220753, 974074, 1502154, 'Right']
[2072034, 2633014, 2110424, 1691245, 2752949, 1343923, 789764, 2507063, 1681233, 2147208, 1583557, 362843, 2933522, 1233930, 1004206, 1535893, 'Right']
[2072090, 2632921, 2109742, 1694245, 2754327, 1346325, 790750, 2501765, 1682665, 2147747, 1544820, 352888, 2917458, 1220616, 975908, 1503923, 'Right']
[2072729, 2633810, 2112912, 1693204, 2754703, 1344815, 790138, 2512262, 1681610, 2147919, 1583053, 363681, 2931339, 1235298, 1002207, 1535023, 'Right']
[2072344, 2633284, 2109823, 1693478, 2753598, 1345578, 790453, 2497329, 1683236, 2148141, 1547097, 353146, 2920026, 1220804, 978453, 1505976, 'Right']
[2072108, 2632750, 2113667, 1693960, 2755479, 1344560, 789749, 2515672, 1681368, 2147355, 1580959, 363409, 2928855, 1235044, 999475, 1532421, 'Right']
[2072081, 2632987, 2107874, 1691854, 2752650, 1344935, 790080, 2494040, 1682723, 2147353, 1549794, 352488, 2922821, 1220047, 981933, 1509104, 'Right']
[2072213, 2632744, 2113970, 1695272, 2756411, 1345002, 789500, 2518435, 1681410, 2147313, 1577685, 362982, 2926375, 1234823, 995957, 1529279, 'Right']
[2071795, 2632911, 2106440, 1690541, 2751015, 1343621, 789679, 2490517, 1682952, 2147559, 1553674, 353138, 2925851, 1220781, 985339, 1512362, 'Right']
[2071927, 2632379, 2114364, 1696544, 2756976, 1345497, 789840, 2521554, 1681154, 2147084, 1573395, 362221, 2923393, 1233720, 992258, 1525055, 'Right']
[2072221, 2633387, 2106703, 1690195, 2751077, 1343954, 791545, 2490561, 1682984, 2147960, 1558589, 354474, 2929407, 1222054, 990881, 1517310, 'Right']
[2071954, 2632233, 2114733, 1697271, 2757401, 1345428, 789622, 2521022, 1681691, 2147593, 1568367, 361744, 2920109, 1232838, 988179, 1520134, 'Right']
[2072191, 2633681, 2106556, 1689561, 2750635, 1343557, 789976, 2489415, 1682611, 2147563, 1563486, 355267, 2931410, 1223187, 994544, 1520961, 'Right']
[2071668, 2632280, 2114423, 1697885, 2758070, 1345992, 790548, 2522369, 1682067, 2147740, 1563503, 360662, 2918114, 1231590, 984813, 1516634, 'Right']
[2071694, 2633396, 2105741, 1688602, 2751038, 1343106, 790699, 2490178, 1682443, 2147046, 1568940, 356200, 2934266, 1224611, 999068, 1525947, 'Right']
[2071894, 2632575, 2114532, 1697973, 2757972, 1346507, 789843, 2521603, 1681998, 2147361, 1557801, 358772, 2916011, 1229187, 980613, 1512127, 'Right']
[2072100, 2633707, 2106255, 1688356, 2750798, 1343056, 790363, 2490965, 1682575, 2147541, 1573635, 357821, 2935833, 1226875, 1001911, 1529754, 'Right']
[2071299, 2631714, 2113267, 1697452, 2757344, 1346104, 788953, 2518541, 1682171, 2147377, 1552475, 356988, 2913684, 1227290, 976449, 1507725, 'Right']
[2071337, 2632570, 2105827, 1687679, 2750301, 1342395, 789221, 2492639, 1682009, 2146935, 1577801, 358597, 2936569, 1228643, 1003801, 1532739, 'Right']
[2071193, 2631333, 2112710, 1696583, 2756652, 1345746, 788938, 2514957, 1682000, 2146820, 1548266, 354885, 2913037, 1224907, 974071, 1504607, 'Right']
[2071367, 2632558, 2106968, 1688060, 2750330, 1342291, 790132, 2495888, 1681703, 2146856, 1580826, 359834, 2936421, 1230402, 1004882, 1534798, 'Right']
[2070566, 2630928, 2111716, 1696070, 2756040, 1345412, 789419, 2512474, 1682025, 2146852, 1545471, 353849, 2912661, 1223282, 972802, 1502791, 'Right']
[2071295, 2632517, 2107776, 1688733, 2751375, 1342434, 789274, 2499892, 1681142, 2146406, 1582851, 360490, 2935958, 1231810, 1005733, 1536358, 'Right']
[2071057, 2631609, 2110908, 1694900, 2755403, 1345603, 789521, 2508599, 1682433, 2147090, 1544063, 352764, 2914268, 1222355, 973083, 1502368, 'Right']
[2071314, 2632770, 2108808, 1689128, 2752303, 1342794, 790476, 2503980, 1681286, 2146534, 1583269, 361316, 2934336, 1232972, 1004447, 1536049, 'Right']
[2071166, 2632314, 2109798, 1693601, 2754269, 1345155, 789666, 2503434, 1682576, 2146912, 1543573, 351978, 2915839, 1220733, 974037, 1502724, 'Right']
[2071794, 2633248, 2110042, 1690533, 2752983, 1343488, 789701, 2508363, 1681448, 2146589, 1582826, 361989, 2932505, 1233810, 1002789, 1535197, 'Right']
[2071119, 2632099, 2108140, 1691974, 2752940, 1344409, 788869, 2498699, 1683021, 2146754, 1544627, 351703, 2917439, 1219927, 975255, 1503388, 'Right']
[2071443, 2632314, 2110705, 1691124, 2753828, 1343350, 788312, 2512516, 1681229, 2146205, 1581599, 362105, 2929992, 1234177, 1000103, 1533139, 'Right']
[2071166, 2632360, 2106426, 1690660, 2752098, 1344054, 789902, 2495003, 1682783, 2146802, 1546760, 351671, 2920716, 1219449, 978262, 1506448, 'Right']
[2071362, 2632423, 2111179, 1692408, 2754521, 1343754, 788712, 2515241, 1681311, 2146432, 1578627, 362287, 2927594, 1234069, 996824, 1530412, 'Right']
[2071302, 2632753, 2105600, 1689249, 2751094, 1343450, 789160, 2491633, 1682863, 2146753, 1550016, 351853, 2923748, 1219822, 981852, 1509393, 'Right']
[2071510, 2632531, 2112156, 1693547, 2755994, 1344286, 789873, 2518445, 1681199, 2146567, 1575023, 361638, 2925295, 1233891, 993694, 1527104, 'Right']
[2071209, 2632983, 2104749, 1687869, 2750483, 1342776, 789792, 2489813, 1682545, 2146614, 1553913, 352127, 2927136, 1220263, 986253, 1513403, 'Right']
[2071515, 2632594, 2112898, 1694227, 2755997, 1344258, 788353, 2519565, 1681262, 2146495, 1570316, 360995, 2922203, 1232705, 989482, 1522570, 'Right']
[2071494, 2633373, 2104583, 1686974, 2749272, 1342090, 787952, 2487399, 1682555, 2146703, 1559118, 353371, 2930005, 1221476, 990508, 1517609, 'Right']
[2071353, 2632152, 2113004, 1694713, 2756387, 1344231, 789517, 2520440, 1681472, 2146642, 1565473, 360141, 2919438, 1231405, 985352, 1518175, 'Right']
[2071599, 2633316, 2104461, 1686486, 2749468, 1342164, 789732, 2488375, 1682593, 2146612, 1564259, 354412, 2932979, 1222855, 994939, 1522508, 'Right']
[2071374, 2632136, 2112740, 1695273, 2756069, 1344622, 788254, 2520336, 1681777, 2146736, 1559982, 358593, 2917159, 1229742, 981421, 1514250, 'Right']
[2071217, 2633071, 2104513, 1685858, 2748663, 1341072, 787947, 2488159, 1682425, 2146771, 1569664, 355833, 2934849, 1224719, 998459, 1526674, 'Right']
[2071583, 2632417, 2112545, 1695879, 2756587, 1344822, 787938, 2518748, 1681847, 2146802, 1554941, 357222, 2915228, 1227759, 978035, 1510033, 'Right']
[2071817, 2633791, 2104587, 1686592, 2749632, 1341414, 790830, 2490883, 1682542, 2147188, 1574789, 357881, 2936705, 1227051, 1002660, 1530652, 'Right']
[2071613, 2632812, 2112185, 1696812, 2756756, 1345390, 790450, 2517546, 1682488, 2147493, 1550978, 356539, 2914064, 1226209, 976609, 1506775, 'Right']
[2071693, 2634142, 2105231, 1687745, 2749498, 1341561, 789307, 2492942, 1681932, 2147187, 1578973, 359557, 2937167, 1228928, 1006035, 1533903, 'Right']
[2071563, 2633077, 2111900, 1697059, 2755892, 1345919, 788966, 2514563, 1682035, 2147535, 1547466, 355448, 2913841, 1224482, 975829, 1504852, 'Right']
[2072120, 2634664, 2107325, 1689319, 2750607, 1343255, 789977, 2497969, 1681756, 2147562, 1581980, 361171, 2937548, 1231352, 1008007, 1537009, 'Right']
[2071977, 2633651, 2112085, 1696700, 2755497, 1346066, 788944, 2509582, 1682825, 2148126, 1545246, 354758, 2914547, 1223386, 975264, 1503703, 'Right']
[2071774, 2634353, 2109412, 1689803, 2750857, 1342961, 788752, 2501111, 1681347, 2147208, 1583491, 361883, 2936744, 1232115, 1007542, 1537144, 'Right']
[2071801, 2633971, 2112532, 1696202, 2755041, 1346348, 788548, 2506783, 1682247, 2147583, 1544001, 353522, 2916188, 1221374, 975682, 1503498, 'Right']
[2072275, 2635045, 2112363, 1691710, 2752632, 1344186, 789274, 2505652, 1681456, 2147791, 1583978, 363125, 2935729, 1233590, 1006686, 1537671, 'Right']
[2071840, 2634200, 2112297, 1695432, 2754250, 1346483, 789583, 2502380, 1682575, 2147859, 1544372, 353121, 2918186, 1220411, 976632, 1504235, 'Right']
[2072064, 2634433, 2113491, 1693056, 2753824, 1344676, 790272, 2510238, 1681101, 2147453, 1583381, 363228, 2933743, 1234207, 1004733, 1536805, 'Right']
[2071794, 2633916, 2110755, 1694180, 2753104, 1345751, 790087, 2497082, 1682569, 2147713, 1545719, 352506, 2920277, 1219568, 978515, 1506103, 'Right']
[2071947, 2634128, 2114391, 1694746, 2754242, 1345242, 789202, 2513577, 1680929, 2147377, 1581264, 363213, 2930677, 1234237, 1001407, 1534224, 'Right']
[2071600, 2633907, 2109955, 1693833, 2751689, 1345978, 790017, 2494153, 1682611, 2147895, 1548343, 352819, 2922720, 1220009, 981510, 1508992, 'Right']
[2071716, 2633557, 2115921, 1696549, 2755313, 1345998, 790087, 2517694, 1681119, 2147596, 1578487, 363265, 2927940, 1234831, 998353, 1531447, 'Right']
[2071478, 2633979, 2108904, 1692416, 2750908, 1345226, 789639, 2490856, 1682341, 2147599, 1552039, 352991, 2925917, 1220351, 985982, 1512763, 'Right']
[2071511, 2633463, 2116402, 1697525, 2755437, 1346154, 788777, 2519211, 1680874, 2147412, 1574094, 362525, 2924342, 1234080, 994090, 1527030, 'Right']
[2071315, 2633920, 2109156, 1691657, 2749995, 1344869, 789449, 2488901, 1682053, 2147526, 1556161, 353474, 2928263, 1221231, 989731, 1516643, 'Right']
[2071160, 2632889, 2116873, 1698515, 2756075, 1346714, 788691, 2520840, 1680916, 2147546, 1569457, 361753, 2921927, 1233369, 990535, 1523748, 'Right']
[2070923, 2633439, 2107881, 1690254, 2749305, 1344083, 789936, 2487840, 1681633, 2147141, 1561043, 354169, 2931335, 1222119, 993807, 1520975, 'Right']
[2071273, 2632782, 2116312, 1698782, 2756905, 1347562, 789645, 2521680, 1680891, 2147277, 1564070, 360295, 2919503, 1231554, 986403, 1519035, 'Right']
[2071045, 2633670, 2107360, 1689515, 2749082, 1343770, 789075, 2487628, 1681785, 2147447, 1565957, 355284, 2933671, 1224023, 997836, 1524964, 'Right']
[2070665, 2632251, 2116065, 1698196, 2756103, 1346404, 788537, 2519131, 1680703, 2146902, 1558305, 358344, 2916260, 1229315, 981727, 1513292, 'Right']
[2071296, 2634137, 2108225, 1689548, 2749552, 1344284, 790591, 2489802, 1681252, 2146789, 1571163, 356510, 2935683, 1225581, 1001408, 1528941, 'Right']
[2070825, 2632543, 2115589, 1698904, 2756692, 1347244, 789881, 2519515, 1681457, 2147511, 1553749, 357667, 2915018, 1228329, 978887, 1510326, 'Right']
[2070721, 2633433, 2107155, 1688848, 2748982, 1343254, 789068, 2491112, 1681006, 2146545, 1575723, 357652, 2936885, 1227647, 1004145, 1532683, 'Right']
[2070922, 2632574, 2114747, 1698599, 2755673, 1347480, 788841, 2516461, 1681022, 2146687, 1549094, 355074, 2913761, 1225613, 975814, 1506413, 'Right']
[2071436, 2634033, 2108686, 1689888, 2749617, 1344014, 790256, 2494808, 1681391, 2147413, 1580227, 359859, 2937942, 1230574, 1006781, 1536077, 'Right']
[2070713, 2632307, 2113510, 1697629, 2754933, 1346531, 789232, 2512401, 1681444, 2146780, 1546069, 353921, 2913804, 1223894, 974350, 1504681, 'Right']
[2071535, 2633977, 2109058, 1689995, 2750063, 1343776, 789512, 2499005, 1681225, 2146825, 1582177, 360542, 2936685, 1231666, 1006545, 1537418, 'Right']
[2071131, 2632571, 2111795, 1696604, 2753980, 1346165, 788631, 2508370, 1682051, 2147017, 1544257, 353089, 2913934, 1222610, 973716, 1503375, 'Right']
[2071598, 2633857, 2109751, 1690668, 2750944, 1343807, 790089, 2502311, 1681007, 2146732, 1583353, 361298, 2935135, 1233012, 1006245, 1537271, 'Right']
[2070673, 2632647, 2110640, 1695292, 2753238, 1345995, 788387, 2504640, 1681850, 2147002, 1543792, 352208, 2915640, 1221309, 975129, 1503559, 'Right']
[2071095, 2633607, 2110938, 1691310, 2751431, 1343470, 788420, 2505897, 1680553, 2146528, 1583480, 361914, 2934068, 1233871, 1004991, 1536787, 'Right']
[2070724, 2633076, 2110034, 1694356, 2752178, 1345393, 788886, 2499643, 1681935, 2146948, 1544446, 351866, 2918166, 1220633, 976722, 1504124, 'Right']
[2070896, 2633248, 2111977, 1692605, 2752378, 1343966, 789230, 2509640, 1680549, 2146658, 1582232, 362245, 2931785, 1234687, 1002983, 1534792, 'Right']
[2070350, 2632826, 2108736, 1692850, 2751070, 1344780, 788780, 2495306, 1681745, 2146601, 1545986, 351198, 2920287, 1219754, 979549, 1505772, 'Right']
[2070501, 2632822, 2112672, 1693865, 2753522, 1344168, 789388, 2513307, 1680197, 2146291, 1579401, 361769, 2928788, 1234053, 999922, 1531688, 'Right']
[2070444, 2633123, 2107450, 1691756, 2750257, 1344634, 789000, 2491894, 1681751, 2146632, 1548564, 351321, 2922992, 1219738, 982647, 1508696, 'Right']
[2070703, 2632922, 2113586, 1695146, 2754384, 1344987, 788595, 2516852, 1680301, 2146523, 1576059, 361698, 2925634, 1234286, 996513, 1528371, 'Right']
[2070397, 2632972, 2106530, 1690503, 2749592, 1343904, 790160, 2489775, 1681829, 2146702, 1552808, 351909, 2925848, 1220456, 987002, 1512658, 'Right']
[2069793, 2631837, 2113115, 1695338, 2754379, 1343981, 787650, 2517218, 1679698, 2145769, 1571633, 360343, 2922869, 1232801, 992613, 1524099, 'Right']
[2069745, 2632646, 2105083, 1689267, 2748511, 1342985, 788694, 2486362, 1681172, 2146316, 1556666, 352248, 2928844, 1220835, 990631, 1515523, 'Right']
[2069390, 2631351, 2113674, 1696394, 2755155, 1345170, 788532, 2518963, 1679849, 2145854, 1566661, 359563, 2920134, 1232018, 988689, 1519280, 'Right']
[2069283, 2632205, 2104642, 1688541, 2748432, 1343370, 789180, 2486361, 1680871, 2145720, 1561704, 353049, 2931419, 1222502, 995132, 1520428, 'Right']
[2068439, 2630348, 2112943, 1696662, 2755152, 1345725, 787697, 2519265, 1679769, 2145322, 1560800, 357995, 2916751, 1230295, 984066, 1514507, 'Right']
[2067574, 2630780, 2104264, 1687563, 2747616, 1342627, 788098, 2486745, 1680032, 2145138, 1566591, 354165, 2933078, 1224028, 998824, 1524691, 'Right']
[2066809, 2629039, 2112555, 1697016, 2755410, 1345748, 788928, 2517762, 1678711, 2144779, 1555065, 356331, 2914696, 1228540, 980706, 1510905, 'Right']
[2066637, 2629946, 2104735, 1687527, 2748105, 1342649, 788687, 2487784, 1679178, 2144946, 1571025, 355444, 2934920, 1226247, 1002769, 1529090, 'Right']
[2065607, 2627847, 2112425, 1696570, 2755044, 1345924, 788567, 2516488, 1678378, 2144349, 1549365, 354193, 2912306, 1226170, 977028, 1506892, 'Right']
[2065902, 2629306, 2105938, 1687187, 2748319, 1342336, 789461, 2490368, 1678458, 2144443, 1574695, 356368, 2935163, 1227984, 1005166, 1532578, 'Right']
[2065395, 2627783, 2112404, 1696316, 2754528, 1345830, 788226, 2513069, 1678547, 2144851, 1545273, 352889, 2911524, 1224551, 975251, 1504186, 'Right']
[2065558, 2628967, 2106434, 1687370, 2748339, 1341916, 788266, 2492603, 1677971, 2144427, 1578260, 357629, 2935696, 1229814, 1007255, 1535011, 'Right']
[2065427, 2627975, 2110614, 1695573, 2754255, 1345770, 788588, 2509514, 1678342, 2144581, 1542480, 351532, 2912076, 1222729, 974648, 1502031, 'Right']
[2066553, 2630069, 2107689, 1688941, 2750442, 1343707, 790385, 2498800, 1678138, 2144872, 1580405, 359064, 2935165, 1231906, 1007987, 1535971, 'Right']
[2066498, 2629463, 2110172, 1695369, 2754064, 1346260, 789526, 2505961, 1679471, 2145701, 1542113, 351588, 2913594, 1222584, 975972, 1502456, 'Right']
[2066917, 2630550, 2108686, 1689944, 2750687, 1343134, 788759, 2501295, 1678315, 2145263, 1581469, 360228, 2933537, 1233513, 1007184, 1536020, 'Right']
[2066787, 2630018, 2109411, 1694184, 2752492, 1345517, 788292, 2500820, 1679545, 2145632, 1541458, 350771, 2914605, 1220809, 976123, 1502066, 'Right']
[2067981, 2631302, 2110798, 1691357, 2752244, 1343763, 789646, 2505640, 1678581, 2145338, 1581402, 360866, 2931798, 1234045, 1005825, 1535345, 'Right']
[2068168, 2631284, 2108534, 1693233, 2752118, 1345124, 789653, 2496549, 1680501, 2145946, 1543697, 350801, 2917683, 1220505, 979465, 1504176, 'Right']
[2068712, 2631673, 2110947, 1692241, 2752972, 1343890, 789705, 2510655, 1679233, 2145662, 1580632, 361275, 2929536, 1234713, 1003918, 1533697, 'Right']
[2069039, 2631798, 2107324, 1691630, 2751085, 1344857, 789311, 2493293, 1681115, 2146183, 1546309, 350685, 2920189, 1220130, 982064, 1506478, 'Right']
[2069456, 2631749, 2112401, 1693483, 2754123, 1344242, 789624, 2514207, 1679838, 2145884, 1578368, 361352, 2927325, 1234845, 1000809, 1530915, 'Right']
[2069498, 2632136, 2106266, 1690171, 2750293, 1343615, 789429, 2489399, 1681529, 2146110, 1549579, 350944, 2923425, 1220076, 985629, 1509513, 'Right']
[2069553, 2631740, 2112544, 1694340, 2754779, 1344596, 789577, 2516584, 1680070, 2145876, 1574421, 360907, 2924184, 1234084, 996700, 1526152, 'Right']
[2069604, 2632521, 2104837, 1688976, 2749202, 1343337, 789237, 2488338, 1681510, 2146246, 1553890, 351716, 2926593, 1221102, 989880, 1513521, 'Right']
[2070209, 2632272, 2112412, 1695321, 2755429, 1344575, 789166, 2517539, 1680258, 2146196, 1569755, 360392, 2921104, 1233516, 992243, 1522289, 'Right']
[2070919, 2633906, 2104498, 1688757, 2749556, 1343662, 790589, 2487075, 1681944, 2146632, 1559531, 353188, 2929888, 1222466, 994518, 1518327, 'Right']
[2070986, 2633059, 2113006, 1696302, 2755822, 1345229, 789182, 2518572, 1681119, 2146768, 1565607, 360063, 2919201, 1232715, 988887, 1518984, 'Right']
[2071633, 2634760, 2105283, 1688226, 2749605, 1343052, 790376, 2486619, 1682483, 2147131, 1564948, 354858, 2932595, 1224438, 998484, 1523149, 'Right']
[2071225, 2633163, 2113516, 1696747, 2756031, 1345535, 788856, 2518743, 1681858, 2147138, 1560435, 358952, 2916697, 1231149, 984958, 1514512, 'Right']
[2071566, 2634544, 2104774, 1687537, 2748405, 1342121, 790129, 2485948, 1682171, 2146779, 1570533, 355880, 2934991, 1226046, 1002512, 1527481, 'Right']
[2071165, 2633026, 2113116, 1696849, 2755363, 1345180, 788812, 2516203, 1681900, 2146939, 1555345, 357317, 2915086, 1229012, 981306, 1510286, 'Right']
[2071337, 2634495, 2105490, 1687571, 2748618, 1342334, 789715, 2488538, 1682014, 2146722, 1575026, 357271, 2936511, 1228072, 1005338, 1531290, 'Right']
[2071314, 2633520, 2113133, 1697436, 2756078, 1346367, 789895, 2515068, 1682159, 2147188, 1551122, 356056, 2913967, 1227474, 978603, 1507267, 'Right']
[2071228, 2634463, 2106407, 1687874, 2748785, 1341744, 789174, 2490470, 1681836, 2147073, 1579448, 359124, 2937072, 1230485, 1007866, 1534510, 'Right']
[2070836, 2633157, 2112350, 1696463, 2755043, 1345491, 788820, 2511185, 1681723, 2146773, 1547112, 354206, 2913348, 1225280, 976607, 1504372, 'Right']
[2071424, 2634786, 2107683, 1688513, 2750099, 1342710, 789979, 2495055, 1681514, 2146947, 1582083, 360263, 2937019, 1232131, 1008794, 1536552, 'Right']
[2071082, 2633477, 2111342, 1695843, 2755102, 1345823, 789694, 2507594, 1682495, 2147502, 1545305, 353802, 2914115, 1224305, 976531, 1503861, 'Right']
[2071194, 2633938, 2107189, 1688297, 2749859, 1341728, 788713, 2497368, 1681216, 2146826, 1583606, 361089, 2936188, 1233332, 1008945, 1537569, 'Right']
[2070885, 2632680, 2108854, 1693635, 2752859, 1344145, 788081, 2502114, 1681954, 2146537, 1543391, 351871, 2915082, 1221920, 975954, 1502648, 'Right']
[2071444, 2633408, 2108010, 1688989, 2750676, 1341850, 788484, 2502116, 1680968, 2146157, 1583647, 361250, 2934431, 1234019, 1007231, 1536976, 'Right']
[2071075, 2632606, 2106740, 1692545, 2752067, 1343985, 789116, 2498225, 1682274, 2146553, 1543779, 351372, 2916947, 1221028, 977319, 1503655, 'Right']
[2071627, 2633503, 2108302, 1690708, 2751648, 1342521, 788261, 2505883, 1681022, 2146516, 1582719, 361828, 2932176, 1235138, 1005166, 1536072, 'Right']
[2070863, 2632632, 2105938, 1691015, 2750593, 1343544, 790144, 2494948, 1682480, 2146740, 1545508, 351127, 2919104, 1220787, 979496, 1506089, 'Right']
[2071698, 2633449, 2109926, 1691308, 2752644, 1342689, 789180, 2510079, 1680880, 2146214, 1580738, 361552, 2929271, 1235245, 1002276, 1533835, 'Right']
[2071491, 2633555, 2105165, 1689529, 2749884, 1343043, 788218, 2490011, 1682548, 2146577, 1547951, 351008, 2921370, 1220540, 982452, 1508132, 'Right']
[2072479, 2634157, 2111362, 1692823, 2754043, 1344115, 790150, 2515019, 1681363, 2146698, 1577848, 361899, 2926391, 1235434, 998929, 1530562, 'Right']
[2071648, 2633955, 2104431, 1688096, 2749045, 1342503, 789002, 2486745, 1683048, 2147156, 1551999, 351951, 2924313, 1221544, 986551, 1511835, 'Right']
[2072250, 2634075, 2111777, 1693478, 2754401, 1344318, 788884, 2516041, 1680969, 2146435, 1573771, 361019, 2923068, 1234664, 994907, 1526103, 'Right']
[2072230, 2634677, 2104096, 1687208, 2749234, 1342748, 790952, 2486906, 1683163, 2147445, 1556850, 352936, 2927816, 1222596, 991444, 1516415, 'Right']
[2072085, 2633844, 2111888, 1693745, 2755091, 1343755, 788465, 2517198, 1681404, 2146527, 1568975, 360234, 2920427, 1233355, 991067, 1521892, 'Right']
[2072470, 2635509, 2104245, 1686607, 2748871, 1341999, 789253, 2484117, 1682716, 2147046, 1561257, 353490, 2930182, 1223211, 995157, 1519788, 'Right']
[2072225, 2634527, 2113078, 1695812, 2755782, 1345464, 789327, 2518471, 1681524, 2147161, 1563975, 359731, 2917515, 1232509, 987477, 1517097, 'Right']
[2072099, 2635708, 2105246, 1687255, 2748323, 1342866, 789380, 2485923, 1682224, 2147294, 1567218, 355431, 2932977, 1225522, 1001299, 1525143, 'Right']
[2071733, 2634535, 2113932, 1697119, 2755752, 1346300, 788485, 2517265, 1681035, 2147221, 1558680, 358665, 2915396, 1230677, 984945, 1513054, 'Right']
[2071711, 2635733, 2106159, 1688045, 2748481, 1343314, 790030, 2486755, 1681330, 2147378, 1572362, 357185, 2934902, 1227251, 1005395, 1529135, 'Right']
[2071337, 2634260, 2115003, 1697517, 2755645, 1347041, 788713, 2516240, 1680824, 2147261, 1553679, 357316, 2913869, 1228694, 982223, 1509559, 'Right']
[2071889, 2635829, 2108795, 1688302, 2748762, 1343346, 789977, 2489479, 1680994, 2147171, 1576659, 358555, 2936125, 1229074, 1008144, 1532994, 'Right']
[2071945, 2634637, 2116258, 1697664, 2755964, 1347520, 789652, 2514094, 1681281, 2147274, 1549739, 355671, 2913350, 1226633, 979854, 1506870, 'Right']
[2072297, 2636004, 2110305, 1688715, 2749643, 1343955, 789045, 2491159, 1681260, 2147029, 1580484, 359419, 2936725, 1230577, 1009908, 1535321, 'Right']
[2071926, 2634606, 2115681, 1697000, 2755179, 1347793, 788641, 2510574, 1681522, 2147012, 1546354, 353968, 2913308, 1224359, 978090, 1503954, 'Right']
[2072708, 2636188, 2112083, 1689446, 2750149, 1344343, 788980, 2495849, 1681116, 2146863, 1582822, 360586, 2936627, 1232006, 1010679, 1536932, 'Right']
