[2603694, 3196007, 338019, -41191, 2100164, 497590, 497198, 1497233, 1839741, 1723068, 2249408, 999807, 2139772, 1117900, 1262635, 1491700, 'Right']
[2507186, 3175727, 234003, -34964, 2025206, 505225, 510976, 1444972, 1845147, 1726653, 2362007, 1094518, 2178672, 1116884, 1317314, 1494144, 'Right']
[2600408, 3197652, 329156, -40670, 2100290, 497758, 496363, 1493740, 1841733, 1725107, 2219509, 979744, 2124598, 1119036, 1246054, 1486404, 'Right']
[2512281, 3175243, 246370, -35693, 2026239, 504237, 510671, 1450355, 1843150, 1724937, 2390162, 1113310, 2192922, 1116012, 1332878, 1498836, 'Right']
[2593742, 3197936, 318062, -40363, 2097579, 497750, 495620, 1489113, 1843418, 1726193, 2195303, 964775, 2112145, 1119493, 1233155, 1481440, 'Right']
[2519391, 3175149, 259697, -36478, 2029375, 503183, 509034, 1455966, 1841059, 1723188, 2411231, 1126918, 2204309, 1115027, 1345199, 1503062, 'Right']
[2585081, 3197254, 304650, -39517, 2093069, 498508, 496559, 1482929, 1845003, 1727589, 2177178, 954243, 2102116, 1120052, 1223052, 1477005, 'Right']
[2529625, 3176255, 275124, -36724, 2035276, 502761, 509258, 1463078, 1839464, 1721947, 2425349, 1135064, 2212817, 1114774, 1353651, 1507009, 'Right']
[2574652, 3196126, 289923, -38521, 2086702, 499117, 496842, 1476290, 1846611, 1728890, 2167995, 950290, 2096173, 1120356, 1217687, 1474361, 'Right']
[2541352, 3177864, 292056, -37305, 2042684, 502029, 507526, 1470588, 1837378, 1720423, 2431254, 1137612, 2217543, 1114362, 1357918, 1509763, 'Right']
[2561909, 3194624, 273544, -37068, 2078021, 501167, 498696, 1467633, 1848130, 1730165, 2166868, 951994, 2093985, 1121043, 1216312, 1472355, 'Right']
[2553093, 3180278, 304931, -37749, 2050801, 501128, 505962, 1476696, 1836460, 1719812, 2425933, 1131451, 2216895, 1114803, 1355393, 1511103, 'Right']
[2549535, 3192715, 258103, -36184, 2068859, 501535, 500390, 1460656, 1849229, 1730885, 2173292, 958199, 2094907, 1121315, 1218545, 1471729, 'Right']
[2565971, 3183040, 319040, -38648, 2060631, 500026, 503537, 1483928, 1835812, 1719529, 2413366, 1120406, 2212790, 1115038, 1349374, 1511266, 'Right']
[2537228, 3189295, 246262, -36296, 2058966, 501854, 500653, 1454828, 1849075, 1730591, 2190144, 972318, 2101101, 1120308, 1227090, 1472361, 'Right']
[2577590, 3185738, 331687, -39701, 2070046, 498659, 501387, 1490288, 1835004, 1718600, 2393420, 1104960, 2205092, 1114638, 1339683, 1509718, 'Right']
[2525934, 3186324, 236164, -35562, 2049846, 502644, 503153, 1449292, 1849764, 1730518, 2213266, 990210, 2110470, 1120266, 1239063, 1474109, 'Right']
[2587410, 3188355, 340306, -40530, 2079754, 497646, 499275, 1495081, 1835379, 1718715, 2366278, 1084280, 2193763, 1115303, 1325822, 1507035, 'Right']
[2516875, 3183073, 230348, -35387, 2041450, 502757, 504672, 1445703, 1849152, 1729595, 2242721, 1012223, 2123360, 1119471, 1254583, 1476740, 'Right']
[2595023, 3191075, 345698, -40396, 2087764, 497085, 498076, 1498321, 1835939, 1719106, 2335806, 1062246, 2180540, 1115903, 1310111, 1503058, 'Right']
[2509812, 3180489, 226959, -34451, 2033988, 503689, 506139, 1443861, 1848139, 1728784, 2275462, 1035922, 2137943, 1119286, 1271774, 1480592, 'Right']
[2600176, 3193771, 346186, -40327, 2093804, 497129, 496581, 1500508, 1836991, 1720362, 2301137, 1036992, 2164466, 1117215, 1291316, 1498772, 'Right']
[2506281, 3178424, 228067, -34376, 2028932, 503858, 506701, 1444626, 1846947, 1727843, 2309698, 1059526, 2153789, 1118473, 1289765, 1485835, 'Right']
[2602647, 3195509, 345122, -41073, 2098283, 496385, 494589, 1501042, 1837767, 1721218, 2268474, 1014195, 2149341, 1117929, 1274261, 1494039, 'Right']
[2505368, 3176106, 234415, -35092, 2025841, 503419, 507201, 1446101, 1844827, 1725818, 2344878, 1084205, 2170612, 1117378, 1309239, 1490227, 'Right']
[2601215, 3197182, 338563, -40384, 2100096, 496585, 493902, 1497912, 1839655, 1722690, 2236224, 992146, 2133178, 1118902, 1256658, 1488126, 'Right']
[2508380, 3175270, 243684, -34955, 2025604, 503580, 508392, 1449529, 1843335, 1724516, 2374958, 1104286, 2185206, 1116878, 1325524, 1495615, 'Right']
[2596843, 3197590, 329416, -39897, 2099638, 497427, 493781, 1494115, 1841328, 1724255, 2209310, 974675, 2119628, 1120146, 1242048, 1484209, 'Right']
[2513456, 3174990, 254645, -35000, 2027391, 504039, 508149, 1453659, 1841218, 1723157, 2400391, 1120876, 2198312, 1116472, 1339601, 1501210, 'Right']
[2589783, 3197747, 315749, -39103, 2096358, 498127, 494364, 1487939, 1843103, 1725775, 2185878, 959370, 2106923, 1120609, 1228413, 1480139, 'Right']
[2522739, 3175554, 269416, -35485, 2031636, 503267, 506829, 1460269, 1839273, 1721528, 2419121, 1132315, 2208630, 1115780, 1350425, 1506402, 'Right']
[2579984, 3197206, 300327, -37569, 2090677, 499138, 494969, 1480638, 1844925, 1727209, 2172115, 952008, 2098554, 1121416, 1220425, 1477522, 'Right']
[2533454, 3176897, 283910, -35929, 2037946, 502295, 505441, 1466648, 1837871, 1720425, 2428705, 1136829, 2214470, 1116012, 1356179, 1510437, 'Right']
[2568561, 3195507, 285903, -37160, 2083085, 499703, 495551, 1474280, 1845923, 1727938, 2166339, 950207, 2093731, 1121556, 1216680, 1475763, 'Right']
[2544850, 3178480, 300139, -36760, 2046090, 501454, 504115, 1474327, 1835973, 1719142, 2430668, 1136326, 2217190, 1115720, 1358153, 1513665, 'Right']
[2555686, 3193150, 269654, -36401, 2074219, 500779, 497259, 1466431, 1847211, 1729107, 2168701, 953985, 2093009, 1122054, 1216898, 1474621, 'Right']
[2557659, 3180660, 315296, -38012, 2054934, 500435, 502723, 1482354, 1834530, 1718030, 2422727, 1128415, 2215423, 1115865, 1354597, 1514370, 'Right']
[2542656, 3190480, 255817, -35888, 2064220, 501719, 497996, 1459821, 1847820, 1729468, 2180797, 964602, 2096849, 1122189, 1222770, 1474052, 'Right']
[2569168, 3183534, 327708, -38594, 2064740, 500068, 501012, 1488756, 1833909, 1717697, 2406824, 1115070, 2209650, 1115680, 1346661, 1513239, 'Right']
[2530672, 3187792, 243962, -35050, 2055255, 502769, 500815, 1454407, 1848041, 1729353, 2200223, 979663, 2104338, 1121486, 1232500, 1475568, 'Right']
[2580039, 3186252, 338466, -39336, 2074160, 498957, 499035, 1494671, 1833571, 1717520, 2383500, 1096763, 2200475, 1116219, 1334758, 1511499, 'Right']
[2520040, 3184077, 236397, -34639, 2045845, 503483, 502426, 1450121, 1847394, 1728612, 2227071, 1000021, 2115671, 1120780, 1246230, 1478253, 'Right']
[2589624, 3188935, 346679, -39330, 2082805, 498288, 497146, 1499332, 1833969, 1717501, 2355480, 1075979, 2188317, 1116629, 1320542, 1508833, 'Right']
[2511968, 3181450, 231606, -33720, 2037808, 503997, 503686, 1446781, 1847147, 1727794, 2258879, 1023601, 2129725, 1120409, 1263359, 1481881, 'Right']
[2596282, 3192369, 349289, -39289, 2090266, 497818, 495497, 1500639, 1834780, 1718290, 2322428, 1052059, 2173567, 1117631, 1302936, 1504392, 'Right']
[2506850, 3179604, 229928, -33204, 2031738, 504555, 505939, 1445287, 1846215, 1726924, 2291996, 1047160, 2144746, 1120019, 1280412, 1486362, 'Right']
[2600546, 3195129, 349035, -39468, 2095990, 497274, 494317, 1502038, 1836112, 1719520, 2288136, 1027705, 2157809, 1118939, 1284828, 1500468, 'Right']
[2504415, 3177470, 233385, -34255, 2027426, 503844, 505514, 1446344, 1844518, 1725613, 2326898, 1071656, 2161046, 1118833, 1299562, 1491365, 'Right']
[2600829, 3196545, 344984, -40531, 2099015, 496559, 493193, 1500634, 1836931, 1720255, 2255332, 1005013, 2141661, 1118868, 1267329, 1494564, 'Right']
[2504581, 3176014, 239656, -34389, 2025347, 504031, 506847, 1447888, 1842747, 1723964, 2359965, 1094238, 2176706, 1118084, 1317463, 1495670, 'Right']
[2598097, 3197916, 336191, -39545, 2100058, 497151, 492632, 1497062, 1839099, 1722281, 2224010, 983544, 2125899, 1120514, 1249676, 1488932, 'Right']
[2509407, 3175484, 251022, -34247, 2026023, 503639, 506553, 1453072, 1841453, 1722705, 2388041, 1112826, 2190875, 1117883, 1332731, 1500984, 'Right']
[2592624, 3198172, 326571, -39128, 2098430, 496519, 492570, 1492934, 1841385, 1723492, 2199315, 967997, 2113312, 1120912, 1236478, 1484483, 'Right']
[2515896, 3175467, 264992, -34402, 2029261, 502654, 507856, 1458814, 1839318, 1720657, 2411663, 1128355, 2203669, 1116714, 1346732, 1505877, 'Right']
[2583952, 3198206, 312564, -37601, 2094398, 497968, 494314, 1487256, 1843092, 1725380, 2180080, 956673, 2102923, 1122058, 1225820, 1480864, 'Right']
[2525275, 3176859, 280237, -34936, 2034537, 501759, 506656, 1465850, 1836899, 1719592, 2426114, 1137231, 2212454, 1116629, 1355608, 1509904, 'Right']
[2572362, 3197311, 296655, -36720, 2087314, 498551, 495944, 1480085, 1844294, 1726806, 2169152, 951863, 2096161, 1122711, 1219330, 1477283, 'Right']
[2536204, 3178054, 294259, -36249, 2041616, 500376, 506043, 1472475, 1835395, 1718502, 2431004, 1138472, 2216296, 1116260, 1358558, 1512354, 'Right']
[2560771, 3195216, 280748, -36798, 2079908, 499047, 497225, 1471989, 1845355, 1727465, 2166241, 951919, 2092671, 1122229, 1216710, 1474285, 'Right']
[2548795, 3180028, 310430, -37641, 2050652, 499654, 505645, 1479827, 1833784, 1717169, 2428688, 1134834, 2217144, 1115884, 1358231, 1513521, 'Right']
[2547964, 3192482, 266893, -36429, 2070990, 499802, 499766, 1464476, 1846102, 1727831, 2173846, 959857, 2094387, 1122113, 1220353, 1473748, 'Right']
[2561033, 3182740, 324860, -38263, 2060304, 498839, 503730, 1485345, 1833059, 1716825, 2417170, 1125119, 2213370, 1116094, 1352851, 1513427, 'Right']
[2535170, 3189828, 253608, -35466, 2061657, 500662, 502441, 1457073, 1847123, 1728586, 2188672, 972531, 2099243, 1122077, 1227345, 1474022, 'Right']
[2572469, 3184974, 337080, -39071, 2070274, 497345, 502534, 1491683, 1832653, 1716217, 2397288, 1109650, 2205678, 1116146, 1342948, 1512452, 'Right']
[2523719, 3186542, 243795, -34671, 2052146, 500993, 504021, 1451945, 1847450, 1728328, 2211498, 990669, 2108630, 1121880, 1239136, 1476388, 'Right']
[2582577, 3188150, 346192, -39345, 2079728, 496040, 500539, 1496993, 1832909, 1716534, 2370726, 1089603, 2194388, 1116573, 1329071, 1510094, 'Right']
[2513514, 3183698, 237074, -34050, 2043494, 501154, 506049, 1448541, 1846791, 1727732, 2240611, 1012736, 2121246, 1120918, 1254317, 1479580, 'Right']
[2590810, 3190771, 352089, -39638, 2088008, 495104, 499630, 1501074, 1833329, 1717021, 2340026, 1067096, 2180952, 1117179, 1312849, 1506435, 'Right']
[2506385, 3180677, 234233, -34083, 2036005, 501331, 507215, 1446944, 1845803, 1726610, 2273269, 1036512, 2135858, 1120123, 1271562, 1483093, 'Right']
[2596126, 3192985, 354801, -40629, 2094100, 494159, 496829, 1503474, 1833784, 1717476, 2306870, 1043669, 2166207, 1117494, 1295598, 1501792, 'Right']
[2501561, 3178081, 235252, -34418, 2030037, 501549, 507900, 1446705, 1843706, 1725177, 2307726, 1061153, 2151860, 1118926, 1290045, 1487129, 'Right']
[2598237, 3195547, 352215, -40469, 2098578, 494702, 496187, 1503410, 1834676, 1718975, 2272164, 1019176, 2149769, 1118614, 1276861, 1496207, 'Right']
[2500564, 3176462, 240226, -34591, 2026691, 501702, 508191, 1448400, 1842010, 1724198, 2341333, 1084154, 2167875, 1118554, 1307977, 1491822, 'Right']
[2597076, 3196618, 346080, -40327, 2100125, 494505, 494679, 1501213, 1836088, 1720513, 2239644, 996518, 2133927, 1119833, 1259114, 1490646, 'Right']
[2502418, 3174769, 248429, -34771, 2025395, 501300, 509311, 1451538, 1839681, 1722313, 2372279, 1104701, 2182830, 1117421, 1325022, 1496839, 'Right']
[2592190, 3197204, 335853, -39441, 2099880, 495138, 494830, 1497373, 1837230, 1721685, 2210591, 977106, 2119265, 1120186, 1243477, 1485753, 'Right']
[2507417, 3174331, 259385, -34950, 2027199, 501135, 508074, 1456057, 1837583, 1721211, 2396874, 1120522, 2195743, 1117226, 1338710, 1501875, 'Right']
[2584372, 3196524, 322140, -38967, 2096199, 495456, 494909, 1490564, 1838697, 1723094, 2186685, 961946, 2106743, 1120682, 1230283, 1480870, 'Right']
[2514999, 3173271, 272473, -35682, 2030602, 500559, 507670, 1461274, 1835033, 1718838, 2414611, 1130930, 2205535, 1116148, 1348913, 1505758, 'Right']
[2573885, 3194469, 307936, -38459, 2091396, 496060, 496195, 1484069, 1839755, 1723332, 2170930, 952812, 2098109, 1121135, 1221262, 1477693, 'Right']
[2524752, 3173296, 289123, -36849, 2037122, 498988, 505958, 1468641, 1832661, 1716010, 2425992, 1137352, 2212913, 1115161, 1356126, 1509653, 'Right']
[2561005, 3191727, 293653, -38497, 2083656, 496216, 495447, 1476417, 1840775, 1723383, 2164763, 951358, 2093191, 1120932, 1217749, 1475060, 'Right']
[2534699, 3173747, 304758, -38241, 2044923, 497973, 504613, 1474715, 1830824, 1713896, 2428268, 1137262, 2215630, 1114462, 1358516, 1511517, 'Right']
[2546573, 3188385, 277696, -38050, 2075240, 496834, 495990, 1468005, 1841709, 1723422, 2165615, 954038, 2091349, 1120942, 1217493, 1472986, 'Right']
[2546111, 3175357, 319262, -39356, 2053893, 496645, 502751, 1481553, 1829009, 1712376, 2421141, 1129789, 2213963, 1114151, 1355644, 1511994, 'Right']
[2532660, 3185518, 261722, -37133, 2065393, 497806, 498201, 1460357, 1842308, 1723687, 2175189, 962306, 2093603, 1120548, 1221611, 1471903, 'Right']
[2558062, 3177493, 331947, -40056, 2063269, 495689, 500078, 1489007, 1827826, 1711528, 2405031, 1115993, 2208051, 1114265, 1347543, 1511202, 'Right']
[2520488, 3182119, 250529, -36549, 2055142, 498280, 499580, 1455987, 1841856, 1723050, 2194399, 977975, 2101399, 1119864, 1231573, 1472992, 'Right']
[2569319, 3180683, 343012, -40447, 2071883, 494996, 497856, 1495775, 1827622, 1711139, 2382686, 1098978, 2199448, 1114508, 1336629, 1509403, 'Right']
[2510289, 3179762, 241658, -36054, 2045255, 499147, 500965, 1451429, 1842378, 1722985, 2220071, 997642, 2112085, 1119501, 1244898, 1475395, 'Right']
[2578797, 3183802, 349707, -41176, 2080266, 493964, 495822, 1498736, 1828628, 1711824, 2353964, 1077403, 2187034, 1115069, 1321669, 1505981, 'Right']
[2502093, 3177167, 235819, -35479, 2037280, 499758, 502887, 1446992, 1842117, 1722305, 2250121, 1019480, 2125081, 1118863, 1260138, 1478378, 'Right']
[2586660, 3187314, 354169, -41109, 2088789, 493923, 494851, 1501779, 1830033, 1713035, 2321416, 1053311, 2172458, 1116312, 1304061, 1502995, 'Right']
[2497233, 3174677, 235458, -35348, 2031602, 500059, 503901, 1446177, 1841361, 1721586, 2284750, 1044231, 2140918, 1118659, 1278858, 1484232, 'Right']
[2590394, 3189448, 354378, -41204, 2095379, 493322, 494005, 1502076, 1830890, 1714144, 2287394, 1029285, 2156858, 1117034, 1286363, 1498648, 'Right']
[2494291, 3173215, 238705, -34782, 2027737, 500878, 505201, 1446973, 1839694, 1720847, 2319241, 1068692, 2157314, 1117926, 1297704, 1489222, 'Right']
[2591562, 3192514, 350999, -40354, 2098982, 493988, 493519, 1501808, 1832538, 1716384, 2254498, 1006874, 2141593, 1118864, 1269247, 1494234, 'Right']
[2495217, 3172333, 244720, -34703, 2025279, 500881, 506285, 1449194, 1838440, 1720312, 2351828, 1091114, 2173063, 1117893, 1315387, 1494218, 'Right']
[2589826, 3193857, 343625, -40186, 2099805, 493950, 492013, 1499439, 1834186, 1718231, 2223301, 985925, 2126076, 1119809, 1252132, 1489039, 'Right']
[2499433, 3171952, 254659, -34722, 2025273, 500363, 505989, 1452981, 1836390, 1719101, 2380858, 1110572, 2187550, 1117151, 1331436, 1499252, 'Right']
[2584697, 3194934, 332221, -39154, 2097867, 494325, 491867, 1494615, 1836152, 1720226, 2196974, 968802, 2112623, 1120669, 1237330, 1483883, 'Right']
[2507704, 3173244, 268039, -34363, 2028259, 500374, 506319, 1459744, 1835107, 1718276, 2404196, 1125353, 2199943, 1117200, 1344296, 1504309, 'Right']
[2577624, 3196086, 319170, -37751, 2094095, 495081, 492851, 1489545, 1838821, 1722756, 2178300, 957476, 2102351, 1122310, 1226745, 1480169, 'Right']
[2517878, 3174545, 283297, -35144, 2032868, 499212, 504217, 1466420, 1833607, 1717293, 2420790, 1135230, 2209445, 1116735, 1354175, 1508074, 'Right']
[2567946, 3195539, 304927, -36839, 2087840, 495925, 493528, 1482823, 1840549, 1724205, 2167498, 951999, 2095692, 1122601, 1220581, 1476721, 'Right']
[2529341, 3176331, 298590, -35483, 2039388, 499021, 503487, 1473271, 1832128, 1716683, 2428840, 1138510, 2214983, 1117080, 1359346, 1511364, 'Right']
[2555762, 3193608, 289463, -36188, 2079235, 496848, 493877, 1475651, 1841678, 1725341, 2164752, 951870, 2092036, 1123326, 1217846, 1474663, 'Right']
[2541289, 3178175, 315268, -36077, 2048306, 498291, 502726, 1481587, 1830395, 1715274, 2428365, 1136234, 2216564, 1117030, 1359953, 1513316, 'Right']
[2542289, 3191119, 274198, -35071, 2070295, 498287, 495677, 1467965, 1842656, 1726028, 2171394, 958996, 2093186, 1123815, 1221021, 1473868, 'Right']
[2553594, 3180551, 328904, -37104, 2057491, 497229, 500188, 1488148, 1829289, 1714254, 2417018, 1125821, 2212872, 1117218, 1354667, 1513630, 'Right']
[2530525, 3188768, 260709, -34174, 2060848, 499146, 497252, 1461569, 1843335, 1726157, 2185762, 970931, 2098192, 1123408, 1228064, 1474484, 'Right']
[2565909, 3183827, 340446, -37511, 2067288, 496218, 497615, 1493780, 1829457, 1714532, 2398364, 1110755, 2205962, 1117623, 1345388, 1512834, 'Right']
[2519802, 3185936, 250042, -33529, 2051151, 499836, 499166, 1455856, 1843760, 1726120, 2207699, 987944, 2106961, 1122916, 1238910, 1476379, 'Right']
[2577615, 3186782, 351517, -38259, 2077065, 494932, 495901, 1499978, 1829552, 1714248, 2373421, 1091788, 2195717, 1117839, 1332699, 1511175, 'Right']
[2510531, 3183050, 243685, -33291, 2042479, 499791, 499737, 1451441, 1843664, 1725417, 2237077, 1010312, 2119729, 1122300, 1254635, 1479468, 'Right']
[2586441, 3189921, 358096, -38495, 2085393, 494108, 494715, 1503032, 1830553, 1714876, 2343702, 1070004, 2182698, 1118698, 1317248, 1507481, 'Right']
[2503969, 3181071, 240544, -32421, 2034883, 500222, 501862, 1448643, 1843494, 1724913, 2269697, 1033987, 2134000, 1121884, 1271870, 1483322, 'Right']
[2592955, 3193558, 359890, -37897, 2091748, 493827, 491792, 1504542, 1832239, 1716755, 2310425, 1046046, 2167555, 1120128, 1299637, 1503288, 'Right']
[2499868, 3179146, 239651, -31598, 2029421, 500784, 503174, 1447669, 1842938, 1724892, 2303417, 1057438, 2149466, 1122066, 1289225, 1487903, 'Right']
[2595596, 3195491, 356852, -37743, 2097108, 493560, 491272, 1504692, 1833285, 1717934, 2274804, 1020245, 2150589, 1120991, 1279782, 1498492, 'Right']
[2498752, 3176584, 244617, -31989, 2026208, 500334, 504287, 1449777, 1840416, 1722967, 2338109, 1081414, 2166096, 1120716, 1308197, 1493416, 'Right']
[2594432, 3196227, 350790, -38042, 2098447, 493177, 490050, 1502663, 1834064, 1718605, 2242779, 998216, 2135156, 1121193, 1262744, 1493008, 'Right']
[2500359, 3175103, 251906, -32480, 2024349, 499742, 504206, 1452735, 1838138, 1721016, 2368307, 1101329, 2180604, 1119488, 1324297, 1498075, 'Right']
[2590922, 3197001, 342097, -38012, 2098986, 492815, 489470, 1499371, 1835384, 1720052, 2213818, 978948, 2120856, 1121947, 1246841, 1487852, 'Right']
[2505437, 3174584, 263311, -33315, 2026093, 499254, 503754, 1457019, 1835977, 1719623, 2395014, 1119165, 2194704, 1118845, 1339458, 1502455, 'Right']
[2584224, 3197176, 329996, -37570, 2096210, 493653, 490075, 1493950, 1836873, 1721576, 2190427, 964326, 2108805, 1122677, 1233929, 1482867, 'Right']
[2513825, 3174963, 278504, -34090, 2030196, 499045, 503401, 1464157, 1834092, 1717877, 2415687, 1132039, 2206064, 1118284, 1351477, 1507154, 'Right']
[2574484, 3197130, 316363, -36639, 2091100, 494866, 490429, 1487989, 1839076, 1722872, 2175460, 955881, 2100336, 1123778, 1225770, 1479342, 'Right']
[2523646, 3176238, 293878, -34980, 2035992, 498175, 502167, 1471200, 1832725, 1716561, 2427677, 1138360, 2213527, 1118245, 1358465, 1510290, 'Right']
[2563379, 3195465, 301431, -36184, 2083947, 495016, 490753, 1480632, 1840382, 1723899, 2167189, 952255, 2094466, 1123721, 1220200, 1475963, 'Right']
[2535328, 3178407, 308941, -34827, 2043284, 497428, 501630, 1477446, 1831545, 1715612, 2430478, 1138382, 2216503, 1118004, 1360719, 1512305, 'Right']
[2551954, 3194343, 286045, -34615, 2075913, 496137, 493425, 1472935, 1842634, 1725495, 2167828, 954757, 2092844, 1124637, 1219773, 1474760, 'Right']
[2548689, 3181190, 324852, -35261, 2052387, 496638, 499186, 1485243, 1830550, 1715056, 2425143, 1132292, 2215927, 1118535, 1358889, 1513943, 'Right']
[2539379, 3191815, 272382, -33725, 2065773, 497188, 494179, 1466529, 1843031, 1726087, 2178656, 964779, 2096128, 1124704, 1225220, 1475055, 'Right']
[2560608, 3183500, 338704, -36354, 2061803, 495626, 496859, 1492169, 1829348, 1714527, 2411326, 1120973, 2211360, 1118389, 1352585, 1514264, 'Right']
[2526044, 3188342, 259243, -33533, 2056220, 497763, 495352, 1459271, 1842743, 1725710, 2195835, 978788, 2102208, 1123899, 1233619, 1475592, 'Right']
[2571665, 3186007, 350522, -37141, 2071796, 494678, 495994, 1498299, 1828285, 1713898, 2389394, 1103799, 2202485, 1118182, 1341613, 1512633, 'Right']
[2514497, 3185337, 249760, -32554, 2046779, 499226, 498347, 1453967, 1842465, 1725586, 2221851, 998663, 2113110, 1123340, 1247536, 1477948, 'Right']
[2580998, 3189172, 357675, -37751, 2080355, 494273, 493090, 1502214, 1828515, 1714405, 2360467, 1081536, 2189893, 1118984, 1326394, 1509225, 'Right']
[2506450, 3182405, 244591, -32606, 2038333, 499815, 499511, 1451136, 1841956, 1724919, 2252231, 1020870, 2126222, 1122731, 1263396, 1481289, 'Right']
[2588214, 3191772, 362075, -38521, 2087832, 493266, 492061, 1504978, 1829250, 1714732, 2329190, 1059007, 2176096, 1119660, 1310377, 1505434, 'Right']
[2500484, 3180006, 242570, -32451, 2031949, 499768, 500730, 1449598, 1841345, 1723803, 2285474, 1044595, 2141204, 1122105, 1280859, 1484905, 'Right']
[2593109, 3194557, 363204, -38526, 2093986, 492530, 489784, 1506803, 1830489, 1715898, 2295482, 1035200, 2160415, 1120607, 1292395, 1500770, 'Right']
[2497755, 3178584, 245286, -31854, 2026894, 499522, 501935, 1449323, 1840674, 1723215, 2320659, 1069776, 2157328, 1121522, 1299647, 1490048, 'Right']
[2594901, 3197447, 359080, -37456, 2097647, 492670, 489544, 1504727, 1833016, 1718006, 2261211, 1011318, 2144110, 1121912, 1273761, 1495848, 'Right']
[2498836, 3177144, 251622, -31657, 2024103, 500006, 502414, 1451401, 1839226, 1722355, 2353302, 1092002, 2173265, 1121346, 1317311, 1495345, 'Right']
[2592834, 3198351, 351178, -37035, 2097870, 493493, 488203, 1502141, 1834217, 1719561, 2230026, 990269, 2128794, 1122850, 1256641, 1490854, 'Right']
[2501958, 3175814, 260646, -32153, 2023846, 499643, 502229, 1455008, 1836599, 1720400, 2382001, 1110951, 2187366, 1120453, 1332760, 1500344, 'Right']
[2587654, 3198512, 341196, -37085, 2097386, 493327, 488371, 1497822, 1835508, 1720420, 2203374, 972753, 2115155, 1123205, 1242028, 1486200, 'Right']
[2508169, 3175506, 274310, -33188, 2026598, 498852, 502570, 1460771, 1834402, 1718067, 2407022, 1127333, 2200593, 1118991, 1347422, 1505552, 'Right']
[2579153, 3198476, 327436, -36844, 2093725, 493929, 489072, 1491761, 1837473, 1721808, 2183030, 959920, 2104073, 1123535, 1230447, 1481641, 'Right']
[2516872, 3176190, 288929, -34504, 2032408, 498372, 501638, 1467651, 1832452, 1716550, 2422669, 1136134, 2209482, 1118391, 1356190, 1509220, 'Right']
[2569032, 3197100, 313331, -36656, 2088536, 494756, 489944, 1485351, 1838868, 1722918, 2170605, 953459, 2096559, 1123921, 1223401, 1478162, 'Right']
[2527834, 3177416, 304984, -35343, 2039232, 497466, 500316, 1474976, 1830562, 1715314, 2430996, 1140136, 2215254, 1117957, 1362034, 1511818, 'Right']
[2557210, 3195601, 298125, -35679, 2080636, 495367, 491322, 1478027, 1840112, 1724184, 2166947, 953214, 2093086, 1124099, 1221052, 1475396, 'Right']
[2540028, 3179743, 320331, -35944, 2047526, 496232, 499559, 1481944, 1829270, 1714470, 2429379, 1136628, 2216496, 1117528, 1361856, 1513105, 'Right']
[2544626, 3193688, 281852, -34466, 2071724, 496319, 493311, 1469392, 1841584, 1725414, 2170876, 958106, 2093037, 1124412, 1222130, 1473613, 'Right']
[2553057, 3182618, 334146, -36100, 2056267, 495546, 498209, 1488713, 1828606, 1714330, 2418948, 1127130, 2213618, 1118225, 1356888, 1513502, 'Right']
[2532815, 3191187, 268775, -33225, 2061150, 497119, 495631, 1463708, 1842415, 1726085, 2184748, 969969, 2097866, 1124354, 1228815, 1474457, 'Right']
[2565920, 3186143, 346853, -35980, 2066231, 495040, 496695, 1495460, 1828655, 1714632, 2401799, 1113491, 2207178, 1118684, 1348552, 1513493, 'Right']
[2521560, 3188718, 258568, -31938, 2052217, 498450, 498578, 1458197, 1842861, 1726124, 2207452, 988175, 2106720, 1124062, 1240663, 1477125, 'Right']
[2576109, 3188845, 356861, -36471, 2076326, 494439, 496216, 1500540, 1829114, 1714947, 2377124, 1094596, 2196668, 1119982, 1335587, 1512071, 'Right']
[2511358, 3185151, 250599, -31987, 2044357, 498678, 500233, 1453148, 1842698, 1725824, 2234760, 1008516, 2117994, 1124213, 1254065, 1480198, 'Right']
[2584804, 3190855, 364617, -37828, 2085939, 492807, 494503, 1504278, 1828869, 1714452, 2348019, 1073341, 2183948, 1119683, 1320147, 1508480, 'Right']
[2503132, 3181571, 247749, -32094, 2037660, 499058, 502458, 1450323, 1841859, 1724445, 2268110, 1033342, 2133093, 1123135, 1271796, 1483286, 'Right']
[2589457, 3193074, 365599, -38058, 2092766, 492625, 493887, 1505119, 1829939, 1715315, 2314228, 1049047, 2168901, 1120691, 1302112, 1503756, 'Right']
[2498271, 3179160, 246873, -31954, 2032100, 499113, 504396, 1449198, 1840590, 1723396, 2300595, 1055898, 2148031, 1122419, 1288443, 1487400, 'Right']
[2592440, 3195118, 364200, -38151, 2098234, 491952, 492756, 1505181, 1830611, 1716535, 2279562, 1024534, 2153085, 1121349, 1283280, 1498569, 'Right']
[2496024, 3177352, 250039, -31882, 2027423, 499391, 504784, 1450176, 1838603, 1722317, 2333810, 1078924, 2163937, 1121511, 1305954, 1491854, 'Right']
[2592576, 3197098, 358441, -37284, 2100136, 492173, 491732, 1504819, 1832190, 1718254, 2246048, 1001183, 2136860, 1122308, 1264843, 1493445, 'Right']
[2498096, 3175774, 258309, -31811, 2025979, 498977, 505747, 1455119, 1836416, 1720817, 2365998, 1100727, 2179695, 1120636, 1323557, 1497414, 'Right']
[2589001, 3197684, 349505, -37089, 2100093, 492394, 491424, 1502448, 1833335, 1719566, 2217193, 981999, 2122673, 1123352, 1249138, 1488292, 'Right']
[2502944, 3175125, 269061, -32384, 2026812, 498765, 504850, 1459894, 1834195, 1719384, 2393705, 1118999, 2194003, 1120046, 1339107, 1502066, 'Right']
[2583014, 3197626, 338120, -37070, 2096961, 492903, 490875, 1497648, 1834777, 1720957, 2193612, 966743, 2110206, 1123352, 1236099, 1482871, 'Right']
[2511028, 3175028, 283981, -33341, 2030318, 498219, 504754, 1466680, 1832213, 1717618, 2415050, 1131956, 2205292, 1119106, 1351528, 1506287, 'Right']
[2573263, 3196549, 324309, -36470, 2092029, 493560, 491626, 1490831, 1836225, 1721963, 2177766, 957304, 2101106, 1123794, 1227510, 1478865, 'Right']
[2520005, 3175756, 298358, -34119, 2035732, 497730, 503484, 1472200, 1829839, 1715996, 2427337, 1138153, 2212642, 1118395, 1358884, 1508969, 'Right']
[2562206, 3195317, 309222, -35616, 2085455, 494636, 492958, 1483424, 1837531, 1723140, 2168182, 952480, 2094918, 1123961, 1221716, 1475275, 'Right']
[2531738, 3177129, 314660, -34967, 2043061, 496537, 502180, 1479292, 1828023, 1714170, 2431562, 1139224, 2216852, 1117755, 1362524, 1511497, 'Right']
[2550353, 3193266, 293781, -34896, 2076658, 495318, 493403, 1475495, 1839114, 1723457, 2168033, 954727, 2093077, 1124229, 1221185, 1473454, 'Right']
[2544477, 3179197, 330460, -35800, 2052376, 495353, 500340, 1486839, 1827087, 1712841, 2426511, 1133928, 2216519, 1117593, 1360823, 1512455, 'Right']
[2537528, 3190381, 280392, -34493, 2067816, 495330, 494970, 1468655, 1839848, 1723707, 2177381, 964089, 2095879, 1123722, 1225463, 1472678, 'Right']
[2556974, 3182011, 345490, -36635, 2062062, 494230, 498792, 1494077, 1826569, 1711990, 2413348, 1123255, 2212251, 1117307, 1354598, 1512146, 'Right']
[2525346, 3188112, 268630, -33285, 2058526, 496990, 497466, 1462937, 1841033, 1724060, 2195382, 979417, 2102667, 1123575, 1234962, 1473935, 'Right']
[2568269, 3185225, 356885, -37038, 2071486, 493348, 495944, 1499715, 1826806, 1712370, 2392085, 1106913, 2203745, 1118212, 1343993, 1510736, 'Right']
[2513636, 3185116, 258397, -32566, 2048746, 497498, 499135, 1456437, 1841333, 1724488, 2219291, 997703, 2112148, 1123712, 1246774, 1475591, 'Right']
[2577595, 3187808, 363756, -37670, 2080286, 492255, 493561, 1502641, 1826930, 1712669, 2363247, 1084689, 2191286, 1118740, 1328400, 1507248, 'Right']
[2504771, 3181947, 252318, -32183, 2040358, 498093, 500198, 1453218, 1840001, 1723006, 2247937, 1018643, 2124640, 1122598, 1261412, 1478629, 'Right']
[2585351, 3190521, 369786, -37857, 2087771, 492152, 492906, 1507791, 1826614, 1712802, 2332350, 1062530, 2178091, 1119469, 1312983, 1504396, 'Right']
[2497313, 3179011, 249473, -31939, 2032409, 498943, 501074, 1452206, 1838407, 1721901, 2281309, 1043030, 2139899, 1121925, 1279566, 1482861, 'Right']
[2589168, 3192851, 369097, -37949, 2094058, 492142, 491690, 1509090, 1827260, 1713596, 2296981, 1037226, 2162011, 1119844, 1294228, 1499530, 'Right']
[2494260, 3176802, 251532, -31921, 2027524, 498755, 502351, 1452528, 1836755, 1720382, 2315330, 1067009, 2155998, 1120593, 1298063, 1487757, 'Right']
[2591502, 3194638, 367115, -37981, 2097739, 491877, 490525, 1508378, 1828481, 1714319, 2263749, 1014313, 2146455, 1120342, 1276800, 1494704, 'Right']
[2494580, 3175098, 258608, -32216, 2024996, 498953, 503105, 1454162, 1835297, 1718901, 2349707, 1090895, 2172517, 1119934, 1317208, 1492877, 'Right']
[2589238, 3196371, 359754, -37806, 2099120, 492184, 489754, 1504034, 1830376, 1716025, 2232368, 992939, 2130746, 1121299, 1259809, 1488875, 'Right']
[2497442, 3174548, 267404, -32639, 2024763, 498642, 503825, 1456024, 1833622, 1717422, 2379128, 1110261, 2186969, 1119087, 1333112, 1497164, 'Right']
[2584521, 3197501, 349234, -37109, 2098257, 492362, 489939, 1499363, 1832821, 1717732, 2204542, 974479, 2116768, 1122388, 1244300, 1483517, 'Right']
[2504467, 3174877, 280131, -32768, 2027108, 498254, 503051, 1461920, 1832596, 1716236, 2403189, 1125462, 2199567, 1118659, 1346548, 1501722, 'Right']
[2577165, 3197560, 336541, -36218, 2094335, 493094, 490375, 1494261, 1835013, 1719505, 2184126, 961890, 2105646, 1123148, 1232721, 1479510, 'Right']
[2513037, 3175352, 294721, -33470, 2031784, 497523, 503021, 1468741, 1830557, 1714703, 2420517, 1136034, 2209016, 1118363, 1356337, 1506361, 'Right']
[2566729, 3196761, 321935, -35320, 2088937, 494158, 490705, 1487581, 1836585, 1720771, 2170804, 954581, 2097332, 1123715, 1224588, 1476093, 'Right']
[2523872, 3176945, 310473, -33831, 2038788, 496817, 501422, 1475697, 1829086, 1713732, 2429436, 1140099, 2214819, 1118092, 1361645, 1509520, 'Right']
[2554346, 3194785, 305453, -34421, 2081319, 494326, 492388, 1479535, 1837732, 1721650, 2166127, 953381, 2093232, 1123799, 1221112, 1473725, 'Right']
[2536025, 3178937, 326338, -34159, 2047638, 495771, 500259, 1483558, 1826919, 1712298, 2428464, 1136963, 2216131, 1117722, 1361712, 1511571, 'Right']
[2542860, 3192918, 292735, -33084, 2073181, 495879, 493350, 1474267, 1838393, 1723022, 2171360, 959482, 2094066, 1124554, 1223685, 1473614, 'Right']
[2547645, 3180894, 341323, -35036, 2056102, 494904, 498473, 1490597, 1825584, 1711890, 2421053, 1129955, 2214730, 1117985, 1359137, 1512739, 'Right']
[2529332, 3189710, 278487, -32792, 2062865, 496146, 495100, 1466681, 1838625, 1722762, 2183676, 969827, 2097730, 1123543, 1229455, 1473226, 'Right']
[2559680, 3183766, 354000, -35815, 2065465, 493656, 496802, 1497387, 1824896, 1711076, 2403309, 1115321, 2207962, 1117909, 1350412, 1511799, 'Right']
[2517573, 3187061, 266627, -32008, 2052940, 496909, 496516, 1460602, 1838998, 1723117, 2204224, 985751, 2105604, 1124028, 1239914, 1474635, 'Right']
[2570773, 3186604, 363859, -36596, 2075461, 492572, 494438, 1503119, 1824792, 1711383, 2378157, 1095368, 2197420, 1118579, 1337138, 1509361, 'Right']
[2506935, 3183625, 257588, -31984, 2043979, 496966, 498227, 1456004, 1838780, 1722673, 2231123, 1005621, 2116988, 1122981, 1253672, 1477186, 'Right']
[2579216, 3189329, 369787, -37533, 2083206, 491335, 492189, 1506351, 1824792, 1711339, 2348473, 1072927, 2184622, 1118547, 1321608, 1505816, 'Right']
[2499754, 3180989, 253993, -31868, 2035777, 497359, 498822, 1453619, 1837751, 1721675, 2262617, 1028211, 2130870, 1122014, 1269914, 1480211, 'Right']
[2585640, 3191846, 374142, -37764, 2090160, 490748, 490575, 1509277, 1825451, 1712290, 2316406, 1050100, 2170420, 1119744, 1305037, 1501887, 'Right']
[2494012, 3178286, 254020, -31443, 2029720, 497766, 500346, 1451948, 1836505, 1720556, 2297046, 1053167, 2146639, 1121471, 1288539, 1484626, 'Right']
[2588307, 3193944, 372323, -37839, 2095041, 490855, 488862, 1508259, 1826946, 1713319, 2281238, 1025274, 2154044, 1120219, 1286194, 1496883, 'Right']
[2492322, 3176475, 258566, -31667, 2025507, 497965, 500826, 1453062, 1835091, 1719100, 2330988, 1076808, 2162862, 1120488, 1307125, 1489821, 'Right']
[2588424, 3195822, 367895, -37636, 2097495, 490842, 488379, 1507177, 1828500, 1714765, 2248627, 1002697, 2138382, 1121239, 1268810, 1491816, 'Right']
[2493857, 3175127, 266452, -31416, 2024237, 497980, 502172, 1456417, 1833593, 1717835, 2363575, 1099043, 2178879, 1119997, 1325113, 1495274, 'Right']
[2585072, 3197009, 358526, -36584, 2098031, 491351, 488386, 1503249, 1830390, 1716439, 2218961, 982625, 2123495, 1122585, 1252492, 1486655, 'Right']
[2498179, 3174524, 276038, -31693, 2025015, 497666, 501870, 1460260, 1831421, 1716081, 2390290, 1115919, 2191881, 1119395, 1339126, 1499542, 'Right']
[2579789, 3197374, 347753, -36009, 2096088, 491763, 487496, 1499641, 1831718, 1717582, 2195018, 967010, 2110992, 1123090, 1239057, 1482413, 'Right']
[2505833, 3174491, 290378, -32347, 2028359, 496455, 501464, 1466803, 1829151, 1714335, 2412792, 1130140, 2204028, 1118620, 1352038, 1504465, 'Right']
[2570529, 3196851, 333191, -35093, 2091489, 492307, 488339, 1493129, 1833315, 1718956, 2177378, 956023, 2100781, 1123191, 1228704, 1478005, 'Right']
[2515742, 3176036, 305145, -32544, 2033942, 496206, 500269, 1474034, 1827578, 1713168, 2426066, 1137151, 2211552, 1118167, 1359654, 1508162, 'Right']
[2559531, 3195687, 318207, -34287, 2085075, 492823, 489930, 1486791, 1834948, 1720487, 2168777, 952128, 2095008, 1123947, 1223581, 1475078, 'Right']
[2526753, 3177173, 320999, -33816, 2041451, 494710, 499140, 1481717, 1825913, 1711741, 2431069, 1138299, 2215610, 1117516, 1363124, 1510163, 'Right']
[2547166, 3193728, 302171, -34139, 2076383, 493116, 490603, 1478948, 1836487, 1720999, 2167863, 953469, 2092404, 1123569, 1222113, 1472572, 'Right']
[2539047, 3179819, 335138, -34743, 2050187, 493723, 497905, 1488473, 1825230, 1711236, 2426087, 1132214, 2215082, 1117577, 1360783, 1510998, 'Right']
[2535201, 3191337, 288073, -33691, 2067296, 493532, 491716, 1472323, 1837695, 1721873, 2175828, 960870, 2094282, 1123924, 1225380, 1471782, 'Right']
[2551017, 3182063, 349528, -35847, 2058982, 491973, 494951, 1495008, 1823897, 1710179, 2414580, 1122284, 2211612, 1117155, 1355677, 1510543, 'Right']
[2522241, 3188659, 274845, -32417, 2057655, 494780, 493223, 1464909, 1837771, 1721967, 2192010, 974216, 2100096, 1123487, 1233242, 1471607, 'Right']
[2562862, 3185284, 361036, -35962, 2068741, 491666, 493334, 1500719, 1823624, 1710372, 2393349, 1105412, 2203381, 1117956, 1344855, 1509236, 'Right']
[2511214, 3185876, 264722, -31499, 2048282, 495876, 495196, 1458966, 1837796, 1722084, 2215872, 992623, 2109960, 1123384, 1245409, 1473907, 'Right']
[2572957, 3188020, 370411, -36633, 2078324, 490793, 491444, 1505410, 1823435, 1710253, 2366710, 1085357, 2192416, 1118514, 1331214, 1506698, 'Right']
[2501574, 3183218, 258516, -30456, 2039563, 496810, 497509, 1455285, 1837096, 1721327, 2246354, 1015603, 2123528, 1122716, 1261777, 1477227, 'Right']
[2580088, 3191667, 373428, -35964, 2086205, 490841, 490102, 1507934, 1824590, 1711416, 2334122, 1061136, 2177698, 1119705, 1314023, 1503157, 'Right']
[2495424, 3180321, 255514, -30513, 2033003, 496733, 498305, 1453646, 1836475, 1720268, 2277801, 1037486, 2137041, 1122323, 1278027, 1481645, 'Right']
[2585793, 3193844, 375935, -36372, 2093149, 490181, 489595, 1510250, 1825291, 1711786, 2301533, 1037688, 2162915, 1120072, 1297139, 1499635, 'Right']
[2491401, 3178070, 256952, -30265, 2028149, 497300, 500441, 1453605, 1835195, 1719057, 2313215, 1062510, 2153806, 1121474, 1297268, 1486784, 'Right']
[2587431, 3195960, 372133, -36785, 2097184, 489771, 487974, 1509548, 1826708, 1712978, 2267014, 1013001, 2146610, 1121163, 1278400, 1494645, 'Right']
[2491427, 3176826, 261937, -31100, 2024815, 496480, 500331, 1454999, 1833779, 1717317, 2346445, 1085092, 2169598, 1120291, 1315121, 1491578, 'Right']
[2586567, 3197840, 365003, -36926, 2098142, 489626, 486646, 1506974, 1828818, 1714537, 2235064, 991310, 2131122, 1121897, 1260867, 1488582, 'Right']
[2494609, 3175621, 271691, -31898, 2024211, 496334, 500275, 1459499, 1831656, 1715820, 2377350, 1106234, 2185026, 1119389, 1331900, 1496010, 'Right']
[2581951, 3198241, 355502, -36502, 2097421, 489845, 485582, 1503414, 1829980, 1715543, 2208466, 974445, 2117952, 1122154, 1246495, 1483383, 'Right']
[2500365, 3175557, 284102, -31883, 2026226, 495547, 500586, 1464609, 1830016, 1714308, 2402133, 1122446, 2198086, 1119104, 1345904, 1500709, 'Right']
[2574685, 3198724, 342425, -35141, 2094550, 490482, 486799, 1497707, 1832064, 1717218, 2186275, 960544, 2106119, 1122938, 1234127, 1479104, 'Right']
[2508971, 3176706, 298187, -31935, 2030762, 495207, 499317, 1470919, 1828060, 1713218, 2419666, 1133009, 2208086, 1118726, 1356058, 1505574, 'Right']
[2564978, 3197811, 329120, -34759, 2088942, 490753, 487030, 1491147, 1833348, 1718610, 2172725, 952992, 2098370, 1123858, 1226176, 1476304, 'Right']
[2519043, 3177675, 314091, -32722, 2037711, 494429, 498654, 1477203, 1826351, 1711752, 2430047, 1138327, 2214721, 1118294, 1362391, 1508874, 'Right']
