[1119447, 730757, 1648909, -212975, 2205150, 2289508, 1938591, 1920949, 159679, 76550, 2286385, 701501, 2017038, 2073416, 1518034, 424415, 'Stay']
[1128504, 740067, 1643383, -204416, 2212685, 2235923, 1872395, 1877813, 170595, 86947, 2236990, 679403, 1987044, 2064315, 1500543, 424917, 'Stay']
[1118510, 729386, 1651572, -213080, 2206097, 2287892, 1938266, 1919930, 161154, 78050, 2273171, 698438, 2013145, 2072381, 1505388, 417947, 'Stay']
[1129279, 740843, 1641820, -204054, 2212206, 2236881, 1872700, 1877804, 169491, 85667, 2250800, 682614, 1990322, 2065176, 1512649, 430926, 'Stay']
[1118080, 728474, 1652634, -214081, 2206894, 2284216, 1935352, 1916693, 162618, 79391, 2259054, 694491, 2007853, 2071184, 1491793, 410839, 'Stay']
[1130098, 741524, 1640391, -204484, 2211544, 2240578, 1876122, 1880385, 167936, 84086, 2265124, 686354, 1994700, 2066441, 1524787, 436721, 'Stay']
[1117507, 727620, 1653098, -214958, 2206997, 2279601, 1931524, 1913642, 164308, 81021, 2244627, 690668, 2003761, 2069845, 1479795, 405332, 'Stay']
[1129540, 741288, 1638124, -205110, 2209658, 2245656, 1882181, 1884310, 165413, 81709, 2279039, 690170, 2000081, 2067396, 1536313, 442625, 'Stay']
[1117024, 727474, 1652799, -214887, 2207460, 2273922, 1926268, 1909522, 165962, 82440, 2231244, 686693, 1998929, 2068238, 1469964, 401195, 'Stay']
[1128267, 740838, 1637084, -205689, 2207704, 2252294, 1890318, 1889837, 163180, 79188, 2291526, 694075, 2004849, 2068715, 1546079, 447477, 'Stay']
[1117606, 728681, 1653117, -213735, 2207860, 2267131, 1919042, 1904031, 167379, 83799, 2219819, 682878, 1993819, 2066874, 1462952, 399479, 'Stay']
[1128355, 741171, 1637926, -205403, 2207147, 2258025, 1897592, 1893716, 162028, 78325, 2301538, 698154, 2011012, 2070492, 1551603, 449069, 'Stay']
[1119273, 730299, 1653501, -212101, 2209714, 2260391, 1911540, 1898876, 169319, 85451, 2211363, 680253, 1990710, 2066114, 1458162, 397953, 'Stay']
[1128107, 740722, 1639939, -205725, 2206685, 2265573, 1906761, 1899638, 161041, 77038, 2309249, 701784, 2015663, 2071890, 1555527, 449972, 'Stay']
[1121322, 732156, 1653356, -210682, 2210330, 2253660, 1902328, 1892578, 171431, 87235, 2205898, 677934, 1985455, 2065248, 1456229, 397828, 'Stay']
[1127084, 739420, 1641333, -207138, 2205965, 2273214, 1915686, 1905197, 160166, 76261, 2313785, 704587, 2018649, 2073263, 1555638, 448992, 'Stay']
[1122962, 733694, 1651758, -209531, 2211110, 2248034, 1894335, 1887399, 172255, 87851, 2204362, 676417, 1983083, 2064026, 1458789, 400741, 'Stay']
[1126033, 737887, 1642291, -207923, 2205736, 2279311, 1923327, 1909757, 159533, 75788, 2313813, 705822, 2020218, 2073799, 1552136, 445962, 'Stay']
[1124646, 735219, 1649542, -208126, 2211937, 2241804, 1885639, 1881614, 173204, 88848, 2205778, 675251, 1981351, 2063932, 1463579, 404061, 'Stay']
[1123498, 734973, 1642951, -210423, 2204318, 2282692, 1928580, 1912248, 158980, 75320, 2309229, 705195, 2019217, 2073824, 1543890, 439429, 'Stay']
[1125267, 735968, 1646364, -207837, 2211219, 2237593, 1879510, 1877973, 171963, 87653, 2210132, 673893, 1979285, 2062527, 1470513, 407907, 'Stay']
[1121434, 732915, 1644833, -211452, 2204175, 2286877, 1935285, 1916280, 158469, 74863, 2302068, 703934, 2019246, 2073360, 1535412, 434439, 'Stay']
[1126301, 737330, 1644863, -206136, 2211544, 2235160, 1875492, 1875717, 171867, 87604, 2218521, 675007, 1981208, 2062991, 1481080, 413954, 'Stay']
[1119207, 730701, 1647460, -212395, 2204030, 2288655, 1939105, 1918248, 158713, 75445, 2292045, 701790, 2017088, 2073172, 1524106, 427994, 'Stay']
[1127387, 738982, 1643409, -204661, 2211791, 2234308, 1873843, 1874851, 171016, 86818, 2230180, 677174, 1984301, 2063686, 1493366, 420970, 'Stay']
[1117776, 729014, 1649335, -213652, 2204096, 2288392, 1940741, 1918751, 159850, 76128, 2280799, 699374, 2014729, 2072606, 1511816, 421463, 'Stay']
[1127894, 739733, 1641469, -204916, 2211013, 2236110, 1874689, 1876301, 169176, 84819, 2244860, 679810, 1987322, 2063856, 1506667, 428638, 'Stay']
[1117317, 728448, 1651299, -213924, 2205347, 2285751, 1939076, 1916609, 161564, 77767, 2267672, 695586, 2009394, 2071039, 1498812, 415086, 'Stay']
[1128488, 740717, 1639855, -204225, 2210675, 2238073, 1876047, 1876759, 168351, 83897, 2259301, 683456, 1991380, 2065094, 1518465, 433867, 'Stay']
[1116543, 727788, 1652430, -214063, 2205798, 2281990, 1935356, 1913312, 163221, 79277, 2254261, 691913, 2005156, 2069822, 1485895, 408471, 'Stay']
[1128387, 740982, 1638919, -203992, 2209928, 2242868, 1880110, 1880000, 166559, 81921, 2274500, 687045, 1996980, 2065795, 1530099, 439627, 'Stay']
[1115940, 727326, 1653719, -213777, 2206494, 2277845, 1930605, 1910213, 164947, 81033, 2240735, 687500, 2000545, 2068028, 1474542, 403351, 'Stay']
[1127826, 740953, 1638884, -203864, 2209153, 2250248, 1887632, 1885483, 164621, 80383, 2288684, 691148, 2002230, 2067241, 1541227, 445473, 'Stay']
[1116433, 728197, 1654283, -212682, 2207670, 2272732, 1924423, 1905593, 166627, 82551, 2229152, 683825, 1995154, 2066936, 1466626, 401235, 'Stay']
[1127633, 741221, 1638752, -203906, 2207619, 2256782, 1894206, 1889797, 163163, 78980, 2300450, 695416, 2007482, 2068937, 1548774, 448664, 'Stay']
[1117315, 729046, 1653658, -212276, 2207677, 2265622, 1915261, 1899445, 168635, 84613, 2218872, 680532, 1990822, 2065574, 1458964, 397795, 'Stay']
[1126747, 740191, 1639267, -205644, 2206350, 2264223, 1902773, 1895533, 161398, 77329, 2309809, 699005, 2011426, 2069977, 1553410, 450077, 'Stay']
[1118559, 730139, 1654018, -211732, 2209490, 2259395, 1908059, 1894834, 170247, 85873, 2212275, 677420, 1985999, 2063914, 1456249, 398390, 'Stay']
[1125492, 738361, 1640500, -207693, 2205493, 2271450, 1912493, 1901707, 159903, 75484, 2315937, 701240, 2015612, 2070315, 1555531, 450655, 'Stay']
[1120301, 731301, 1652343, -211074, 2210419, 2252288, 1899318, 1888978, 171190, 86613, 2208437, 674614, 1983274, 2062116, 1456140, 399688, 'Stay']
[1124160, 736669, 1641050, -208882, 2205159, 2277239, 1920126, 1906209, 158677, 74724, 2318212, 702713, 2017969, 2071045, 1553218, 448090, 'Stay']
[1121296, 732897, 1650602, -209487, 2211369, 2246300, 1891744, 1884282, 171839, 87407, 2208658, 673111, 1980586, 2061585, 1459306, 402205, 'Stay']
[1122452, 735449, 1642619, -209179, 2204747, 2282761, 1928349, 1911387, 158381, 74824, 2317537, 704067, 2018956, 2072155, 1548970, 444697, 'Stay']
[1122223, 734526, 1647974, -208045, 2210837, 2240873, 1884580, 1879781, 171929, 87713, 2212687, 673048, 1978991, 2061506, 1466323, 406765, 'Stay']
[1119766, 732973, 1643896, -211172, 2202891, 2286086, 1934006, 1914301, 157931, 74247, 2312360, 703720, 2019658, 2072124, 1540596, 439114, 'Stay']
[1123205, 735964, 1646233, -206786, 2211439, 2237731, 1880005, 1877197, 171357, 87152, 2219842, 673637, 1980968, 2061010, 1475454, 412425, 'Stay']
[1118406, 731519, 1646717, -211857, 2204141, 2288562, 1939062, 1916832, 158375, 74848, 2304323, 702784, 2018934, 2072181, 1530849, 433525, 'Stay']
[1124759, 737793, 1644359, -206083, 2211541, 2234543, 1875355, 1873949, 171191, 86713, 2230292, 675758, 1981854, 2061523, 1486553, 418412, 'Stay']
[1116596, 729576, 1648718, -213672, 2204240, 2288395, 1940636, 1916893, 158904, 75055, 2292900, 700140, 2015206, 2070896, 1517598, 425317, 'Stay']
[1125797, 738896, 1642757, -205692, 2210962, 2235457, 1874830, 1874091, 169889, 85327, 2243174, 677618, 1984472, 2061898, 1499131, 425050, 'Stay']
[1116028, 728490, 1650807, -214354, 2204374, 2288718, 1941897, 1917250, 160308, 76285, 2280818, 696995, 2012011, 2070023, 1505871, 419765, 'Stay']
[1126787, 740136, 1641222, -205221, 2210086, 2237959, 1875998, 1875125, 168869, 84042, 2257738, 681135, 1988803, 2062565, 1512720, 432908, 'Stay']
[1115231, 727921, 1652303, -215077, 2204417, 2285524, 1938398, 1914245, 161880, 77942, 2266533, 693403, 2006307, 2068616, 1492212, 412880, 'Stay']
[1127270, 741244, 1640368, -204512, 2209948, 2241872, 1879036, 1877825, 167059, 82736, 2272154, 684779, 1992540, 2063803, 1524665, 438547, 'Stay']
[1115537, 728058, 1653912, -214265, 2205618, 2281456, 1934170, 1911139, 163822, 80039, 2253234, 689543, 2001737, 2067650, 1480563, 407699, 'Stay']
[1127286, 741476, 1639371, -204473, 2208489, 2246337, 1883444, 1880515, 165718, 81123, 2286868, 689153, 1998159, 2065255, 1535457, 443732, 'Stay']
[1114718, 727388, 1654029, -214743, 2206083, 2275287, 1927669, 1906058, 165112, 81106, 2239865, 685625, 1996711, 2065567, 1469415, 402266, 'Stay']
[1126995, 741223, 1638774, -204899, 2207823, 2253427, 1891171, 1886186, 163251, 78974, 2299729, 693285, 2003446, 2066062, 1544797, 447857, 'Stay']
[1115914, 728212, 1654283, -213784, 2207495, 2268737, 1920556, 1901133, 167423, 83288, 2229212, 682298, 1992249, 2064325, 1462279, 399997, 'Stay']
[1126035, 740048, 1639172, -205901, 2206670, 2259482, 1898717, 1890535, 161563, 77297, 2310607, 696875, 2008310, 2067355, 1551048, 449976, 'Stay']
[1116590, 728736, 1654095, -213006, 2208580, 2261280, 1911918, 1894749, 168968, 84478, 2220414, 678740, 1987213, 2062861, 1456999, 398155, 'Stay']
[1124713, 738596, 1640035, -207063, 2206132, 2266060, 1907098, 1895766, 159894, 75486, 2317833, 699550, 2012458, 2068461, 1554198, 450249, 'Stay']
[1117644, 729791, 1653323, -212008, 2209164, 2254047, 1902868, 1888891, 170043, 85329, 2214559, 675239, 1983977, 2061344, 1454863, 397981, 'Stay']
[1123253, 737067, 1640521, -208263, 2204670, 2273062, 1915806, 1901370, 158735, 74337, 2322097, 701509, 2016466, 2069402, 1553806, 448685, 'Stay']
[1118644, 731115, 1651371, -210787, 2210222, 2248202, 1895193, 1884143, 170882, 86456, 2212902, 673816, 1981699, 2060683, 1456977, 400706, 'Stay']
[1121194, 735228, 1641960, -209646, 2204327, 2279038, 1924329, 1906513, 157541, 73416, 2322520, 703179, 2017966, 2069560, 1551050, 446630, 'Stay']
[1119963, 732729, 1649552, -209834, 2210436, 2241998, 1887297, 1878919, 171292, 86561, 2214068, 672751, 1978976, 2059364, 1461563, 403999, 'Stay']
[1119418, 733095, 1644109, -211333, 2203623, 2283519, 1930839, 1910033, 157212, 72939, 2318997, 703293, 2017476, 2069797, 1544060, 441831, 'Stay']
[1121002, 734269, 1648314, -208546, 2210618, 2238087, 1881204, 1875091, 171206, 86435, 2219555, 672544, 1978006, 2059329, 1469453, 409260, 'Stay']
[1117657, 731506, 1646547, -212460, 2203489, 2286717, 1936161, 1912514, 157548, 73304, 2312081, 702299, 2017750, 2070121, 1534693, 436106, 'Stay']
[1123209, 736724, 1646855, -206952, 2211286, 2234866, 1876255, 1871650, 171561, 86491, 2228122, 674013, 1980813, 2059652, 1479528, 415061, 'Stay']
[1116175, 729729, 1648889, -214035, 2203366, 2288339, 1939360, 1914071, 158433, 74046, 2302522, 701050, 2015607, 2069993, 1522913, 429156, 'Stay']
[1124164, 737665, 1644767, -206633, 2210883, 2234454, 1874094, 1871106, 170349, 85148, 2239501, 676092, 1981516, 2060008, 1491148, 421655, 'Stay']
[1114643, 727970, 1650216, -215211, 2203308, 2288752, 1940976, 1914818, 159328, 74906, 2290134, 698299, 2012348, 2068528, 1510384, 422554, 'Stay']
[1125442, 739579, 1643080, -205606, 2210875, 2236308, 1874709, 1872011, 169046, 84118, 2252905, 678904, 1985398, 2060202, 1504693, 429465, 'Stay']
[1114456, 727828, 1652186, -215430, 2203903, 2287420, 1940212, 1914001, 161141, 77045, 2276626, 695501, 2007727, 2068574, 1497800, 416526, 'Stay']
[1125928, 740254, 1641277, -205644, 2209333, 2240021, 1877533, 1874800, 167760, 82673, 2267644, 682920, 1988694, 2061882, 1518059, 436972, 'Stay']
[1113957, 727299, 1653473, -215854, 2204249, 2284225, 1937440, 1911776, 162678, 78167, 2262657, 691449, 2002048, 2066668, 1485924, 411554, 'Stay']
[1126280, 741036, 1639963, -205565, 2208170, 2244043, 1881025, 1877350, 166124, 81246, 2282144, 686495, 1992219, 2062873, 1529718, 442693, 'Stay']
[1113340, 726688, 1653644, -216294, 2204813, 2279105, 1931984, 1907839, 164061, 79719, 2249148, 686968, 1995880, 2065114, 1474430, 406260, 'Stay']
[1125466, 740453, 1638538, -206447, 2207165, 2250562, 1887956, 1882721, 163654, 78996, 2295552, 689763, 1996195, 2064073, 1540434, 447842, 'Stay']
[1114089, 727334, 1654130, -215421, 2206543, 2272796, 1924899, 1903069, 166097, 81834, 2236326, 682874, 1989170, 2063973, 1465687, 402927, 'Stay']
[1124725, 739661, 1638031, -207521, 2205936, 2257049, 1895291, 1887708, 161861, 77315, 2307011, 693976, 2000364, 2065773, 1548039, 450774, 'Stay']
[1114489, 727727, 1653042, -215338, 2206792, 2265836, 1916926, 1897633, 167448, 83062, 2226047, 679268, 1983487, 2062035, 1459075, 400658, 'Stay']
[1124003, 738858, 1638028, -208108, 2205030, 2263733, 1903577, 1892826, 160445, 75933, 2316159, 697257, 2003402, 2066508, 1552689, 452008, 'Stay']
[1115590, 728557, 1652697, -214003, 2207720, 2259252, 1908847, 1892098, 168940, 84197, 2218983, 675838, 1977162, 2060966, 1455715, 400260, 'Stay']
[1122158, 736756, 1639664, -209291, 2204078, 2271519, 1913093, 1899000, 158657, 74274, 2322210, 699321, 2005387, 2067982, 1554614, 452110, 'Stay']
[1116442, 729573, 1652295, -212772, 2208701, 2253230, 1900794, 1887020, 169761, 85239, 2214984, 673124, 1973198, 2059899, 1456116, 402164, 'Stay']
[1120685, 735284, 1641424, -210216, 2203518, 2278551, 1922203, 1904734, 157381, 73162, 2324931, 701435, 2007718, 2068689, 1554147, 451664, 'Stay']
[1117727, 731072, 1651516, -211331, 2209525, 2247289, 1893435, 1882036, 170762, 85939, 2214672, 672098, 1970483, 2059029, 1459701, 405525, 'Stay']
[1118329, 733103, 1643099, -211600, 2202588, 2283803, 1929870, 1909035, 156791, 72597, 2323101, 702848, 2009158, 2069226, 1549213, 448107, 'Stay']
[1118882, 732842, 1649092, -209916, 2210078, 2241939, 1886084, 1877512, 170623, 85944, 2217797, 671745, 1969403, 2058257, 1466368, 410468, 'Stay']
[1116925, 731964, 1645116, -212301, 2202432, 2286741, 1934999, 1911413, 157171, 73037, 2317675, 702666, 2008520, 2069550, 1540522, 442266, 'Stay']
[1120785, 735173, 1647034, -208310, 2210392, 2237013, 1879852, 1872907, 170972, 86081, 2225004, 672496, 1969552, 2058567, 1474617, 414999, 'Stay']
[1115718, 730483, 1647181, -213528, 2202612, 2288236, 1939132, 1912809, 157843, 73539, 2309668, 701706, 2008033, 2069470, 1529464, 435250, 'Stay']
[1122145, 736879, 1644867, -207580, 2209851, 2235331, 1876674, 1871231, 170276, 85378, 2235580, 674649, 1971388, 2058855, 1485735, 421076, 'Stay']
[1114259, 728861, 1648645, -215197, 2202545, 2289817, 1942452, 1914853, 158339, 74271, 2298792, 699782, 2004753, 2068721, 1517910, 429025, 'Stay']
[1123305, 738052, 1642971, -207021, 2209830, 2236292, 1876899, 1872075, 169370, 84116, 2248296, 676986, 1973771, 2059214, 1499387, 429230, 'Stay']
[1113171, 727380, 1650608, -216071, 2202840, 2288018, 1942273, 1913794, 159759, 75065, 2285492, 696244, 2001354, 2067474, 1505293, 422556, 'Stay']
[1123542, 738461, 1640373, -207266, 2208501, 2237648, 1877011, 1872613, 167658, 82240, 2261455, 679675, 1978210, 2059955, 1511580, 435148, 'Stay']
[1112370, 726310, 1651151, -217042, 2203111, 2285065, 1939845, 1911685, 160936, 76161, 2270995, 691929, 1996517, 2066035, 1492280, 416090, 'Stay']
[1124532, 739831, 1639385, -206259, 2208620, 2240639, 1879574, 1874227, 166364, 81007, 2275678, 683720, 1982477, 2061312, 1523625, 441062, 'Stay']
[1111940, 726307, 1652936, -216539, 2204021, 2280165, 1934895, 1907668, 162976, 78436, 2256948, 689173, 1992351, 2065486, 1479322, 409295, 'Stay']
[1123836, 739765, 1638644, -206815, 2206811, 2246233, 1885212, 1878392, 163898, 78945, 2289925, 688221, 1987603, 2062692, 1534862, 446020, 'Stay']
[1112159, 726641, 1654231, -216083, 2204675, 2275318, 1929620, 1904016, 164099, 79601, 2243978, 685173, 1986361, 2063820, 1469969, 405470, 'Stay']
[1123905, 739933, 1639550, -206483, 2205880, 2253018, 1892723, 1883783, 162369, 77701, 2303051, 692751, 1993233, 2064579, 1544901, 450634, 'Stay']
[1112536, 726685, 1655053, -215720, 2205691, 2269523, 1923362, 1900081, 166032, 81223, 2233014, 681417, 1982378, 2062119, 1462923, 403375, 'Stay']
[1123240, 738939, 1639855, -207728, 2204948, 2259761, 1900996, 1889398, 160808, 75795, 2313929, 696042, 1998187, 2064858, 1551942, 453893, 'Stay']
[1113256, 727444, 1654317, -214794, 2206915, 2262658, 1915343, 1894779, 167697, 83062, 2224267, 677885, 1977797, 2060413, 1458160, 402189, 'Stay']
[1121673, 737493, 1640374, -208389, 2204676, 2267513, 1910396, 1895699, 158874, 74675, 2321554, 699096, 2002884, 2066226, 1555962, 455160, 'Stay']
[1114816, 728901, 1653588, -213106, 2208407, 2255641, 1906358, 1888759, 169450, 84732, 2218378, 675051, 1973586, 2059575, 1456668, 402864, 'Stay']
[1120600, 736131, 1641275, -209434, 2203796, 2274248, 1918508, 1900745, 158368, 73852, 2325791, 701502, 2006025, 2067590, 1555588, 453544, 'Stay']
[1116603, 730835, 1652073, -211898, 2208751, 2249188, 1897657, 1883234, 170546, 85509, 2216822, 673325, 1971315, 2058364, 1458725, 405229, 'Stay']
[1119633, 735616, 1642112, -210453, 2202574, 2278929, 1925143, 1904253, 157881, 73360, 2326528, 702773, 2008850, 2067890, 1551850, 450131, 'Stay']
[1117886, 733047, 1649657, -210510, 2208928, 2242357, 1889061, 1877257, 171143, 86233, 2218468, 672523, 1970713, 2057862, 1462216, 407321, 'Stay']
[1117267, 733640, 1643219, -212306, 2201193, 2283266, 1931887, 1907832, 156936, 72939, 2323402, 703534, 2009089, 2068613, 1545042, 444984, 'Stay']
[1120066, 735676, 1647783, -209058, 2209450, 2237899, 1882840, 1873138, 170843, 86017, 2223778, 673231, 1969557, 2057783, 1470644, 412422, 'Stay']
[1116683, 732710, 1645015, -213361, 2201084, 2286271, 1937011, 1910492, 157720, 73265, 2316738, 703733, 2009311, 2068802, 1535963, 438580, 'Stay']
[1122014, 737587, 1644663, -208381, 2208707, 2234813, 1877926, 1870140, 171030, 85852, 2232352, 674690, 1971753, 2057696, 1480334, 417477, 'Stay']
[1115442, 730817, 1646658, -214863, 2200859, 2288250, 1941200, 1912397, 157917, 73626, 2307059, 701741, 2008822, 2068049, 1524696, 432070, 'Stay']
[1123246, 738437, 1642398, -207911, 2207942, 2234171, 1876116, 1869156, 169750, 84493, 2243489, 676312, 1975087, 2057659, 1492595, 424315, 'Stay']
[1113873, 728816, 1648623, -216159, 2200932, 2288094, 1942710, 1912682, 158825, 74384, 2294509, 698579, 2005816, 2066809, 1511930, 424906, 'Stay']
[1124092, 739452, 1640996, -206967, 2207903, 2235276, 1876273, 1869462, 168595, 83382, 2256348, 678269, 1978597, 2058343, 1505246, 430858, 'Stay']
[1112906, 727566, 1649779, -216690, 2201413, 2286331, 1941857, 1911036, 160125, 75494, 2280871, 694319, 2001891, 2066055, 1499301, 418371, 'Stay']
[1123898, 739633, 1638600, -206872, 2207012, 2237822, 1877770, 1870450, 167136, 81744, 2270249, 681197, 1983134, 2059461, 1517578, 436644, 'Stay']
[1111096, 725718, 1650367, -217493, 2201533, 2282470, 1938266, 1907930, 161275, 76447, 2266156, 689549, 1996758, 2064115, 1486084, 411208, 'Stay']
[1123829, 739837, 1637105, -206638, 2206204, 2242258, 1882248, 1873767, 164873, 79698, 2284611, 684439, 1987186, 2060496, 1529896, 442900, 'Stay']
[1111507, 725983, 1651598, -216613, 2202759, 2277563, 1933295, 1904358, 163427, 78767, 2252538, 685890, 1991511, 2063136, 1475021, 406570, 'Stay']
[1123756, 739833, 1636709, -206628, 2205185, 2248477, 1888790, 1878593, 163408, 78531, 2298598, 688942, 1992772, 2062248, 1540021, 447761, 'Stay']
[1111476, 725812, 1651665, -216588, 2203380, 2272702, 1927831, 1900840, 165047, 80096, 2240910, 681802, 1986234, 2061620, 1466763, 403969, 'Stay']
[1122753, 738888, 1636139, -207615, 2204311, 2256111, 1897303, 1884537, 161274, 76247, 2310299, 692079, 1997046, 2063089, 1548781, 452119, 'Stay']
[1112122, 726534, 1650973, -215916, 2204738, 2265976, 1919525, 1895024, 166517, 81711, 2229770, 677785, 1981221, 2060064, 1460191, 401862, 'Stay']
[1121911, 738326, 1636596, -208337, 2203617, 2262974, 1904977, 1889504, 159642, 74776, 2318844, 695542, 2001759, 2064355, 1553262, 453215, 'Stay']
[1113308, 728100, 1651242, -214653, 2206100, 2258796, 1910750, 1888993, 168635, 83717, 2222251, 675089, 1977190, 2058945, 1455833, 400368, 'Stay']
[1120375, 736924, 1638051, -209663, 2202028, 2270174, 1913445, 1895079, 158677, 73486, 2325441, 698729, 2006342, 2065466, 1555152, 453188, 'Stay']
[1113846, 728837, 1650169, -213997, 2206067, 2252582, 1902008, 1883679, 169661, 83915, 2218518, 672600, 1974869, 2057383, 1455873, 402042, 'Stay']
[1118605, 735195, 1639612, -210703, 2201371, 2276605, 1921493, 1900044, 157508, 72127, 2327507, 700482, 2009298, 2065959, 1553479, 451070, 'Stay']
[1115747, 731082, 1649390, -211921, 2207403, 2246619, 1894102, 1878986, 170684, 85010, 2217957, 671644, 1972537, 2057143, 1459373, 404944, 'Stay']
[1117276, 733887, 1641645, -211750, 2200819, 2282711, 1929951, 1905604, 156864, 72018, 2326427, 702034, 2010873, 2067066, 1549505, 448167, 'Stay']
[1117660, 733162, 1647869, -210599, 2207483, 2241207, 1886525, 1874340, 170977, 85531, 2221126, 671215, 1970666, 2056627, 1465964, 409620, 'Stay']
[1115829, 731844, 1644100, -213397, 2200520, 2286804, 1936208, 1909349, 156925, 71909, 2321494, 702198, 2010202, 2067190, 1541409, 442698, 'Stay']
[1119553, 734733, 1646698, -209388, 2208367, 2237949, 1881715, 1871615, 171016, 85149, 2227969, 671721, 1970961, 2056023, 1474980, 415162, 'Stay']
[1114153, 729845, 1645995, -214825, 2200289, 2288501, 1939792, 1910945, 157634, 72524, 2312937, 700472, 2008281, 2066804, 1530833, 436142, 'Stay']
[1120114, 735625, 1643776, -208989, 2207978, 2235727, 1877977, 1869656, 169586, 83781, 2237316, 672480, 1972184, 2056141, 1485530, 420889, 'Stay']
[1112793, 728379, 1647643, -215536, 2200914, 2289621, 1943066, 1912324, 157916, 73425, 2301652, 698265, 2006684, 2066625, 1518655, 429184, 'Stay']
[1121005, 737037, 1640843, -208023, 2207266, 2236277, 1877342, 1869805, 168362, 83131, 2250093, 675531, 1976133, 2057184, 1498771, 428544, 'Stay']
[1111179, 727040, 1648512, -216247, 2200592, 2288960, 1943896, 1912620, 158682, 74361, 2289023, 695342, 2003349, 2065777, 1506638, 423287, 'Stay']
[1121688, 738639, 1639194, -206897, 2206714, 2237761, 1878571, 1870790, 167222, 82084, 2264172, 679132, 1980237, 2058608, 1512128, 435661, 'Stay']
[1110151, 726401, 1650373, -216590, 2201124, 2284952, 1941032, 1909581, 160371, 76116, 2274896, 692337, 1999802, 2065017, 1493542, 416382, 'Stay']
[1121534, 738880, 1638100, -207025, 2205573, 2240618, 1881026, 1872686, 165346, 80440, 2278110, 682896, 1985461, 2059749, 1523799, 440509, 'Stay']
[1109529, 725466, 1651420, -217205, 2201941, 2280807, 1936930, 1906589, 161655, 77203, 2260872, 687848, 1994615, 2063429, 1481747, 410496, 'Stay']
[1122162, 739415, 1637260, -206773, 2205620, 2245420, 1885862, 1875659, 163755, 78564, 2292471, 686515, 1990357, 2061000, 1535663, 446138, 'Stay']
[1109761, 725507, 1652057, -216866, 2203187, 2274839, 1930528, 1901335, 164054, 78963, 2247551, 683840, 1989901, 2061998, 1471144, 405059, 'Stay']
[1121615, 738979, 1636473, -207567, 2204199, 2251392, 1891557, 1879429, 162072, 76840, 2304969, 690397, 1995474, 2061700, 1544187, 449209, 'Stay']
[1109708, 725337, 1652068, -216977, 2203769, 2269367, 1923407, 1896608, 165489, 80483, 2235785, 679711, 1984250, 2060023, 1462632, 401696, 'Stay']
[1120554, 737943, 1636850, -208423, 2203199, 2259943, 1900981, 1886022, 159954, 74689, 2315845, 693783, 2000114, 2062818, 1551613, 453087, 'Stay']
[1111235, 727147, 1652015, -215272, 2205035, 2262850, 1915331, 1890860, 167235, 82199, 2226785, 676347, 1979452, 2058816, 1458331, 401637, 'Stay']
[1119678, 737390, 1637668, -209141, 2202160, 2266027, 1908464, 1890082, 158847, 74158, 2322769, 697394, 2003712, 2064697, 1554185, 453031, 'Stay']
[1112397, 728296, 1651693, -214433, 2205855, 2255095, 1905781, 1884130, 168623, 83732, 2220328, 673662, 1974997, 2057903, 1454963, 400397, 'Stay']
[1117749, 735406, 1638831, -210856, 2200799, 2272746, 1916998, 1895294, 157271, 72496, 2327156, 699338, 2006324, 2065314, 1553866, 451315, 'Stay']
[1113454, 729830, 1650192, -212935, 2206367, 2247985, 1896840, 1878233, 169360, 84491, 2217743, 671293, 1971585, 2056468, 1456103, 402043, 'Stay']
[1116332, 734087, 1640798, -211755, 2200361, 2278660, 1925133, 1900372, 156439, 72011, 2327660, 701082, 2007922, 2066452, 1550698, 448201, 'Stay']
[1114940, 731467, 1648741, -212117, 2206710, 2243151, 1890150, 1874628, 170096, 85103, 2219524, 670748, 1969303, 2056223, 1461432, 405930, 'Stay']
[1114499, 731992, 1642776, -213490, 2199610, 2284348, 1933163, 1905794, 155792, 71347, 2324883, 700880, 2008521, 2066434, 1545377, 444950, 'Stay']
[1116642, 733303, 1647147, -210779, 2206963, 2238832, 1884148, 1871060, 169716, 84731, 2224484, 669849, 1968945, 2055497, 1470152, 412020, 'Stay']
[1113473, 731028, 1645110, -213986, 2199879, 2287117, 1938219, 1908266, 156222, 72053, 2317902, 700196, 2008576, 2066574, 1536505, 439414, 'Stay']
[1118453, 735442, 1645632, -208773, 2207077, 2235429, 1879039, 1868012, 170301, 85289, 2232667, 671852, 1970978, 2056045, 1479746, 417110, 'Stay']
[1111915, 729045, 1646813, -214961, 2199597, 2287954, 1941146, 1909266, 157020, 72681, 2308320, 699306, 2007603, 2066425, 1524980, 432292, 'Stay']
[1119332, 736556, 1643143, -208060, 2207071, 2234171, 1876563, 1866565, 168824, 83623, 2243838, 674248, 1973903, 2056397, 1491725, 423651, 'Stay']
[1110263, 727193, 1648931, -216258, 2200604, 2287819, 1943102, 1909710, 158030, 73483, 2296056, 696773, 2005095, 2065855, 1512487, 425239, 'Stay']
[1119753, 737394, 1640866, -207796, 2206872, 2234695, 1876554, 1866832, 167570, 82017, 2256799, 676618, 1977638, 2056943, 1504503, 430459, 'Stay']
[1109286, 726482, 1650440, -216862, 2200662, 2285908, 1942558, 1908738, 159066, 74448, 2282296, 693379, 2001155, 2064307, 1499595, 418481, 'Stay']
[1121133, 739364, 1640071, -206688, 2206809, 2237819, 1879405, 1868964, 166132, 80888, 2271377, 680707, 1981963, 2058043, 1518218, 437816, 'Stay']
[1108784, 725738, 1652099, -217290, 2201287, 2282408, 1939261, 1906073, 161296, 76662, 2268239, 690068, 1997033, 2063797, 1487236, 412509, 'Stay']
[1121044, 739187, 1638814, -207341, 2205359, 2242019, 1882978, 1871527, 164416, 78819, 2285495, 684186, 1986986, 2059199, 1529829, 443436, 'Stay']
[1108267, 725229, 1653076, -217424, 2201946, 2277923, 1934364, 1902346, 162899, 77954, 2254084, 685529, 1991085, 2061914, 1475693, 407018, 'Stay']
[1120918, 739409, 1638329, -207075, 2204939, 2248840, 1889924, 1876643, 162550, 77055, 2299158, 687978, 1991377, 2060664, 1540885, 448768, 'Stay']
[1109806, 726647, 1653876, -216097, 2203903, 2272140, 1927458, 1897525, 165068, 80154, 2242105, 681860, 1986101, 2060738, 1467346, 404146, 'Stay']
[1120312, 738778, 1637833, -207972, 2203359, 2255475, 1896430, 1881242, 161530, 76371, 2311175, 692352, 1997070, 2062683, 1548260, 451302, 'Stay']
[1109743, 726471, 1653114, -215873, 2204115, 2266065, 1919616, 1892213, 166134, 81217, 2231664, 677721, 1981166, 2059271, 1460699, 402077, 'Stay']
[1118772, 737349, 1638245, -209015, 2202423, 2263150, 1905226, 1886862, 159259, 74176, 2319942, 695290, 2001240, 2063575, 1553579, 453409, 'Stay']
[1110541, 727443, 1652486, -214975, 2204999, 2259286, 1911113, 1886657, 167574, 82597, 2223634, 674122, 1975993, 2057596, 1457011, 401547, 'Stay']
[1117828, 736424, 1638913, -209963, 2201276, 2269989, 1913556, 1892575, 157736, 72957, 2326027, 697587, 2004590, 2064529, 1555742, 453784, 'Stay']
[1112039, 729147, 1651564, -213673, 2205836, 2252189, 1902295, 1881170, 168905, 83684, 2219199, 671790, 1972548, 2056564, 1456520, 402496, 'Stay']
[1116339, 734866, 1640946, -211049, 2200826, 2276752, 1922465, 1898358, 156958, 72300, 2328615, 700333, 2007914, 2065732, 1554414, 451767, 'Stay']
[1113482, 730534, 1650806, -212484, 2206658, 2246257, 1894597, 1876555, 169623, 84169, 2219141, 670495, 1971076, 2055588, 1460539, 405981, 'Stay']
[1114573, 732834, 1642723, -212810, 2200146, 2281830, 1929696, 1902647, 156410, 71287, 2327346, 700893, 2009243, 2065754, 1549651, 448022, 'Stay']
[1115113, 732290, 1648917, -211211, 2207257, 2241208, 1887597, 1872016, 170293, 84629, 2222229, 669752, 1969762, 2055128, 1466165, 409844, 'Stay']
[1113163, 731305, 1644939, -213783, 2199658, 2285993, 1936018, 1905998, 156344, 71386, 2322656, 700947, 2009368, 2066148, 1541951, 443334, 'Stay']
[1116617, 734298, 1647691, -209768, 2207171, 2236931, 1881099, 1867816, 170315, 84742, 2228553, 670773, 1969521, 2055344, 1474624, 414743, 'Stay']
[1111209, 729230, 1647065, -215147, 2199436, 2288650, 1940344, 1908646, 156572, 71516, 2314238, 699725, 2007219, 2066094, 1531229, 436403, 'Stay']
[1117536, 735411, 1645196, -209172, 2207106, 2235985, 1878606, 1867436, 169302, 83382, 2238787, 672231, 1970555, 2054812, 1486323, 421772, 'Stay']
[1109803, 727642, 1649220, -216223, 2199568, 2290192, 1943714, 1910833, 157316, 72146, 2303402, 697723, 2005185, 2065078, 1519906, 430521, 'Stay']
[1118462, 736782, 1644106, -207987, 2206593, 2236618, 1877994, 1867983, 168384, 82577, 2251195, 674777, 1974081, 2055835, 1499179, 429221, 'Stay']
[1108778, 726830, 1651852, -216243, 2200335, 2289260, 1944301, 1910584, 158596, 73736, 2290799, 694950, 2001973, 2064442, 1507606, 424462, 'Stay']
[1119374, 738235, 1642163, -206880, 2206275, 2238559, 1878875, 1869010, 166973, 81592, 2264831, 678740, 1979029, 2056861, 1512188, 436344, 'Stay']
[1108159, 726079, 1652809, -216591, 2200703, 2286656, 1941964, 1908408, 160190, 75372, 2276575, 691918, 1998066, 2063308, 1494619, 417884, 'Stay']
[1120287, 739128, 1640828, -206497, 2205965, 2241404, 1881343, 1870615, 165804, 80053, 2279114, 682414, 1982689, 2057914, 1524221, 441918, 'Stay']
[1108105, 725634, 1654017, -216567, 2201322, 2282129, 1937769, 1904971, 162106, 77095, 2262698, 687846, 1992247, 2061888, 1482029, 411505, 'Stay']
[1120359, 739574, 1640519, -206198, 2205168, 2247132, 1887343, 1874952, 164018, 78627, 2293806, 686603, 1988785, 2059456, 1535523, 447526, 'Stay']
[1107491, 725208, 1655058, -216658, 2202263, 2277198, 1932643, 1901454, 163662, 78668, 2249706, 683992, 1988710, 2060644, 1472139, 407817, 'Stay']
[1119448, 738901, 1639610, -206981, 2203616, 2253051, 1893419, 1879312, 162014, 76378, 2306064, 689996, 1992883, 2060375, 1544579, 451809, 'Stay']
[1108252, 725995, 1654813, -215728, 2203089, 2270254, 1924618, 1895626, 165375, 80506, 2237582, 679833, 1981599, 2059147, 1463287, 403983, 'Stay']
[1118769, 738147, 1639477, -207838, 2202529, 2259499, 1900940, 1883932, 160184, 74759, 2316597, 693621, 1997410, 2061936, 1550975, 453666, 'Stay']
[1108834, 726558, 1654393, -215245, 2204015, 2263505, 1916402, 1890286, 167004, 81552, 2228555, 676036, 1977682, 2057782, 1457997, 402283, 'Stay']
[1117360, 736782, 1640182, -208984, 2201127, 2267022, 1910056, 1890348, 158248, 72919, 2324690, 696362, 2002605, 2062846, 1555070, 455388, 'Stay']
[1109930, 727662, 1654222, -214168, 2204896, 2255631, 1906948, 1883991, 168497, 82885, 2222173, 672813, 1973903, 2055866, 1455694, 402550, 'Stay']
[1115876, 735300, 1641653, -210370, 2200383, 2273103, 1917951, 1895151, 157042, 71862, 2328858, 698986, 2005743, 2063727, 1554757, 453686, 'Stay']
[1111466, 729443, 1652814, -212844, 2206077, 2249248, 1898703, 1878708, 169415, 83683, 2219817, 671327, 1971694, 2054721, 1456876, 404079, 'Stay']
[1114739, 733970, 1643380, -211301, 2200234, 2279309, 1926363, 1900309, 156566, 71475, 2330020, 700851, 2009028, 2064685, 1552050, 450903, 'Stay']
[1112975, 730928, 1651629, -211684, 2206259, 2243498, 1891204, 1873888, 170254, 84460, 2221212, 670206, 1970204, 2054651, 1461626, 407464, 'Stay']
[1112646, 731672, 1645357, -213164, 2199485, 2284757, 1934063, 1905083, 156049, 70651, 2326826, 700582, 2009748, 2064820, 1545809, 446355, 'Stay']
[1114571, 732892, 1649974, -210425, 2206838, 2239871, 1885600, 1870965, 170247, 84348, 2226496, 670006, 1971029, 2053748, 1470362, 413590, 'Stay']
[1111859, 730787, 1647813, -213692, 2199572, 2287411, 1938575, 1907621, 156451, 71471, 2320371, 700615, 2011071, 2064750, 1537164, 441151, 'Stay']
[1115982, 734692, 1648429, -209150, 2206433, 2236098, 1879712, 1867695, 170309, 84611, 2234186, 672174, 1973071, 2054485, 1479110, 418010, 'Stay']
[1109758, 728795, 1649787, -215429, 2198841, 2289759, 1942860, 1910224, 156536, 71513, 2310775, 699427, 2009553, 2064695, 1525946, 434712, 'Stay']
[1117069, 736125, 1646395, -208555, 2206114, 2236020, 1878409, 1867522, 168888, 82987, 2245505, 674036, 1974958, 2054557, 1491981, 426070, 'Stay']
[1108504, 727275, 1651566, -216093, 2199047, 2289406, 1943889, 1910166, 157637, 72310, 2298780, 696796, 2006312, 2063713, 1514089, 428626, 'Stay']
[1118059, 737336, 1643921, -207290, 2206087, 2236024, 1877185, 1866840, 167637, 81689, 2257909, 677065, 1978083, 2055568, 1504357, 432596, 'Stay']
[1107168, 725736, 1653001, -216747, 2200046, 2286894, 1942805, 1908570, 158980, 73911, 2284434, 693711, 2002005, 2063218, 1500278, 420871, 'Stay']
[1118507, 737950, 1641966, -207452, 2205718, 2238736, 1879584, 1869065, 165973, 80131, 2271903, 680034, 1982808, 2056419, 1516950, 438692, 'Stay']
[1106806, 725059, 1653524, -217559, 2200686, 2284246, 1940579, 1907061, 160552, 75551, 2270514, 689450, 1997827, 2061778, 1488141, 415246, 'Stay']
[1118870, 738102, 1640741, -207822, 2204969, 2243872, 1884137, 1873029, 164056, 78430, 2286388, 683509, 1987019, 2057309, 1529576, 445473, 'Stay']
[1106833, 724734, 1654354, -217791, 2201724, 2279026, 1935299, 1902956, 162084, 76933, 2256473, 685308, 1992248, 2059489, 1477203, 410702, 'Stay']
[1118223, 737971, 1638777, -208523, 2203410, 2248421, 1889662, 1876028, 162390, 76861, 2299237, 687535, 1992206, 2058517, 1539542, 449514, 'Stay']
[1106646, 725277, 1653704, -217357, 2202244, 2272354, 1928795, 1897810, 163425, 78261, 2243144, 681018, 1986816, 2058064, 1467479, 405917, 'Stay']
[1117995, 738659, 1638145, -208267, 2202172, 2254414, 1897116, 1880662, 160723, 75568, 2311271, 691752, 1997815, 2060544, 1547801, 452584, 'Stay']
[1107501, 726626, 1653108, -216411, 2202624, 2264739, 1920590, 1891670, 165738, 80550, 2232777, 677729, 1982705, 2057401, 1460057, 402682, 'Stay']
[1116985, 737923, 1638392, -209363, 2200501, 2261279, 1905882, 1886153, 158856, 73471, 2320848, 695379, 2003628, 2061498, 1552766, 453916, 'Stay']
[1109083, 728148, 1653436, -215061, 2203655, 2258042, 1912799, 1886413, 167473, 82060, 2225178, 674916, 1980310, 2056024, 1456514, 401818, 'Stay']
[1116253, 737023, 1639490, -210379, 2200049, 2269273, 1915813, 1892708, 157771, 72703, 2327399, 698385, 2009169, 2063049, 1555645, 454090, 'Stay']
[1110385, 729251, 1651534, -214932, 2203702, 2252443, 1905470, 1882071, 168284, 82647, 2221172, 671979, 1976805, 2054768, 1457678, 404245, 'Stay']
[1115553, 735680, 1640633, -211893, 2199000, 2275749, 1923854, 1897698, 156419, 71021, 2329771, 699631, 2011184, 2062979, 1555206, 453273, 'Stay']
[1112348, 731159, 1650796, -213325, 2204704, 2246051, 1896825, 1876258, 169696, 83718, 2219931, 670692, 1975599, 2053608, 1460052, 406174, 'Stay']
[1113590, 733605, 1642727, -213286, 2198314, 2281423, 1931808, 1902168, 156071, 70871, 2328767, 701132, 2013988, 2063971, 1550643, 449539, 'Stay']
[1113691, 732711, 1648899, -211886, 2205458, 2240891, 1889919, 1871741, 169808, 83861, 2222651, 669797, 1973910, 2053192, 1466384, 410512, 'Stay']
[1111905, 731925, 1643555, -214613, 2197598, 2285251, 1937742, 1905283, 155883, 70626, 2323307, 700453, 2013768, 2064424, 1542918, 444445, 'Stay']
[1115103, 734415, 1646182, -210868, 2204940, 2236912, 1883796, 1867981, 169774, 83969, 2228590, 670247, 1974843, 2053788, 1474730, 415403, 'Stay']
[1109793, 729678, 1645598, -215993, 2196989, 2288420, 1942785, 1908449, 155957, 70927, 2315263, 699510, 2013125, 2064869, 1533059, 438346, 'Stay']
[1115816, 735479, 1644024, -209960, 2205153, 2235615, 1880998, 1867028, 168734, 82769, 2238642, 671655, 1976638, 2053795, 1486906, 422967, 'Stay']
[1108085, 727718, 1647615, -217388, 2197330, 2289206, 1945523, 1909637, 156565, 71186, 2304355, 697085, 2011286, 2063235, 1521419, 432279, 'Stay']
[1116862, 736687, 1642602, -209250, 2204642, 2235225, 1879699, 1866529, 167940, 81702, 2250700, 673837, 1979735, 2053766, 1498801, 429598, 'Stay']
[1106953, 726226, 1649666, -218213, 2197445, 2288127, 1946203, 1909371, 157857, 72303, 2291865, 693974, 2007086, 2062279, 1508590, 425635, 'Stay']
[1117570, 737624, 1640690, -208493, 2204024, 2236452, 1879856, 1866848, 166686, 80512, 2264315, 676942, 1982237, 2054824, 1511168, 435924, 'Stay']
[1106114, 725307, 1651663, -218244, 2198737, 2285326, 1944096, 1907184, 159156, 74103, 2277589, 690569, 2002135, 2061613, 1495084, 418525, 'Stay']
[1117804, 738295, 1639350, -208376, 2203638, 2240362, 1883406, 1869583, 164948, 79032, 2278834, 680738, 1987489, 2056226, 1523962, 442584, 'Stay']
[1105719, 725152, 1652586, -218318, 2199535, 2281195, 1939989, 1903858, 161321, 75910, 2263102, 686562, 1997890, 2060252, 1482958, 412908, 'Stay']
[1117979, 738950, 1638366, -208163, 2202740, 2244893, 1887753, 1872529, 163268, 77471, 2292804, 684861, 1992821, 2057527, 1535243, 447954, 'Stay']
[1105388, 724785, 1653009, -218449, 2200074, 2275775, 1934090, 1899600, 162786, 77456, 2249575, 682502, 1991890, 2058912, 1472099, 407725, 'Stay']
[1117131, 738315, 1637139, -209187, 2200934, 2251246, 1894490, 1877373, 160853, 75217, 2305218, 688594, 1997811, 2058681, 1544530, 451913, 'Stay']
