[2288655, 1689485, 2214974, 160781, 2137311, 3116188, 2335188, 2629663, 612481, 1502531, 2455165, 1986890, 1930295, 666739, 2603769, -354172, 'Stay']
[2277044, 1677710, 2204425, 151472, 2128563, 3172885, 2403573, 2678338, 599945, 1490326, 2501889, 2019034, 1973379, 682088, 2619999, -356266, 'Stay']
[2290125, 1691509, 2217401, 163271, 2138100, 3117868, 2336574, 2633233, 610891, 1501287, 2475065, 1990188, 1936695, 669326, 2619222, -344752, 'Stay']
[2276832, 1677298, 2206153, 152389, 2130173, 3170222, 2402603, 2678109, 602221, 1492653, 2481949, 2015126, 1965844, 680341, 2605747, -362613, 'Stay']
[2290654, 1691791, 2218219, 162537, 2137234, 3120042, 2337977, 2636439, 609274, 1499551, 2494778, 1993764, 1944570, 671845, 2633234, -337454, 'Stay']
[2276150, 1675945, 2206825, 150411, 2130981, 3166731, 2399939, 2677302, 603789, 1494222, 2461669, 2008049, 1956995, 676984, 2591525, -368850, 'Stay']
[2291211, 1692397, 2219589, 162437, 2137505, 3125178, 2343227, 2642180, 607358, 1497965, 2514258, 1996675, 1953108, 674078, 2647503, -329218, 'Stay']
[2275505, 1675424, 2206361, 150512, 2131295, 3161555, 2394532, 2673951, 606079, 1497183, 2442271, 2002059, 1948759, 674342, 2578962, -373325, 'Stay']
[2289492, 1692060, 2216792, 161912, 2135909, 3131168, 2349098, 2647778, 604561, 1495850, 2530595, 2001001, 1961646, 676759, 2658824, -322788, 'Stay']
[2275381, 1676550, 2206190, 152468, 2132981, 3155055, 2387444, 2669765, 607237, 1499188, 2425331, 1996754, 1940058, 671503, 2568915, -376082, 'Stay']
[2287860, 1691527, 2215218, 162551, 2134836, 3137645, 2357341, 2654929, 602070, 1494461, 2543376, 2008335, 1969795, 680282, 2666675, -319288, 'Stay']
[2275418, 1677902, 2207517, 154324, 2133004, 3147661, 2380220, 2665958, 608416, 1500621, 2412568, 1992943, 1932668, 668966, 2562338, -377378, 'Stay']
[2286880, 1691587, 2215081, 162378, 2133665, 3144618, 2366444, 2663170, 599832, 1492170, 2553144, 2014753, 1976743, 682454, 2672913, -316167, 'Stay']
[2277325, 1680347, 2210215, 156562, 2134403, 3138707, 2370868, 2660617, 610506, 1502636, 2404080, 1990885, 1926022, 666783, 2558880, -377747, 'Stay']
[2285874, 1690649, 2215270, 162411, 2132586, 3151421, 2375616, 2671240, 598619, 1490908, 2557921, 2020569, 1981805, 684161, 2674335, -316689, 'Stay']
[2279352, 1682419, 2213282, 159258, 2135378, 3132372, 2363478, 2657614, 612408, 1504149, 2402381, 1989184, 1922199, 664919, 2560597, -374197, 'Stay']
[2284765, 1689532, 2216352, 162857, 2132564, 3159072, 2385114, 2679569, 598458, 1490062, 2558508, 2026082, 1985586, 684917, 2672993, -317069, 'Stay']
[2281633, 1684823, 2217563, 161895, 2136433, 3125815, 2354264, 2653331, 614317, 1505508, 2405688, 1989214, 1919920, 663470, 2565608, -368707, 'Stay']
[2282782, 1687195, 2216513, 161767, 2131498, 3164799, 2392275, 2685543, 598258, 1489266, 2552306, 2029101, 1986455, 684799, 2665988, -320861, 'Stay']
[2283198, 1686628, 2220339, 164922, 2137829, 3122003, 2348310, 2651337, 614869, 1505742, 2413437, 1989392, 1920095, 663009, 2573597, -361599, 'Stay']
[2280572, 1684596, 2216170, 162599, 2131210, 3170139, 2399205, 2691615, 598670, 1489848, 2542063, 2030116, 1985405, 684900, 2657110, -324414, 'Stay']
[2284818, 1688193, 2222981, 168389, 2138942, 3118277, 2342498, 2649515, 614609, 1505812, 2425219, 1989953, 1922267, 663919, 2584648, -353346, 'Stay']
[2278187, 1681838, 2215491, 162238, 2131038, 3172100, 2403168, 2695100, 598810, 1489999, 2526043, 2029892, 1981988, 684164, 2644003, -331479, 'Stay']
[2285979, 1689682, 2224588, 169577, 2139041, 3116121, 2338844, 2649718, 613784, 1504819, 2440842, 1992476, 1926474, 665563, 2597678, -345193, 'Stay']
[2276036, 1679636, 2215246, 161047, 2130764, 3172569, 2405839, 2697946, 599618, 1490866, 2507883, 2027825, 1976154, 682641, 2630232, -338174, 'Stay']
[2287119, 1690827, 2226284, 171032, 2139653, 3115864, 2338131, 2651288, 612306, 1503439, 2459324, 1995026, 1932192, 667163, 2612707, -335888, 'Stay']
[2274571, 1677668, 2215730, 160541, 2131524, 3170780, 2405859, 2698490, 601733, 1493104, 2487360, 2023928, 1969340, 680923, 2615050, -345650, 'Stay']
[2287552, 1691206, 2228137, 170856, 2139518, 3117372, 2338874, 2654125, 610705, 1501836, 2478843, 1998763, 1939505, 669673, 2627544, -327588, 'Stay']
[2273203, 1675751, 2216099, 159192, 2131688, 3168457, 2404405, 2698417, 603281, 1494706, 2466710, 2019071, 1961172, 677763, 2600659, -351949, 'Stay']
[2288018, 1692038, 2228654, 170429, 2138845, 3122754, 2343345, 2660246, 608818, 1500150, 2498732, 2002592, 1947683, 672067, 2642479, -318691, 'Stay']
[2273635, 1676390, 2217275, 158968, 2132785, 3165381, 2400426, 2697558, 605260, 1496888, 2447613, 2013948, 1952155, 675170, 2588351, -355362, 'Stay']
[2288719, 1693341, 2230414, 170928, 2138682, 3128446, 2348319, 2666074, 607520, 1498815, 2517064, 2008817, 1956129, 675118, 2655033, -311245, 'Stay']
[2273768, 1676765, 2219351, 159352, 2133234, 3159099, 2393498, 2693620, 608008, 1499196, 2430079, 2009455, 1943599, 672556, 2576631, -359344, 'Stay']
[2287555, 1692551, 2230511, 169242, 2137816, 3134294, 2354470, 2672220, 605144, 1495712, 2533011, 2013849, 1964096, 677377, 2664902, -305831, 'Stay']
[2274381, 1677269, 2221904, 159680, 2135000, 3151556, 2385606, 2689023, 609927, 1500314, 2415401, 2003561, 1935208, 669219, 2567460, -362024, 'Stay']
[2287002, 1691715, 2231895, 168550, 2137042, 3140457, 2362156, 2678758, 604035, 1494294, 2545323, 2019510, 1971788, 680301, 2671485, -303041, 'Stay']
[2275524, 1678192, 2225509, 160276, 2136990, 3143070, 2376822, 2683025, 612450, 1502394, 2405572, 1999354, 1928559, 666978, 2561651, -363470, 'Stay']
[2285470, 1689620, 2231598, 166114, 2136327, 3147721, 2371794, 2686432, 602398, 1491853, 2553465, 2023238, 1978432, 682097, 2674715, -302249, 'Stay']
[2276873, 1679214, 2227365, 160568, 2138304, 3135935, 2368469, 2678691, 614633, 1503966, 2400776, 1993628, 1923360, 664952, 2560470, -361769, 'Stay']
[2283007, 1687384, 2229689, 164230, 2135188, 3154824, 2380436, 2695506, 600774, 1490397, 2556233, 2025272, 1982629, 683613, 2674410, -302538, 'Stay']
[2277733, 1680728, 2228154, 162274, 2138849, 3129570, 2360230, 2678919, 615262, 1504954, 2400788, 1990811, 1919709, 663717, 2562659, -357888, 'Stay']
[2281010, 1685599, 2227568, 164219, 2134000, 3161870, 2389456, 2708418, 599432, 1489481, 2553846, 2028583, 1984850, 684560, 2670592, -304245, 'Stay']
[2279786, 1683241, 2229458, 165546, 2139594, 3124398, 2353151, 2681738, 615777, 1505544, 2406276, 1989822, 1918304, 663296, 2569329, -351342, 'Stay']
[2279241, 1683690, 2226274, 163482, 2133561, 3167641, 2397457, 2720674, 599522, 1489410, 2546056, 2030454, 1985134, 685293, 2663347, -307550, 'Stay']
[2281829, 1685255, 2231119, 166482, 2140432, 3120245, 2347572, 2685520, 615721, 1504941, 2416717, 1989405, 1919577, 663058, 2579982, -342833, 'Stay']
[2277979, 1682147, 2225811, 161991, 2133563, 3170280, 2402619, 2729710, 599937, 1489359, 2533160, 2029603, 1982734, 683856, 2652630, -312994, 'Stay']
[2284513, 1688600, 2234278, 168739, 2142347, 3115820, 2342143, 2687527, 616324, 1505222, 2429973, 1990800, 1922808, 663793, 2591040, -336414, 'Stay']
[2276076, 1680329, 2225321, 160306, 2133385, 3172203, 2406636, 2737748, 601015, 1490121, 2517368, 2029389, 1979117, 683046, 2639577, -319988, 'Stay']
[2285569, 1690145, 2235592, 167174, 2141875, 3115577, 2339964, 2693051, 615226, 1504030, 2448324, 1994072, 1928214, 664955, 2605721, -326712, 'Stay']
[2274586, 1678447, 2224868, 156760, 2133480, 3172135, 2407808, 2743317, 602422, 1491276, 2498465, 2026853, 1972944, 680518, 2625053, -326487, 'Stay']
[2287202, 1691539, 2236910, 167398, 2142157, 3116998, 2340284, 2699516, 613983, 1502778, 2468086, 1997876, 1935214, 666948, 2621005, -316896, 'Stay']
[2273810, 1677375, 2225251, 156430, 2133935, 3170475, 2407145, 2747337, 604533, 1493702, 2478102, 2023859, 1965153, 678417, 2609807, -333018, 'Stay']
[2287876, 1692365, 2237820, 167964, 2141821, 3119881, 2342456, 2706915, 611998, 1500819, 2488316, 2002764, 1942743, 669570, 2635605, -308015, 'Stay']
[2273157, 1676361, 2225907, 156005, 2134930, 3166286, 2403886, 2749118, 606790, 1495583, 2457769, 2019183, 1956359, 675591, 2595247, -339109, 'Stay']
[2287694, 1692746, 2238111, 168032, 2141471, 3123984, 2346878, 2715477, 610391, 1499012, 2507540, 2007750, 1951143, 672849, 2648694, -300844, 'Stay']
[2272615, 1675949, 2226303, 156207, 2135153, 3160519, 2398545, 2749515, 608904, 1497681, 2439151, 2013118, 1947710, 673397, 2582597, -343845, 'Stay']
[2287029, 1692153, 2238067, 167362, 2140202, 3130167, 2353705, 2725726, 607968, 1496409, 2525387, 2011745, 1959431, 675464, 2660375, -294550, 'Stay']
[2273128, 1676455, 2228644, 157075, 2136665, 3154194, 2392158, 2749109, 611036, 1499654, 2423476, 2007344, 1938875, 670284, 2572960, -346365, 'Stay']
[2286428, 1691393, 2238435, 166928, 2139429, 3136701, 2361223, 2735531, 606037, 1494546, 2539383, 2016452, 1967415, 678112, 2669187, -290198, 'Stay']
[2274254, 1677224, 2230298, 157875, 2138473, 3147002, 2384635, 2747579, 613461, 1501801, 2410686, 2000726, 1931800, 667877, 2565655, -348176, 'Stay']
[2285227, 1690066, 2237694, 165313, 2138991, 3143381, 2369439, 2745080, 604742, 1493042, 2549348, 2019870, 1974720, 680839, 2674285, -287782, 'Stay']
[2275058, 1678059, 2231884, 158781, 2139582, 3139974, 2376060, 2745566, 614983, 1503193, 2402517, 1995814, 1925465, 665262, 2561800, -347514, 'Stay']
[2283322, 1688281, 2236320, 164299, 2138341, 3151503, 2379166, 2755649, 603208, 1491546, 2555218, 2023676, 1980137, 682285, 2676786, -286006, 'Stay']
[2275571, 1678995, 2232584, 159518, 2140497, 3133181, 2367729, 2743609, 615843, 1503864, 2399737, 1990681, 1920720, 663162, 2562943, -343681, 'Stay']
[2280770, 1685770, 2234182, 162400, 2136898, 3157994, 2387185, 2764784, 601799, 1489606, 2554272, 2025167, 1982705, 682848, 2674240, -287550, 'Stay']
[2277336, 1680761, 2234025, 161750, 2140979, 3127543, 2360003, 2742909, 616555, 1504356, 2401490, 1987383, 1917267, 661920, 2566984, -338905, 'Stay']
[2279114, 1684138, 2232761, 162181, 2136210, 3164196, 2395731, 2774228, 601183, 1489038, 2549571, 2027191, 1983353, 683697, 2669187, -289282, 'Stay']
[2279742, 1683741, 2236116, 165022, 2142665, 3120621, 2351532, 2740334, 617793, 1505448, 2408996, 1987016, 1916564, 661857, 2574442, -332610, 'Stay']
[2276824, 1681702, 2231293, 161745, 2135492, 3168735, 2402449, 2781880, 601309, 1488754, 2539445, 2027824, 1982206, 684197, 2658894, -295396, 'Stay']
[2281174, 1685478, 2238102, 166976, 2143573, 3117237, 2346431, 2741041, 617880, 1504947, 2421694, 1986337, 1918573, 662608, 2585440, -324635, 'Stay']
[2275093, 1679597, 2231156, 160934, 2135351, 3170277, 2406017, 2786349, 601921, 1489045, 2524787, 2025676, 1978659, 682836, 2646681, -301316, 'Stay']
[2282644, 1687379, 2240474, 168557, 2143649, 3114459, 2342212, 2741327, 617183, 1503672, 2436553, 1987272, 1922428, 663077, 2597387, -317307, 'Stay']
[2273558, 1678062, 2231241, 161589, 2135137, 3171552, 2408923, 2790661, 603183, 1489874, 2506709, 2023040, 1973608, 681033, 2632301, -308830, 'Stay']
[2284291, 1688930, 2242272, 171309, 2143361, 3115882, 2342038, 2745922, 616205, 1502516, 2455958, 1990866, 1928881, 665528, 2612832, -307260, 'Stay']
[2272496, 1676542, 2231591, 161671, 2135316, 3171627, 2410121, 2794602, 604826, 1491230, 2488383, 2019725, 1966921, 678643, 2618694, -313469, 'Stay']
[2285851, 1690722, 2244119, 172728, 2143852, 3117909, 2343287, 2750647, 614853, 1501088, 2476941, 1992269, 1936311, 667427, 2628812, -296555, 'Stay']
[2271548, 1675135, 2231786, 161054, 2136031, 3168012, 2407382, 2794537, 607305, 1493499, 2467487, 2011446, 1958582, 676095, 2603349, -320292, 'Stay']
[2286036, 1690749, 2243971, 172625, 2143269, 3121419, 2345935, 2756355, 612864, 1498672, 2496282, 1994643, 1944305, 670074, 2642376, -288952, 'Stay']
[2271085, 1674649, 2231776, 161135, 2137297, 3164400, 2403994, 2794737, 609272, 1495279, 2448056, 2006052, 1950212, 673430, 2590161, -325027, 'Stay']
[2286376, 1691696, 2243761, 173180, 2143201, 3125905, 2350516, 2762624, 611196, 1497218, 2514936, 1999611, 1953228, 673271, 2655506, -281375, 'Stay']
[2271058, 1674578, 2231547, 161260, 2138051, 3157846, 2397309, 2792168, 611444, 1497633, 2429509, 2000069, 1941772, 671182, 2577487, -330404, 'Stay']
[2285210, 1690584, 2241676, 171023, 2141894, 3132811, 2357688, 2771141, 608754, 1494667, 2530830, 2003859, 1961684, 675712, 2665404, -276431, 'Stay']
[2272257, 1676041, 2232303, 161701, 2139416, 3151048, 2389667, 2789027, 613388, 1499405, 2415129, 1993760, 1933334, 667788, 2569563, -331630, 'Stay']
[2285219, 1690852, 2240977, 171105, 2140953, 3139601, 2365305, 2779230, 607532, 1493675, 2543144, 2008600, 1968916, 678595, 2672901, -272631, 'Stay']
[2273152, 1677276, 2233269, 162984, 2139974, 3143636, 2381417, 2785592, 615537, 1501714, 2404243, 1989030, 1926213, 665438, 2563474, -332808, 'Stay']
[2283437, 1689448, 2239439, 170106, 2139890, 3147593, 2375190, 2788874, 605465, 1491644, 2551051, 2013476, 1975252, 680612, 2676677, -270715, 'Stay']
[2275035, 1679176, 2234692, 164336, 2141547, 3136962, 2373075, 2782483, 616995, 1503175, 2399082, 1984484, 1920371, 663479, 2562773, -329712, 'Stay']
[2282393, 1688367, 2238066, 168723, 2138713, 3154834, 2383615, 2796778, 604404, 1490467, 2553908, 2016791, 1978901, 682411, 2676735, -270487, 'Stay']
[2277246, 1681446, 2236549, 166417, 2142601, 3129195, 2363089, 2777150, 619307, 1505221, 2398129, 1982420, 1915871, 662254, 2563813, -327116, 'Stay']
[2279780, 1685561, 2235468, 167184, 2137515, 3161057, 2391584, 2803969, 603110, 1489024, 2551366, 2020440, 1980624, 683033, 2671834, -273473, 'Stay']
[2278573, 1682867, 2237067, 168797, 2143791, 3123736, 2355835, 2774893, 619508, 1505078, 2402735, 1980609, 1913975, 660531, 2569566, -321303, 'Stay']
[2277610, 1682785, 2233468, 167150, 2137640, 3166327, 2399090, 2810736, 603096, 1488698, 2543664, 2020845, 1980764, 682138, 2664073, -277289, 'Stay']
[2279999, 1684237, 2238135, 170467, 2144655, 3118846, 2349173, 2772803, 619483, 1504921, 2412572, 1979082, 1914716, 659964, 2578801, -313977, 'Stay']
[2276019, 1680695, 2232029, 165758, 2137363, 3168907, 2403911, 2814853, 603651, 1488801, 2531022, 2019374, 1978541, 681384, 2652722, -283591, 'Stay']
[2281821, 1686240, 2238998, 173235, 2145276, 3115615, 2344588, 2771820, 619640, 1504524, 2426426, 1979504, 1918032, 660694, 2590158, -307139, 'Stay']
[2274282, 1678947, 2229590, 166568, 2136582, 3171459, 2408529, 2819427, 604259, 1488975, 2515456, 2017688, 1974589, 679341, 2640054, -289816, 'Stay']
[2283837, 1688777, 2239142, 175413, 2145022, 3115016, 2342367, 2773163, 618674, 1503066, 2444086, 1981580, 1923516, 660993, 2604812, -297055, 'Stay']
[2273191, 1677923, 2228332, 166364, 2136623, 3171429, 2409938, 2821457, 606054, 1490949, 2496181, 2015017, 1968720, 676726, 2625258, -296826, 'Stay']
[2284539, 1690196, 2239003, 176714, 2144644, 3116920, 2342576, 2776582, 617009, 1501698, 2463573, 1985515, 1930348, 662586, 2620084, -287562, 'Stay']
[2271262, 1675911, 2226686, 166057, 2136776, 3170875, 2409678, 2823141, 607252, 1492012, 2476902, 2011589, 1961110, 673903, 2611526, -301709, 'Stay']
[2284739, 1689985, 2238129, 177238, 2144636, 3119651, 2344442, 2780490, 615100, 1499728, 2483566, 1990479, 1937306, 664293, 2634869, -278320, 'Stay']
[2270713, 1674486, 2225866, 165764, 2138240, 3167476, 2407632, 2822555, 608876, 1493760, 2456386, 2006595, 1952272, 670844, 2597037, -307504, 'Stay']
[2286003, 1691006, 2237937, 177305, 2145070, 3124088, 2349258, 2786241, 613373, 1498297, 2503468, 1995162, 1946040, 667621, 2648885, -270225, 'Stay']
[2271099, 1674842, 2225565, 165427, 2139884, 3161891, 2402097, 2819885, 611703, 1496910, 2437239, 2001503, 1943403, 668230, 2583875, -312935, 'Stay']
[2285768, 1691221, 2235881, 175878, 2144322, 3129229, 2354592, 2792096, 611533, 1496808, 2520520, 2000449, 1953914, 669740, 2660377, -264434, 'Stay']
[2271425, 1675841, 2223870, 165236, 2140093, 3154575, 2394202, 2815302, 613359, 1498945, 2420052, 1996198, 1933644, 664214, 2573113, -316573, 'Stay']
[2284931, 1692207, 2232608, 176201, 2143506, 3136001, 2362258, 2799184, 609037, 1495527, 2534775, 2007315, 1961195, 672422, 2669193, -259912, 'Stay']
[2271715, 1677564, 2222175, 167402, 2140736, 3147729, 2386709, 2811506, 615172, 1501854, 2407146, 1992699, 1925770, 662233, 2566090, -317981, 'Stay']
[2283533, 1691851, 2229228, 175795, 2141814, 3143229, 2370950, 2807147, 606584, 1493472, 2545304, 2012325, 1967911, 674142, 2675637, -256611, 'Stay']
[2272559, 1679592, 2221881, 168069, 2141691, 3140418, 2378594, 2807174, 616673, 1503436, 2398583, 1988392, 1919363, 658872, 2562822, -317231, 'Stay']
[2281897, 1690914, 2226591, 174370, 2140424, 3150319, 2379632, 2814741, 604950, 1491741, 2550560, 2016572, 1973310, 675216, 2677921, -255870, 'Stay']
[2274796, 1681922, 2222848, 170007, 2142931, 3132744, 2369475, 2802274, 618235, 1504824, 2395282, 1984655, 1914292, 656763, 2563447, -314636, 'Stay']
[2280462, 1689047, 2224543, 173433, 2139450, 3156599, 2387732, 2821355, 604281, 1490738, 2550737, 2019770, 1976612, 676182, 2675774, -257912, 'Stay']
[2276151, 1683333, 2223918, 173379, 2143721, 3126752, 2361328, 2798475, 619354, 1505489, 2397028, 1981698, 1911599, 655221, 2567269, -310655, 'Stay']
[2278212, 1686462, 2222639, 174170, 2138643, 3163641, 2396588, 2829006, 603391, 1489667, 2546184, 2021278, 1977709, 676531, 2670878, -260134, 'Stay']
[2278192, 1685573, 2225719, 176923, 2144873, 3121736, 2354116, 2795460, 620171, 1506105, 2404250, 1981304, 1910794, 654572, 2575451, -303522, 'Stay']
[2276183, 1684101, 2220735, 174326, 2137703, 3168731, 2403025, 2834654, 603650, 1489704, 2536299, 2022702, 1976940, 676695, 2661769, -264476, 'Stay']
[2280426, 1687628, 2226696, 179465, 2146029, 3117899, 2347944, 2793295, 620256, 1505971, 2416233, 1981949, 1912981, 655250, 2585941, -295294, 'Stay']
[2274545, 1682311, 2219166, 173611, 2138565, 3171563, 2408001, 2838234, 604713, 1490642, 2521982, 2022500, 1973916, 676027, 2649013, -270978, 'Stay']
[2282054, 1689649, 2227486, 180664, 2146473, 3115839, 2344643, 2792514, 619913, 1505665, 2432378, 1984210, 1917033, 656791, 2599054, -286844, 'Stay']
[2272311, 1679555, 2217157, 171875, 2137391, 3173015, 2411324, 2841250, 605521, 1491563, 2504795, 2020875, 1968688, 674669, 2635419, -277406, 'Stay']
[2282934, 1690798, 2227629, 181847, 2146361, 3115776, 2343284, 2793963, 618208, 1504005, 2451273, 1987266, 1922486, 657949, 2614270, -276926, 'Stay']
[2271041, 1678311, 2216413, 171800, 2138219, 3171429, 2411484, 2841449, 607295, 1493717, 2484950, 2017751, 1961327, 672435, 2620430, -284359, 'Stay']
[2283965, 1691984, 2227964, 182309, 2146662, 3117075, 2343784, 2796180, 617080, 1503455, 2471408, 1992391, 1929985, 661179, 2629094, -268244, 'Stay']
[2269291, 1676165, 2215268, 170648, 2138585, 3167886, 2408986, 2840097, 608763, 1495391, 2464058, 2013797, 1952988, 669827, 2604820, -291859, 'Stay']
[2283866, 1691888, 2227565, 182602, 2145932, 3120312, 2346745, 2800242, 614467, 1500947, 2491326, 1996516, 1938138, 663058, 2643054, -260712, 'Stay']
[2268705, 1675201, 2214778, 170370, 2139580, 3164223, 2405964, 2838798, 610522, 1496864, 2444680, 2008305, 1944597, 666624, 2591626, -296796, 'Stay']
[2284701, 1692743, 2227606, 182706, 2145994, 3126040, 2352571, 2806147, 612690, 1498760, 2510584, 2001547, 1946941, 665266, 2656800, -252554, 'Stay']
[2269672, 1676325, 2215959, 171223, 2140741, 3158402, 2399736, 2834733, 613574, 1499633, 2426199, 2003209, 1935863, 663667, 2579384, -301272, 'Stay']
[2283974, 1692463, 2226594, 181293, 2144848, 3132941, 2359367, 2812399, 610706, 1496507, 2527232, 2006960, 1954878, 668710, 2667288, -246878, 'Stay']
[2270141, 1676989, 2217028, 171519, 2142303, 3152255, 2392427, 2830276, 615506, 1500745, 2412109, 1997262, 1926973, 660647, 2571095, -302685, 'Stay']
[2282862, 1691397, 2225500, 180228, 2144132, 3140264, 2367454, 2819295, 609851, 1494531, 2539535, 2011523, 1962095, 671178, 2674195, -243469, 'Stay']
[2271596, 1677734, 2217942, 172025, 2143746, 3144821, 2384013, 2825194, 617822, 1502716, 2401492, 1992485, 1919772, 658660, 2565346, -303033, 'Stay']
[2282298, 1689794, 2224453, 178707, 2143351, 3147609, 2376385, 2826576, 607931, 1492742, 2548089, 2016339, 1968619, 673639, 2678454, -240950, 'Stay']
[2273412, 1679459, 2219390, 173522, 2145372, 3136964, 2374499, 2819364, 619841, 1504843, 2395142, 1986903, 1914330, 656756, 2562943, -301912, 'Stay']
[2280477, 1688287, 2222160, 177606, 2142947, 3154183, 2384594, 2832671, 607289, 1492439, 2550340, 2018833, 1973422, 675899, 2677253, -242805, 'Stay']
[2274547, 1681078, 2219691, 174834, 2146049, 3130099, 2366171, 2814652, 621151, 1506326, 2394430, 1983514, 1910790, 655563, 2564621, -298886, 'Stay']
[2278240, 1686311, 2219580, 176520, 2141618, 3160531, 2393349, 2839627, 605510, 1490827, 2548451, 2020423, 1975687, 676503, 2673610, -244675, 'Stay']
[2276412, 1683583, 2220785, 177915, 2147350, 3123107, 2357795, 2810002, 621889, 1506989, 2398723, 1981139, 1908973, 655059, 2570055, -293982, 'Stay']
[2275988, 1684472, 2217433, 176355, 2140955, 3164527, 2399625, 2844168, 605193, 1490434, 2540180, 2021367, 1976115, 676549, 2665265, -250264, 'Stay']
[2277924, 1685439, 2221983, 179412, 2148246, 3117348, 2350674, 2806104, 621825, 1506464, 2407400, 1979531, 1910199, 654435, 2578481, -288582, 'Stay']
[2274171, 1682063, 2216088, 174183, 2140559, 3167784, 2405455, 2848269, 605828, 1490073, 2527733, 2020390, 1974294, 675966, 2654058, -256917, 'Stay']
[2279957, 1687513, 2222980, 179530, 2148388, 3115187, 2346832, 2805453, 621474, 1505319, 2422506, 1980252, 1913181, 655553, 2591197, -279724, 'Stay']
[2272235, 1680095, 2214417, 171868, 2140559, 3170550, 2409661, 2851527, 607021, 1491118, 2512654, 2018143, 1969788, 674958, 2641530, -262764, 'Stay']
[2280755, 1688745, 2223641, 179605, 2148948, 3114283, 2344032, 2804934, 620368, 1504334, 2439806, 1981269, 1918099, 656072, 2604992, -271095, 'Stay']
[2270459, 1677932, 2213166, 170240, 2140585, 3171414, 2411811, 2853258, 607520, 1491738, 2493936, 2015330, 1963790, 671920, 2627057, -269818, 'Stay']
[2282517, 1690551, 2225329, 180343, 2149343, 3116020, 2344668, 2807176, 619394, 1503246, 2459924, 1986005, 1925193, 658473, 2620737, -261239, 'Stay']
[2269337, 1676579, 2213362, 169349, 2140777, 3169588, 2411262, 2852945, 609535, 1493511, 2474037, 2011848, 1956396, 670010, 2612524, -276001, 'Stay']
[2283672, 1691634, 2226001, 180551, 2148618, 3117820, 2345504, 2809610, 618097, 1501481, 2479673, 1990083, 1932676, 660700, 2634941, -253311, 'Stay']
[2269073, 1676086, 2214208, 168764, 2141733, 3165661, 2408324, 2851043, 611846, 1495458, 2453811, 2007521, 1948099, 667434, 2597665, -282589, 'Stay']
[2283544, 1691988, 2226317, 180141, 2148158, 3122064, 2349774, 2814286, 615817, 1499300, 2500057, 1995335, 1941332, 663284, 2648870, -245472, 'Stay']
[2268914, 1675734, 2214515, 168640, 2142613, 3160320, 2403129, 2847815, 613882, 1497492, 2434963, 2002125, 1939311, 663865, 2584643, -287880, 'Stay']
[2283582, 1692313, 2225465, 179258, 2147460, 3128956, 2356960, 2821115, 613531, 1497367, 2518281, 2000823, 1950118, 665615, 2661392, -238556, 'Stay']
[2269641, 1676520, 2214793, 168472, 2143911, 3154100, 2396554, 2843290, 616312, 1500180, 2418420, 1996769, 1930579, 660435, 2574873, -290408, 'Stay']
[2283309, 1692318, 2224721, 179631, 2147088, 3134429, 2363270, 2825487, 612283, 1496096, 2532350, 2006678, 1958258, 668363, 2669811, -234650, 'Stay']
[2270037, 1677037, 2215272, 171189, 2144947, 3146773, 2388587, 2837513, 618381, 1502576, 2405561, 1993361, 1923485, 658432, 2566558, -293095, 'Stay']
[2281203, 1690535, 2222810, 180839, 2145813, 3142306, 2372431, 2832639, 609886, 1494053, 2543495, 2011508, 1965150, 670486, 2675839, -231668, 'Stay']
[2270838, 1677987, 2215922, 174885, 2145728, 3139678, 2380337, 2832317, 619889, 1503953, 2397248, 1988649, 1916124, 655638, 2563164, -292061, 'Stay']
[2280396, 1689404, 2221522, 182310, 2145250, 3149348, 2381271, 2839475, 608490, 1492537, 2548985, 2017051, 1969652, 672141, 2677988, -230797, 'Stay']
[2272712, 1679996, 2217945, 177962, 2147317, 3132057, 2371622, 2826884, 621664, 1505609, 2393839, 1986088, 1911141, 654469, 2563442, -289464, 'Stay']
[2277630, 1686708, 2219796, 181134, 2143663, 3156595, 2390651, 2846688, 607213, 1491139, 2549807, 2020710, 1973177, 673902, 2676221, -232025, 'Stay']
[2274142, 1681641, 2219971, 180644, 2149089, 3125335, 2363299, 2822069, 622417, 1505847, 2395807, 1982043, 1907852, 652446, 2567626, -284542, 'Stay']
[2275703, 1684886, 2219031, 181265, 2143665, 3161268, 2397738, 2851265, 606999, 1490434, 2544517, 2021450, 1974464, 674031, 2669771, -236155, 'Stay']
[2275398, 1683165, 2221480, 182493, 2149468, 3120114, 2356381, 2818363, 623155, 1506598, 2402697, 1981308, 1907880, 653133, 2574304, -279540, 'Stay']
[2272835, 1681387, 2216537, 178065, 2141958, 3166826, 2405362, 2857262, 606103, 1489206, 2535758, 2021845, 1973295, 673906, 2661365, -240084, 'Stay']
[2277224, 1685037, 2223265, 182720, 2150476, 3116535, 2351069, 2816244, 622708, 1505280, 2415388, 1980483, 1909336, 652218, 2585896, -270291, 'Stay']
[2271938, 1679928, 2216545, 176740, 2142676, 3168969, 2409533, 2859791, 607534, 1489871, 2521110, 2020620, 1970352, 672608, 2648933, -246552, 'Stay']
[2279078, 1686935, 2225257, 182732, 2151135, 3114513, 2347337, 2815039, 622450, 1504747, 2430648, 1982481, 1913460, 653766, 2598240, -262814, 'Stay']
[2269951, 1677473, 2215853, 173677, 2142306, 3171454, 2413621, 2863097, 608095, 1490465, 2504306, 2018551, 1965042, 671169, 2636092, -252500, 'Stay']
[2280788, 1688705, 2227003, 182743, 2151217, 3114952, 2346207, 2816028, 621227, 1503185, 2449321, 1984010, 1919242, 654693, 2613953, -252585, 'Stay']
[2269521, 1677041, 2216404, 172715, 2143479, 3170091, 2413463, 2862499, 610289, 1492299, 2484024, 2013342, 1958470, 668603, 2620911, -259783, 'Stay']
[2282407, 1690545, 2228013, 183162, 2150875, 3116502, 2346465, 2817754, 620452, 1502149, 2468844, 1986892, 1926994, 657201, 2628143, -244785, 'Stay']
[2269186, 1676618, 2216587, 172158, 2143899, 3167333, 2411553, 2861360, 612077, 1494330, 2463979, 2008677, 1950767, 666262, 2606430, -266299, 'Stay']
[2283623, 1692171, 2229036, 183366, 2151192, 3118985, 2348857, 2820327, 619146, 1501311, 2488597, 1992113, 1935206, 660182, 2642390, -237300, 'Stay']
[2268452, 1675246, 2216441, 170816, 2144374, 3163142, 2407964, 2858899, 614505, 1496591, 2443981, 2004763, 1942297, 664193, 2591984, -272751, 'Stay']
[2283432, 1691755, 2228450, 182198, 2150464, 3123859, 2353494, 2825081, 616727, 1498502, 2507977, 1996944, 1943639, 662585, 2655727, -229404, 'Stay']
[2268582, 1675524, 2216406, 170812, 2145547, 3156097, 2400677, 2853653, 616836, 1498811, 2425160, 1998753, 1932798, 660835, 2579224, -277744, 'Stay']
[2282475, 1691131, 2226168, 181186, 2148952, 3130736, 2361056, 2831769, 614540, 1496632, 2523992, 2002415, 1951618, 665350, 2665355, -224934, 'Stay']
[2268594, 1675489, 2215771, 170910, 2145760, 3150070, 2394186, 2849800, 618481, 1500611, 2410950, 1993083, 1924488, 657781, 2570812, -279449, 'Stay']
[2281283, 1690199, 2224442, 180305, 2147680, 3138069, 2369425, 2838969, 612150, 1494088, 2536983, 2006205, 1959006, 667276, 2673430, -220343, 'Stay']
[2270076, 1677026, 2217094, 173236, 2147340, 3143619, 2387157, 2845610, 620327, 1502324, 2400461, 1987784, 1917500, 655475, 2566110, -278683, 'Stay']
[2280100, 1688881, 2222973, 180012, 2146860, 3145376, 2378277, 2845696, 610936, 1492942, 2545113, 2011284, 1965779, 669915, 2677939, -218010, 'Stay']
[2271011, 1677959, 2218410, 174238, 2148781, 3136672, 2378614, 2840497, 621932, 1503821, 2393690, 1983618, 1911786, 653451, 2564016, -277555, 'Stay']
[2278743, 1687327, 2222577, 179095, 2146631, 3153637, 2388528, 2853756, 609501, 1491757, 2548658, 2015388, 1970348, 672151, 2679009, -217430, 'Stay']
[2272640, 1679545, 2220008, 175891, 2149745, 3129752, 2370166, 2835566, 623802, 1505683, 2392794, 1981047, 1908032, 652756, 2566324, -273712, 'Stay']
[2276402, 1685058, 2220224, 177299, 2145575, 3160067, 2396996, 2859970, 608245, 1490035, 2546140, 2017728, 1972676, 672976, 2675010, -219885, 'Stay']
[2275255, 1682858, 2221563, 178543, 2151020, 3123597, 2362054, 2830551, 624622, 1506442, 2396487, 1979939, 1906343, 651933, 2571478, -268603, 'Stay']
[2274977, 1683847, 2218385, 177386, 2144527, 3165171, 2403764, 2864526, 608491, 1490161, 2538440, 2020883, 1973221, 673795, 2667006, -224586, 'Stay']
[2277321, 1685624, 2223602, 181746, 2152053, 3118913, 2354998, 2826791, 624954, 1506556, 2405712, 1980883, 1907222, 652366, 2580268, -262063, 'Stay']
[2273494, 1682132, 2218414, 177710, 2145150, 3168515, 2408749, 2867499, 609246, 1490824, 2526429, 2022471, 1971469, 674027, 2655894, -230820, 'Stay']
[2278907, 1686951, 2225383, 182560, 2152687, 3115655, 2349824, 2824056, 624862, 1505653, 2419429, 1982492, 1910087, 653055, 2591673, -254930, 'Stay']
[2271319, 1679388, 2216913, 174818, 2144190, 3171198, 2413242, 2870661, 609674, 1490871, 2511055, 2020816, 1967017, 672380, 2642974, -237235, 'Stay']
[2280331, 1688047, 2226326, 182340, 2152697, 3115005, 2347581, 2824272, 623721, 1504647, 2437045, 1983377, 1914675, 654268, 2605973, -245202, 'Stay']
[2269834, 1677003, 2216064, 172554, 2144381, 3170887, 2414638, 2871262, 610811, 1491666, 2492399, 2016081, 1960593, 670072, 2628823, -243502, 'Stay']
[2281484, 1689280, 2227025, 182205, 2152829, 3115556, 2347203, 2824960, 622279, 1503041, 2455508, 1985338, 1921100, 655524, 2620275, -236477, 'Stay']
[2268672, 1675909, 2214648, 171102, 2144816, 3169450, 2414250, 2870526, 612606, 1493641, 2471629, 2011903, 1953286, 667591, 2613557, -250152, 'Stay']
[2281896, 1690988, 2226128, 181817, 2152469, 3118372, 2349522, 2827637, 620375, 1501583, 2475514, 1990129, 1929228, 658100, 2635459, -226991, 'Stay']
[2267641, 1676189, 2213237, 171166, 2145168, 3165736, 2411854, 2868125, 614113, 1496022, 2450699, 2007818, 1945056, 664832, 2599200, -256030, 'Stay']
[2281836, 1692302, 2224579, 182315, 2151282, 3122921, 2354207, 2831932, 617846, 1500276, 2494505, 1996461, 1938000, 661281, 2649471, -219277, 'Stay']
[2267285, 1676496, 2212265, 170670, 2145374, 3161129, 2407777, 2865297, 615384, 1497848, 2431698, 2004075, 1936408, 661966, 2587483, -259639, 'Stay']
[2282217, 1693343, 2223665, 182137, 2150816, 3127989, 2359867, 2836652, 616124, 1498262, 2511721, 2001882, 1946270, 663076, 2661630, -212710, 'Stay']
[2268188, 1677726, 2212374, 171186, 2146870, 3155149, 2402117, 2861173, 617907, 1499963, 2414907, 1999297, 1928058, 658748, 2577171, -263270, 'Stay']
[2282539, 1693978, 2222540, 182289, 2150004, 3135213, 2368122, 2843286, 614331, 1496405, 2527111, 2009018, 1954624, 665809, 2672110, -206988, 'Stay']
[2269343, 1679286, 2213535, 174204, 2148495, 3147312, 2393188, 2854682, 620968, 1503068, 2401091, 1996063, 1920074, 656325, 2569081, -265698, 'Stay']
[2280630, 1692564, 2220888, 182732, 2148674, 3143000, 2376622, 2849880, 612192, 1494546, 2537742, 2016450, 1961808, 667719, 2677679, -204659, 'Stay']
[2269995, 1680236, 2213820, 175703, 2148368, 3141504, 2385545, 2850272, 622180, 1504229, 2392617, 1994202, 1913341, 652726, 2565816, -264310, 'Stay']
[2279362, 1691459, 2218681, 181384, 2147532, 3150821, 2385402, 2856622, 610706, 1493014, 2543504, 2021042, 1966636, 668781, 2680393, -202730, 'Stay']
[2272064, 1682263, 2215290, 176778, 2150759, 3133727, 2376344, 2843947, 623874, 1506215, 2388490, 1990461, 1907841, 650947, 2565618, -261663, 'Stay']
[2277519, 1688949, 2216427, 179864, 2146328, 3156708, 2393764, 2861941, 609799, 1491940, 2543651, 2024617, 1969942, 670396, 2677801, -204953, 'Stay']
[2273855, 1683668, 2216389, 179954, 2151508, 3126644, 2367669, 2838245, 625146, 1506876, 2389907, 1987188, 1905121, 649976, 2568802, -257836, 'Stay']
[2274644, 1685723, 2214134, 179715, 2145815, 3163711, 2403447, 2868992, 608869, 1490952, 2539898, 2025449, 1971906, 671615, 2672902, -207348, 'Stay']
[2274930, 1685036, 2217254, 182089, 2152526, 3122065, 2361653, 2835669, 625097, 1506750, 2397613, 1985042, 1904465, 649842, 2577346, -249965, 'Stay']
[2273293, 1684243, 2213171, 179696, 2145721, 3167096, 2409014, 2872451, 609165, 1490940, 2530468, 2025933, 1970510, 671312, 2664267, -211390, 'Stay']
[2276505, 1686494, 2218548, 183146, 2152920, 3117131, 2355019, 2831599, 625338, 1506833, 2408229, 1984739, 1906488, 649928, 2586730, -243740, 'Stay']
[2271193, 1681404, 2211785, 177384, 2146052, 3170215, 2414549, 2875789, 609453, 1491137, 2516236, 2024053, 1967749, 670062, 2652065, -217903, 'Stay']
[2278373, 1688403, 2219730, 184196, 2153566, 3115509, 2352124, 2830711, 625069, 1506556, 2424038, 1984643, 1910583, 651041, 2600078, -234842, 'Stay']
[2269072, 1678938, 2210165, 175914, 2144733, 3172087, 2417567, 2877988, 610620, 1492188, 2498957, 2019880, 1962724, 668802, 2638195, -224786, 'Stay']
[2279539, 1689732, 2220976, 185134, 2153982, 3116525, 2351215, 2831830, 623290, 1504468, 2443068, 1986510, 1916230, 652295, 2615562, -224342, 'Stay']
[2268031, 1677882, 2210228, 175176, 2145604, 3172499, 2419655, 2878925, 612331, 1493578, 2479981, 2017285, 1956066, 666579, 2624380, -230151, 'Stay']
[2280626, 1691475, 2221634, 186053, 2154096, 3119235, 2352925, 2834330, 622430, 1503317, 2463445, 1991062, 1923822, 654760, 2631164, -214545, 'Stay']
[2267344, 1677142, 2209779, 175594, 2146363, 3170857, 2418276, 2878267, 613819, 1494938, 2460193, 2013533, 1947856, 663817, 2610625, -235086, 'Stay']
[2281728, 1692678, 2222812, 187454, 2153767, 3121970, 2354765, 2836819, 621120, 1501776, 2482877, 1996758, 1931633, 657112, 2645647, -206099, 'Stay']
[2266657, 1675913, 2210898, 175630, 2146969, 3165318, 2413251, 2874401, 616554, 1497120, 2439528, 2009381, 1939203, 661262, 2596063, -241783, 'Stay']
[2281450, 1691963, 2223118, 186967, 2152852, 3125909, 2358586, 2840681, 618847, 1499277, 2501044, 2001066, 1939853, 659660, 2657754, -200247, 'Stay']
[2267024, 1675813, 2211666, 175382, 2148321, 3159470, 2407374, 2870481, 618733, 1499249, 2420911, 2002878, 1929976, 658305, 2583187, -247215, 'Stay']
[2281234, 1692000, 2222126, 185538, 2152400, 3132849, 2366328, 2847516, 616876, 1497208, 2518529, 2005513, 1948515, 662618, 2668965, -194046, 'Stay']
[2268014, 1677167, 2212210, 176239, 2149469, 3152572, 2399626, 2865632, 621047, 1501284, 2406438, 1997469, 1921535, 655093, 2574503, -249138, 'Stay']
[2280481, 1691800, 2220133, 185880, 2151083, 3140146, 2374058, 2854371, 615277, 1495537, 2531098, 2011755, 1955627, 665010, 2676109, -190831, 'Stay']
[2268883, 1678557, 2212450, 179336, 2150682, 3145124, 2391290, 2860241, 622688, 1502914, 2395278, 1993761, 1914428, 652266, 2568682, -249514, 'Stay']
[2278900, 1690709, 2218636, 187054, 2150352, 3146085, 2381363, 2859822, 613259, 1493585, 2539061, 2017455, 1962246, 666655, 2679607, -189661, 'Stay']
[2269731, 1679497, 2213361, 180814, 2151526, 3137100, 2381793, 2854307, 624777, 1505066, 2388193, 1990669, 1908682, 650466, 2564978, -250321, 'Stay']
[2277215, 1688617, 2216749, 184747, 2148825, 3154211, 2391441, 2868287, 611706, 1491744, 2543669, 2021852, 1967095, 668261, 2680549, -189493, 'Stay']
[2271887, 1681582, 2215011, 181395, 2152943, 3130230, 2373307, 2849760, 626229, 1506206, 2387668, 1987487, 1904636, 648468, 2567720, -245944, 'Stay']
[2275733, 1686970, 2215339, 182438, 2148130, 3160345, 2399569, 2874282, 610977, 1490917, 2541418, 2024809, 1969403, 669141, 2676863, -192298, 'Stay']
[2273897, 1683763, 2216664, 182501, 2154002, 3124738, 2365922, 2845804, 627030, 1506961, 2392077, 1986497, 1903064, 648084, 2573395, -240835, 'Stay']
[2273674, 1684671, 2213159, 180894, 2147464, 3166113, 2407077, 2879866, 610715, 1490552, 2534921, 2026764, 1969562, 669433, 2669628, -196154, 'Stay']
[2275124, 1685303, 2217272, 183938, 2154477, 3121586, 2360812, 2844385, 626711, 1506414, 2401644, 1985861, 1903452, 647923, 2582544, -233481, 'Stay']
[2272006, 1682716, 2211990, 179674, 2147310, 3170850, 2413939, 2885150, 610684, 1490700, 2523928, 2026681, 1967656, 669158, 2660265, -199963, 'Stay']
[2277248, 1687560, 2219042, 185376, 2155663, 3117445, 2354731, 2841057, 627185, 1506767, 2414575, 1986906, 1905723, 648577, 2593512, -225695, 'Stay']
[2269519, 1679735, 2210330, 177406, 2147104, 3173152, 2418348, 2887700, 611529, 1490859, 2507738, 2024656, 1963525, 667912, 2646406, -207047, 'Stay']
[2278758, 1688955, 2219959, 186004, 2155864, 3117039, 2352969, 2841043, 626092, 1505078, 2431833, 1987404, 1910936, 650054, 2607664, -216387, 'Stay']
[2268342, 1678580, 2209379, 176870, 2147217, 3172566, 2419153, 2887403, 613004, 1492456, 2489058, 2021628, 1957158, 666339, 2631675, -214387, 'Stay']
[2279347, 1690353, 2220189, 187168, 2155397, 3116866, 2351512, 2840887, 624721, 1503706, 2450199, 1991096, 1917089, 651675, 2621255, -208985, 'Stay']
[2266793, 1676938, 2208697, 177835, 2147714, 3171294, 2419217, 2887469, 614453, 1493938, 2468591, 2018110, 1949909, 663859, 2616555, -221561, 'Stay']
[2279846, 1691050, 2220392, 189712, 2155574, 3120096, 2353975, 2844728, 622801, 1501867, 2471007, 1995013, 1925179, 654557, 2637349, -199175, 'Stay']
[2265563, 1675794, 2208376, 179376, 2148229, 3167884, 2416419, 2885927, 616242, 1495453, 2448298, 2011935, 1941277, 661038, 2602465, -227078, 'Stay']
[2280442, 1691828, 2220749, 191451, 2155084, 3124337, 2357950, 2848783, 620801, 1499937, 2490527, 1998795, 1933447, 656633, 2651170, -191231, 'Stay']
[2265884, 1675950, 2209042, 180591, 2149317, 3163006, 2411388, 2882185, 618788, 1497967, 2429135, 2006943, 1932665, 657784, 2589387, -232278, 'Stay']
[2280835, 1692648, 2220616, 191965, 2154572, 3130244, 2363654, 2853887, 619283, 1498377, 2508491, 2003551, 1942343, 659681, 2662984, -185043, 'Stay']
[2266136, 1676071, 2209549, 180492, 2150319, 3157743, 2406029, 2878765, 621257, 1500161, 2412952, 2000144, 1924481, 656202, 2579068, -235469, 'Stay']
