[1771301, 1845909, 1520403, -772345, 2408982, 2678331, 2472089, 2221942, 662582, 1763177, 2346303, 2343529, 2378184, 2488859, 1305684, -761075, 'Stay']
[1767932, 1838011, 1530427, -780826, 2414505, 2658648, 2462845, 2209441, 675981, 1775988, 2154678, 2325219, 2318104, 2475721, 1182219, -820100, 'Stay']
[1769174, 1843359, 1519032, -775304, 2407611, 2685269, 2479740, 2227288, 661292, 1761547, 2342931, 2344688, 2381625, 2489606, 1303487, -762624, 'Stay']
[1769081, 1839357, 1529619, -779294, 2415205, 2652687, 2455829, 2205149, 676672, 1776324, 2161465, 2321887, 2315350, 2474174, 1186656, -815747, 'Stay']
[1767693, 1841170, 1519499, -776861, 2407605, 2691327, 2487074, 2232354, 660723, 1761233, 2333184, 2346592, 2383041, 2490630, 1297012, -766179, 'Stay']
[1770328, 1841178, 1529172, -777205, 2415993, 2647541, 2449854, 2201674, 676774, 1776223, 2174745, 2320380, 2315130, 2474431, 1195530, -808940, 'Stay']
[1765642, 1839036, 1520044, -778892, 2406660, 2694891, 2492095, 2235361, 660693, 1760962, 2316952, 2347424, 2381789, 2490431, 1286168, -772050, 'Stay']
[1771311, 1843264, 1528203, -774878, 2415551, 2644280, 2444944, 2199119, 675879, 1775123, 2192756, 2320606, 2317394, 2474213, 1207356, -801111, 'Stay']
[1764300, 1837349, 1521495, -780339, 2406465, 2697884, 2496451, 2238097, 661199, 1761408, 2297171, 2348237, 2379076, 2489968, 1273609, -777654, 'Stay']
[1772880, 1845759, 1527790, -772244, 2416265, 2641879, 2441656, 2197103, 675747, 1774858, 2214348, 2321365, 2321982, 2475048, 1221320, -792678, 'Stay']
[1762813, 1835276, 1522216, -782514, 2406109, 2697860, 2498593, 2238421, 662521, 1762374, 2272747, 2346821, 2374230, 2489098, 1257784, -785598, 'Stay']
[1773162, 1846814, 1525908, -771211, 2414841, 2641964, 2440357, 2197281, 673926, 1772552, 2238107, 2322371, 2327584, 2475828, 1236774, -784011, 'Stay']
[1762321, 1834283, 1523206, -783685, 2406388, 2696408, 2498499, 2237661, 663854, 1763689, 2247986, 2345898, 2367083, 2487406, 1241714, -792690, 'Stay']
[1773930, 1848049, 1524441, -770069, 2414100, 2643325, 2440320, 2197929, 672809, 1771489, 2262103, 2325651, 2335408, 2477453, 1251723, -776776, 'Stay']
[1762270, 1833469, 1524855, -784429, 2407529, 2694250, 2497567, 2236601, 665820, 1765430, 2223402, 2343586, 2359518, 2486099, 1225903, -799548, 'Stay']
[1774016, 1848454, 1523019, -769660, 2413081, 2647564, 2443331, 2200982, 671378, 1770007, 2286680, 2328034, 2344190, 2480007, 1267557, -768469, 'Stay']
[1762012, 1832579, 1526090, -785609, 2407628, 2689623, 2493781, 2233569, 667580, 1766749, 2200713, 2339675, 2350850, 2483754, 1211159, -805404, 'Stay']
[1773779, 1848686, 1522122, -769192, 2411887, 2653209, 2447780, 2205410, 669101, 1767697, 2308892, 2330976, 2352814, 2481959, 1281653, -761455, 'Stay']
[1762541, 1832850, 1527468, -785065, 2408963, 2684249, 2489033, 2230306, 669714, 1768813, 2181847, 2337045, 2342265, 2482070, 1199428, -809186, 'Stay']
[1772935, 1848142, 1520852, -769307, 2410379, 2659877, 2453608, 2210469, 667062, 1765492, 2326937, 2335064, 2361592, 2483919, 1293544, -755674, 'Stay']
[1763399, 1833667, 1528915, -783697, 2410546, 2677737, 2483063, 2225802, 672241, 1770812, 2166668, 2333359, 2334362, 2479956, 1189745, -811999, 'Stay']
[1772044, 1847242, 1520009, -769714, 2409402, 2666483, 2460251, 2215086, 665372, 1763732, 2339241, 2338097, 2369751, 2486487, 1301393, -752319, 'Stay']
[1764620, 1834783, 1529205, -782434, 2411422, 2669736, 2475073, 2219679, 673941, 1772322, 2156246, 2329311, 2326996, 2478281, 1183213, -813521, 'Stay']
[1770722, 1846109, 1519457, -770927, 2408101, 2673994, 2467822, 2220582, 663728, 1762173, 2345231, 2341023, 2376221, 2488709, 1305372, -751187, 'Stay']
[1765499, 1836026, 1529721, -781200, 2412020, 2662871, 2467940, 2214824, 675182, 1773523, 2153364, 2325722, 2321657, 2476874, 1181643, -811905, 'Stay']
[1769119, 1844334, 1519246, -772595, 2406610, 2680927, 2475460, 2225678, 662256, 1760931, 2345467, 2343204, 2381059, 2489678, 1305353, -751783, 'Stay']
[1767752, 1838846, 1530455, -778443, 2413317, 2655434, 2459875, 2208903, 676711, 1774861, 2155892, 2323710, 2317928, 2475904, 1183168, -809305, 'Stay']
[1767958, 1842991, 1519889, -774074, 2405625, 2686710, 2481921, 2229819, 662125, 1760973, 2337997, 2347032, 2383820, 2491588, 1299828, -755822, 'Stay']
[1768953, 1840782, 1530555, -776450, 2413682, 2649826, 2452938, 2204336, 677400, 1775449, 2165121, 2322389, 2316332, 2475404, 1188815, -804739, 'Stay']
[1766027, 1840831, 1520819, -775828, 2405123, 2692337, 2488820, 2234013, 661705, 1760564, 2326024, 2348270, 2384589, 2491821, 1292023, -760003, 'Stay']
[1769797, 1842297, 1530167, -774144, 2414108, 2645674, 2447477, 2201096, 677111, 1774944, 2180925, 2321486, 2317561, 2475170, 1199319, -797584, 'Stay']
[1764132, 1838159, 1521791, -777600, 2404929, 2696695, 2494589, 2238150, 661497, 1760151, 2308951, 2348728, 2382963, 2491792, 1281298, -765139, 'Stay']
[1770821, 1843787, 1529325, -772210, 2414256, 2643193, 2443899, 2199494, 676677, 1774209, 2201329, 2320826, 2320578, 2475819, 1212753, -789016, 'Stay']
[1762312, 1835576, 1522209, -780311, 2404109, 2698925, 2498425, 2240301, 661680, 1760076, 2287922, 2347080, 2378675, 2490664, 1267833, -771324, 'Stay']
[1771793, 1845385, 1527407, -770898, 2413591, 2642442, 2441453, 2198704, 675000, 1772286, 2225028, 2321451, 2325179, 2476110, 1228366, -779625, 'Stay']
[1762116, 1834773, 1523741, -781476, 2405290, 2698132, 2499384, 2239805, 663471, 1761952, 2263461, 2346760, 2372415, 2489466, 1251901, -779059, 'Stay']
[1772191, 1846373, 1525846, -770231, 2412809, 2642807, 2440599, 2198760, 673929, 1770926, 2249329, 2322945, 2331921, 2477260, 1243778, -771887, 'Stay']
[1761247, 1833139, 1524601, -783396, 2405390, 2696189, 2498878, 2238580, 664931, 1762447, 2238406, 2343712, 2364961, 2487205, 1235764, -786258, 'Stay']
[1773043, 1847900, 1524724, -768887, 2412252, 2644811, 2440973, 2199261, 672551, 1769221, 2273540, 2325704, 2339934, 2479111, 1258846, -764192, 'Stay']
[1761097, 1832733, 1525762, -783982, 2406107, 2692466, 2496097, 2235706, 667143, 1764908, 2213141, 2341556, 2356825, 2486068, 1218725, -794193, 'Stay']
[1773275, 1848655, 1522909, -768093, 2410850, 2650407, 2445528, 2203467, 670378, 1767123, 2297341, 2328695, 2348817, 2481261, 1274239, -756123, 'Stay']
[1762140, 1833212, 1527013, -783429, 2407048, 2687614, 2492223, 2232422, 669799, 1767110, 2192067, 2338564, 2348019, 2483683, 1205235, -798967, 'Stay']
[1773386, 1848966, 1521772, -767395, 2410026, 2655341, 2449379, 2206520, 669310, 1765931, 2317245, 2333217, 2357764, 2483740, 1286458, -750818, 'Stay']
[1762331, 1832970, 1527703, -782952, 2408331, 2680973, 2485952, 2227406, 671558, 1768509, 2174039, 2336142, 2339734, 2481819, 1193347, -803699, 'Stay']
[1771740, 1847297, 1519738, -768159, 2408959, 2663047, 2457130, 2212610, 666636, 1763130, 2332902, 2336821, 2366547, 2485811, 1296718, -746305, 'Stay']
[1763417, 1833954, 1527916, -782017, 2410079, 2674343, 2480188, 2222969, 673083, 1769570, 2162149, 2331692, 2331937, 2479549, 1186505, -804467, 'Stay']
[1770524, 1846301, 1518637, -769610, 2407933, 2670002, 2463913, 2217500, 665030, 1761519, 2342834, 2339906, 2373263, 2487587, 1303036, -743916, 'Stay']
[1763798, 1834517, 1527116, -781741, 2410562, 2666509, 2471707, 2217044, 674204, 1770655, 2154459, 2327631, 2324533, 2477216, 1181449, -805152, 'Stay']
[1768417, 1843937, 1517116, -772003, 2405798, 2677683, 2471399, 2223133, 662429, 1759024, 2346080, 2342331, 2378414, 2488749, 1305217, -743401, 'Stay']
[1765177, 1836077, 1527582, -780079, 2411217, 2660104, 2464438, 2212526, 675343, 1771611, 2153949, 2325107, 2319773, 2475870, 1181682, -802514, 'Stay']
[1767357, 1842571, 1517282, -773109, 2405009, 2683889, 2478881, 2228251, 661661, 1758433, 2343040, 2346043, 2382795, 2490282, 1303380, -744907, 'Stay']
[1766872, 1838319, 1527372, -777640, 2412274, 2652640, 2457368, 2207162, 676553, 1772821, 2159030, 2324229, 2317276, 2475227, 1185223, -799253, 'Stay']
[1765697, 1840665, 1516699, -775009, 2403928, 2689189, 2485674, 2232484, 660911, 1757786, 2333414, 2348338, 2384395, 2491039, 1297046, -749163, 'Stay']
[1768802, 1840769, 1526878, -775469, 2412366, 2647253, 2450368, 2202991, 676899, 1772857, 2171149, 2322469, 2316762, 2474654, 1192968, -793630, 'Stay']
[1765116, 1839572, 1517603, -776585, 2403474, 2693341, 2490793, 2235436, 661430, 1758324, 2318635, 2349072, 2384305, 2491449, 1287089, -754509, 'Stay']
[1770334, 1842999, 1526094, -773324, 2412261, 2643419, 2444784, 2199623, 677042, 1772968, 2188265, 2321627, 2318762, 2475100, 1203683, -786822, 'Stay']
[1763580, 1837351, 1518752, -778325, 2403047, 2696331, 2494906, 2237430, 661887, 1758769, 2299296, 2348721, 2381676, 2490909, 1274433, -760831, 'Stay']
[1770580, 1843607, 1525339, -771784, 2411914, 2641420, 2440788, 2197428, 676244, 1771983, 2209213, 2321734, 2322887, 2475498, 1216919, -779132, 'Stay']
[1761752, 1834455, 1519825, -780443, 2403123, 2698243, 2497664, 2239170, 662146, 1758821, 2276412, 2347618, 2376892, 2489780, 1259597, -767526, 'Stay']
[1771935, 1845441, 1524307, -769725, 2412290, 2641551, 2439629, 2197185, 675176, 1770663, 2233555, 2322703, 2328944, 2477217, 1232836, -769540, 'Stay']
[1761191, 1833099, 1521403, -781835, 2403682, 2697293, 2498929, 2238797, 664190, 1760490, 2250623, 2346033, 2370650, 2489362, 1242770, -775661, 'Stay']
[1772280, 1846476, 1522191, -769009, 2410989, 2644290, 2441083, 2199302, 673086, 1768156, 2258991, 2324369, 2336633, 2478794, 1249442, -760436, 'Stay']
[1761031, 1832780, 1522353, -782764, 2403919, 2695061, 2497384, 2237357, 665739, 1761793, 2226863, 2343189, 2362532, 2487294, 1227701, -781490, 'Stay']
[1772709, 1847859, 1521865, -767709, 2409683, 2647637, 2442329, 2201035, 671528, 1766757, 2283056, 2327129, 2344639, 2480711, 1264778, -752819, 'Stay']
[1761238, 1832780, 1525016, -782549, 2405054, 2690778, 2494075, 2234289, 667670, 1763638, 2203247, 2340565, 2354190, 2485465, 1212454, -787844, 'Stay']
[1772503, 1848111, 1521198, -767031, 2408898, 2652465, 2446025, 2204151, 669541, 1764932, 2304845, 2331079, 2353860, 2483050, 1278580, -746139, 'Stay']
[1761462, 1832403, 1526405, -782668, 2406123, 2684398, 2488278, 2229280, 669717, 1765647, 2182080, 2337170, 2345411, 2483235, 1198528, -793493, 'Stay']
[1771490, 1846658, 1519413, -768149, 2407462, 2658258, 2451264, 2208289, 667417, 1762822, 2322552, 2334282, 2362705, 2484978, 1289323, -741278, 'Stay']
[1762045, 1831723, 1526710, -783114, 2407025, 2677681, 2482163, 2224886, 671274, 1766595, 2166817, 2332927, 2337207, 2480551, 1188470, -796103, 'Stay']
[1771048, 1845748, 1518582, -768741, 2406596, 2664911, 2458261, 2213508, 665587, 1760823, 2335997, 2337727, 2370402, 2486747, 1297429, -737758, 'Stay']
[1763657, 1833507, 1527329, -781322, 2408766, 2670750, 2476049, 2220562, 673160, 1768702, 2157324, 2330082, 2330369, 2479396, 1182345, -796768, 'Stay']
[1769771, 1845076, 1517270, -769786, 2405406, 2672682, 2466587, 2219816, 663680, 1759586, 2344536, 2341909, 2377907, 2489221, 1303003, -735071, 'Stay']
[1764096, 1835021, 1527029, -780437, 2408933, 2662960, 2467972, 2214726, 674442, 1770248, 2153104, 2326558, 2324441, 2477641, 1179817, -795937, 'Stay']
[1767487, 1843614, 1516357, -771832, 2403002, 2678649, 2472511, 2223773, 661462, 1757786, 2345126, 2343269, 2382146, 2490134, 1303419, -736204, 'Stay']
[1764867, 1836973, 1528138, -778861, 2409446, 2655411, 2460525, 2209052, 674962, 1770869, 2154500, 2323873, 2319550, 2476352, 1180717, -794559, 'Stay']
[1765802, 1842210, 1518147, -773698, 2402233, 2685271, 2481446, 2229547, 660183, 1756718, 2339630, 2345775, 2385061, 2491316, 1300231, -738686, 'Stay']
[1766372, 1839512, 1528919, -777146, 2409812, 2649226, 2453597, 2204898, 675641, 1771341, 2163314, 2322055, 2317659, 2475500, 1187204, -789235, 'Stay']
[1764101, 1840306, 1519531, -776191, 2401318, 2690055, 2487474, 2233272, 659954, 1756326, 2327590, 2347247, 2385629, 2491741, 1292737, -743334, 'Stay']
[1767279, 1841061, 1528865, -775613, 2409586, 2644006, 2446999, 2200597, 675734, 1770997, 2177380, 2320608, 2317790, 2474898, 1196586, -783347, 'Stay']
[1762124, 1837588, 1520541, -778490, 2400495, 2693848, 2492826, 2236444, 660027, 1756054, 2310623, 2347425, 2384095, 2491435, 1281761, -749431, 'Stay']
[1768038, 1842173, 1527886, -773794, 2409236, 2641953, 2443807, 2199205, 675122, 1769914, 2197522, 2319786, 2320830, 2475075, 1209948, -774928, 'Stay']
[1760178, 1834906, 1521253, -780232, 2399829, 2697373, 2497197, 2239358, 660541, 1756365, 2290461, 2346679, 2380216, 2490338, 1269182, -755011, 'Stay']
[1768768, 1843562, 1527050, -771159, 2409070, 2641553, 2441076, 2198560, 674181, 1768985, 2220796, 2320048, 2325242, 2475803, 1225281, -765706, 'Stay']
[1759222, 1833251, 1523657, -780457, 2401037, 2698064, 2499515, 2240239, 662064, 1757935, 2266367, 2344919, 2374669, 2489645, 1253539, -762545, 'Stay']
[1769036, 1844628, 1526369, -768863, 2409157, 2641522, 2439604, 2197745, 673037, 1767798, 2244805, 2321345, 2332603, 2477573, 1240584, -757782, 'Stay']
[1756906, 1830577, 1524510, -782040, 2401349, 2695612, 2498372, 2238125, 662946, 1758670, 2240268, 2342536, 2367660, 2488278, 1236382, -770987, 'Stay']
[1767273, 1843827, 1523924, -768548, 2408357, 2644399, 2441556, 2199742, 670175, 1765238, 2268957, 2323034, 2340383, 2479553, 1256101, -750116, 'Stay']
[1754746, 1827916, 1524891, -783922, 2401969, 2692306, 2496991, 2236391, 663448, 1759305, 2215701, 2338980, 2359244, 2485760, 1221031, -777397, 'Stay']
[1766085, 1842716, 1521951, -768664, 2407156, 2648371, 2444727, 2202849, 667126, 1761852, 2292207, 2325118, 2348654, 2480190, 1271481, -742338, 'Stay']
[1754018, 1826570, 1525729, -784467, 2402962, 2686730, 2492273, 2232175, 665053, 1760474, 2192833, 2334947, 2350209, 2483234, 1206415, -783535, 'Stay']
[1765188, 1842033, 1520693, -768484, 2406448, 2652894, 2448769, 2205533, 665115, 1759845, 2311459, 2327910, 2357413, 2482742, 1283461, -737427, 'Stay']
[1754137, 1826172, 1526842, -784000, 2404106, 2680976, 2487656, 2228783, 666826, 1761913, 2173751, 2330849, 2342366, 2481598, 1194497, -787999, 'Stay']
[1764238, 1841398, 1520002, -768483, 2404826, 2660058, 2455333, 2211022, 663000, 1757691, 2328287, 2331016, 2366666, 2484863, 1294732, -731971, 'Stay']
[1755124, 1827379, 1528599, -782495, 2404960, 2673012, 2479886, 2222175, 669208, 1763925, 2159237, 2327978, 2333940, 2479028, 1184928, -791347, 'Stay']
[1763659, 1841075, 1519889, -768355, 2403479, 2665967, 2461038, 2214324, 661711, 1756277, 2337513, 2335982, 2373678, 2486820, 1300000, -731258, 'Stay']
[1756426, 1828882, 1529856, -780848, 2405714, 2666922, 2473575, 2217899, 671098, 1765579, 2151198, 2326334, 2327546, 2478084, 1179814, -792357, 'Stay']
[1762600, 1840053, 1520224, -769549, 2401885, 2675954, 2471294, 2222609, 660040, 1754661, 2344501, 2339934, 2380594, 2488939, 1305347, -728100, 'Stay']
[1759332, 1831977, 1531083, -778337, 2407018, 2660588, 2466633, 2213528, 673316, 1767395, 2151769, 2323415, 2322711, 2476437, 1181112, -788509, 'Stay']
[1762401, 1839338, 1520486, -770993, 2401238, 2682820, 2478446, 2227768, 660320, 1754732, 2342782, 2343053, 2384713, 2490690, 1303854, -729707, 'Stay']
[1762098, 1834785, 1531488, -776011, 2408796, 2653478, 2458540, 2207950, 675122, 1768857, 2156860, 2321329, 2319489, 2476037, 1184206, -784938, 'Stay']
[1761530, 1837701, 1520780, -772773, 2400889, 2687146, 2483971, 2230517, 660488, 1754714, 2333438, 2345289, 2386768, 2492209, 1297323, -734489, 'Stay']
[1763082, 1836057, 1530223, -774590, 2408693, 2647138, 2451212, 2202839, 675700, 1769015, 2166458, 2319299, 2318716, 2475747, 1189935, -781474, 'Stay']
[1759504, 1835325, 1520445, -774978, 2400123, 2692021, 2490215, 2234473, 659624, 1753843, 2319368, 2346116, 2386568, 2492123, 1288003, -739754, 'Stay']
[1764115, 1838309, 1528722, -772264, 2408638, 2643661, 2446042, 2200316, 674878, 1768080, 2183804, 2318705, 2320112, 2475491, 1201507, -773785, 'Stay']
[1757730, 1833490, 1520785, -776682, 2399189, 2696367, 2495704, 2238458, 659685, 1754093, 2301253, 2346589, 2383992, 2491773, 1276504, -745318, 'Stay']
[1765431, 1840547, 1527613, -770016, 2408130, 2642422, 2443378, 2199744, 674037, 1767216, 2206049, 2319238, 2323744, 2475902, 1216463, -764058, 'Stay']
[1757592, 1832793, 1522388, -777591, 2399398, 2698084, 2499143, 2240423, 660836, 1755162, 2279512, 2345738, 2379136, 2491089, 1262804, -750982, 'Stay']
[1767795, 1843732, 1527116, -766997, 2408776, 2641122, 2441077, 2198160, 674121, 1767326, 2229476, 2320687, 2329571, 2477657, 1231244, -755679, 'Stay']
[1757532, 1832131, 1523898, -778618, 2400112, 2696934, 2499736, 2239556, 663002, 1757181, 2254256, 2345339, 2373316, 2490386, 1245971, -759598, 'Stay']
[1768558, 1845046, 1525445, -766452, 2407287, 2642572, 2440762, 2198728, 673014, 1766114, 2253788, 2323822, 2336893, 2479343, 1246356, -748452, 'Stay']
[1757510, 1831491, 1525249, -780166, 2400409, 2695117, 2499189, 2238272, 664507, 1758419, 2230182, 2343084, 2365991, 2488510, 1230578, -766299, 'Stay']
[1769442, 1846207, 1524093, -765703, 2406770, 2645427, 2442769, 2200154, 671737, 1764633, 2278645, 2326488, 2345681, 2481347, 1262434, -740490, 'Stay']
[1756905, 1830034, 1525897, -781913, 2400600, 2691359, 2496489, 2235618, 666505, 1760008, 2205985, 2340040, 2357919, 2486226, 1214782, -773542, 'Stay']
[1769002, 1846246, 1522403, -765503, 2405314, 2651635, 2447218, 2204836, 669022, 1761593, 2302277, 2328952, 2354949, 2482860, 1277816, -732189, 'Stay']
[1757892, 1830763, 1527445, -780966, 2402308, 2685065, 2490747, 2230808, 669203, 1762415, 2185341, 2336676, 2348878, 2484252, 1201214, -778482, 'Stay']
[1768519, 1846149, 1520817, -765200, 2404125, 2656989, 2452040, 2208191, 667461, 1760056, 2320193, 2332247, 2363194, 2485160, 1288466, -728103, 'Stay']
[1758673, 1831322, 1527903, -780120, 2403239, 2678826, 2485260, 2226654, 671371, 1764311, 2168540, 2332988, 2340463, 2482397, 1190211, -782456, 'Stay']
[1767944, 1845616, 1519780, -765529, 2402621, 2664809, 2459816, 2214515, 665335, 1757917, 2335572, 2335811, 2371649, 2487714, 1298691, -722890, 'Stay']
[1760491, 1833038, 1529229, -778150, 2404338, 2672258, 2478781, 2222377, 673456, 1765924, 2158861, 2330223, 2333175, 2480292, 1184499, -782346, 'Stay']
[1767442, 1845016, 1519600, -765739, 2401356, 2671810, 2466375, 2219731, 664278, 1756868, 2344409, 2340687, 2379172, 2489693, 1304112, -720709, 'Stay']
[1761980, 1834490, 1529961, -776330, 2405588, 2664281, 2470530, 2216070, 675453, 1767722, 2153211, 2327388, 2327595, 2478827, 1180376, -782838, 'Stay']
[1766061, 1843361, 1519535, -767114, 2400624, 2678975, 2474018, 2224434, 663253, 1755732, 2345913, 2343806, 2385169, 2491544, 1304606, -721830, 'Stay']
[1763042, 1836025, 1529922, -774775, 2406138, 2658434, 2463583, 2211520, 676366, 1768351, 2155538, 2324419, 2324030, 2477662, 1182164, -779476, 'Stay']
[1764572, 1841633, 1519824, -768814, 2399256, 2686678, 2481960, 2230444, 662161, 1754694, 2342282, 2345781, 2388309, 2492286, 1302152, -723175, 'Stay']
[1764957, 1838431, 1529901, -772623, 2406820, 2652750, 2456412, 2207191, 677463, 1769255, 2163770, 2322572, 2321454, 2477145, 1187628, -774426, 'Stay']
[1763302, 1839913, 1520351, -771103, 2398824, 2692104, 2488291, 2234329, 661830, 1754257, 2331824, 2348116, 2389263, 2493068, 1295058, -727176, 'Stay']
[1766038, 1840059, 1529474, -771413, 2407096, 2648445, 2450720, 2203841, 677452, 1768909, 2177817, 2322000, 2321775, 2476686, 1196446, -768141, 'Stay']
[1761350, 1837414, 1520290, -773563, 2398033, 2696594, 2493898, 2237900, 661562, 1753897, 2316630, 2348705, 2388306, 2492662, 1285305, -731654, 'Stay']
[1767515, 1842179, 1528025, -768869, 2407551, 2644420, 2444975, 2200303, 676986, 1768058, 2196220, 2321377, 2324299, 2476521, 1208495, -760254, 'Stay']
[1760135, 1835664, 1521305, -774577, 2398468, 2698229, 2497209, 2239463, 662557, 1754844, 2294740, 2349475, 2385292, 2492736, 1270806, -739431, 'Stay']
[1768327, 1843667, 1526838, -766821, 2407228, 2642085, 2441424, 2198491, 676453, 1767465, 2217289, 2323114, 2329384, 2477748, 1221821, -753154, 'Stay']
[1758624, 1833333, 1521825, -776786, 2397965, 2698812, 2499308, 2240719, 663246, 1755188, 2270748, 2348540, 2380438, 2491198, 1255214, -746968, 'Stay']
[1769431, 1845281, 1525323, -765027, 2406919, 2642995, 2440836, 2199530, 675051, 1765786, 2242304, 2324300, 2336281, 2478465, 1238095, -743482, 'Stay']
[1758591, 1832818, 1523373, -777689, 2398939, 2697810, 2499976, 2240457, 665333, 1756976, 2246720, 2346970, 2374084, 2489865, 1239906, -753073, 'Stay']
[1770123, 1847057, 1524301, -764064, 2405763, 2644777, 2441106, 2200737, 673805, 1764219, 2267507, 2326575, 2343825, 2479969, 1254142, -735166, 'Stay']
[1758467, 1832472, 1525147, -778675, 2399311, 2694370, 2497377, 2238406, 667290, 1758652, 2221975, 2344004, 2365611, 2487853, 1223472, -760505, 'Stay']
[1770673, 1848262, 1523171, -762779, 2404941, 2648424, 2443511, 2203093, 671988, 1762499, 2291804, 2329977, 2352516, 2482209, 1269469, -727081, 'Stay']
[1759280, 1832993, 1527054, -777884, 2400666, 2688868, 2493316, 2234368, 669728, 1761125, 2198976, 2342108, 2357114, 2486140, 1208398, -766793, 'Stay']
[1770212, 1848298, 1522240, -762556, 2403713, 2653906, 2447979, 2206720, 670276, 1761246, 2312304, 2334516, 2361738, 2484977, 1282130, -721684, 'Stay']
[1758856, 1832416, 1527600, -778448, 2401038, 2684080, 2488361, 2231230, 670803, 1762383, 2180821, 2337991, 2348449, 2483984, 1196933, -770274, 'Stay']
[1769167, 1847723, 1521007, -762771, 2402888, 2661152, 2454484, 2212378, 667602, 1758764, 2330597, 2337232, 2369908, 2486616, 1294203, -715190, 'Stay']
[1759937, 1833294, 1528870, -777109, 2403465, 2676288, 2481392, 2225284, 673352, 1764672, 2166358, 2334513, 2340069, 2481927, 1187677, -772908, 'Stay']
[1767164, 1845499, 1518692, -764797, 2400858, 2668032, 2461387, 2217235, 665383, 1756430, 2341817, 2339850, 2377439, 2488910, 1301156, -712824, 'Stay']
[1760114, 1833348, 1527904, -777285, 2403363, 2668884, 2473907, 2220151, 673815, 1764732, 2157808, 2329958, 2332236, 2479301, 1182383, -773282, 'Stay']
[1765691, 1844019, 1517929, -766396, 2399730, 2675014, 2468704, 2222382, 663364, 1754335, 2347378, 2342340, 2382988, 2489835, 1304574, -711906, 'Stay']
[1761812, 1835280, 1528367, -775684, 2404838, 2661561, 2466417, 2214734, 675515, 1766226, 2155137, 2326720, 2326787, 2477789, 1180675, -772277, 'Stay']
[1765080, 1843100, 1517917, -767730, 2399118, 2681447, 2475847, 2227093, 662684, 1753619, 2346619, 2345995, 2387619, 2491550, 1303728, -713455, 'Stay']
[1763367, 1837432, 1528227, -773869, 2404924, 2655527, 2459472, 2210417, 676585, 1767109, 2159443, 2324995, 2323619, 2477183, 1183350, -769274, 'Stay']
[1764228, 1842197, 1518354, -768920, 2398148, 2688044, 2483480, 2232220, 661960, 1753224, 2340499, 2348490, 2390167, 2492868, 1299800, -715722, 'Stay']
[1765724, 1840292, 1528529, -771176, 2406140, 2649178, 2452173, 2205282, 678050, 1768252, 2169601, 2323918, 2322686, 2476901, 1189628, -764595, 'Stay']
[1762251, 1839615, 1519179, -771239, 2397174, 2693638, 2489921, 2236571, 662067, 1752996, 2327565, 2350300, 2391223, 2493292, 1290919, -721002, 'Stay']
[1766633, 1841646, 1528310, -768900, 2406283, 2645521, 2446822, 2202672, 677684, 1767651, 2186607, 2322937, 2324299, 2476480, 1200772, -756818, 'Stay']
[1760385, 1836724, 1520137, -773216, 2397054, 2697242, 2495055, 2240078, 662042, 1753036, 2309819, 2350145, 2388869, 2492884, 1279350, -726451, 'Stay']
[1767580, 1842940, 1527232, -767378, 2406671, 2642953, 2443219, 2200911, 677006, 1766640, 2207259, 2322043, 2327686, 2477016, 1214136, -748188, 'Stay']
[1759048, 1834822, 1520403, -775387, 2397038, 2698401, 2497882, 2241345, 662897, 1753521, 2287820, 2348963, 2384966, 2492337, 1264969, -733119, 'Stay']
[1768932, 1845308, 1525312, -765131, 2406668, 2641514, 2440473, 2199457, 675974, 1765562, 2230194, 2322957, 2332688, 2478253, 1228700, -739849, 'Stay']
[1758356, 1833737, 1521288, -776654, 2397568, 2697693, 2498888, 2240958, 664374, 1755089, 2262714, 2347753, 2378234, 2491611, 1248310, -741461, 'Stay']
[1769247, 1846646, 1524279, -764042, 2405962, 2641499, 2439158, 2198761, 674514, 1763976, 2254319, 2324477, 2339325, 2479755, 1243915, -732092, 'Stay']
[1757523, 1832489, 1522842, -778201, 2398010, 2693924, 2496849, 2238089, 665886, 1756184, 2236945, 2344908, 2370572, 2489539, 1231287, -749913, 'Stay']
[1768896, 1846647, 1522816, -763824, 2404424, 2644387, 2440950, 2200913, 672316, 1761429, 2278383, 2326716, 2347512, 2481287, 1259063, -725220, 'Stay']
[1757713, 1831923, 1525232, -778162, 2399428, 2690432, 2494898, 2236001, 667803, 1757808, 2213601, 2342333, 2362599, 2487568, 1216184, -756106, 'Stay']
[1770111, 1847991, 1522582, -762195, 2404890, 2648504, 2444777, 2203690, 671143, 1760405, 2301677, 2331121, 2357204, 2484047, 1273708, -717790, 'Stay']
[1758572, 1831944, 1526852, -778335, 2401051, 2684741, 2490497, 2231707, 670569, 1760451, 2191863, 2339885, 2354770, 2486062, 1201934, -762217, 'Stay']
[1769639, 1847740, 1521522, -762568, 2403555, 2654063, 2449430, 2207122, 669286, 1758754, 2320858, 2334067, 2366421, 2485947, 1285862, -712852, 'Stay']
[1758857, 1832261, 1527776, -778182, 2401241, 2679033, 2484888, 2227806, 671905, 1762058, 2174827, 2336091, 2346534, 2483708, 1191200, -766009, 'Stay']
[1768826, 1847819, 1520523, -762591, 2401852, 2661970, 2456735, 2213308, 666788, 1757062, 2337545, 2338397, 2374793, 2488388, 1296900, -707317, 'Stay']
[1759634, 1833903, 1528923, -776883, 2402769, 2672611, 2479545, 2223813, 673665, 1764395, 2163954, 2332938, 2338727, 2482149, 1184731, -767045, 'Stay']
[1766796, 1846399, 1519090, -764560, 2400034, 2668855, 2464289, 2218961, 664461, 1755097, 2347216, 2341553, 2381052, 2490160, 1303554, -705102, 'Stay']
[1760634, 1835270, 1528780, -776370, 2403272, 2663682, 2470765, 2217275, 674713, 1764979, 2157211, 2328821, 2330862, 2479779, 1180999, -767155, 'Stay']
[1765092, 1844735, 1517966, -766975, 2398444, 2675184, 2471541, 2223682, 662689, 1753137, 2349098, 2343864, 2386064, 2491434, 1304702, -706066, 'Stay']
[1761369, 1836756, 1528426, -775460, 2403701, 2656897, 2463944, 2212868, 675690, 1765755, 2157085, 2325298, 2326404, 2478468, 1181344, -765111, 'Stay']
[1763400, 1843306, 1517853, -768805, 2397197, 2682358, 2479622, 2229764, 661373, 1751836, 2346605, 2345815, 2390215, 2492755, 1303702, -706842, 'Stay']
[1763474, 1839326, 1529407, -772849, 2404656, 2650255, 2456475, 2207786, 676820, 1766481, 2163522, 2323942, 2323941, 2477362, 1185995, -760952, 'Stay']
[1761819, 1841081, 1519275, -770862, 2396129, 2687975, 2485908, 2233685, 661453, 1751599, 2336181, 2349307, 2391802, 2493505, 1296993, -711582, 'Stay']
[1765070, 1841433, 1529424, -770927, 2405205, 2645018, 2449813, 2203152, 677209, 1766318, 2175734, 2322676, 2323317, 2476615, 1194211, -755613, 'Stay']
[1760869, 1839559, 1520296, -772406, 2396004, 2692291, 2491492, 2236423, 661644, 1751807, 2320345, 2350157, 2391025, 2493634, 1286699, -718018, 'Stay']
[1766360, 1843541, 1528535, -768725, 2404732, 2642028, 2445112, 2200480, 677249, 1766370, 2193030, 2322812, 2325756, 2477380, 1205236, -749488, 'Stay']
[1759774, 1838209, 1521692, -773609, 2395800, 2695733, 2496165, 2239111, 662470, 1752636, 2300866, 2350506, 2387988, 2493671, 1273804, -724785, 'Stay']
[1767633, 1845789, 1528213, -766151, 2405004, 2639839, 2441477, 2198212, 677079, 1766187, 2215066, 2323428, 2329929, 2478413, 1219324, -741724, 'Stay']
[1758320, 1836108, 1522678, -775679, 2395482, 2696112, 2498243, 2239185, 663433, 1753560, 2277109, 2349218, 2382838, 2492594, 1258237, -733240, 'Stay']
[1768075, 1846777, 1526275, -764981, 2404054, 2640253, 2440115, 2198094, 675271, 1764254, 2239212, 2324022, 2335778, 2479497, 1235106, -733224, 'Stay']
[1757124, 1834117, 1523993, -776677, 2396454, 2695495, 2499529, 2239485, 664737, 1754574, 2252937, 2347646, 2376175, 2491345, 1243074, -739739, 'Stay']
[1767923, 1846875, 1525044, -763503, 2403898, 2641619, 2440979, 2199111, 673813, 1762365, 2263788, 2326580, 2343318, 2481226, 1251081, -725022, 'Stay']
[1755998, 1832147, 1525234, -777761, 2396999, 2692922, 2498571, 2238365, 665861, 1755260, 2228002, 2344376, 2368289, 2489204, 1227351, -746915, 'Stay']
[1767970, 1847287, 1523427, -762383, 2403399, 2645504, 2443520, 2202044, 671783, 1760074, 2288353, 2328901, 2352078, 2482941, 1267186, -716809, 'Stay']
[1756093, 1831522, 1526339, -777846, 2398628, 2688275, 2494850, 2234923, 668198, 1757185, 2204491, 2340728, 2359796, 2487286, 1212253, -753443, 'Stay']
[1767237, 1847004, 1522028, -762180, 2402140, 2650987, 2448009, 2205847, 669727, 1757874, 2309507, 2330935, 2361166, 2484908, 1280968, -710659, 'Stay']
[1756089, 1831518, 1527491, -777755, 2399338, 2683621, 2490994, 2232116, 670022, 1758615, 2185014, 2336807, 2351292, 2484770, 1200532, -757466, 'Stay']
[1766549, 1847023, 1520524, -762361, 2400847, 2658814, 2454958, 2211835, 667553, 1755692, 2328848, 2334678, 2369886, 2487133, 1294087, -703748, 'Stay']
[1757207, 1832662, 1528301, -776969, 2400601, 2676718, 2484027, 2227072, 672697, 1761092, 2169690, 2333744, 2342666, 2483200, 1190980, -760079, 'Stay']
[1765686, 1846300, 1519301, -763296, 2398936, 2664789, 2460205, 2215932, 665771, 1753808, 2340945, 2338343, 2377419, 2489185, 1301517, -700897, 'Stay']
[1758291, 1833623, 1528863, -775974, 2401230, 2668056, 2475396, 2220360, 674823, 1762708, 2158292, 2330511, 2335231, 2480761, 1182896, -762917, 'Stay']
[1764241, 1844677, 1519001, -764268, 2398162, 2672660, 2468772, 2222070, 664278, 1752180, 2347551, 2341819, 2384334, 2491227, 1305271, -699918, 'Stay']
[1759794, 1835304, 1529467, -774083, 2403007, 2661456, 2468829, 2215787, 676252, 1764053, 2155935, 2326872, 2329872, 2479781, 1181862, -760465, 'Stay']
[1763100, 1843294, 1518411, -765947, 2397207, 2678514, 2475064, 2226163, 663527, 1751542, 2347925, 2344140, 2389427, 2492759, 1305288, -700722, 'Stay']
[1760475, 1836695, 1528968, -772826, 2403358, 2654125, 2460673, 2210432, 676980, 1764472, 2158037, 2323395, 2326230, 2478066, 1182997, -758218, 'Stay']
[1760612, 1840803, 1518157, -768071, 2395738, 2686126, 2483319, 2232473, 661876, 1749950, 2342416, 2345910, 2392582, 2493298, 1301813, -702805, 'Stay']
[1761897, 1838776, 1528482, -770135, 2404236, 2650042, 2454958, 2207902, 677167, 1764567, 2168698, 2321851, 2325123, 2477448, 1190655, -751460, 'Stay']
[1759718, 1839867, 1519106, -768844, 2396362, 2691075, 2489515, 2236109, 662137, 1750420, 2330911, 2348180, 2393473, 2494393, 1294593, -706584, 'Stay']
[1763015, 1840972, 1527767, -768397, 2404145, 2645393, 2449229, 2203896, 677267, 1764625, 2183113, 2320753, 2325877, 2477652, 1199938, -745565, 'Stay']
[1758226, 1837921, 1519490, -771105, 2395313, 2695188, 2494986, 2239542, 662044, 1750323, 2313729, 2348495, 2391376, 2494025, 1283377, -712243, 'Stay']
[1764847, 1843426, 1527066, -766157, 2404526, 2642372, 2444966, 2201452, 677583, 1764593, 2202637, 2321630, 2328689, 2478160, 1212507, -737631, 'Stay']
[1757297, 1836204, 1520512, -773160, 2395217, 2697107, 2498318, 2241285, 662994, 1751134, 2292426, 2348493, 2387757, 2493410, 1269453, -719060, 'Stay']
[1766464, 1845568, 1526417, -764002, 2404180, 2640240, 2441252, 2199430, 676723, 1763831, 2225288, 2322153, 2333778, 2478849, 1226673, -729749, 'Stay']
[1756218, 1834438, 1522334, -774711, 2395204, 2697067, 2499880, 2241669, 664148, 1752215, 2268079, 2347364, 2381864, 2492601, 1252992, -727454, 'Stay']
[1767013, 1846712, 1525431, -762507, 2403712, 2641388, 2440955, 2200036, 675381, 1762358, 2250118, 2323899, 2340284, 2480400, 1242219, -721464, 'Stay']
[1755898, 1833541, 1524172, -775287, 2396214, 2695003, 2499121, 2240109, 666027, 1754204, 2242790, 2344952, 2374508, 2491028, 1236399, -735196, 'Stay']
[1767039, 1847265, 1524241, -761444, 2402771, 2643840, 2442294, 2201545, 673408, 1760605, 2274396, 2326052, 2348561, 2482678, 1257790, -713894, 'Stay']
[1755382, 1832420, 1525878, -776044, 2396956, 2691527, 2496823, 2237633, 667693, 1755284, 2218074, 2342211, 2366567, 2488948, 1220438, -742490, 'Stay']
[1766441, 1847388, 1522677, -761070, 2401649, 2649160, 2446048, 2205144, 671463, 1758054, 2298227, 2328923, 2357787, 2484306, 1273139, -706272, 'Stay']
[1755005, 1831632, 1526383, -776784, 2397583, 2686893, 2493339, 2234491, 669508, 1756585, 2196941, 2338164, 2357931, 2486456, 1207098, -747223, 'Stay']
[1766179, 1847478, 1521215, -760918, 2400261, 2654054, 2450318, 2208767, 669286, 1755661, 2318649, 2331949, 2366501, 2486006, 1286092, -699985, 'Stay']
[1755698, 1832133, 1528100, -776654, 2398886, 2680392, 2488002, 2230335, 671928, 1758654, 2178292, 2335278, 2349613, 2484507, 1194820, -752053, 'Stay']
[1765882, 1847412, 1521138, -761205, 2399733, 2660602, 2457096, 2213974, 667717, 1754033, 2335076, 2336233, 2375260, 2488410, 1296632, -695293, 'Stay']
[1756837, 1833125, 1529535, -775604, 2400185, 2672835, 2480885, 2224917, 674262, 1760736, 2165009, 2332413, 2341669, 2482851, 1186310, -754560, 'Stay']
[1764626, 1846008, 1520371, -762326, 2398242, 2666875, 2463287, 2218225, 666232, 1752458, 2344613, 2339740, 2382313, 2490497, 1302215, -694149, 'Stay']
[1757561, 1833919, 1529428, -774583, 2400700, 2665974, 2473732, 2220137, 675455, 1761573, 2157656, 2328165, 2334866, 2480915, 1181704, -755177, 'Stay']
[1763429, 1844824, 1519782, -763054, 2397281, 2674709, 2471423, 2224260, 664595, 1750807, 2349774, 2342468, 2388641, 2492038, 1305800, -692953, 'Stay']
[1759446, 1836194, 1530358, -771716, 2402339, 2658571, 2465970, 2214584, 677607, 1763415, 2156388, 2326390, 2330292, 2479365, 1181180, -753905, 'Stay']
[1761849, 1843234, 1519611, -764375, 2396331, 2681549, 2478702, 2229195, 663474, 1749899, 2347461, 2346231, 2393003, 2493563, 1304350, -694858, 'Stay']
[1760332, 1837746, 1529558, -770066, 2402904, 2652469, 2458725, 2209827, 678018, 1763750, 2162248, 2323608, 2327433, 2478513, 1185143, -749831, 'Stay']
[1759467, 1840433, 1519103, -766732, 2394918, 2688481, 2486293, 2234880, 662302, 1748802, 2339162, 2348172, 2394741, 2494279, 1298869, -698064, 'Stay']
[1761993, 1839798, 1529662, -767701, 2403737, 2646527, 2451940, 2205043, 678552, 1763933, 2173777, 2322825, 2326346, 2477895, 1192913, -743735, 'Stay']
[1757723, 1838370, 1519639, -768668, 2394419, 2692152, 2491325, 2237303, 662227, 1748486, 2324153, 2349193, 2394092, 2494528, 1288761, -703847, 'Stay']
[1762726, 1841551, 1528337, -765998, 2403579, 2643034, 2446325, 2202454, 678055, 1763333, 2190423, 2321592, 2327899, 2477883, 1203239, -737284, 'Stay']
[1756522, 1836566, 1520964, -770957, 2394733, 2695418, 2496036, 2240250, 662672, 1748842, 2305663, 2348620, 2391492, 2494349, 1277003, -709428, 'Stay']
[1763772, 1843112, 1527646, -764783, 2403638, 2640305, 2442492, 2200010, 677552, 1762204, 2211399, 2321294, 2331815, 2478593, 1217054, -729149, 'Stay']
[1754864, 1834319, 1522064, -773071, 2394337, 2695977, 2498069, 2240845, 663440, 1748955, 2282298, 2347113, 2386432, 2492685, 1261758, -717238, 'Stay']
[1765019, 1845182, 1526845, -762369, 2403369, 2639083, 2439646, 2198730, 676441, 1761033, 2234221, 2322549, 2337184, 2479339, 1231469, -721739, 'Stay']
[1754171, 1832947, 1523356, -774318, 2394787, 2696138, 2499826, 2241497, 664966, 1750740, 2257438, 2346819, 2380817, 2492255, 1245747, -725017, 'Stay']
[1765452, 1846316, 1525287, -760960, 2402423, 2641908, 2440966, 2200946, 674755, 1759416, 2260567, 2324962, 2345362, 2481471, 1249104, -711849, 'Stay']
[1754504, 1832897, 1525288, -774090, 2396090, 2693080, 2497954, 2239560, 666963, 1752551, 2232991, 2344878, 2372967, 2490376, 1230224, -731725, 'Stay']
[1766007, 1847626, 1523809, -759291, 2402116, 2644456, 2442255, 2202412, 673562, 1758246, 2284386, 2329100, 2353737, 2483720, 1264187, -705058, 'Stay']
[1753828, 1831629, 1525712, -775175, 2396491, 2688839, 2494611, 2236418, 669159, 1754625, 2208379, 2343128, 2364781, 2488824, 1214240, -739732, 'Stay']
[1765654, 1847540, 1522120, -759207, 2401000, 2649398, 2445670, 2205408, 671116, 1755849, 2306815, 2331900, 2362835, 2486073, 1278586, -698437, 'Stay']
[1753677, 1830969, 1526570, -775672, 2397851, 2683573, 2490173, 2232653, 670933, 1756189, 2188041, 2338159, 2356077, 2487118, 1201011, -744974, 'Stay']
[1763861, 1846057, 1519876, -760567, 2399478, 2656280, 2452107, 2210823, 668371, 1752891, 2325706, 2333358, 2371366, 2487787, 1290721, -692772, 'Stay']
[1754237, 1831477, 1527593, -775392, 2399105, 2676765, 2483885, 2227852, 672555, 1757465, 2171393, 2333190, 2346979, 2484411, 1190564, -748263, 'Stay']
[1763666, 1846157, 1519872, -760626, 2398965, 2662081, 2457922, 2214572, 666968, 1751572, 2338773, 2337152, 2379840, 2490145, 1298850, -690051, 'Stay']
[1755159, 1832490, 1528425, -774802, 2399766, 2668453, 2475855, 2221487, 674678, 1759293, 2159495, 2330625, 2340584, 2482474, 1182509, -751556, 'Stay']
[1762290, 1844890, 1518530, -762369, 2396778, 2669057, 2464724, 2219737, 664767, 1749268, 2346519, 2341060, 2387052, 2491341, 1303319, -689304, 'Stay']
[1756627, 1834286, 1528677, -773069, 2400682, 2660969, 2468045, 2215808, 676183, 1760578, 2154636, 2327802, 2334263, 2480382, 1179230, -751591, 'Stay']
[1760925, 1843431, 1518588, -763152, 2395981, 2676670, 2472739, 2225158, 663568, 1748244, 2348099, 2344359, 2392242, 2493423, 1304032, -690224, 'Stay']
[1758262, 1836199, 1528948, -770559, 2401885, 2654607, 2461150, 2210997, 677420, 1761559, 2157320, 2325443, 2330263, 2479606, 1181138, -748277, 'Stay']
[1758948, 1841092, 1517912, -765306, 2394699, 2683527, 2480740, 2230489, 662682, 1747237, 2343711, 2347344, 2395497, 2494311, 1300771, -692357, 'Stay']
[1759396, 1837867, 1527815, -768939, 2402124, 2649096, 2454706, 2207207, 677796, 1761843, 2165864, 2323153, 2328408, 2478809, 1186565, -743273, 'Stay']
[1757154, 1838824, 1517498, -767692, 2393464, 2689519, 2487871, 2235467, 661812, 1746667, 2333638, 2348643, 2396568, 2495027, 1294103, -695678, 'Stay']
[1760694, 1839722, 1527038, -767197, 2402690, 2645080, 2449857, 2204283, 677541, 1761421, 2180792, 2321973, 2328562, 2478331, 1196523, -735750, 'Stay']
[1755758, 1836623, 1518435, -769821, 2393844, 2693660, 2493701, 2238800, 662116, 1746642, 2317542, 2349423, 2395174, 2494846, 1283605, -700927, 'Stay']
[1762158, 1841510, 1526601, -765154, 2403485, 2641122, 2444460, 2201096, 677705, 1761093, 2198925, 2321422, 2330785, 2478828, 1207890, -729105, 'Stay']
