[1464054, 2063707, 1775601, -171009, 1064453, -32485, 398551, 2236629, 1030150, 1079286, 947776, 1655355, 2002724, 1480294, -61952, 979497, 'Stay']
[1465682, 2064098, 1737121, -168958, 1070036, -31484, 398530, 2210315, 1038896, 1087879, 840569, 1606261, 1922143, 1477605, -108538, 953099, 'Stay']
[1463850, 2063143, 1780987, -170677, 1065063, -33333, 396576, 2239046, 1030620, 1079406, 943853, 1654155, 1994544, 1480375, -62879, 976929, 'Stay']
[1466691, 2065482, 1731551, -167770, 1068965, -30714, 399609, 2207908, 1039126, 1088131, 847065, 1608704, 1930974, 1477973, -106868, 954542, 'Stay']
[1463328, 2062167, 1785531, -170639, 1065981, -34055, 396737, 2241377, 1030987, 1079984, 937022, 1651833, 1984794, 1480690, -64156, 974383, 'Stay']
[1466865, 2066072, 1727952, -167446, 1067915, -30443, 399680, 2206698, 1038610, 1087384, 855685, 1611980, 1941928, 1477509, -103435, 956915, 'Stay']
[1462297, 2060819, 1788325, -171102, 1067220, -34646, 394662, 2242681, 1031314, 1079943, 926560, 1647126, 1973111, 1480497, -67731, 970823, 'Stay']
[1466892, 2066488, 1725689, -167193, 1067558, -29352, 401442, 2206085, 1037964, 1086180, 866782, 1616047, 1953854, 1477649, -99178, 959735, 'Stay']
[1461473, 2059723, 1788109, -171463, 1068390, -34773, 393106, 2241146, 1032376, 1080347, 913374, 1641069, 1959926, 1480605, -72194, 966713, 'Stay']
[1466919, 2066992, 1726284, -167195, 1066298, -29040, 400521, 2206274, 1037075, 1085031, 879472, 1621339, 1965978, 1477751, -94358, 962530, 'Stay']
[1461364, 2059485, 1788566, -171388, 1069563, -34871, 393294, 2240070, 1033437, 1081251, 900019, 1635251, 1947631, 1480438, -78217, 962678, 'Stay']
[1466892, 2067308, 1731052, -167301, 1065376, -29295, 400401, 2208782, 1036261, 1083935, 893938, 1627674, 1978460, 1477544, -88858, 966039, 'Stay']
[1461827, 2059733, 1787467, -170987, 1070146, -34793, 391949, 2237267, 1034682, 1082297, 886085, 1628737, 1936184, 1480036, -84357, 958667, 'Stay']
[1467166, 2067905, 1737876, -167227, 1064448, -29021, 399854, 2211095, 1035682, 1083379, 908130, 1634210, 1989097, 1478308, -82902, 968843, 'Stay']
[1462084, 2060049, 1785342, -170630, 1070907, -34088, 392061, 2234369, 1036029, 1083629, 872541, 1622985, 1926161, 1479874, -90288, 955279, 'Stay']
[1466678, 2067655, 1746671, -167667, 1063801, -29601, 399741, 2215189, 1034666, 1082244, 921142, 1640566, 1998412, 1478681, -77163, 971945, 'Stay']
[1462918, 2060776, 1780909, -169958, 1071446, -33733, 392418, 2229460, 1037284, 1084819, 860169, 1617340, 1918332, 1479514, -96140, 952002, 'Stay']
[1466886, 2067767, 1756869, -167494, 1063415, -29706, 398988, 2219641, 1034048, 1081685, 933124, 1646764, 2004866, 1479533, -71201, 974367, 'Stay']
[1463625, 2061506, 1775373, -169583, 1071324, -33337, 391140, 2224504, 1038736, 1085984, 850620, 1612733, 1913005, 1479355, -100957, 949620, 'Stay']
[1466304, 2067105, 1767103, -168155, 1063303, -30139, 396944, 2225082, 1033263, 1080510, 942216, 1651251, 2008131, 1479794, -67298, 975901, 'Stay']
[1463987, 2062030, 1768524, -169406, 1071354, -32590, 392856, 2220098, 1039313, 1086360, 843782, 1608938, 1911411, 1478914, -105119, 948290, 'Stay']
[1465292, 2065770, 1776353, -168824, 1063842, -30878, 396889, 2229444, 1032361, 1079474, 946998, 1653857, 2008056, 1480026, -64187, 975854, 'Stay']
[1464302, 2062462, 1761286, -168571, 1071005, -31853, 392747, 2215505, 1039767, 1086754, 839767, 1606639, 1913324, 1478380, -107389, 947623, 'Stay']
[1464267, 2064267, 1784477, -168933, 1064097, -31487, 395657, 2233687, 1031640, 1078762, 948448, 1655102, 2004932, 1480328, -62101, 975392, 'Stay']
[1464931, 2063247, 1755075, -167570, 1070407, -30948, 394027, 2212328, 1039874, 1086971, 839780, 1606100, 1917639, 1478500, -107674, 948132, 'Stay']
[1463477, 2063150, 1792378, -169118, 1064577, -32224, 393417, 2237811, 1031445, 1078590, 946908, 1655194, 1999059, 1481089, -61103, 974148, 'Stay']
[1465531, 2064407, 1748324, -166568, 1070121, -29977, 394587, 2208863, 1040005, 1087178, 843011, 1606956, 1924821, 1478958, -106981, 948969, 'Stay']
[1462997, 2062719, 1796545, -169046, 1065391, -32471, 392003, 2240051, 1031499, 1078877, 941252, 1653220, 1989929, 1481429, -62268, 971445, 'Stay']
[1466649, 2066328, 1742219, -165685, 1068701, -29017, 395217, 2206523, 1040163, 1087631, 850008, 1610093, 1934282, 1478699, -105053, 950630, 'Stay']
[1463080, 2062391, 1799492, -168901, 1066345, -33049, 391042, 2241538, 1032439, 1079844, 933089, 1650919, 1978842, 1481792, -65032, 968422, 'Stay']
[1467292, 2067013, 1739148, -165290, 1068125, -28618, 396705, 2206025, 1039690, 1086992, 860897, 1615162, 1946039, 1478952, -101459, 953829, 'Stay']
[1462659, 2061188, 1801102, -169200, 1067783, -33644, 391403, 2242140, 1033048, 1080243, 922454, 1646688, 1967456, 1481878, -68462, 965528, 'Stay']
[1467165, 2066992, 1739043, -165539, 1066549, -28748, 396853, 2206571, 1038866, 1085995, 873200, 1620422, 1958738, 1478768, -96723, 956989, 'Stay']
[1462099, 2060042, 1802333, -169857, 1068619, -33966, 389403, 2242059, 1033873, 1080633, 909255, 1640787, 1955291, 1481525, -73777, 961750, 'Stay']
[1467001, 2066981, 1741058, -166511, 1065819, -28531, 397036, 2208107, 1038056, 1084569, 886540, 1625717, 1971783, 1478847, -90874, 960493, 'Stay']
[1461803, 2059510, 1800609, -170463, 1069654, -33716, 389936, 2240514, 1034688, 1081137, 894663, 1633637, 1943054, 1481082, -79193, 957724, 'Stay']
[1467094, 2067347, 1744858, -166592, 1065129, -28109, 397968, 2211137, 1037177, 1083745, 900617, 1631929, 1983653, 1479377, -84049, 964185, 'Stay']
[1461874, 2059519, 1795219, -170280, 1070971, -33286, 390442, 2236402, 1035870, 1082713, 880481, 1627339, 1931911, 1481084, -84615, 953654, 'Stay']
[1466104, 2066844, 1748672, -167117, 1064044, -28196, 397407, 2214620, 1035135, 1082474, 914117, 1638447, 1993606, 1479738, -77529, 967086, 'Stay']
[1461640, 2059795, 1787995, -169839, 1071342, -32347, 390128, 2233423, 1035910, 1083666, 866715, 1621099, 1922516, 1481157, -90278, 950458, 'Stay']
[1466026, 2067289, 1753821, -167411, 1063760, -27832, 398323, 2219229, 1033680, 1081743, 926526, 1644470, 2001836, 1480671, -72251, 970154, 'Stay']
[1462435, 2060746, 1778749, -170113, 1071111, -31696, 391019, 2228795, 1036918, 1084922, 855807, 1616138, 1916230, 1480974, -96631, 947865, 'Stay']
[1466076, 2067128, 1759483, -168557, 1063176, -28089, 397172, 2223441, 1032603, 1080827, 937152, 1649888, 2006833, 1481096, -68184, 972682, 'Stay']
[1463580, 2061514, 1769998, -170305, 1071453, -30743, 390408, 2224756, 1038024, 1086108, 848076, 1612704, 1912853, 1480805, -102145, 951203, 'Stay']
[1465628, 2066242, 1766180, -169887, 1063294, -28339, 394700, 2228270, 1032001, 1079920, 945439, 1654373, 2009470, 1481392, -65705, 985244, 'Stay']
[1464148, 2062268, 1760137, -170581, 1071095, -29771, 389609, 2219571, 1039250, 1086755, 842804, 1609861, 1912580, 1480356, -106586, 960541, 'Stay']
[1464656, 2065175, 1773325, -171093, 1063799, -28359, 393301, 2232512, 1031342, 1079127, 949223, 1656720, 2007802, 1481739, -62932, 992055, 'Stay']
[1464699, 2063015, 1751598, -170793, 1071255, -28644, 390868, 2214637, 1039266, 1086894, 840525, 1608547, 1915113, 1479888, -107916, 964866, 'Stay']
[1463953, 2063759, 1780410, -172150, 1064744, -29098, 390740, 2235911, 1031051, 1078429, 949423, 1657914, 2002910, 1481840, -61015, 993221, 'Stay']
[1464908, 2063228, 1744502, -171077, 1070671, -28409, 389087, 2211058, 1039541, 1086472, 842231, 1609089, 1920898, 1479439, -107472, 967110, 'Stay']
[1463061, 2062419, 1785888, -173267, 1065079, -30218, 386817, 2237927, 1031066, 1077830, 945787, 1657074, 1995418, 1481818, -60852, 991799, 'Stay']
[1465735, 2064620, 1738818, -170998, 1069414, -28029, 388024, 2208296, 1039332, 1086247, 847135, 1610968, 1929185, 1478821, -105495, 969000, 'Stay']
[1463067, 2062065, 1791737, -173405, 1066180, -30295, 384665, 2241932, 1031355, 1078394, 939641, 1655212, 1986559, 1481965, -61890, 989824, 'Stay']
[1466722, 2065831, 1734289, -170221, 1069093, -26632, 388733, 2207190, 1039685, 1086582, 855861, 1614631, 1940295, 1479387, -102066, 971649, 'Stay']
[1462306, 2060812, 1793887, -173924, 1067336, -31387, 384008, 2243496, 1032232, 1078922, 929931, 1651156, 1974747, 1482082, -64981, 986084, 'Stay']
[1466853, 2066373, 1731499, -169550, 1067596, -26638, 388370, 2207190, 1038789, 1085790, 866790, 1618938, 1951969, 1479014, -97779, 973796, 'Stay']
[1461819, 2060085, 1793900, -173379, 1068360, -31702, 381854, 2243980, 1032761, 1080045, 918201, 1646018, 1962482, 1482198, -69046, 981915, 'Stay']
[1466512, 2066280, 1730275, -169880, 1066205, -26820, 388237, 2208318, 1037860, 1085100, 879599, 1624157, 1964388, 1479144, -92496, 976569, 'Stay']
[1460951, 2058624, 1791281, -174027, 1068761, -32140, 380621, 2242548, 1033300, 1080363, 903472, 1639074, 1949536, 1481764, -75287, 976887, 'Stay']
[1466346, 2066427, 1731470, -169493, 1065416, -26370, 389399, 2210662, 1036372, 1083408, 893092, 1629590, 1976856, 1479402, -87494, 979782, 'Stay']
[1460847, 2058732, 1787211, -173339, 1070131, -31995, 381915, 2239980, 1034311, 1081607, 889138, 1632285, 1937631, 1482093, -81644, 972624, 'Stay']
[1465975, 2066603, 1734983, -169675, 1064549, -26837, 389892, 2213304, 1035258, 1082637, 907154, 1635600, 1987499, 1479954, -81678, 982171, 'Stay']
[1460975, 2058909, 1781872, -173082, 1071364, -31774, 383252, 2236393, 1035523, 1082700, 875536, 1625824, 1927300, 1481803, -87600, 968333, 'Stay']
[1464874, 2065755, 1740838, -170741, 1063643, -27574, 390798, 2217559, 1034059, 1081118, 920181, 1641471, 1997020, 1479879, -75341, 984230, 'Stay']
[1461238, 2058995, 1774968, -173079, 1071068, -31496, 382973, 2232732, 1036584, 1083296, 862403, 1619290, 1919770, 1480519, -93289, 964407, 'Stay']
[1465333, 2066035, 1747245, -170693, 1063610, -27615, 391349, 2221583, 1033669, 1080362, 931272, 1646782, 2003938, 1480440, -69694, 985838, 'Stay']
[1461821, 2059651, 1768028, -172849, 1071641, -31545, 386083, 2227964, 1038293, 1084548, 852310, 1614435, 1914346, 1480586, -97427, 961750, 'Stay']
[1464851, 2065666, 1756204, -171057, 1063037, -28259, 392476, 2226336, 1033064, 1079420, 940509, 1651364, 2008010, 1480425, -64297, 986835, 'Stay']
[1462983, 2061131, 1760914, -171767, 1071055, -30578, 388762, 2224137, 1039018, 1085499, 845151, 1610939, 1912367, 1479951, -101085, 959730, 'Stay']
[1464508, 2065559, 1764870, -170646, 1063014, -28704, 393734, 2231868, 1032358, 1079242, 947080, 1655375, 2009091, 1481583, -60145, 987644, 'Stay']
[1463951, 2062762, 1752469, -169810, 1070684, -29232, 390517, 2219024, 1039843, 1086590, 840772, 1609237, 1913063, 1480550, -103296, 958953, 'Stay']
[1463696, 2064501, 1773205, -170682, 1063332, -29263, 392897, 2236630, 1031675, 1078684, 949396, 1657806, 2006551, 1482708, -57618, 987478, 'Stay']
[1464375, 2063378, 1744996, -169654, 1070109, -28862, 394146, 2215256, 1039802, 1086557, 840070, 1608303, 1917933, 1480202, -104355, 959092, 'Stay']
[1463190, 2063589, 1779306, -171264, 1064630, -29885, 395425, 2239089, 1031317, 1078065, 947642, 1657037, 2000923, 1482466, -57146, 985519, 'Stay']
[1464755, 2064109, 1737495, -169456, 1069800, -28052, 396354, 2210305, 1040202, 1086913, 842743, 1608894, 1924300, 1480367, -103512, 959707, 'Stay']
[1461967, 2061797, 1784611, -172505, 1065102, -30907, 394106, 2241200, 1031296, 1077801, 942346, 1655196, 1991921, 1482881, -57745, 982720, 'Stay']
[1465362, 2064939, 1732828, -169260, 1069529, -27012, 399314, 2208795, 1039534, 1086056, 849239, 1610998, 1934184, 1479561, -100470, 961938, 'Stay']
[1461697, 2061055, 1788949, -172756, 1066538, -30927, 394439, 2243659, 1031858, 1078317, 934500, 1651855, 1981866, 1482617, -58729, 980415, 'Stay']
[1465815, 2065673, 1730166, -169518, 1067767, -27009, 398708, 2208314, 1039392, 1085477, 859207, 1614696, 1945908, 1479575, -96439, 965114, 'Stay']
[1461582, 2060571, 1791081, -173119, 1067092, -31178, 393608, 2243791, 1032861, 1078882, 923931, 1647127, 1970231, 1482601, -63237, 976913, 'Stay']
[1466384, 2066518, 1728724, -169594, 1066374, -26553, 399593, 2207215, 1038991, 1084916, 871615, 1619464, 1957690, 1479663, -92386, 967741, 'Stay']
[1461530, 2060080, 1792030, -173251, 1068172, -31371, 394186, 2242816, 1033749, 1079688, 911623, 1641748, 1957290, 1482525, -68686, 972716, 'Stay']
[1467076, 2067573, 1730525, -168981, 1065539, -25716, 401872, 2208692, 1038335, 1084390, 885213, 1625837, 1970275, 1480176, -86994, 970933, 'Stay']
[1461575, 2059955, 1790176, -172913, 1069197, -31364, 394536, 2240944, 1034987, 1081134, 897761, 1636257, 1944911, 1482928, -73782, 968603, 'Stay']
[1466282, 2067156, 1733854, -169343, 1064502, -26231, 402710, 2210997, 1037182, 1083311, 899315, 1632232, 1982166, 1480918, -80337, 974222, 'Stay']
[1460900, 2059104, 1785698, -173013, 1070044, -31200, 395105, 2237555, 1035724, 1081766, 882974, 1629059, 1933241, 1482658, -80044, 964110, 'Stay']
[1466004, 2066981, 1738432, -169186, 1064342, -25690, 405048, 2214468, 1035836, 1081918, 912682, 1638013, 1992030, 1481052, -74381, 977143, 'Stay']
[1460952, 2059022, 1779858, -172730, 1070688, -31050, 397316, 2234244, 1037050, 1082949, 869745, 1623002, 1923901, 1482516, -85130, 961146, 'Stay']
[1465160, 2066078, 1744594, -169918, 1063327, -26748, 405252, 2219387, 1034447, 1080241, 925440, 1643594, 2000866, 1481051, -68053, 979919, 'Stay']
[1461579, 2059396, 1773353, -172192, 1070943, -30872, 397606, 2230884, 1037900, 1083273, 858577, 1616990, 1917839, 1481453, -90384, 958447, 'Stay']
[1465483, 2066323, 1752406, -169564, 1062688, -26955, 404086, 2223877, 1034226, 1079549, 936712, 1648744, 2006961, 1481627, -62828, 981469, 'Stay']
[1462473, 2060503, 1765627, -170913, 1070308, -30450, 398742, 2225552, 1039404, 1084709, 849905, 1613034, 1913398, 1481690, -95295, 955708, 'Stay']
[1464822, 2065712, 1760980, -169737, 1062496, -27260, 405452, 2228872, 1033422, 1078914, 944852, 1653830, 2009268, 1482068, -58677, 982496, 'Stay']
[1463418, 2061599, 1757920, -170446, 1070349, -29262, 400149, 2221269, 1040297, 1085559, 843889, 1610465, 1912848, 1481054, -98502, 954732, 'Stay']
[1464831, 2065315, 1769325, -169949, 1062953, -27908, 404463, 2232774, 1033157, 1078391, 949290, 1656690, 2008571, 1482529, -55764, 982611, 'Stay']
[1464356, 2062899, 1751447, -169312, 1070256, -28268, 402634, 2217555, 1041232, 1086524, 841737, 1609422, 1915197, 1480773, -99921, 954596, 'Stay']
[1463796, 2064148, 1778137, -170308, 1063322, -28733, 405141, 2237082, 1032846, 1078177, 950513, 1658182, 2004922, 1482510, -53924, 982145, 'Stay']
[1464740, 2063626, 1745289, -168589, 1070190, -27390, 406632, 2213370, 1041408, 1086522, 842408, 1608892, 1920148, 1480196, -100511, 954399, 'Stay']
[1462816, 2062867, 1786736, -170689, 1064131, -29154, 405287, 2241021, 1032716, 1077746, 947599, 1657115, 1997790, 1482642, -53543, 980116, 'Stay']
[1465105, 2064338, 1741305, -168386, 1068625, -26807, 406737, 2210650, 1041203, 1086086, 846828, 1610153, 1928710, 1479800, -99600, 955936, 'Stay']
[1462214, 2061736, 1794369, -171019, 1065484, -29665, 403362, 2243537, 1033124, 1077810, 941062, 1654927, 1988718, 1483084, -55536, 977636, 'Stay']
[1465591, 2065196, 1739196, -167943, 1067802, -26133, 407657, 2208912, 1040847, 1085540, 854672, 1613454, 1939421, 1479930, -97042, 958427, 'Stay']
[1461328, 2060351, 1798969, -171587, 1066322, -30241, 403669, 2244257, 1033567, 1078159, 931158, 1650735, 1976665, 1482920, -59051, 974350, 'Stay']
[1465429, 2065214, 1739605, -168153, 1067051, -25881, 408160, 2209677, 1040013, 1084333, 865150, 1617269, 1951155, 1479700, -93124, 962295, 'Stay']
[1461137, 2059905, 1801921, -171509, 1067495, -30270, 401921, 2245590, 1034160, 1078356, 919523, 1645486, 1965163, 1482932, -63445, 971632, 'Stay']
[1466150, 2066637, 1739809, -167408, 1065796, -25338, 408511, 2210438, 1039690, 1083972, 878025, 1622712, 1963682, 1480446, -88195, 965704, 'Stay']
[1461043, 2059569, 1801151, -171470, 1068046, -30830, 400152, 2244988, 1035430, 1079799, 906566, 1640015, 1952768, 1482900, -68921, 967700, 'Stay']
[1466330, 2067158, 1741030, -167518, 1064371, -25553, 407532, 2212306, 1038756, 1083245, 892047, 1629033, 1976241, 1480153, -83251, 968901, 'Stay']
[1461040, 2059470, 1797746, -171453, 1068624, -31146, 400439, 2242730, 1036462, 1080870, 892438, 1633795, 1940589, 1482481, -75499, 963373, 'Stay']
[1466731, 2067763, 1744390, -167270, 1063906, -25579, 412205, 2215142, 1038034, 1082369, 906393, 1635634, 1987470, 1480667, -77145, 971778, 'Stay']
[1461876, 2060392, 1792274, -170198, 1069975, -29929, 404915, 2239154, 1038041, 1082532, 878945, 1627939, 1929990, 1482723, -80782, 959251, 'Stay']
[1466148, 2067641, 1749377, -167278, 1063381, -25139, 413963, 2219102, 1037208, 1082084, 920197, 1642341, 1997057, 1482055, -70084, 974855, 'Stay']
[1461256, 2059906, 1784677, -170680, 1070646, -30113, 407672, 2234087, 1038714, 1083526, 865675, 1621207, 1921037, 1482507, -86475, 955487, 'Stay']
[1465026, 2066541, 1755106, -168350, 1062638, -26197, 414726, 2221942, 1035487, 1080131, 930978, 1646511, 2003447, 1481765, -64351, 975731, 'Stay']
[1461709, 2060257, 1776731, -170197, 1070611, -29406, 408328, 2229607, 1039363, 1083863, 854817, 1615445, 1915300, 1481954, -91084, 951990, 'Stay']
[1464313, 2065683, 1761603, -168824, 1062268, -26491, 412415, 2226684, 1034464, 1079003, 940281, 1650795, 2007587, 1482772, -59915, 976520, 'Stay']
[1461946, 2060597, 1767271, -169845, 1070270, -29170, 408285, 2224298, 1040001, 1084323, 846613, 1610797, 1912265, 1481608, -95756, 949471, 'Stay']
[1463808, 2065072, 1769340, -168718, 1062536, -26643, 413796, 2231386, 1033399, 1077907, 946424, 1653845, 2008579, 1482655, -56204, 976921, 'Stay']
[1462681, 2061511, 1759860, -169051, 1069547, -28627, 408790, 2220587, 1040776, 1085022, 842228, 1608600, 1913093, 1481315, -98171, 949190, 'Stay']
[1463432, 2064526, 1777208, -168881, 1062829, -27767, 412957, 2235372, 1033366, 1077542, 949789, 1656034, 2006726, 1482982, -54596, 976579, 'Stay']
[1463736, 2063139, 1752064, -168058, 1068971, -27662, 410043, 2216611, 1041380, 1085560, 841485, 1607943, 1916877, 1481072, -100395, 948826, 'Stay']
[1463385, 2064298, 1784224, -168640, 1062883, -28151, 410951, 2240189, 1033379, 1077714, 949606, 1656996, 2002007, 1483532, -54188, 975478, 'Stay']
[1465016, 2064745, 1744731, -166339, 1068307, -26727, 411747, 2212857, 1042339, 1086532, 844402, 1609125, 1923631, 1481305, -100604, 949512, 'Stay']
[1462445, 2062855, 1790304, -168589, 1063611, -28890, 410547, 2243541, 1033729, 1077811, 945952, 1656131, 1994335, 1483721, -54628, 973892, 'Stay']
[1465338, 2065259, 1739668, -166206, 1067839, -25690, 413891, 2211641, 1041990, 1086169, 850600, 1610967, 1933229, 1480853, -98921, 951872, 'Stay']
[1461496, 2061463, 1794435, -169769, 1064833, -29353, 410877, 2245019, 1033895, 1077860, 937559, 1652397, 1983704, 1484019, -57360, 970833, 'Stay']
[1465368, 2065815, 1736764, -166347, 1067141, -24849, 415882, 2209288, 1041436, 1085294, 859224, 1614171, 1943715, 1480710, -95889, 954234, 'Stay']
[1460666, 2060469, 1798247, -170455, 1066440, -29443, 411769, 2245457, 1034348, 1078194, 926885, 1648049, 1971746, 1483623, -60987, 967529, 'Stay']
[1465308, 2066291, 1736598, -167051, 1065785, -24744, 416836, 2209352, 1040507, 1084258, 870535, 1618639, 1956004, 1480564, -91565, 957328, 'Stay']
[1460243, 2059811, 1799147, -170884, 1066700, -29774, 409518, 2244507, 1034851, 1078602, 913908, 1642160, 1959029, 1483282, -66215, 963436, 'Stay']
[1465292, 2066570, 1738360, -166840, 1063708, -25051, 414940, 2211313, 1039307, 1082991, 883806, 1624691, 1968629, 1480373, -86739, 960251, 'Stay']
[1460783, 2059960, 1797761, -169707, 1067875, -29913, 408412, 2243907, 1035964, 1079442, 900674, 1636503, 1947612, 1483014, -72236, 959363, 'Stay']
[1466134, 2067623, 1740593, -165370, 1063991, -24136, 416861, 2213670, 1039200, 1082846, 898351, 1631415, 1980761, 1481567, -80617, 963572, 'Stay']
[1460922, 2059762, 1794423, -169346, 1068990, -29958, 408009, 2241083, 1037527, 1081150, 886956, 1630734, 1936010, 1483585, -77646, 955731, 'Stay']
[1466284, 2067515, 1746772, -166094, 1062928, -24865, 415359, 2216536, 1038181, 1081715, 912435, 1637798, 1991612, 1482196, -74959, 966680, 'Stay']
[1461516, 2059945, 1790813, -169507, 1069321, -30082, 406516, 2237106, 1038843, 1082295, 873765, 1624719, 1926339, 1482905, -84079, 951927, 'Stay']
[1466263, 2067812, 1753728, -166185, 1062656, -24697, 415581, 2219927, 1036982, 1081129, 925630, 1644027, 2000081, 1482492, -69194, 968839, 'Stay']
[1461408, 2060076, 1784070, -169366, 1069941, -29033, 408724, 2233048, 1039301, 1083755, 861984, 1619127, 1918403, 1483308, -88766, 948354, 'Stay']
[1464665, 2066377, 1760381, -167698, 1062222, -24954, 416650, 2225760, 1034722, 1079403, 936196, 1648633, 2005963, 1482873, -63300, 970933, 'Stay']
[1461444, 2060451, 1774413, -170160, 1070207, -28156, 410080, 2228733, 1039043, 1083952, 851577, 1613365, 1913763, 1482743, -94224, 946079, 'Stay']
[1463937, 2065867, 1766073, -169368, 1062066, -25091, 415435, 2229452, 1033140, 1078395, 943624, 1652135, 2008287, 1483443, -60334, 971572, 'Stay']
[1462371, 2061542, 1764604, -170599, 1070410, -26807, 413173, 2223252, 1039508, 1084802, 844869, 1610220, 1912084, 1482700, -99495, 944171, 'Stay']
[1463297, 2064511, 1772786, -171436, 1062049, -26080, 416443, 2233449, 1032456, 1077361, 949050, 1655576, 2008058, 1484059, -58220, 971910, 'Stay']
[1463263, 2062239, 1756271, -171085, 1069837, -26311, 414133, 2218550, 1040432, 1085023, 842306, 1608635, 1914017, 1481685, -103256, 943918, 'Stay']
[1463034, 2063659, 1780236, -172534, 1062611, -26535, 414684, 2237349, 1032484, 1077129, 951318, 1657446, 2004992, 1483733, -56687, 975510, 'Stay']
[1464049, 2063204, 1748619, -171007, 1069406, -25067, 415706, 2214968, 1040922, 1085313, 843519, 1608806, 1919559, 1481355, -102925, 953828, 'Stay']
[1462893, 2063252, 1786177, -172687, 1063738, -26134, 414881, 2240909, 1032690, 1077053, 949580, 1657183, 1998883, 1483760, -55651, 985090, 'Stay']
[1465317, 2064743, 1742138, -170529, 1068870, -24129, 416922, 2211352, 1041908, 1085890, 848223, 1610154, 1927080, 1481492, -102188, 964429, 'Stay']
[1462343, 2062379, 1792148, -173439, 1064950, -26926, 414577, 2243446, 1033440, 1077376, 945048, 1655225, 1990162, 1484160, -56715, 988942, 'Stay']
[1466073, 2066076, 1738124, -170404, 1067748, -23525, 417305, 2209342, 1041628, 1085555, 856479, 1612794, 1937603, 1481129, -98786, 971525, 'Stay']
[1462360, 2061828, 1795719, -174077, 1065639, -27859, 411947, 2243839, 1034360, 1077874, 936216, 1651574, 1978889, 1484070, -59203, 989233, 'Stay']
[1466346, 2066472, 1735504, -170816, 1066647, -23603, 417154, 2207839, 1041269, 1084685, 866491, 1617236, 1948961, 1480959, -94578, 976514, 'Stay']
[1461266, 2060534, 1797935, -174679, 1066834, -27991, 410606, 2245127, 1034512, 1078015, 924878, 1647655, 1966969, 1484151, -63050, 987453, 'Stay']
[1466117, 2066744, 1735322, -170896, 1066223, -23353, 417452, 2209301, 1039854, 1083497, 878689, 1623374, 1961539, 1480848, -88854, 981488, 'Stay']
[1460567, 2059208, 1797522, -174986, 1068191, -28811, 410465, 2244607, 1034999, 1078630, 911482, 1642427, 1954542, 1483637, -67285, 984227, 'Stay']
[1465846, 2066553, 1736908, -170780, 1065132, -23409, 417466, 2211502, 1038764, 1082280, 892008, 1629125, 1974077, 1480893, -82334, 984682, 'Stay']
[1460710, 2058947, 1793867, -174361, 1069014, -28639, 408416, 2241837, 1036309, 1079799, 897129, 1635777, 1942323, 1483583, -72641, 980093, 'Stay']
[1465831, 2066484, 1739177, -170626, 1064402, -23588, 418894, 2213319, 1038048, 1081552, 906335, 1635101, 1984988, 1481588, -75686, 987690, 'Stay']
[1460483, 2058561, 1788653, -174331, 1069555, -28721, 409844, 2239490, 1037009, 1080461, 883639, 1629029, 1931518, 1482997, -78419, 975939, 'Stay']
[1465569, 2066708, 1743709, -170469, 1063207, -23103, 417131, 2218425, 1036759, 1080565, 920248, 1641702, 1995411, 1482414, -69829, 990011, 'Stay']
[1461134, 2059395, 1781862, -173264, 1070277, -28070, 409719, 2236187, 1038423, 1082411, 870777, 1623834, 1922885, 1483293, -84421, 971617, 'Stay']
[1465786, 2067019, 1749333, -169885, 1062923, -23276, 416388, 2222363, 1035958, 1079813, 932476, 1647912, 2003249, 1482741, -63465, 991235, 'Stay']
[1461977, 2060157, 1773626, -172441, 1070584, -27915, 407560, 2230864, 1039987, 1083649, 859807, 1618779, 1916483, 1483125, -88524, 967819, 'Stay']
[1465238, 2066437, 1756441, -170671, 1062463, -24398, 415140, 2226489, 1035042, 1078619, 942518, 1652568, 2008075, 1482600, -57439, 991717, 'Stay']
[1462632, 2061091, 1764966, -172010, 1071279, -27193, 410424, 2225624, 1041170, 1084502, 851271, 1614248, 1912933, 1482210, -92037, 964829, 'Stay']
[1464329, 2065239, 1764158, -171792, 1062848, -25453, 414609, 2230970, 1034602, 1077596, 949424, 1655944, 2009409, 1482478, -52437, 992010, 'Stay']
[1462714, 2060975, 1757068, -172575, 1070510, -26973, 408906, 2221075, 1041840, 1084376, 846196, 1610664, 1913231, 1481461, -94361, 963387, 'Stay']
[1462941, 2063249, 1772969, -173095, 1063108, -26263, 412947, 2236039, 1033608, 1076193, 952957, 1656867, 2008203, 1482727, -50009, 991500, 'Stay']
[1463085, 2061654, 1749585, -171955, 1070379, -26147, 411357, 2216645, 1041861, 1084574, 844162, 1608439, 1916490, 1480659, -96142, 962980, 'Stay']
[1461614, 2062083, 1779796, -173188, 1063390, -26340, 411086, 2239438, 1032940, 1076098, 952506, 1657305, 2003215, 1483149, -48506, 989938, 'Stay']
[1463171, 2062473, 1742681, -170842, 1069551, -24567, 411101, 2214542, 1041389, 1084537, 845750, 1608446, 1922500, 1480897, -95356, 963726, 'Stay']
[1461065, 2061453, 1785816, -172964, 1064045, -26823, 409391, 2243435, 1032672, 1075853, 948545, 1655960, 1995954, 1483393, -48397, 988261, 'Stay']
[1464240, 2064309, 1737084, -169965, 1068380, -23932, 412953, 2211908, 1041729, 1084925, 850856, 1610491, 1931180, 1480913, -93692, 964631, 'Stay']
[1461159, 2061508, 1790258, -173215, 1064810, -27638, 409423, 2245086, 1033507, 1076708, 941770, 1653938, 1986440, 1483784, -50506, 984802, 'Stay']
[1465328, 2065878, 1733153, -169956, 1067293, -23961, 413925, 2209998, 1041632, 1084782, 860211, 1614467, 1942547, 1481023, -90589, 966624, 'Stay']
[1461356, 2061210, 1792855, -173404, 1066017, -28195, 408024, 2245804, 1034585, 1077417, 931967, 1649888, 1974948, 1483907, -53855, 981012, 'Stay']
[1466204, 2067032, 1730737, -169346, 1066367, -23151, 413506, 2208556, 1041639, 1084471, 871735, 1619072, 1954410, 1481234, -85654, 969243, 'Stay']
[1460639, 2060158, 1793422, -173443, 1067508, -28475, 407540, 2245102, 1035603, 1078536, 919813, 1644875, 1961643, 1483935, -58092, 976904, 'Stay']
[1465771, 2066832, 1731086, -169512, 1065229, -23095, 414423, 2209831, 1040236, 1083197, 884808, 1624839, 1966830, 1481287, -79769, 973126, 'Stay']
[1460235, 2059239, 1791144, -173656, 1068919, -28201, 408107, 2242832, 1036398, 1079045, 905873, 1638586, 1949123, 1484091, -63135, 973011, 'Stay']
[1464704, 2065728, 1732643, -170480, 1065059, -23076, 415848, 2211472, 1039012, 1081785, 898148, 1630355, 1978482, 1481959, -72829, 976076, 'Stay']
[1458460, 2056968, 1787781, -174989, 1069498, -28688, 407798, 2241221, 1035978, 1078605, 891096, 1631050, 1937655, 1483280, -68519, 969010, 'Stay']
[1463461, 2064678, 1735750, -171364, 1064316, -22885, 417255, 2214515, 1037068, 1079588, 910954, 1635150, 1989229, 1481602, -66913, 978507, 'Stay']
[1457650, 2056102, 1780942, -175069, 1070476, -27878, 408960, 2236363, 1037345, 1079637, 876387, 1623850, 1926161, 1483146, -74219, 964279, 'Stay']
[1461403, 2062947, 1741299, -171907, 1063672, -22880, 417448, 2218511, 1035264, 1077633, 923972, 1640761, 1997756, 1481668, -60292, 980953, 'Stay']
[1456279, 2054970, 1774182, -174888, 1070773, -27900, 410075, 2232144, 1037320, 1079672, 863543, 1617399, 1918303, 1482303, -80347, 960996, 'Stay']
[1459428, 2061139, 1748901, -172484, 1062601, -23959, 415750, 2222700, 1033761, 1075981, 934775, 1645486, 2003918, 1482008, -55453, 983040, 'Stay']
[1455606, 2054353, 1767692, -174441, 1070729, -27837, 409757, 2227624, 1038093, 1080148, 853780, 1612268, 1913759, 1482386, -85421, 958884, 'Stay']
[1457768, 2059279, 1757935, -173174, 1062377, -25238, 416321, 2227264, 1032320, 1074362, 943224, 1649411, 2008007, 1482085, -50863, 984231, 'Stay']
[1455536, 2054362, 1760942, -173430, 1070819, -27038, 411534, 2223300, 1038354, 1080521, 846266, 1608068, 1911710, 1481340, -88625, 956965, 'Stay']
[1456444, 2057771, 1768090, -172620, 1063119, -25052, 416018, 2233148, 1030961, 1073382, 949050, 1652396, 2008351, 1482706, -45829, 985462, 'Stay']
[1455356, 2054500, 1754271, -172439, 1070698, -25983, 413643, 2218833, 1038580, 1080963, 842592, 1605948, 1913075, 1481529, -89429, 957019, 'Stay']
[1455074, 2056256, 1776780, -172729, 1063356, -25763, 415212, 2236374, 1030141, 1072604, 950426, 1653996, 2004814, 1483063, -43585, 984579, 'Stay']
[1455387, 2054883, 1748378, -171307, 1069829, -24860, 413341, 2215020, 1038382, 1080948, 841846, 1605461, 1917356, 1481042, -90287, 957231, 'Stay']
[1454012, 2054828, 1784553, -172718, 1063674, -25748, 413049, 2240669, 1029573, 1072232, 948448, 1653837, 1999159, 1483490, -43157, 983692, 'Stay']
[1456017, 2056064, 1742213, -170540, 1068666, -24013, 414097, 2212262, 1038034, 1080860, 845186, 1606408, 1924816, 1481096, -89906, 958651, 'Stay']
[1453577, 2054448, 1789898, -172565, 1064750, -25867, 413007, 2243476, 1029831, 1072846, 943218, 1652694, 1990265, 1484001, -44876, 981422, 'Stay']
[1456812, 2057758, 1737109, -169510, 1067739, -22933, 416020, 2210828, 1038081, 1081030, 852241, 1609738, 1934425, 1481133, -87631, 961432, 'Stay']
[1453381, 2054336, 1793966, -172544, 1065573, -26784, 412153, 2245683, 1030408, 1073599, 935013, 1649896, 1979590, 1484436, -47877, 978865, 'Stay']
[1458053, 2059561, 1734540, -168664, 1067401, -22417, 417502, 2209412, 1037940, 1081224, 862120, 1614238, 1946256, 1481357, -84160, 964045, 'Stay']
[1453740, 2054326, 1796266, -172449, 1067507, -26879, 410912, 2245391, 1031867, 1074876, 923792, 1645612, 1967486, 1484570, -51526, 975351, 'Stay']
[1458976, 2060793, 1734106, -169017, 1066381, -22014, 416493, 2209542, 1037713, 1080671, 874285, 1619384, 1958522, 1481386, -79376, 967134, 'Stay']
[1454078, 2054191, 1796923, -173350, 1068259, -27302, 409689, 2245167, 1033108, 1075483, 911553, 1640153, 1955554, 1484235, -56880, 971570, 'Stay']
[1459233, 2061470, 1736306, -169841, 1064961, -22069, 416240, 2211084, 1037073, 1079595, 888081, 1625036, 1971458, 1481519, -74505, 970077, 'Stay']
[1454493, 2054192, 1795269, -173693, 1069414, -27025, 408996, 2242479, 1034112, 1076516, 897041, 1633283, 1943069, 1483959, -63761, 967022, 'Stay']
[1460110, 2062335, 1740509, -169914, 1064317, -21538, 415572, 2214098, 1036292, 1078551, 902137, 1630994, 1983107, 1481841, -69001, 973690, 'Stay']
[1455567, 2055245, 1791610, -173363, 1070009, -26843, 408500, 2239467, 1035810, 1078048, 883261, 1626666, 1931936, 1483808, -70620, 963558, 'Stay']
[1460741, 2063157, 1746662, -169670, 1064095, -21282, 419413, 2217926, 1035857, 1078002, 916526, 1637427, 1993587, 1482633, -63018, 977220, 'Stay']
[1456225, 2055741, 1786651, -172657, 1070807, -26442, 411929, 2236761, 1037371, 1079285, 870913, 1621067, 1923642, 1484091, -75594, 961332, 'Stay']
[1460826, 2063198, 1752912, -169748, 1063274, -21917, 419714, 2222288, 1035073, 1076777, 928933, 1643144, 2001845, 1482729, -56924, 980247, 'Stay']
[1457890, 2057054, 1778910, -171599, 1071674, -25611, 413622, 2231540, 1039124, 1080575, 859740, 1615539, 1916717, 1483510, -80486, 958581, 'Stay']
[1461072, 2063135, 1760023, -169746, 1063223, -22437, 419913, 2226406, 1034852, 1076307, 939553, 1648326, 2006455, 1483633, -51394, 982264, 'Stay']
[1458768, 2058191, 1771140, -170871, 1071457, -25358, 414559, 2227556, 1040292, 1081598, 851378, 1611527, 1913275, 1483261, -84984, 957141, 'Stay']
[1461312, 2063452, 1767752, -169607, 1063474, -22823, 419607, 2231715, 1034483, 1075941, 947583, 1652991, 2009362, 1484392, -47579, 984255, 'Stay']
[1460023, 2059813, 1762523, -169896, 1071225, -24487, 415471, 2223680, 1041597, 1082997, 846087, 1609423, 1912978, 1483376, -88628, 956775, 'Stay']
[1460344, 2062588, 1775248, -170385, 1063418, -24103, 419762, 2237125, 1033932, 1075489, 952000, 1656035, 2008591, 1484780, -45236, 985013, 'Stay']
[1460256, 2060538, 1753725, -169700, 1071042, -24280, 418828, 2219611, 1041791, 1083390, 843367, 1607640, 1915765, 1482870, -90528, 956646, 'Stay']
[1459832, 2061775, 1781229, -170662, 1064477, -24351, 419808, 2240383, 1033425, 1075191, 951691, 1656446, 2003721, 1485181, -43893, 983722, 'Stay']
[1461237, 2061836, 1745927, -169021, 1070175, -23077, 420003, 2215820, 1041998, 1083549, 844810, 1607676, 1921297, 1483025, -90677, 957734, 'Stay']
[1459578, 2061153, 1787624, -171043, 1065193, -25024, 418870, 2243431, 1033921, 1075171, 949043, 1655495, 1996766, 1485904, -44109, 982938, 'Stay']
[1462154, 2063122, 1740689, -168505, 1069567, -22231, 421396, 2212646, 1042579, 1083550, 850462, 1609341, 1930151, 1483067, -89363, 959791, 'Stay']
[1459306, 2060645, 1793103, -171024, 1065960, -25048, 418190, 2245897, 1034453, 1075507, 942801, 1653185, 1987590, 1486176, -46499, 980831, 'Stay']
[1462843, 2064145, 1737182, -168085, 1067640, -21954, 421108, 2211753, 1042253, 1083459, 858897, 1612895, 1940999, 1483685, -87318, 962695, 'Stay']
[1459161, 2059763, 1796104, -171374, 1066302, -26145, 416355, 2247551, 1034968, 1075831, 933553, 1649623, 1976662, 1486534, -50689, 977699, 'Stay']
[1463443, 2064991, 1734272, -167747, 1066719, -21698, 422087, 2210897, 1042088, 1083041, 869959, 1617428, 1952750, 1483711, -83914, 964775, 'Stay']
[1458565, 2058929, 1796636, -171579, 1067471, -26991, 418122, 2247130, 1035811, 1076846, 921757, 1644703, 1964130, 1486867, -54984, 973764, 'Stay']
[1463573, 2065554, 1734003, -167793, 1065565, -22054, 430293, 2211510, 1040950, 1081900, 882878, 1623077, 1965413, 1483382, -78743, 967759, 'Stay']
[1458188, 2058311, 1795040, -171697, 1068488, -27253, 427664, 2246064, 1036698, 1077552, 907870, 1638648, 1951468, 1486014, -60506, 969634, 'Stay']
[1463786, 2066244, 1735435, -167130, 1064893, -21368, 433180, 2214041, 1040032, 1080944, 896718, 1629066, 1978220, 1483846, -72705, 971867, 'Stay']
[1458255, 2058203, 1790249, -170749, 1069494, -27139, 420433, 2242287, 1038024, 1078961, 893601, 1632056, 1939462, 1486094, -66349, 965607, 'Stay']
[1462778, 2065386, 1737986, -167262, 1063576, -21913, 426901, 2215711, 1038573, 1079494, 910181, 1634828, 1988485, 1483995, -66533, 974520, 'Stay']
[1457489, 2057107, 1784365, -171145, 1069570, -27341, 418561, 2238674, 1038372, 1079080, 879230, 1624873, 1928775, 1485255, -72512, 961853, 'Stay']
[1462351, 2064919, 1743286, -168202, 1063245, -22128, 429158, 2219737, 1037192, 1077650, 923183, 1640383, 1998136, 1483748, -60794, 977716, 'Stay']
[1458375, 2058160, 1778092, -170611, 1070461, -26558, 420481, 2234400, 1039828, 1079990, 866485, 1619024, 1920716, 1484867, -77928, 959272, 'Stay']
[1462515, 2065471, 1751046, -167853, 1062720, -21786, 427613, 2223503, 1036929, 1077261, 934984, 1646367, 2004874, 1484772, -55017, 980778, 'Stay']
[1459367, 2059576, 1772171, -169791, 1070753, -25294, 420484, 2229823, 1041143, 1081410, 856794, 1614614, 1915548, 1484749, -83355, 957602, 'Stay']
[1462361, 2065285, 1761069, -168428, 1062166, -22375, 426068, 2228444, 1036289, 1076527, 944481, 1651685, 2008971, 1485472, -51673, 982448, 'Stay']
[1460550, 2060710, 1766506, -169192, 1070064, -24896, 421021, 2224754, 1042479, 1082476, 849691, 1611404, 1913560, 1485061, -88828, 955687, 'Stay']
[1462076, 2064726, 1771287, -168291, 1062658, -23143, 426228, 2232433, 1035938, 1076055, 950800, 1655395, 2009922, 1486336, -48984, 982823, 'Stay']
[1461277, 2061395, 1759519, -167963, 1069816, -24511, 421690, 2218844, 1043250, 1083179, 845463, 1609166, 1913940, 1484544, -91732, 954467, 'Stay']
[1461359, 2063521, 1780731, -168455, 1062520, -24049, 423785, 2236296, 1035047, 1075183, 953420, 1657137, 2006729, 1486188, -46919, 982342, 'Stay']
[1462184, 2062488, 1754085, -167244, 1069545, -23584, 422844, 2216063, 1043776, 1083760, 845170, 1608612, 1917945, 1484295, -92675, 955164, 'Stay']
[1461056, 2062644, 1788594, -169074, 1063681, -24453, 423259, 2240426, 1035301, 1075286, 952781, 1657288, 2001651, 1486917, -45884, 981859, 'Stay']
[1462707, 2063120, 1748225, -167571, 1069249, -22802, 423447, 2212696, 1043807, 1083601, 848159, 1608711, 1925240, 1484546, -92296, 956337, 'Stay']
[1459945, 2060989, 1794756, -170374, 1064767, -25087, 422454, 2242922, 1035167, 1075270, 947430, 1654673, 1992797, 1487271, -47184, 979087, 'Stay']
[1462438, 2063297, 1743238, -168092, 1068053, -22380, 425578, 2210868, 1042640, 1082902, 854367, 1610563, 1934494, 1484152, -90247, 957898, 'Stay']
[1458966, 2059871, 1798197, -171214, 1065155, -25439, 422665, 2245144, 1034486, 1075103, 939175, 1651125, 1982433, 1487527, -49622, 975964, 'Stay']
[1463268, 2064804, 1738955, -167844, 1066781, -20813, 428366, 2209986, 1041530, 1082394, 863942, 1614308, 1946061, 1484635, -87270, 960871, 'Stay']
[1459038, 2059862, 1798882, -171868, 1066133, -25342, 423663, 2245581, 1034917, 1075960, 928963, 1647063, 1970726, 1487953, -54353, 973437, 'Stay']
[1463921, 2065983, 1736419, -168338, 1065657, -20023, 430123, 2209867, 1040829, 1082185, 876147, 1619766, 1958028, 1484999, -84202, 964425, 'Stay']
