[1465575, 1448390, 1683739, 132018, 2604976, 3228809, 1957573, 2693145, 660283, 899919, 1839234, 1638323, 1786646, 979665, 2582511, 1492380, 'Stay']
[1454390, 1434907, 1677896, 129086, 2606737, 3267838, 2004013, 2725060, 656678, 896606, 1814530, 1650810, 1782612, 985070, 2549152, 1462319, 'Stay']
[1465340, 1448665, 1682820, 132075, 2603128, 3233013, 1960054, 2696166, 658549, 898423, 1854616, 1642864, 1795056, 981425, 2593569, 1496938, 'Stay']
[1454721, 1434698, 1678476, 128089, 2608077, 3263479, 2000256, 2721568, 657785, 897437, 1799660, 1646939, 1775527, 983208, 2539562, 1457555, 'Stay']
[1465290, 1448331, 1681736, 129999, 2601403, 3237905, 1964507, 2699690, 657174, 896451, 1869375, 1647456, 1802890, 982871, 2603232, 1501002, 'Stay']
[1455213, 1435026, 1678764, 128117, 2608586, 3257230, 1994351, 2716260, 659917, 899170, 1786649, 1644066, 1768496, 980642, 2530598, 1453267, 'Stay']
[1464370, 1447690, 1679983, 129784, 2600173, 3243673, 1969820, 2704279, 655199, 894605, 1880898, 1653694, 1809498, 984059, 2609571, 1503203, 'Stay']
[1456065, 1436134, 1679244, 129391, 2609123, 3251972, 1988674, 2712146, 661132, 900671, 1777379, 1642902, 1763212, 979164, 2524833, 1452228, 'Stay']
[1463231, 1446835, 1678328, 130021, 2598802, 3250316, 1975486, 2709213, 653803, 893256, 1889929, 1658779, 1814878, 985597, 2614206, 1505641, 'Stay']
[1456534, 1436584, 1679351, 130714, 2609281, 3245242, 1981339, 2706616, 662809, 902055, 1770379, 1640073, 1759199, 977808, 2520973, 1451839, 'Stay']
[1461518, 1444619, 1676414, 129662, 2598163, 3257176, 1982029, 2715096, 651857, 891452, 1893744, 1661550, 1817644, 986969, 2614494, 1504920, 'Stay']
[1457564, 1437825, 1679638, 132481, 2609742, 3240284, 1976028, 2703305, 663293, 902936, 1768042, 1637215, 1756857, 977044, 2521295, 1454915, 'Stay']
[1460110, 1443143, 1675194, 130653, 2598372, 3263170, 1989972, 2720505, 650829, 890533, 1893776, 1664289, 1818978, 988258, 2612971, 1504061, 'Stay']
[1458623, 1439433, 1679923, 134331, 2609006, 3234750, 1969126, 2698682, 663893, 903621, 1769516, 1635512, 1756496, 976430, 2524175, 1458652, 'Stay']
[1458900, 1441732, 1674592, 132096, 2599236, 3266835, 1994258, 2722544, 650531, 890471, 1889155, 1665265, 1817068, 988281, 2606570, 1499125, 'Stay']
[1460197, 1441244, 1680458, 136133, 2609179, 3229027, 1962511, 2692654, 664570, 904506, 1775037, 1635669, 1757831, 975727, 2528179, 1460985, 'Stay']
[1456829, 1438734, 1673366, 131507, 2599529, 3271522, 2000399, 2726484, 649784, 889715, 1881755, 1666146, 1814728, 988136, 2598305, 1493344, 'Stay']
[1461493, 1442612, 1681155, 136215, 2608680, 3227374, 1959786, 2691757, 664104, 903792, 1786103, 1635391, 1763078, 975675, 2537895, 1468752, 'Stay']
[1455676, 1437264, 1673514, 131634, 2601196, 3274393, 2004708, 2729303, 650516, 890331, 1871186, 1664646, 1809896, 988115, 2588929, 1488472, 'Stay']
[1463176, 1444931, 1681441, 136721, 2607791, 3226018, 1955965, 2690375, 663780, 903722, 1800006, 1636912, 1768621, 976672, 2548573, 1476255, 'Stay']
[1454909, 1436063, 1673529, 131216, 2602484, 3275066, 2005989, 2729810, 651997, 891943, 1857525, 1664935, 1803583, 987959, 2576478, 1481454, 'Stay']
[1464313, 1446590, 1681408, 136282, 2606536, 3226062, 1953825, 2690017, 662793, 902782, 1815575, 1640266, 1775734, 977885, 2559473, 1483217, 'Stay']
[1454463, 1435456, 1674288, 131192, 2604408, 3273710, 2005986, 2728460, 653512, 893596, 1842046, 1662802, 1795933, 987307, 2563534, 1474339, 'Stay']
[1465141, 1448073, 1682069, 135883, 2605400, 3227273, 1954371, 2690240, 661630, 901455, 1831935, 1643991, 1783120, 979058, 2570769, 1489157, 'Stay']
[1453815, 1434500, 1675223, 131125, 2605334, 3270366, 2003960, 2725368, 654997, 894955, 1825616, 1659981, 1787606, 985677, 2550451, 1466695, 'Stay']
[1464638, 1447769, 1680642, 134555, 2603175, 3230634, 1956693, 2692836, 659238, 898985, 1848186, 1647865, 1790899, 980123, 2581823, 1494746, 'Stay']
[1453479, 1433599, 1675702, 130707, 2606462, 3266926, 2001400, 2723115, 656394, 895913, 1809853, 1656599, 1779459, 983558, 2539193, 1461646, 'Stay']
[1464830, 1447844, 1680508, 133791, 2602778, 3236146, 1961446, 2697500, 657613, 896959, 1864126, 1652584, 1799521, 982113, 2593043, 1501540, 'Stay']
[1454375, 1433981, 1676879, 131432, 2609098, 3262435, 1998220, 2719871, 658674, 898028, 1795805, 1653480, 1773027, 982952, 2530386, 1458881, 'Stay']
[1464381, 1447502, 1679684, 132655, 2601990, 3241941, 1966080, 2701776, 656334, 895403, 1877081, 1657006, 1806877, 984655, 2601629, 1505838, 'Stay']
[1455145, 1434644, 1677601, 130726, 2610243, 3256706, 1991764, 2715061, 660689, 900066, 1783751, 1649975, 1766674, 981791, 2522746, 1456032, 'Stay']
[1463527, 1446519, 1677951, 131420, 2600691, 3248652, 1972084, 2707414, 654523, 893532, 1887490, 1661123, 1813151, 985996, 2607674, 1508674, 'Stay']
[1455701, 1435470, 1678277, 131203, 2610613, 3250591, 1985494, 2710241, 662263, 901256, 1775318, 1645841, 1761885, 980074, 2518300, 1455636, 'Stay']
[1462425, 1445706, 1677018, 130660, 2600316, 3254366, 1978504, 2711564, 652845, 892086, 1893926, 1663903, 1816720, 987471, 2610283, 1508625, 'Stay']
[1457016, 1437188, 1679006, 131435, 2610926, 3243984, 1978172, 2704585, 663502, 902586, 1770472, 1642605, 1758203, 978892, 2516211, 1455504, 'Stay']
[1460987, 1444184, 1675857, 129642, 2599858, 3260795, 1985368, 2716607, 651779, 890984, 1896717, 1666724, 1819143, 988578, 2609887, 1506612, 'Stay']
[1458377, 1438733, 1679896, 131547, 2610886, 3239169, 1972710, 2700817, 664337, 903477, 1770532, 1640517, 1757219, 978328, 2517729, 1457616, 'Stay']
[1460160, 1442907, 1675343, 128567, 2600307, 3267673, 1993032, 2722752, 651074, 890343, 1895945, 1668968, 1819940, 990012, 2607606, 1504925, 'Stay']
[1460165, 1440987, 1680971, 131354, 2610484, 3234542, 1966622, 2697137, 665078, 904174, 1774894, 1639144, 1758716, 977546, 2523379, 1463178, 'Stay']
[1458637, 1441221, 1675089, 127543, 2600706, 3272060, 1997717, 2725985, 651087, 890232, 1889122, 1669572, 1817580, 989882, 2600917, 1500030, 'Stay']
[1461773, 1442971, 1682175, 131743, 2610365, 3230484, 1960466, 2692808, 665450, 904304, 1781861, 1638458, 1760859, 976890, 2530003, 1467718, 'Stay']
[1457082, 1439173, 1674935, 126618, 2601990, 3274324, 2001082, 2727246, 651377, 890105, 1878784, 1669011, 1813584, 989398, 2591176, 1493371, 'Stay']
[1462915, 1444310, 1682864, 131269, 2609738, 3227732, 1955634, 2690074, 664883, 903359, 1792640, 1638660, 1766501, 977200, 2538990, 1473279, 'Stay']
[1455851, 1437394, 1675278, 126274, 2603543, 3276409, 2004054, 2729015, 652179, 890997, 1865857, 1667425, 1808825, 989636, 2580262, 1486387, 'Stay']
[1463931, 1445998, 1683166, 131495, 2608585, 3227993, 1955081, 2690201, 663969, 902716, 1807565, 1640452, 1773790, 978476, 2551366, 1481143, 'Stay']
[1454886, 1435938, 1675486, 126151, 2604366, 3277079, 2006586, 2729758, 653487, 892211, 1851504, 1665145, 1802543, 989105, 2569180, 1480138, 'Stay']
[1464798, 1447078, 1682781, 131041, 2606938, 3229032, 1954429, 2690814, 662793, 901345, 1823510, 1642554, 1781404, 979568, 2563395, 1488256, 'Stay']
[1454772, 1435579, 1676204, 126865, 2606513, 3274302, 2005059, 2727489, 654967, 893689, 1834951, 1662511, 1794824, 987925, 2556423, 1473190, 'Stay']
[1465223, 1448116, 1682990, 131106, 2605992, 3230306, 1954929, 2691404, 661620, 900396, 1839490, 1646884, 1789582, 981695, 2574601, 1493374, 'Stay']
[1453674, 1434081, 1676557, 126146, 2607406, 3271199, 2003207, 2725472, 656423, 895113, 1818127, 1658527, 1786718, 986799, 2543997, 1465633, 'Stay']
[1464858, 1448373, 1681941, 129834, 2604107, 3235968, 1959307, 2696548, 659049, 897712, 1856100, 1649102, 1797902, 983204, 2586945, 1500603, 'Stay']
[1453914, 1434325, 1677325, 126033, 2608607, 3267421, 1999725, 2722802, 658113, 896755, 1803196, 1653802, 1779149, 985190, 2534485, 1462440, 'Stay']
[1464714, 1448193, 1681249, 128597, 2602586, 3240764, 1962910, 2699920, 657667, 896183, 1869989, 1653290, 1804859, 983749, 2596151, 1505143, 'Stay']
[1454631, 1434773, 1678740, 126110, 2610038, 3261611, 1994208, 2717863, 660103, 898562, 1789923, 1649692, 1771472, 982550, 2525627, 1459054, 'Stay']
[1463896, 1447603, 1680943, 127881, 2602474, 3246511, 1968689, 2704179, 656211, 894494, 1882107, 1657062, 1811225, 985339, 2603195, 1507779, 'Stay']
[1454498, 1434702, 1679152, 126159, 2610962, 3255880, 1988841, 2713578, 661645, 900123, 1779948, 1646358, 1765642, 980778, 2519616, 1456736, 'Stay']
[1462978, 1446767, 1679404, 127191, 2601605, 3253356, 1975463, 2710299, 653658, 892232, 1891489, 1660485, 1816003, 986221, 2608954, 1510854, 'Stay']
[1456624, 1437166, 1680779, 127380, 2611874, 3249157, 1982316, 2708094, 663586, 902295, 1772859, 1643163, 1761435, 979699, 2516205, 1456708, 'Stay']
[1461780, 1445301, 1678299, 126254, 2600571, 3259402, 1981940, 2715096, 653079, 891862, 1895968, 1664776, 1819484, 988027, 2609496, 1509249, 'Stay']
[1457735, 1438474, 1681756, 128036, 2611450, 3244127, 1976661, 2704676, 663876, 902246, 1770814, 1640850, 1758640, 978309, 2516539, 1459477, 'Stay']
[1460963, 1444242, 1678292, 125977, 2600837, 3265867, 1989037, 2720644, 652378, 890618, 1897087, 1667802, 1820828, 989396, 2608699, 1508733, 'Stay']
[1459781, 1440714, 1683750, 128576, 2612247, 3238061, 1969634, 2699365, 665752, 903736, 1771818, 1639633, 1758409, 977789, 2519071, 1462050, 'Stay']
[1458764, 1441973, 1677639, 124290, 2600965, 3270489, 1994417, 2723945, 651853, 889812, 1892559, 1669324, 1819348, 989803, 2603066, 1503423, 'Stay']
[1460195, 1441406, 1683686, 127759, 2611350, 3234266, 1964026, 2695387, 665307, 903075, 1777329, 1638447, 1759549, 977109, 2524990, 1466570, 'Stay']
[1457297, 1439592, 1676832, 123585, 2601931, 3274868, 1999294, 2726688, 651349, 889124, 1884248, 1668723, 1815997, 989872, 2595787, 1498621, 'Stay']
[1461034, 1442630, 1684128, 127981, 2610875, 3231120, 1959091, 2691995, 665417, 903078, 1785590, 1637885, 1763571, 977740, 2533384, 1471724, 'Stay']
[1455052, 1436948, 1676448, 122639, 2602648, 3277724, 2003553, 2729039, 651056, 889171, 1872286, 1667286, 1811713, 989756, 2586215, 1491709, 'Stay']
[1461970, 1444052, 1684438, 127879, 2609700, 3229930, 1956490, 2690915, 663993, 901976, 1798363, 1638507, 1769286, 978574, 2544744, 1478680, 'Stay']
[1453851, 1435394, 1676502, 122323, 2604297, 3278298, 2006094, 2729544, 652655, 890560, 1857831, 1665569, 1805432, 990852, 2575066, 1484394, 'Stay']
[1462697, 1445192, 1684010, 127147, 2607629, 3230184, 1955667, 2691268, 662176, 900382, 1812810, 1639700, 1776128, 979909, 2556828, 1485620, 'Stay']
[1453602, 1434807, 1677115, 122545, 2605858, 3277173, 2006669, 2728868, 653539, 891685, 1841871, 1662254, 1798261, 989091, 2563236, 1477515, 'Stay']
[1463238, 1446326, 1683751, 126569, 2606152, 3231276, 1955253, 2691731, 661280, 899192, 1828525, 1642551, 1783894, 980837, 2568482, 1490998, 'Stay']
[1452465, 1433570, 1677193, 122231, 2606702, 3275507, 2006093, 2728000, 654616, 892462, 1825590, 1658819, 1789593, 987934, 2551187, 1470839, 'Stay']
[1463829, 1447196, 1683199, 126659, 2605040, 3234862, 1957703, 2694307, 659624, 897246, 1845142, 1646559, 1791649, 982133, 2580780, 1497527, 'Stay']
[1452518, 1433368, 1677952, 123032, 2608475, 3271647, 2002652, 2724644, 656677, 894521, 1809228, 1655815, 1781523, 985623, 2539805, 1464480, 'Stay']
[1463907, 1447529, 1683201, 126886, 2603499, 3238596, 1960045, 2696817, 658176, 895813, 1860096, 1650728, 1799522, 982720, 2591426, 1502087, 'Stay']
[1452954, 1433203, 1679479, 124296, 2610248, 3266540, 1998083, 2720278, 658635, 896198, 1794332, 1651758, 1773962, 982924, 2529751, 1458911, 'Stay']
[1463441, 1447276, 1682988, 127298, 2603022, 3245093, 1966137, 2701354, 656452, 894172, 1874079, 1655021, 1807257, 983173, 2600804, 1506312, 'Stay']
[1453481, 1433726, 1680394, 125211, 2611002, 3261256, 1993165, 2715653, 660495, 898193, 1782288, 1648272, 1767762, 980729, 2523048, 1456400, 'Stay']
[1462201, 1445860, 1681493, 126115, 2601783, 3252014, 1972324, 2706864, 654344, 891968, 1884059, 1658214, 1813220, 984115, 2607552, 1508906, 'Stay']
[1454103, 1434445, 1681220, 125675, 2611732, 3255856, 1987417, 2711466, 661842, 899395, 1772654, 1643334, 1762750, 978442, 2518778, 1455685, 'Stay']
[1461422, 1445638, 1680670, 126709, 2602128, 3258924, 1979677, 2712248, 653172, 891054, 1890624, 1662003, 1817706, 984926, 2611525, 1509764, 'Stay']
[1455396, 1436426, 1682158, 129387, 2612130, 3249405, 1980511, 2706017, 663513, 901523, 1767380, 1643455, 1759325, 976466, 2517417, 1456222, 'Stay']
[1459211, 1443198, 1679130, 128871, 2600918, 3264973, 1985981, 2717239, 651542, 889554, 1892804, 1667795, 1819566, 984691, 2611646, 1508120, 'Stay']
[1456152, 1437152, 1682790, 130681, 2612292, 3243048, 1972981, 2701151, 663512, 901330, 1765973, 1641409, 1757284, 973883, 2519185, 1459036, 'Stay']
[1457774, 1441086, 1679191, 127734, 2601918, 3269650, 1991952, 2721355, 650786, 888432, 1890500, 1669550, 1819387, 984547, 2608360, 1504710, 'Stay']
[1457792, 1438532, 1684690, 130355, 2612986, 3237429, 1967638, 2696925, 664589, 902045, 1768896, 1639914, 1758243, 972316, 2523630, 1461893, 'Stay']
[1456177, 1438517, 1678499, 125793, 2602960, 3274726, 1998914, 2726075, 650363, 887815, 1885189, 1670555, 1817775, 984236, 2603185, 1500167, 'Stay']
[1458968, 1440082, 1684932, 129425, 2612813, 3233758, 1962880, 2693777, 664282, 901794, 1776388, 1639052, 1760403, 972075, 2531648, 1467642, 'Stay']
[1454641, 1436724, 1677733, 124302, 2604388, 3277471, 2003503, 2727937, 650633, 888063, 1875277, 1670351, 1813758, 984175, 2594706, 1493950, 'Stay']
[1459553, 1441605, 1684397, 128915, 2610783, 3231420, 1959207, 2691560, 663473, 900829, 1786821, 1640099, 1765169, 971524, 2541429, 1473435, 'Stay']
[1453025, 1435445, 1676879, 125000, 2605429, 3279173, 2006503, 2729454, 650676, 888456, 1862098, 1669840, 1808233, 983263, 2584637, 1487640, 'Stay']
[1460373, 1443541, 1684229, 129353, 2609155, 3230466, 1957063, 2690860, 662252, 900058, 1800449, 1642387, 1771429, 971861, 2553432, 1480365, 'Stay']
[1452495, 1434967, 1677560, 124802, 2605547, 3279060, 2007341, 2729696, 651497, 889520, 1847182, 1667996, 1801575, 981741, 2573472, 1480348, 'Stay']
[1462496, 1446056, 1685285, 129501, 2608240, 3231395, 1955948, 2691464, 661462, 899240, 1816909, 1645342, 1779413, 972764, 2566273, 1486931, 'Stay']
[1452779, 1434850, 1678588, 125050, 2607226, 3277062, 2005833, 2728204, 653749, 891444, 1831124, 1665638, 1794320, 981434, 2561005, 1472224, 'Stay']
[1462957, 1447256, 1684452, 129458, 2607418, 3233539, 1957443, 2692861, 660433, 898209, 1833315, 1649429, 1788072, 974987, 2577906, 1492076, 'Stay']
[1451736, 1433720, 1677704, 124849, 2608585, 3275237, 2006312, 2727183, 654507, 892514, 1815353, 1662431, 1786720, 979887, 2550309, 1466927, 'Stay']
[1463182, 1448068, 1682729, 128875, 2604874, 3237696, 1960282, 2695794, 657971, 896116, 1849546, 1653811, 1796001, 974994, 2590220, 1499237, 'Stay']
[1452275, 1434168, 1677776, 126013, 2609495, 3270097, 2002195, 2722735, 657010, 895166, 1799313, 1660678, 1778766, 977740, 2538733, 1461199, 'Stay']
[1462434, 1447699, 1680779, 128489, 2603768, 3243425, 1965744, 2700679, 655856, 894275, 1864221, 1660044, 1803609, 976410, 2599549, 1504115, 'Stay']
[1452210, 1434177, 1678189, 127059, 2610443, 3265749, 1998068, 2719625, 657920, 896817, 1785958, 1658174, 1771258, 975808, 2530215, 1458862, 'Stay']
[1461635, 1447060, 1680026, 128963, 2602218, 3250114, 1971216, 2705952, 653837, 893013, 1876740, 1664860, 1810932, 978751, 2607599, 1508763, 'Stay']
[1453273, 1434887, 1679718, 128507, 2611821, 3260126, 1992377, 2715170, 659827, 899093, 1775320, 1654437, 1765695, 975503, 2523651, 1457086, 'Stay']
[1461268, 1446367, 1679819, 129439, 2602286, 3256747, 1977623, 2711127, 652711, 892059, 1886342, 1668937, 1815867, 981180, 2612051, 1510434, 'Stay']
[1454829, 1436465, 1681213, 130819, 2613388, 3252672, 1984567, 2708884, 662373, 901817, 1768417, 1652000, 1761060, 975746, 2519163, 1455845, 'Stay']
[1459406, 1444485, 1678457, 129693, 2601824, 3262640, 1984243, 2715816, 651681, 890918, 1891409, 1673051, 1819490, 983792, 2612538, 1508636, 'Stay']
[1455480, 1437257, 1681275, 131896, 2613404, 3246867, 1978841, 2704430, 663059, 901993, 1765735, 1648330, 1758962, 973893, 2518747, 1457536, 'Stay']
[1457713, 1442394, 1677131, 130420, 2601275, 3268575, 1991191, 2720978, 650355, 889500, 1892866, 1674360, 1820720, 983738, 2611002, 1507007, 'Stay']
[1456755, 1438989, 1682601, 134189, 2612972, 3241489, 1972464, 2700116, 663751, 902701, 1767797, 1645761, 1758218, 972827, 2521425, 1461338, 'Stay']
[1456223, 1440481, 1676901, 130551, 2601801, 3273878, 1997590, 2725224, 650114, 888988, 1889363, 1674960, 1819638, 985099, 2605976, 1503229, 'Stay']
[1457799, 1440065, 1683033, 134757, 2612658, 3238095, 1967765, 2698021, 663865, 902583, 1773433, 1643852, 1759877, 973540, 2527367, 1466757, 'Stay']
[1454452, 1438427, 1676145, 130181, 2602792, 3278589, 2002924, 2729541, 649536, 888459, 1882337, 1674791, 1817027, 986165, 2599413, 1500199, 'Stay']
[1459020, 1441770, 1683642, 134500, 2611557, 3234505, 1961699, 2694218, 663702, 902323, 1781933, 1643747, 1762766, 973842, 2534713, 1472318, 'Stay']
[1453617, 1437241, 1676933, 130034, 2604225, 3281278, 2006387, 2731293, 650552, 888784, 1870791, 1674504, 1811637, 986776, 2588620, 1493208, 'Stay']
[1460167, 1443767, 1684262, 134424, 2610480, 3233336, 1959259, 2692889, 663647, 901695, 1794919, 1645281, 1768354, 975196, 2545063, 1479023, 'Stay']
[1452716, 1435667, 1676580, 129106, 2604796, 3282369, 2009519, 2732371, 651243, 889486, 1857307, 1672628, 1805610, 985982, 2577227, 1486701, 'Stay']
[1461239, 1444836, 1683911, 133719, 2609051, 3234070, 1958703, 2693797, 662429, 900131, 1810632, 1647286, 1775368, 975286, 2557144, 1486701, 'Stay']
[1452252, 1434374, 1676773, 128608, 2606394, 3281626, 2008907, 2731761, 652768, 890261, 1841934, 1670145, 1797962, 984709, 2565324, 1480561, 'Stay']
[1462372, 1446340, 1684102, 133057, 2608443, 3235059, 1958078, 2693859, 661563, 898998, 1825853, 1650376, 1782702, 977339, 2568281, 1492761, 'Stay']
[1451544, 1433618, 1677226, 127959, 2608298, 3279455, 2008249, 2729894, 654491, 892224, 1824784, 1667037, 1790029, 984802, 2552446, 1473512, 'Stay']
[1463017, 1447629, 1683506, 132612, 2606893, 3238536, 1959766, 2696206, 659848, 897452, 1842122, 1653788, 1790971, 979527, 2580514, 1499977, 'Stay']
[1451658, 1433504, 1677891, 128311, 2610355, 3275744, 2005939, 2726781, 656578, 894645, 1808424, 1664070, 1782060, 983381, 2540825, 1467538, 'Stay']
[1462068, 1446952, 1682356, 130934, 2604837, 3242704, 1963641, 2699700, 657740, 894878, 1857704, 1658381, 1799078, 979262, 2591341, 1505442, 'Stay']
[1451453, 1433236, 1678730, 127801, 2610941, 3270618, 2001696, 2723244, 658143, 895427, 1793593, 1660528, 1774881, 980324, 2531186, 1463780, 'Stay']
[1461919, 1447322, 1681983, 129947, 2604295, 3247957, 1969028, 2703787, 656149, 893413, 1870947, 1662703, 1806808, 980843, 2600160, 1509661, 'Stay']
[1452367, 1434180, 1679707, 127845, 2612110, 3264045, 1995615, 2718173, 660562, 897658, 1780588, 1656116, 1768096, 978506, 2522931, 1459934, 'Stay']
[1460917, 1446467, 1680615, 128480, 2602805, 3253561, 1974162, 2708591, 654810, 891788, 1881683, 1665546, 1812619, 981610, 2606308, 1511539, 'Stay']
[1452952, 1434867, 1680546, 128136, 2613016, 3257318, 1989168, 2712875, 662004, 899114, 1771402, 1651093, 1762462, 975850, 2517563, 1457852, 'Stay']
[1459582, 1445001, 1679345, 128037, 2602250, 3259550, 1980368, 2713202, 653039, 890526, 1888693, 1668633, 1816781, 982539, 2609427, 1511751, 'Stay']
[1453946, 1435955, 1681425, 129098, 2612801, 3251061, 1982471, 2707800, 663006, 900552, 1765966, 1647258, 1758773, 974832, 2515437, 1458413, 'Stay']
[1458031, 1443495, 1678183, 127286, 2601809, 3266795, 1987934, 2719283, 651644, 889266, 1892045, 1670908, 1819586, 983565, 2610040, 1511004, 'Stay']
[1455696, 1438237, 1682517, 129602, 2613497, 3245982, 1976834, 2703779, 663989, 901937, 1765613, 1645256, 1757742, 973022, 2517634, 1461801, 'Stay']
[1457349, 1442369, 1677641, 126763, 2602402, 3272061, 1994203, 2723185, 651234, 888874, 1891184, 1673625, 1820080, 983222, 2607444, 1508347, 'Stay']
[1456734, 1439742, 1683037, 129531, 2612909, 3240496, 1969640, 2698957, 664596, 901829, 1768477, 1644094, 1757995, 971561, 2520993, 1464575, 'Stay']
[1456021, 1440851, 1677562, 126298, 2602937, 3277149, 2000208, 2727644, 650648, 888065, 1885928, 1675394, 1818402, 983950, 2601641, 1504246, 'Stay']
[1458208, 1441615, 1684014, 129613, 2612412, 3236508, 1964392, 2695854, 665105, 902289, 1776123, 1644829, 1761039, 971719, 2528373, 1470256, 'Stay']
[1454166, 1438363, 1677185, 125033, 2603221, 3279649, 2003480, 2729557, 650989, 887934, 1876638, 1675795, 1814821, 983117, 2592556, 1497753, 'Stay']
[1459551, 1442944, 1684518, 129459, 2610999, 3234452, 1960358, 2693915, 664259, 900953, 1787714, 1645073, 1765785, 971016, 2537996, 1476526, 'Stay']
[1453373, 1437142, 1677519, 124992, 2605222, 3281833, 2006716, 2731040, 651988, 888962, 1864910, 1674622, 1809522, 982944, 2582273, 1491390, 'Stay']
[1460909, 1444848, 1685362, 129721, 2610741, 3233117, 1956622, 2691812, 663993, 900967, 1801808, 1646941, 1771776, 972898, 2548522, 1482910, 'Stay']
[1451980, 1434930, 1677847, 124390, 2606696, 3282892, 2008790, 2731803, 652768, 889655, 1850459, 1672292, 1802930, 982810, 2570230, 1484374, 'Stay']
[1461366, 1445571, 1685160, 129102, 2609205, 3235065, 1957596, 2693438, 662382, 899160, 1817696, 1648436, 1779354, 973261, 2561541, 1491071, 'Stay']
[1450795, 1433503, 1677577, 123849, 2607630, 3281832, 2008626, 2731176, 653947, 890834, 1833419, 1668163, 1794688, 981676, 2558069, 1477775, 'Stay']
[1461758, 1446524, 1684626, 128822, 2607841, 3238523, 1959523, 2695946, 660292, 897310, 1833686, 1650711, 1786848, 974649, 2573866, 1498505, 'Stay']
[1451361, 1433622, 1678611, 124460, 2609263, 3279614, 2007219, 2729269, 656017, 893050, 1817147, 1664655, 1786655, 981164, 2546669, 1472552, 'Stay']
[1462031, 1447305, 1683707, 127531, 2605828, 3241020, 1959719, 2696937, 659065, 896005, 1849417, 1654568, 1794643, 976469, 2584503, 1503730, 'Stay']
[1451034, 1433444, 1679170, 123759, 2610657, 3274174, 2002501, 2724365, 657712, 894529, 1801018, 1660956, 1778184, 979449, 2534535, 1465774, 'Stay']
[1462071, 1447487, 1683204, 126419, 2605437, 3246748, 1965059, 2701384, 657355, 894399, 1864416, 1659931, 1802657, 978421, 2594366, 1507998, 'Stay']
[1450957, 1433049, 1679854, 123436, 2611831, 3269347, 1998555, 2720851, 659093, 896249, 1787746, 1658307, 1770850, 978377, 2526259, 1462671, 'Stay']
[1461057, 1446353, 1682234, 125270, 2603839, 3252393, 1970372, 2705880, 654575, 891499, 1876452, 1663866, 1808611, 979058, 2602407, 1511953, 'Stay']
[1452615, 1434246, 1681582, 124487, 2613392, 3262515, 1991918, 2714660, 661125, 897929, 1776125, 1653900, 1764882, 976161, 2519347, 1459679, 'Stay']
[1460233, 1445655, 1681179, 124955, 2603820, 3258569, 1977221, 2710327, 653553, 890536, 1885898, 1668343, 1814355, 981071, 2607640, 1512748, 'Stay']
[1453276, 1435171, 1681736, 124776, 2613922, 3256582, 1985930, 2710079, 662446, 899276, 1769134, 1650992, 1759983, 975004, 2515792, 1458990, 'Stay']
[1458793, 1444059, 1679685, 123669, 2603019, 3264811, 1983346, 2715475, 652104, 889112, 1891294, 1670780, 1817295, 982730, 2609401, 1512742, 'Stay']
[1454820, 1436400, 1682804, 124980, 2614608, 3250687, 1979437, 2705683, 663649, 900351, 1765626, 1647424, 1756787, 974061, 2515197, 1460465, 'Stay']
[1457737, 1442222, 1679189, 122204, 2603379, 3271477, 1991056, 2721346, 651371, 887940, 1892520, 1672617, 1819421, 983236, 2608854, 1511507, 'Stay']
[1456477, 1438211, 1684769, 125264, 2615018, 3245276, 1973351, 2701366, 664430, 900829, 1766566, 1643838, 1757068, 972119, 2518688, 1464660, 'Stay']
[1456674, 1440810, 1680334, 122323, 2604408, 3276547, 1997543, 2725597, 651239, 887328, 1889076, 1672865, 1819055, 983850, 2604730, 1507962, 'Stay']
[1457796, 1440221, 1686720, 126103, 2614668, 3240722, 1968221, 2697885, 665263, 901317, 1771744, 1641457, 1758685, 971971, 2524397, 1468854, 'Stay']
[1455191, 1438963, 1680198, 121847, 2604484, 3279827, 2002197, 2728066, 651317, 887476, 1881808, 1672079, 1816492, 984277, 2597730, 1502464, 'Stay']
[1459035, 1441967, 1687237, 126389, 2613027, 3236526, 1962222, 2694119, 664671, 900489, 1779928, 1640832, 1761974, 971486, 2532113, 1473543, 'Stay']
[1453862, 1437469, 1679804, 122338, 2605012, 3282745, 2006221, 2730722, 651527, 887525, 1870652, 1672413, 1811976, 984331, 2588048, 1495825, 'Stay']
[1460285, 1443792, 1687115, 127905, 2611826, 3235938, 1960446, 2694015, 663952, 900357, 1792639, 1643690, 1767402, 972657, 2543151, 1481079, 'Stay']
[1452679, 1436050, 1679652, 123590, 2606382, 3285708, 2010766, 2734233, 651866, 888498, 1857647, 1673294, 1805955, 984824, 2578673, 1491516, 'Stay']
[1461550, 1445487, 1687414, 128832, 2610617, 3235738, 1958248, 2693785, 662759, 899357, 1807333, 1648027, 1774191, 973535, 2556014, 1490052, 'Stay']
[1451661, 1434101, 1679440, 123574, 2607680, 3283505, 2009215, 2732063, 653166, 889526, 1840748, 1671370, 1798153, 983280, 2565191, 1483360, 'Stay']
[1462037, 1446206, 1687355, 129010, 2609405, 3236559, 1957856, 2694048, 661562, 897628, 1822238, 1649809, 1781727, 974156, 2567210, 1496016, 'Stay']
[1451295, 1433331, 1680870, 124626, 2609742, 3281363, 2008438, 2730456, 655012, 891063, 1823819, 1667093, 1790371, 982301, 2553111, 1476817, 'Stay']
[1462344, 1446608, 1687272, 128759, 2608375, 3239640, 1959276, 2696543, 660148, 895951, 1838610, 1652954, 1790166, 976204, 2579559, 1502290, 'Stay']
[1451445, 1433084, 1681632, 124753, 2611813, 3277386, 2005129, 2727745, 657005, 892508, 1807579, 1663450, 1782779, 980724, 2541837, 1470851, 'Stay']
[1462467, 1447084, 1686533, 128619, 2606451, 3244029, 1962973, 2700174, 658542, 893915, 1854101, 1656772, 1798459, 977903, 2590738, 1507594, 'Stay']
[1451715, 1432819, 1682556, 125731, 2612204, 3272017, 2000649, 2723530, 658664, 894039, 1792539, 1658661, 1775119, 979764, 2532326, 1465941, 'Stay']
[1461687, 1446083, 1685547, 127455, 2605418, 3249027, 1967503, 2704387, 657227, 891653, 1867150, 1659861, 1805699, 979659, 2600143, 1511278, 'Stay']
[1452560, 1433045, 1683794, 124997, 2613189, 3265874, 1994844, 2718910, 660660, 895078, 1778761, 1653305, 1767904, 977499, 2524473, 1462293, 'Stay']
[1460957, 1445291, 1684201, 124896, 2603983, 3255205, 1972833, 2709303, 655158, 889661, 1877427, 1662505, 1811317, 981064, 2606637, 1513476, 'Stay']
[1453475, 1434258, 1684151, 124227, 2613700, 3260520, 1988901, 2714768, 662091, 896603, 1769331, 1648305, 1762410, 976121, 2519587, 1461535, 'Stay']
[1460305, 1444847, 1683261, 124352, 2602993, 3261994, 1978858, 2714399, 654143, 888499, 1885083, 1665619, 1816197, 983184, 2610758, 1515013, 'Stay']
[1454403, 1435779, 1685333, 125282, 2614177, 3254230, 1981894, 2709385, 664080, 898146, 1763227, 1645553, 1758755, 975343, 2517178, 1461480, 'Stay']
[1458963, 1443413, 1682659, 124567, 2602859, 3268393, 1985685, 2719424, 652648, 887147, 1888121, 1669131, 1818863, 984189, 2611879, 1513909, 'Stay']
[1455761, 1437207, 1686774, 127181, 2614681, 3248246, 1974757, 2704312, 664996, 899582, 1761494, 1643516, 1757160, 974403, 2518689, 1463233, 'Stay']
[1457256, 1441250, 1682573, 124458, 2603738, 3273732, 1991465, 2723398, 652108, 886616, 1887155, 1670853, 1819516, 985298, 2609528, 1510463, 'Stay']
[1456506, 1437759, 1687595, 127005, 2614711, 3242983, 1967958, 2699910, 665322, 899655, 1763962, 1640321, 1757203, 973317, 2522940, 1466175, 'Stay']
[1455316, 1438248, 1681468, 122703, 2604538, 3278626, 1996550, 2727643, 651150, 885804, 1881959, 1670427, 1817415, 985082, 2604520, 1505928, 'Stay']
[1457812, 1439523, 1687939, 126577, 2614277, 3239897, 1962853, 2697875, 664840, 899444, 1771026, 1638773, 1759492, 972539, 2531106, 1472448, 'Stay']
[1454453, 1437592, 1680546, 122773, 2605264, 3283441, 2002190, 2731976, 650822, 886336, 1873749, 1669890, 1814495, 985010, 2597818, 1502403, 'Stay']
[1458974, 1441979, 1686967, 127690, 2613420, 3237321, 1959155, 2695327, 664470, 900315, 1781630, 1639280, 1764136, 972808, 2541173, 1479351, 'Stay']
[1452232, 1436146, 1679056, 123042, 2605226, 3284914, 2005333, 2732963, 650799, 886757, 1860719, 1669248, 1808880, 984066, 2587706, 1495558, 'Stay']
[1459559, 1444104, 1686401, 128237, 2610088, 3235757, 1956002, 2694446, 662787, 899098, 1794188, 1641599, 1769787, 972407, 2552623, 1485716, 'Stay']
[1451670, 1435813, 1679141, 123665, 2606198, 3285700, 2007836, 2735050, 651380, 888114, 1846030, 1668589, 1802533, 982920, 2577244, 1489059, 'Stay']
[1461110, 1446564, 1687083, 128169, 2609705, 3236859, 1956051, 2695649, 661782, 898640, 1810883, 1645582, 1777669, 973505, 2566530, 1494250, 'Stay']
[1451530, 1434926, 1680103, 123078, 2607970, 3283044, 2006797, 2732869, 653245, 890069, 1830008, 1666921, 1794664, 981789, 2565314, 1481702, 'Stay']
[1462142, 1447185, 1686411, 127413, 2607943, 3238164, 1955874, 2696377, 660410, 896963, 1827175, 1649903, 1785690, 974226, 2578435, 1499647, 'Stay']
[1450770, 1433689, 1679823, 123230, 2609014, 3279905, 2004204, 2729948, 655023, 891661, 1813838, 1663960, 1786709, 979657, 2553031, 1474656, 'Stay']
[1461658, 1447474, 1685236, 127756, 2605935, 3242002, 1958462, 2698678, 658238, 894504, 1843448, 1653155, 1793618, 974501, 2590058, 1505632, 'Stay']
[1451217, 1434118, 1680710, 125443, 2610809, 3275741, 2000250, 2725954, 656975, 893528, 1797636, 1660535, 1778535, 978046, 2541772, 1468696, 'Stay']
[1461732, 1447921, 1684710, 128990, 2605277, 3246743, 1962251, 2701300, 656710, 893070, 1858286, 1658019, 1801341, 976605, 2599397, 1509447, 'Stay']
[1451284, 1434098, 1681437, 127681, 2611797, 3271191, 1996880, 2722029, 658779, 895282, 1784250, 1657310, 1771660, 977380, 2532384, 1464457, 'Stay']
[1460617, 1447003, 1682686, 130031, 2603522, 3254054, 1968689, 2707473, 654601, 891066, 1871718, 1663535, 1808800, 978209, 2607627, 1513805, 'Stay']
[1451594, 1434281, 1681470, 129842, 2611882, 3266121, 1991044, 2718022, 660063, 896702, 1773687, 1654966, 1765983, 975193, 2525551, 1463228, 'Stay']
[1459355, 1445781, 1681937, 131052, 2602995, 3260683, 1974083, 2711937, 653043, 889485, 1881333, 1668827, 1814468, 979320, 2612310, 1515843, 'Stay']
[1451977, 1434973, 1682676, 132121, 2613062, 3260360, 1984296, 2713316, 661388, 897897, 1765746, 1652330, 1761127, 973927, 2520705, 1461879, 'Stay']
[1457690, 1443965, 1680635, 131461, 2601844, 3267265, 1980852, 2717496, 651196, 887864, 1887531, 1672512, 1818789, 981088, 2614465, 1515889, 'Stay']
[1453522, 1436602, 1684003, 133679, 2613897, 3253792, 1978105, 2707752, 662594, 899239, 1762107, 1649923, 1758574, 972328, 2519331, 1462536, 'Stay']
[1457123, 1442872, 1680672, 131953, 2602839, 3273309, 1988274, 2722163, 650624, 887688, 1889270, 1675845, 1820543, 982444, 2613243, 1513571, 'Stay']
[1454967, 1437947, 1685307, 134565, 2614112, 3248392, 1971744, 2703281, 663725, 900572, 1762884, 1648042, 1757646, 972490, 2521472, 1465212, 'Stay']
[1455474, 1440616, 1680502, 131804, 2603449, 3279353, 1994848, 2727105, 650279, 887393, 1887015, 1677737, 1819984, 984149, 2609201, 1510458, 'Stay']
[1455732, 1438683, 1685864, 134652, 2613343, 3244747, 1966563, 2700427, 664255, 900756, 1768504, 1646386, 1759404, 972220, 2527242, 1470598, 'Stay']
[1453680, 1438289, 1679540, 130926, 2603790, 3283951, 2000436, 2731019, 649905, 886357, 1880465, 1677006, 1817449, 983962, 2602254, 1506366, 'Stay']
[1457328, 1440942, 1686220, 135393, 2612730, 3241406, 1961832, 2697659, 664041, 900324, 1777314, 1645725, 1762277, 972548, 2535169, 1476683, 'Stay']
[1452377, 1437030, 1679095, 131210, 2604296, 3286235, 2003464, 2732665, 650720, 886851, 1869778, 1677215, 1812471, 984771, 2591945, 1499481, 'Stay']
[1458699, 1443218, 1687083, 135915, 2611246, 3238991, 1957701, 2695234, 663482, 899620, 1789807, 1648120, 1767177, 973622, 2544720, 1483022, 'Stay']
[1451535, 1436136, 1679748, 131112, 2605645, 3287402, 2006508, 2733726, 651342, 887525, 1856366, 1677415, 1806080, 984776, 2580649, 1492997, 'Stay']
[1459895, 1445087, 1687641, 135993, 2609700, 3238976, 1956448, 2695017, 662653, 898940, 1804530, 1652568, 1773979, 974763, 2556446, 1490167, 'Stay']
[1450550, 1434360, 1680514, 130709, 2606687, 3287209, 2007175, 2733530, 652684, 888706, 1841088, 1677298, 1799207, 984418, 2568378, 1486023, 'Stay']
[1460490, 1445609, 1687387, 135010, 2608873, 3240577, 1956184, 2695960, 661019, 897387, 1820845, 1656441, 1781381, 975398, 2568133, 1496854, 'Stay']
[1450649, 1433392, 1681451, 130700, 2609307, 3285674, 2007367, 2732506, 654527, 890606, 1824974, 1674576, 1791362, 982904, 2555799, 1478975, 'Stay']
[1461186, 1446472, 1687705, 134685, 2607636, 3243866, 1958391, 2698400, 660177, 896075, 1837792, 1660374, 1790114, 976554, 2580527, 1503875, 'Stay']
[1450193, 1433009, 1681978, 130986, 2610506, 3282490, 2004653, 2730206, 656002, 892179, 1809043, 1670936, 1783667, 981476, 2544430, 1474136, 'Stay']
[1460807, 1446962, 1686969, 134170, 2606282, 3247779, 1961315, 2701078, 658473, 894418, 1853365, 1664220, 1798175, 978673, 2590918, 1509557, 'Stay']
[1449956, 1433195, 1682525, 131264, 2611286, 3277536, 2000588, 2726223, 657879, 893933, 1793836, 1666978, 1775908, 980602, 2533702, 1468907, 'Stay']
[1460531, 1447195, 1685931, 133712, 2604451, 3253591, 1966129, 2706200, 655918, 892315, 1867699, 1668407, 1806154, 980857, 2600384, 1514603, 'Stay']
[1450987, 1434417, 1684200, 131895, 2612930, 3271394, 1994634, 2721476, 660167, 896424, 1781300, 1663295, 1769642, 979993, 2525287, 1465797, 'Stay']
[1459622, 1446440, 1684917, 131774, 2603601, 3259337, 1971877, 2710750, 654583, 890699, 1879126, 1672111, 1812466, 982828, 2606955, 1516987, 'Stay']
[1451733, 1434676, 1685098, 131114, 2613608, 3264991, 1988425, 2716668, 661556, 897399, 1771631, 1657989, 1763891, 977602, 2519700, 1464098, 'Stay']
[1458566, 1444850, 1684504, 131093, 2603269, 3265415, 1978074, 2715577, 653002, 888687, 1886606, 1674164, 1817300, 983521, 2610863, 1517938, 'Stay']
[1452525, 1435650, 1685945, 131811, 2613523, 3258891, 1981793, 2711299, 662733, 898272, 1764763, 1653890, 1760405, 976385, 2517071, 1464131, 'Stay']
[1456875, 1443332, 1683701, 130879, 2602686, 3272601, 1985662, 2721079, 651817, 887595, 1889577, 1676991, 1820106, 984814, 2611495, 1517288, 'Stay']
[1453170, 1436699, 1687142, 132633, 2613776, 3253839, 1975949, 2707105, 663384, 899028, 1762978, 1651104, 1758852, 975309, 2518221, 1467166, 'Stay']
[1455375, 1441685, 1683097, 130286, 2602703, 3279220, 1992020, 2726074, 650539, 886468, 1889316, 1678929, 1821272, 985609, 2609676, 1515874, 'Stay']
[1455295, 1439296, 1689025, 133647, 2614315, 3248802, 1969142, 2702215, 664531, 900342, 1765660, 1649684, 1759202, 974694, 2522182, 1471202, 'Stay']
[1453938, 1439598, 1682310, 128933, 2603545, 3283205, 1996939, 2728598, 650550, 886362, 1884362, 1680033, 1819659, 986245, 2603708, 1510910, 'Stay']
[1455906, 1440149, 1688869, 132536, 2612904, 3244514, 1963799, 2698676, 664205, 899693, 1772391, 1648303, 1760878, 973624, 2528280, 1475645, 'Stay']
[1452459, 1437921, 1682194, 128257, 2604073, 3286940, 2002671, 2732271, 650310, 886144, 1876239, 1679561, 1816075, 985919, 2595810, 1505928, 'Stay']
[1457564, 1442380, 1689798, 133238, 2612578, 3241462, 1960444, 2696376, 663971, 899862, 1782937, 1648696, 1765272, 974160, 2537815, 1482330, 'Stay']
[1450981, 1436109, 1682531, 128035, 2604630, 3288790, 2005657, 2733960, 650865, 886833, 1863820, 1678534, 1811012, 986017, 2585418, 1499241, 'Stay']
[1458544, 1443980, 1690789, 133395, 2610954, 3240793, 1957509, 2695804, 662904, 898822, 1796196, 1649812, 1771318, 974611, 2548697, 1489482, 'Stay']
[1450246, 1434925, 1683532, 128101, 2607005, 3289686, 2008591, 2735142, 652018, 887946, 1849841, 1677069, 1804703, 985083, 2574637, 1493394, 'Stay']
[1459269, 1445189, 1691066, 132974, 2609181, 3240280, 1955354, 2695203, 662082, 897751, 1811529, 1653024, 1778682, 974267, 2560741, 1496410, 'Stay']
[1449820, 1434393, 1684692, 128274, 2608041, 3287564, 2006615, 2733161, 653486, 889313, 1832782, 1675364, 1796908, 982949, 2561081, 1485062, 'Stay']
[1460059, 1446525, 1691553, 132645, 2608560, 3242849, 1956461, 2696908, 660900, 896687, 1827634, 1658221, 1786677, 975729, 2572874, 1502889, 'Stay']
[1449138, 1433402, 1685004, 128090, 2609325, 3285599, 2005934, 2732153, 655033, 891055, 1816637, 1673925, 1788980, 981726, 2549751, 1479563, 'Stay']
[1460359, 1447220, 1690360, 132056, 2606973, 3247415, 1959435, 2700980, 659149, 894771, 1844163, 1663390, 1794759, 977126, 2585206, 1510126, 'Stay']
[1449424, 1433086, 1685465, 128110, 2610357, 3281091, 2002269, 2728443, 657133, 892662, 1800451, 1670698, 1780394, 980575, 2538746, 1474449, 'Stay']
[1459860, 1446524, 1689320, 130697, 2605458, 3251482, 1962616, 2703762, 657487, 892400, 1858462, 1667616, 1802006, 978418, 2594597, 1514314, 'Stay']
[1449840, 1433326, 1686534, 128384, 2612828, 3275014, 1996021, 2723499, 659013, 894066, 1785861, 1666252, 1772775, 978801, 2528624, 1469534, 'Stay']
[1459137, 1446096, 1688625, 130004, 2604967, 3256259, 1967540, 2707293, 655545, 890654, 1870820, 1671237, 1808920, 980239, 2601911, 1516652, 'Stay']
[1449031, 1432698, 1686785, 127811, 2612773, 3269102, 1991253, 2719113, 660141, 895322, 1774032, 1662630, 1766815, 976988, 2521387, 1465990, 'Stay']
[1457266, 1444241, 1686953, 128048, 2602499, 3263377, 1974177, 2713468, 652917, 887861, 1880684, 1674781, 1814724, 980669, 2608554, 1519472, 'Stay']
[1451103, 1434678, 1689040, 128905, 2614487, 3263646, 1985408, 2714668, 661615, 896515, 1766223, 1657826, 1761931, 975130, 2518122, 1466148, 'Stay']
