[2229336, 3257054, 853747, 1293070, 1912527, 676790, -93875, 2294946, 475727, 1111525, 1952623, 1560921, 2259788, 1010891, 509464, -147476, 'Up']
[2243203, 3257360, 869882, 1295882, 1913575, 677940, -94496, 2332625, 475300, 1111815, 1908326, 1565238, 2244795, 1014471, 513324, -142576, 'Up']
[2229402, 3256313, 853042, 1293525, 1913178, 676658, -93248, 2298179, 475643, 1111690, 1960758, 1566907, 2262849, 1011905, 510889, -145772, 'Up']
[2242658, 3256546, 867951, 1296083, 1913457, 677404, -95345, 2328749, 474987, 1111606, 1900890, 1559419, 2242734, 1013953, 512107, -143390, 'Up']
[2230098, 3256092, 853679, 1293769, 1913043, 677064, -93235, 2302974, 474807, 1111023, 1966550, 1572518, 2264747, 1011719, 512406, -145226, 'Up']
[2242806, 3256759, 867411, 1296589, 1914227, 678451, -95069, 2324783, 475902, 1112362, 1894843, 1555005, 2241204, 1014117, 512112, -143363, 'Up']
[2231080, 3255390, 854713, 1293509, 1913340, 676296, -94474, 2306781, 474500, 1110664, 1969402, 1577911, 2265863, 1011839, 513877, -144454, 'Up']
[2241435, 3256290, 866192, 1296558, 1913524, 677812, -94188, 2319265, 475572, 1111906, 1891893, 1549917, 2240158, 1013093, 510325, -144633, 'Up']
[2231875, 3255074, 857019, 1293518, 1913395, 676247, -93732, 2311817, 473905, 1110317, 1970099, 1581343, 2266187, 1012075, 515010, -143904, 'Up']
[2239730, 3255710, 865029, 1295763, 1914285, 678189, -95666, 2314402, 475656, 1111812, 1892216, 1546635, 2240508, 1012546, 509711, -145385, 'Up']
[2233075, 3254690, 858786, 1292706, 1912958, 676870, -92859, 2319121, 473422, 1109688, 1968631, 1584037, 2265650, 1012005, 515547, -143226, 'Up']
[2237807, 3256313, 861712, 1295030, 1913742, 678523, -94872, 2308518, 475641, 1111706, 1895649, 1544117, 2241924, 1011728, 508669, -146569, 'Up']
[2234581, 3254737, 860144, 1291786, 1911575, 676177, -95979, 2322388, 472736, 1109320, 1963796, 1584421, 2263576, 1011879, 514514, -144383, 'Up']
[2235933, 3256557, 860069, 1294605, 1912503, 678776, -94488, 2304731, 475214, 1110819, 1900795, 1542897, 2243351, 1010717, 506210, -148036, 'Up']
[2236389, 3254866, 863294, 1292041, 1911275, 675697, -94936, 2327987, 473247, 1109434, 1957746, 1585583, 2261568, 1012337, 514921, -142941, 'Up']
[2233449, 3255696, 858286, 1293971, 1912350, 677373, -94621, 2299476, 474864, 1110024, 1907837, 1544346, 2245453, 1009480, 506088, -149052, 'Up']
[2237402, 3254368, 865309, 1292873, 1912294, 675827, -95082, 2331597, 472879, 1108784, 1949261, 1584820, 2258506, 1012158, 516059, -142646, 'Up']
[2231006, 3254783, 855595, 1293956, 1913453, 677274, -95080, 2295734, 475162, 1110265, 1915414, 1546304, 2248223, 1010047, 507942, -148454, 'Up']
[2238254, 3252939, 865734, 1292929, 1912437, 675896, -95966, 2335192, 472035, 1108182, 1938831, 1581834, 2255067, 1011976, 516764, -142660, 'Up']
[2229448, 3253811, 853199, 1293394, 1913340, 677410, -95042, 2294327, 474527, 1109761, 1924803, 1549380, 2251651, 1009439, 508573, -148358, 'Up']
[2239178, 3252711, 866699, 1293313, 1912962, 676853, -94072, 2335574, 472657, 1108703, 1928718, 1578592, 2252533, 1012574, 516339, -142471, 'Up']
[2227851, 3253291, 851761, 1293043, 1913094, 677896, -93434, 2294150, 474377, 1109488, 1934502, 1553828, 2255425, 1009428, 509180, -148434, 'Up']
[2239968, 3252768, 866820, 1293284, 1912283, 676470, -98323, 2335828, 472395, 1108563, 1918042, 1573870, 2249563, 1012294, 514695, -143158, 'Up']
[2228060, 3253870, 851403, 1292696, 1913018, 677267, -93266, 2294973, 474063, 1109418, 1943881, 1558660, 2258633, 1009265, 508831, -148738, 'Up']
[2241356, 3253894, 867662, 1294305, 1912711, 677438, -94249, 2334348, 473327, 1109508, 1908984, 1569003, 2246459, 1012672, 514680, -143178, 'Up']
[2228104, 3253844, 851230, 1292471, 1912686, 676765, -93933, 2296828, 473609, 1109326, 1953297, 1564633, 2261367, 1009400, 510326, -147791, 'Up']
[2241310, 3253974, 866760, 1294383, 1912873, 676976, -95331, 2330373, 473366, 1109558, 1901121, 1563120, 2243547, 1012190, 512955, -144498, 'Up']
[2227805, 3253567, 851111, 1292326, 1913029, 676147, -93965, 2299991, 472744, 1108377, 1960609, 1569917, 2263417, 1008977, 511273, -147767, 'Up']
[2240582, 3254060, 866329, 1294742, 1912983, 676759, -97235, 2326502, 473540, 1109618, 1894573, 1557554, 2241252, 1012115, 512002, -144764, 'Up']
[2228298, 3253298, 852995, 1292549, 1912781, 676155, -93584, 2304964, 472553, 1108546, 1966428, 1575710, 2265814, 1009839, 513720, -146256, 'Up']
[2239448, 3253696, 866147, 1295181, 1914407, 677516, -94653, 2322008, 473578, 1109695, 1891208, 1552724, 2241222, 1011756, 511996, -145043, 'Up']
[2228915, 3252534, 855233, 1292277, 1913168, 676435, -92599, 2310337, 472348, 1107820, 1968821, 1579916, 2267550, 1010166, 515262, -145100, 'Up']
[2238224, 3253699, 864165, 1294879, 1913818, 678044, -94812, 2317192, 473969, 1109527, 1890333, 1548242, 2241825, 1011366, 511361, -145491, 'Up']
[2230519, 3252459, 856379, 1291581, 1912524, 676163, -93958, 2315011, 472301, 1107636, 1968051, 1582826, 2267299, 1010567, 516081, -144454, 'Up']
[2236762, 3253766, 862013, 1294303, 1913481, 677663, -95136, 2310436, 474057, 1109479, 1892015, 1545618, 2242470, 1010487, 509323, -147742, 'Up']
[2232115, 3252764, 858699, 1291920, 1912341, 675965, -95242, 2320635, 471949, 1107888, 1965213, 1585546, 2266082, 1010958, 516463, -144426, 'Up']
[2235379, 3254473, 859900, 1294734, 1913642, 677912, -96075, 2305653, 474108, 1109799, 1896553, 1544483, 2243732, 1010345, 508219, -148273, 'Up']
[2234215, 3253252, 860473, 1292621, 1912106, 675600, -93980, 2325777, 472112, 1108312, 1959830, 1586474, 2263870, 1011645, 516760, -143771, 'Up']
[2233680, 3254636, 857642, 1294787, 1913752, 677561, -95494, 2301281, 474463, 1109925, 1902859, 1544409, 2245877, 1010024, 508822, -148247, 'Up']
[2235769, 3252995, 862574, 1292837, 1912240, 675422, -96576, 2330091, 471807, 1108294, 1952854, 1585608, 2261708, 1011624, 517328, -143257, 'Up']
[2231466, 3254179, 855826, 1294646, 1913407, 677401, -93189, 2297834, 474057, 1109628, 1911557, 1545483, 2248922, 1009479, 508952, -148408, 'Up']
[2237762, 3253753, 864617, 1293705, 1913085, 675314, -96269, 2332644, 472053, 1108096, 1944686, 1583773, 2259062, 1011849, 518006, -143104, 'Up']
[2231546, 3255418, 854040, 1294911, 1913809, 677240, -93261, 2294959, 475062, 1110576, 1921102, 1548488, 2252230, 1009707, 509878, -148455, 'Up']
[2240756, 3254814, 866054, 1294627, 1912992, 676362, -96341, 2335518, 473010, 1109585, 1935893, 1581553, 2257006, 1012829, 518333, -142325, 'Up']
[2230662, 3255447, 852047, 1294441, 1913018, 677336, -95345, 2293514, 475012, 1110909, 1931592, 1552405, 2256107, 1010150, 509946, -148484, 'Up']
[2241865, 3254589, 866586, 1294709, 1913139, 676701, -95028, 2335355, 473276, 1109843, 1925706, 1577159, 2253336, 1013359, 517587, -143039, 'Up']
[2229605, 3254706, 850456, 1293787, 1913865, 677147, -95292, 2293200, 474886, 1110536, 1941423, 1556777, 2259196, 1009972, 510919, -148808, 'Up']
[2242399, 3254158, 866157, 1294623, 1913198, 676302, -96476, 2333587, 473486, 1109866, 1915304, 1571658, 2250137, 1013139, 516473, -143823, 'Up']
[2229060, 3254243, 849957, 1292967, 1913718, 675921, -94227, 2294347, 474314, 1109861, 1950884, 1561409, 2262573, 1009558, 511369, -148862, 'Up']
[2242691, 3254542, 866363, 1295140, 1913331, 676218, -96277, 2331218, 473867, 1110125, 1906830, 1565624, 2247450, 1012657, 515237, -144847, 'Up']
[2229689, 3254289, 851212, 1293192, 1913035, 675527, -94772, 2297522, 474436, 1109745, 1959469, 1567357, 2265470, 1009467, 512883, -147955, 'Up']
[2243017, 3255336, 867805, 1296288, 1914937, 676945, -95587, 2328212, 474492, 1110505, 1899407, 1559920, 2245092, 1012370, 514070, -144782, 'Up']
[2229760, 3254751, 853549, 1293516, 1913226, 675383, -93264, 2301650, 474232, 1109686, 1966341, 1573436, 2267804, 1010214, 514436, -146573, 'Up']
[2241923, 3255498, 867609, 1296239, 1913384, 676544, -96084, 2323754, 475061, 1110611, 1894780, 1555190, 2244227, 1012234, 513045, -145373, 'Up']
[2230212, 3254771, 854594, 1293730, 1912828, 675371, -93901, 2305071, 474108, 1109481, 1970021, 1578562, 2269807, 1010345, 515457, -146158, 'Up']
[2240322, 3255297, 865795, 1296305, 1913297, 677245, -96683, 2317795, 475197, 1110899, 1891242, 1550581, 2243441, 1011967, 512126, -146219, 'Up']
[2231058, 3253668, 856258, 1292885, 1912409, 675230, -95976, 2311173, 472954, 1108791, 1969579, 1581788, 2269751, 1010515, 515882, -145754, 'Up']
[2238978, 3254541, 862827, 1295750, 1913617, 677899, -96293, 2313279, 474408, 1110442, 1892241, 1546927, 2244849, 1011246, 510178, -147395, 'Up']
[2231788, 3252719, 855799, 1292454, 1912810, 675624, -94808, 2316345, 472233, 1108492, 1967761, 1584532, 2269606, 1011093, 516214, -145319, 'Up']
[2236520, 3253946, 859392, 1294867, 1913240, 677108, -96610, 2307236, 474299, 1110005, 1893932, 1544517, 2245295, 1010495, 509161, -148696, 'Up']
[2233763, 3252432, 858835, 1291968, 1912439, 674583, -95859, 2322232, 471885, 1108119, 1962654, 1585729, 2267740, 1011181, 516526, -145151, 'Up']
[2234966, 3254102, 858370, 1294627, 1913432, 676542, -95693, 2302491, 474215, 1109681, 1899866, 1543584, 2247704, 1009799, 508617, -149457, 'Up']
[2235349, 3252606, 861913, 1292311, 1912503, 674043, -96512, 2326145, 472335, 1107862, 1956458, 1585627, 2265759, 1011159, 516998, -144781, 'Up']
[2232891, 3254026, 857119, 1294293, 1913674, 676410, -95393, 2298512, 474506, 1109208, 1907035, 1544124, 2250326, 1009090, 508517, -149905, 'Up']
[2237372, 3253234, 864449, 1293338, 1912670, 675221, -96714, 2330457, 472317, 1108098, 1948920, 1584561, 2263598, 1011856, 517459, -144075, 'Up']
[2231308, 3254498, 855925, 1294867, 1914147, 677708, -93631, 2295652, 474612, 1109500, 1915835, 1546269, 2253489, 1009488, 509263, -149270, 'Up']
[2238612, 3253457, 866561, 1293735, 1912563, 675607, -95934, 2333672, 472520, 1108225, 1939898, 1582218, 2260762, 1012376, 518271, -143028, 'Up']
[2229433, 3254279, 853934, 1294138, 1912980, 676800, -95075, 2292910, 474386, 1109308, 1926057, 1549704, 2257231, 1009161, 509251, -149724, 'Up']
[2239346, 3253305, 866820, 1294062, 1912554, 676073, -97506, 2334112, 472344, 1107989, 1929918, 1578362, 2257560, 1011980, 516223, -144423, 'Up']
[2228400, 3253757, 852134, 1293692, 1913505, 677708, -94372, 2292530, 473941, 1109077, 1935283, 1553522, 2260036, 1009050, 509373, -149764, 'Up']
[2240530, 3253132, 867309, 1294077, 1912904, 676452, -95734, 2333891, 472276, 1108631, 1919354, 1573931, 2254179, 1012583, 516196, -144330, 'Up']
[2228072, 3253531, 850794, 1293135, 1913496, 677040, -94247, 2292801, 473530, 1109189, 1944987, 1558724, 2263060, 1009139, 510303, -150116, 'Up']
[2241062, 3252905, 866733, 1294022, 1913395, 676136, -96447, 2332241, 472444, 1109024, 1909069, 1568409, 2250147, 1012407, 515330, -145366, 'Up']
[2227918, 3253183, 850468, 1292483, 1913311, 675557, -95107, 2294873, 472941, 1108659, 1953368, 1564222, 2265379, 1008899, 511211, -150341, 'Up']
[2241780, 3254011, 867096, 1295074, 1913291, 676127, -95959, 2329824, 472859, 1109587, 1901159, 1563249, 2247852, 1012368, 514036, -146271, 'Up']
[2228642, 3253989, 851333, 1293198, 1913553, 675779, -92399, 2299005, 472848, 1109249, 1961900, 1570795, 2269081, 1009810, 512929, -149064, 'Up']
[2241212, 3254264, 865696, 1295360, 1913269, 677096, -96289, 2326246, 473379, 1110147, 1895455, 1557728, 2246807, 1012629, 513076, -145997, 'Up']
[2228753, 3253595, 851670, 1292505, 1913663, 676056, -93538, 2303770, 472177, 1108668, 1966654, 1575506, 2270618, 1010121, 513082, -147526, 'Up']
[2240163, 3254599, 864442, 1295327, 1914289, 677941, -93230, 2322001, 473275, 1109887, 1891657, 1552350, 2245697, 1012208, 510677, -146434, 'Up']
[2229723, 3254069, 853309, 1292466, 1913503, 676720, -92396, 2309141, 472156, 1108481, 1968947, 1579763, 2271559, 1010729, 513666, -146264, 'Up']
[2238752, 3255404, 863055, 1295377, 1914145, 678359, -93579, 2315282, 473928, 1110048, 1890136, 1548511, 2244885, 1011826, 509687, -147096, 'Up']
[2230455, 3254081, 855544, 1292204, 1912984, 676504, -94500, 2313178, 472092, 1108374, 1968135, 1583726, 2270442, 1011329, 514580, -145864, 'Up']
[2236927, 3255634, 861336, 1294948, 1914796, 678705, -94237, 2309335, 473865, 1110294, 1891939, 1546030, 2245306, 1011536, 507855, -148852, 'Up']
[2232181, 3254385, 857912, 1291963, 1912389, 676283, -95094, 2318717, 471797, 1108276, 1965227, 1585310, 2268902, 1011499, 514932, -146298, 'Up']
[2235805, 3256018, 859999, 1295051, 1914046, 678313, -94129, 2304807, 474382, 1110553, 1896628, 1544321, 2246768, 1011256, 507244, -149905, 'Up']
[2234033, 3254281, 860970, 1293023, 1913293, 676120, -92256, 2324094, 472231, 1108728, 1960836, 1586341, 2267716, 1012245, 516444, -145060, 'Up']
[2233388, 3255616, 857800, 1295711, 1914272, 678577, -91862, 2300329, 474503, 1110341, 1903456, 1544197, 2249179, 1010771, 507886, -149760, 'Up']
[2235782, 3254207, 862834, 1293659, 1913345, 676160, -93425, 2328445, 472174, 1108878, 1953395, 1586231, 2265237, 1012705, 517203, -144102, 'Up']
[2231423, 3255488, 855697, 1295093, 1914354, 678205, -94390, 2295589, 474413, 1110305, 1911203, 1545771, 2252071, 1010314, 507711, -150068, 'Up']
[2237411, 3254232, 864746, 1293866, 1913877, 676403, -93009, 2331249, 471843, 1108603, 1944265, 1583832, 2262332, 1012562, 516746, -144475, 'Up']
[2230277, 3255788, 854416, 1295365, 1915280, 679022, -89007, 2294623, 474199, 1110122, 1920853, 1548289, 2255674, 1009965, 509419, -149511, 'Up']
[2239156, 3254362, 866303, 1294556, 1914294, 677678, -92825, 2334955, 472599, 1109315, 1934996, 1581570, 2259754, 1013532, 518863, -142893, 'Up']
[2228734, 3255131, 851885, 1294514, 1915243, 678821, -91463, 2292917, 473934, 1109660, 1931007, 1552272, 2259283, 1009840, 509695, -149546, 'Up']
[2240044, 3254447, 866204, 1294625, 1913917, 677956, -93524, 2334201, 472451, 1109227, 1924181, 1576732, 2256110, 1013272, 516721, -144190, 'Up']
[2228303, 3254810, 850571, 1293936, 1913979, 678676, -92130, 2293163, 473695, 1109677, 1940333, 1556482, 2261978, 1009720, 510034, -149918, 'Up']
[2240829, 3254170, 866523, 1294724, 1913410, 677740, -94536, 2333832, 472344, 1109218, 1914346, 1571200, 2252483, 1012947, 515440, -145075, 'Up']
[2228130, 3254757, 850568, 1293747, 1914383, 678072, -93518, 2295340, 473276, 1109352, 1950210, 1561866, 2265130, 1009507, 510651, -149818, 'Up']
[2241666, 3254836, 867356, 1295504, 1914608, 677864, -92843, 2332045, 472724, 1109694, 1906758, 1566483, 2250667, 1012720, 514479, -145629, 'Up']
[2228220, 3254920, 851670, 1294005, 1913920, 677697, -91763, 2297751, 473332, 1109656, 1959412, 1567789, 2268245, 1010050, 512021, -149074, 'Up']
[2241011, 3255193, 867563, 1296193, 1913542, 678389, -96344, 2327610, 473572, 1110227, 1898838, 1560628, 2247541, 1013014, 513418, -145800, 'Up']
[2227891, 3255050, 853009, 1293862, 1913619, 677818, -92974, 2300773, 472918, 1109275, 1964923, 1572906, 2269529, 1010254, 512681, -148583, 'Up']
[2239996, 3255242, 867052, 1296131, 1914994, 678929, -93333, 2323874, 473630, 1110416, 1893681, 1554830, 2245810, 1012674, 512862, -146074, 'Up']
[2227940, 3253809, 853767, 1292479, 1913869, 676875, -92773, 2305850, 472110, 1108261, 1969470, 1577142, 2270849, 1009962, 514978, -147496, 'Up']
[2238799, 3254922, 864624, 1295460, 1914530, 678910, -94850, 2318491, 473765, 1109809, 1891601, 1549350, 2244790, 1011521, 511234, -147743, 'Up']
[2229640, 3253740, 855344, 1292367, 1913968, 676784, -91739, 2311449, 472192, 1108169, 1970190, 1581188, 2270582, 1010323, 515755, -146985, 'Up']
[2237173, 3254419, 863054, 1295079, 1914781, 678019, -92710, 2312891, 473605, 1110024, 1892262, 1546528, 2245076, 1010881, 510772, -148953, 'Up']
[2230910, 3253183, 856583, 1292492, 1913947, 675688, -93098, 2315720, 471336, 1107962, 1968646, 1583658, 2269951, 1010200, 516709, -147408, 'Up']
[2236141, 3254520, 860153, 1295832, 1914773, 678534, -95159, 2307618, 474026, 1110148, 1895805, 1544241, 2246157, 1010452, 510230, -149907, 'Up']
[2233031, 3253179, 858360, 1293487, 1913667, 677021, -93431, 2322514, 471699, 1108281, 1964726, 1585837, 2268731, 1011223, 517739, -145815, 'Up']
[2234276, 3254990, 857843, 1296467, 1915001, 679756, -90809, 2303145, 474159, 1110534, 1901106, 1544337, 2248199, 1010687, 510568, -149300, 'Up']
[2234159, 3252884, 860369, 1293496, 1913246, 677227, -93874, 2327347, 471339, 1108409, 1958126, 1586127, 2266421, 1011843, 518855, -144966, 'Up']
[2232412, 3255174, 855766, 1296059, 1914932, 680245, -92065, 2299118, 473886, 1110028, 1909010, 1544445, 2250582, 1009979, 509878, -150119, 'Up']
[2236580, 3253917, 863174, 1294452, 1913376, 678373, -94354, 2331280, 471934, 1108944, 1950442, 1584519, 2262957, 1012721, 519034, -143926, 'Up']
[2230579, 3255132, 853672, 1295842, 1915111, 680196, -90966, 2294910, 474087, 1110289, 1917301, 1546271, 2251745, 1010258, 509644, -149760, 'Up']
[2237820, 3253720, 864271, 1294581, 1914094, 678330, -92761, 2332687, 471812, 1108741, 1940291, 1581679, 2257500, 1012686, 518815, -143938, 'Up']
[2229128, 3254751, 851793, 1294636, 1915210, 679568, -92449, 2292748, 473706, 1109646, 1926074, 1548977, 2252572, 1009555, 509883, -150111, 'Up']
[2239217, 3253981, 865618, 1294172, 1914437, 678181, -94270, 2334669, 471725, 1108783, 1930026, 1578077, 2252591, 1012507, 516905, -144932, 'Up']
[2227736, 3254193, 850971, 1293219, 1914947, 678325, -92601, 2292574, 473302, 1109250, 1936448, 1553156, 2254933, 1008897, 509738, -151034, 'Up']
[2240313, 3254138, 866504, 1294353, 1914631, 677359, -93471, 2333412, 471714, 1108704, 1920081, 1572762, 2248503, 1011853, 515905, -146090, 'Up']
[2227159, 3254002, 850686, 1293287, 1914060, 677864, -92414, 2292664, 473137, 1109270, 1945963, 1557617, 2257695, 1008562, 511016, -151138, 'Up']
[2240737, 3254280, 867229, 1295330, 1914407, 678541, -94562, 2332401, 472183, 1108932, 1910416, 1567236, 2245124, 1011980, 515605, -146200, 'Up']
[2227083, 3254089, 850625, 1293704, 1914309, 678671, -90815, 2295626, 472803, 1108941, 1955814, 1563392, 2260967, 1009136, 512412, -149978, 'Up']
[2240333, 3253719, 866635, 1295270, 1913747, 678497, -94580, 2329034, 472736, 1109215, 1902040, 1561538, 2242390, 1012053, 515758, -146178, 'Up']
[2227507, 3253380, 851773, 1293160, 1913781, 678552, -92800, 2300547, 472661, 1107926, 1963428, 1568656, 2263575, 1008723, 514032, -149317, 'Up']
[2240758, 3254278, 866579, 1296109, 1915022, 680024, -93283, 2326219, 473371, 1109100, 1896847, 1555745, 2241145, 1011638, 515016, -146430, 'Up']
[2228290, 3253392, 852937, 1293107, 1914719, 678483, -91912, 2304283, 472437, 1108070, 1968521, 1574031, 2265029, 1009652, 516377, -147952, 'Up']
[2239485, 3254109, 864771, 1295869, 1915311, 679828, -93604, 2322112, 473074, 1109328, 1893255, 1551268, 2239882, 1011521, 513301, -147314, 'Up']
[2228895, 3253119, 853208, 1292812, 1914563, 677839, -92155, 2309864, 471669, 1107648, 1970866, 1578841, 2265661, 1009608, 516489, -147555, 'Up']
[2238505, 3254539, 862843, 1295719, 1915586, 679238, -92520, 2315909, 473430, 1109429, 1892399, 1547367, 2239328, 1010709, 512279, -149069, 'Up']
[2230279, 3253149, 855157, 1292876, 1914264, 677904, -92097, 2315354, 471697, 1107920, 1970432, 1582158, 2265107, 1010154, 517688, -147436, 'Up']
[2236691, 3254528, 860933, 1296073, 1915513, 679905, -93046, 2311948, 473406, 1109611, 1894451, 1544720, 2240451, 1010337, 511302, -149520, 'Up']
[2231901, 3253076, 857157, 1293247, 1914332, 677173, -92266, 2319962, 471212, 1107810, 1967242, 1584139, 2264470, 1010538, 518359, -146497, 'Up']
[2235111, 3254740, 858927, 1296415, 1915170, 680195, -92400, 2306078, 473827, 1109818, 1898118, 1542989, 2242051, 1010196, 510909, -149692, 'Up']
[2233716, 3252819, 859952, 1293412, 1914046, 677681, -92641, 2325710, 471291, 1107773, 1961535, 1584452, 2262558, 1011132, 518457, -145641, 'Up']
[2233352, 3254526, 857633, 1296167, 1916165, 680637, -90898, 2301630, 473850, 1109803, 1905178, 1542779, 2245177, 1010155, 511005, -150128, 'Up']
[2235810, 3252918, 862762, 1293964, 1914453, 678504, -92264, 2330265, 471448, 1108076, 1954495, 1584296, 2260876, 1012037, 520106, -144712, 'Up']
[2231545, 3254189, 855789, 1295657, 1915517, 680573, -91082, 2298212, 473991, 1109822, 1912995, 1544337, 2247808, 1009991, 511352, -150122, 'Up']
[2237382, 3253022, 864535, 1294237, 1914899, 678422, -93770, 2334160, 471151, 1108223, 1946368, 1582282, 2258410, 1012392, 519745, -144623, 'Up']
[2230283, 3254155, 853111, 1295073, 1915431, 680098, -91918, 2294960, 473487, 1109805, 1922852, 1546395, 2251621, 1009797, 510800, -150893, 'Up']
[2238982, 3252901, 865137, 1294233, 1914381, 678301, -93674, 2335215, 471380, 1108343, 1936551, 1578988, 2255329, 1012546, 519053, -145061, 'Up']
[2228669, 3254079, 851585, 1294886, 1915681, 680233, -91153, 2294515, 473006, 1109296, 1933046, 1550152, 2255295, 1009256, 511217, -150866, 'Up']
[2239846, 3253096, 865954, 1294772, 1915100, 678337, -93266, 2335586, 471729, 1108673, 1926463, 1574879, 2252261, 1012472, 519048, -144646, 'Up']
[2227870, 3253602, 850710, 1293982, 1916299, 679090, -91777, 2294117, 472675, 1108674, 1942288, 1554350, 2257855, 1008713, 511882, -151065, 'Up']
[2240577, 3253527, 867228, 1295348, 1914910, 678581, -92635, 2334255, 471810, 1108774, 1916580, 1570051, 2248806, 1012504, 518365, -145147, 'Up']
[2227412, 3253762, 851386, 1294240, 1915383, 679209, -91479, 2295290, 472720, 1108487, 1951244, 1560071, 2260982, 1008729, 513399, -150365, 'Up']
[2240936, 3254122, 867948, 1296682, 1915978, 679959, -91783, 2333161, 472554, 1109512, 1907334, 1564762, 2246307, 1012944, 518322, -144813, 'Up']
[2227085, 3253049, 852131, 1293884, 1915396, 678483, -90632, 2298672, 472497, 1108464, 1959603, 1565772, 2264009, 1009410, 515751, -148695, 'Up']
[2240750, 3253312, 867573, 1296144, 1915717, 679546, -94069, 2330669, 472421, 1108754, 1899969, 1558318, 2244140, 1011919, 517053, -145866, 'Up']
[2227962, 3252900, 852572, 1293708, 1915588, 679138, -90249, 2304393, 472100, 1108019, 1966573, 1571025, 2266566, 1009563, 516886, -147807, 'Up']
[2240136, 3253565, 866062, 1296106, 1916206, 679917, -92528, 2325993, 473010, 1109198, 1894989, 1553449, 2242713, 1011907, 516233, -146575, 'Up']
[2228784, 3252937, 853075, 1293344, 1915442, 678901, -91620, 2308805, 471673, 1107775, 1969764, 1576364, 2267529, 1009866, 517564, -147920, 'Up']
[2238874, 3253743, 863810, 1295621, 1915769, 679678, -93477, 2321070, 472884, 1109216, 1892535, 1549201, 2242061, 1011409, 513937, -148243, 'Up']
[2229736, 3252841, 854162, 1292784, 1915649, 678381, -92039, 2313901, 471326, 1107617, 1970877, 1580417, 2267725, 1010050, 517813, -148031, 'Up']
[2237591, 3253877, 861456, 1295670, 1915411, 679907, -90960, 2316016, 473175, 1109400, 1893336, 1545730, 2242258, 1010857, 513178, -149053, 'Up']
[2231081, 3252482, 855979, 1293041, 1914848, 677774, -91811, 2318957, 471290, 1107510, 1968890, 1582573, 2266857, 1010393, 519825, -146578, 'Up']
[2236500, 3254435, 860354, 1296814, 1916335, 680736, -92982, 2310039, 473431, 1109531, 1896036, 1543537, 2243145, 1010184, 512669, -149547, 'Up']
[2232834, 3252103, 858780, 1293698, 1915686, 678073, -90811, 2325056, 471101, 1107908, 1964887, 1585045, 2265689, 1011313, 521167, -145011, 'Up']
[2234241, 3253723, 858068, 1296188, 1916970, 680082, -91929, 2305263, 473111, 1109332, 1901345, 1542313, 2245147, 1010049, 513344, -149353, 'Up']
[2234679, 3252296, 860636, 1293733, 1916183, 677775, -91529, 2328803, 470827, 1107697, 1958708, 1584351, 2263316, 1011481, 521654, -145088, 'Up']
[2232340, 3253638, 855592, 1295847, 1917149, 680346, -90743, 2300519, 473075, 1109483, 1908606, 1542926, 2247574, 1009580, 512532, -150660, 'Up']
[2236384, 3252419, 862520, 1294165, 1915650, 678629, -90587, 2333441, 470824, 1108197, 1950754, 1583413, 2261227, 1012175, 521553, -144005, 'Up']
[2230489, 3254029, 853402, 1295279, 1917445, 680775, -90713, 2296904, 472993, 1109433, 1917360, 1544818, 2250675, 1009725, 511940, -150214, 'Up']
[2238563, 3253518, 864115, 1294731, 1915292, 679694, -91203, 2335446, 471461, 1108450, 1940960, 1581013, 2257785, 1012839, 520341, -143976, 'Up']
[2229785, 3254943, 852097, 1295004, 1916075, 680803, -90238, 2295263, 473582, 1109719, 1927153, 1548546, 2253997, 1009813, 511571, -150108, 'Up']
[2239939, 3254252, 866765, 1294951, 1915887, 679572, -90355, 2337686, 472011, 1109118, 1932311, 1577866, 2255231, 1013260, 520143, -144002, 'Up']
[2228349, 3255252, 852348, 1294602, 1916147, 680389, -89758, 2295488, 473012, 1109154, 1938993, 1552466, 2258244, 1009289, 512367, -150631, 'Up']
[2240858, 3255002, 867953, 1295302, 1916755, 680354, -92908, 2336866, 472293, 1109562, 1922559, 1572910, 2252351, 1013267, 519316, -144639, 'Up']
[2227609, 3254885, 851792, 1293825, 1915228, 679600, -90208, 2295166, 472708, 1109299, 1948353, 1557375, 2261686, 1009221, 513106, -151019, 'Up']
[2240452, 3254438, 868405, 1295616, 1915871, 680104, -90314, 2335369, 472070, 1108873, 1912413, 1566906, 2249173, 1012355, 518521, -145943, 'Up']
[2227204, 3254423, 851724, 1294184, 1915521, 680017, -89630, 2297801, 472761, 1108992, 1957018, 1562763, 2265057, 1009606, 515504, -149290, 'Up']
[2240576, 3254188, 867414, 1295889, 1915500, 680341, -92487, 2331744, 472161, 1109369, 1903055, 1560922, 2246485, 1012495, 517718, -146518, 'Up']
[2227287, 3253678, 851553, 1293794, 1915986, 679653, -88936, 2301439, 471962, 1108387, 1963266, 1567607, 2266772, 1009375, 516556, -149104, 'Up']
[2240560, 3254464, 866571, 1296739, 1916863, 681015, -90695, 2328520, 472877, 1109738, 1896621, 1555237, 2244171, 1012238, 517289, -146298, 'Up']
[2228042, 3253588, 852621, 1293851, 1916125, 679674, -89215, 2306366, 471250, 1107952, 1968008, 1573206, 2268144, 1009195, 517947, -148505, 'Up']
[2239724, 3254631, 864600, 1297109, 1915594, 681117, -91770, 2323264, 472764, 1109992, 1893194, 1550579, 2243261, 1011642, 516185, -147344, 'Up']
[2229671, 3253846, 853095, 1294383, 1915102, 679528, -89996, 2310006, 471287, 1108439, 1969942, 1577489, 2268495, 1010206, 518673, -147768, 'Up']
[2239374, 3254925, 862546, 1297533, 1916478, 681390, -90415, 2318418, 473160, 1110465, 1892018, 1547005, 2243213, 1011458, 514796, -148505, 'Up']
[2230956, 3253260, 854209, 1294164, 1916602, 679500, -89638, 2317085, 471483, 1108786, 1970315, 1581899, 2269412, 1010856, 519892, -146741, 'Up']
[2237068, 3254120, 859846, 1296816, 1916194, 680609, -91472, 2312891, 472729, 1109902, 1893854, 1543545, 2244007, 1010332, 513056, -149968, 'Up']
[2232651, 3252789, 856321, 1294071, 1915063, 678652, -90072, 2321874, 471066, 1108205, 1967117, 1582866, 2268358, 1010582, 520058, -147102, 'Up']
[2235475, 3253642, 856549, 1296229, 1916054, 680974, -91519, 2307451, 473218, 1109967, 1898348, 1541699, 2246355, 1009924, 512549, -150870, 'Up']
[2234505, 3252637, 858093, 1294134, 1916155, 678867, -88479, 2327490, 470959, 1108140, 1961706, 1583324, 2266798, 1010945, 520826, -146458, 'Up']
[2233837, 3253904, 855442, 1296144, 1916885, 681310, -89960, 2303330, 473247, 1109355, 1905138, 1541416, 2248843, 1009415, 513496, -150579, 'Up']
[2235805, 3253137, 860087, 1293826, 1914677, 679275, -90391, 2331850, 470870, 1107895, 1954247, 1582627, 2264400, 1011487, 521208, -145569, 'Up']
[2231421, 3254716, 854274, 1295991, 1915961, 681532, -89975, 2299368, 472910, 1109274, 1912932, 1542538, 2251321, 1009153, 512446, -151522, 'Up']
[2237581, 3253650, 863883, 1294981, 1915305, 680078, -91623, 2334527, 471044, 1108123, 1946282, 1580932, 2261279, 1011890, 521405, -145515, 'Up']
[2230143, 3254739, 853284, 1296218, 1916386, 681916, -89375, 2297509, 473444, 1109873, 1922725, 1545977, 2254404, 1009734, 513746, -150246, 'Up']
[2238859, 3253480, 865316, 1295822, 1916572, 679996, -92464, 2336473, 471383, 1108268, 1936515, 1578180, 2257809, 1012040, 522172, -144650, 'Up']
[2229215, 3254258, 852533, 1296228, 1917510, 680890, -88884, 2294851, 473719, 1109438, 1931859, 1549199, 2256544, 1008984, 514032, -150664, 'Up']
[2240675, 3253354, 866853, 1296239, 1917610, 679426, -90311, 2336710, 472600, 1108915, 1926409, 1574379, 2253937, 1012376, 522275, -144290, 'Up']
[2228525, 3253342, 850502, 1294943, 1916668, 679649, -90468, 2294834, 473166, 1108730, 1942163, 1553384, 2259495, 1008061, 514737, -151243, 'Up']
[2241623, 3253453, 866047, 1296779, 1916646, 680271, -91678, 2336020, 472437, 1108751, 1916827, 1569290, 2250901, 1011903, 520824, -145349, 'Up']
[2229054, 3253846, 849977, 1295624, 1916673, 680398, -87993, 2296964, 473370, 1108990, 1952102, 1559862, 2263187, 1008771, 516391, -150072, 'Up']
[2242140, 3253372, 865239, 1296887, 1916203, 680120, -92033, 2333316, 472905, 1109134, 1907858, 1563828, 2247828, 1011794, 520043, -146209, 'Up']
[2228483, 3253027, 849176, 1294522, 1916441, 679615, -89459, 2299564, 472462, 1108046, 1960832, 1565198, 2266275, 1008173, 516705, -150759, 'Up']
[2242129, 3254283, 865086, 1297748, 1917045, 681659, -90016, 2331613, 472708, 1109346, 1901355, 1558544, 2246361, 1011565, 518683, -147109, 'Up']
[2228165, 3252610, 849991, 1293777, 1915782, 679183, -89452, 2304285, 472040, 1108263, 1967088, 1570974, 2268339, 1008848, 518474, -149417, 'Up']
[2240792, 3254279, 864510, 1297213, 1916773, 681054, -91618, 2327749, 472193, 1108734, 1896008, 1552280, 2244216, 1010355, 516505, -148946, 'Up']
[2230006, 3254154, 852354, 1295160, 1916260, 680191, -89441, 2309587, 472023, 1108774, 1971314, 1575917, 2269680, 1009800, 519408, -148820, 'Up']
[2240047, 3254359, 863116, 1297335, 1916408, 681019, -91963, 2322671, 473215, 1110277, 1893942, 1548865, 2243787, 1011345, 516505, -148398, 'Up']
[2230935, 3253204, 853330, 1293937, 1915071, 678631, -91435, 2314634, 470944, 1107870, 1972096, 1579200, 2269442, 1009330, 519887, -148399, 'Up']
[2239623, 3255029, 861552, 1297571, 1917373, 681603, -89915, 2316824, 473348, 1109917, 1894382, 1544669, 2243723, 1010214, 515156, -150001, 'Up']
[2232645, 3253101, 855888, 1294285, 1916501, 679188, -89667, 2320186, 471926, 1108533, 1970232, 1582731, 2268674, 1010527, 521908, -146559, 'Up']
[2237641, 3254531, 859812, 1296918, 1916830, 680920, -90952, 2310874, 473198, 1109492, 1896658, 1542711, 2244442, 1009479, 514510, -150614, 'Up']
[2234333, 3252743, 858116, 1293628, 1915201, 678225, -92624, 2324558, 471058, 1107875, 1965565, 1583462, 2266674, 1010454, 521699, -147027, 'Up']
[2235771, 3254621, 858010, 1296726, 1916799, 680809, -89452, 2306551, 473261, 1109047, 1901805, 1541100, 2245883, 1008798, 513040, -151462, 'Up']
[2236171, 3253577, 861272, 1294757, 1916415, 678661, -89816, 2329746, 471376, 1107876, 1959499, 1583681, 2264458, 1010563, 522118, -146380, 'Up']
[2233828, 3254916, 856519, 1297071, 1917117, 680917, -90066, 2301753, 473790, 1109587, 1909569, 1542481, 2248475, 1008998, 513931, -151227, 'Up']
[2238047, 3253830, 863473, 1295864, 1915895, 679120, -91781, 2333675, 471547, 1108043, 1951300, 1582376, 2261166, 1011115, 522469, -145680, 'Up']
[2232463, 3255566, 855253, 1297990, 1917445, 682046, -88023, 2298876, 474011, 1109979, 1918250, 1544415, 2251281, 1009314, 514289, -150460, 'Up']
[2239189, 3253387, 865909, 1295979, 1916126, 678915, -92184, 2336344, 471733, 1108657, 1941885, 1580523, 2258304, 1011999, 523445, -144464, 'Up']
[2230483, 3254770, 853364, 1296627, 1916571, 680306, -90483, 2295351, 472950, 1108747, 1927704, 1547031, 2254103, 1007901, 513402, -151897, 'Up']
[2241553, 3254652, 867270, 1297293, 1916323, 680037, -91260, 2336996, 472174, 1108875, 1932203, 1576893, 2254723, 1012356, 522742, -145110, 'Up']
[2229948, 3254714, 852315, 1296337, 1916548, 680467, -90338, 2295486, 473600, 1109495, 1937783, 1552149, 2257205, 1008834, 514900, -151211, 'Up']
[2241883, 3254324, 867342, 1297260, 1915555, 679756, -90424, 2337731, 472285, 1108974, 1922433, 1572250, 2251481, 1012283, 521777, -145784, 'Up']
[2228561, 3254399, 850984, 1295717, 1915851, 679867, -90109, 2296260, 472907, 1109034, 1947818, 1556441, 2260299, 1008437, 515886, -151697, 'Up']
[2241766, 3254082, 866710, 1296907, 1915892, 679700, -92888, 2335070, 472064, 1109315, 1912671, 1567043, 2248055, 1011869, 520805, -146969, 'Up']
[2228072, 3253945, 850476, 1295316, 1916162, 680188, -89221, 2299246, 472115, 1108762, 1956590, 1562409, 2263328, 1008448, 516543, -151506, 'Up']
[2241212, 3253766, 866837, 1297325, 1916661, 680735, -91156, 2333661, 471827, 1109168, 1904349, 1560843, 2245259, 1011605, 520458, -146931, 'Up']
[2228247, 3253179, 851647, 1295063, 1916524, 679672, -89920, 2302245, 471983, 1108335, 1964352, 1567448, 2265843, 1008865, 519143, -149863, 'Up']
[2241406, 3253972, 866270, 1297983, 1916896, 681277, -93751, 2328679, 472525, 1109134, 1897783, 1554584, 2242849, 1011486, 518538, -147747, 'Up']
[2229836, 3253808, 853647, 1296051, 1916480, 680199, -87500, 2307359, 471779, 1108427, 1968297, 1572652, 2266425, 1009489, 519768, -148334, 'Up']
[2241504, 3254982, 866940, 1298925, 1917787, 681161, -89881, 2325001, 473751, 1110078, 1894118, 1550829, 2241872, 1011492, 518787, -147322, 'Up']
[2231235, 3254043, 856613, 1295932, 1915808, 680051, -89377, 2312999, 472372, 1108483, 1971460, 1577685, 2267657, 1009775, 521507, -147382, 'Up']
[2241130, 3255968, 866233, 1299604, 1917516, 681847, -91278, 2319887, 473890, 1110073, 1893520, 1546458, 2241947, 1010884, 516954, -148486, 'Up']
[2232441, 3254068, 858041, 1295806, 1915776, 679407, -89429, 2317901, 472225, 1108828, 1971431, 1581345, 2267509, 1010701, 522627, -146606, 'Up']
[2239014, 3255377, 863654, 1298635, 1918100, 681243, -89975, 2314925, 473381, 1109962, 1895536, 1543547, 2242519, 1010264, 516531, -149347, 'Up']
[2233869, 3253597, 858887, 1295771, 1917311, 679551, -90362, 2323117, 471364, 1108375, 1969160, 1582883, 2266745, 1010680, 523616, -146777, 'Up']
[2236530, 3254603, 859904, 1298273, 1916443, 681460, -93255, 2309109, 473339, 1110237, 1899780, 1541337, 2244151, 1010340, 515758, -150721, 'Up']
[2235231, 3252813, 861512, 1296397, 1916489, 679711, -87745, 2329753, 470948, 1108122, 1964132, 1583189, 2265193, 1011194, 524756, -146164, 'Up']
[2234904, 3254445, 858055, 1298618, 1917129, 681903, -89434, 2305379, 473644, 1110196, 1906757, 1541440, 2246554, 1010182, 516664, -150039, 'Up']
[2238035, 3254286, 863353, 1297128, 1916383, 680250, -90167, 2333156, 471534, 1109223, 1956719, 1583235, 2261992, 1012396, 524534, -145417, 'Up']
[2233946, 3255429, 857098, 1298469, 1917381, 682484, -89956, 2300618, 473567, 1110553, 1914625, 1543556, 2248602, 1010055, 515775, -150688, 'Up']
[2239253, 3253982, 866581, 1296828, 1916572, 679927, -90429, 2335719, 471248, 1108526, 1948004, 1581579, 2258801, 1012169, 524159, -145148, 'Up']
[2231514, 3255348, 855919, 1297994, 1917483, 681791, -90050, 2297365, 473126, 1109707, 1923840, 1545206, 2251507, 1009368, 515310, -151184, 'Up']
[2239962, 3254097, 868034, 1297329, 1916495, 680268, -92875, 2337184, 471268, 1108692, 1938153, 1577702, 2255064, 1012482, 523494, -145087, 'Up']
[2229960, 3254952, 854375, 1297921, 1916934, 681936, -89103, 2296573, 473023, 1109610, 1933873, 1548633, 2254481, 1009290, 515733, -150669, 'Up']
[2240782, 3253609, 868704, 1297681, 1916737, 680540, -90354, 2338376, 471308, 1108552, 1928076, 1573549, 2251826, 1012396, 523899, -144531, 'Up']
[2228383, 3253899, 852910, 1296578, 1917321, 680366, -89722, 2296438, 472611, 1109106, 1943421, 1553021, 2257515, 1008839, 516798, -150939, 'Up']
[2241390, 3254117, 868875, 1297985, 1917610, 680221, -90166, 2337287, 471461, 1109080, 1917968, 1568909, 2247989, 1012216, 522615, -146166, 'Up']
[2228163, 3254066, 852268, 1296368, 1917433, 680098, -88985, 2297020, 472557, 1109352, 1952294, 1559019, 2259687, 1008803, 517822, -151216, 'Up']
[2241972, 3254402, 868388, 1298565, 1917188, 680774, -91858, 2334999, 471460, 1109227, 1908704, 1563679, 2244759, 1011701, 520833, -147626, 'Up']
[2228566, 3254105, 852380, 1296602, 1916884, 680197, -88946, 2300924, 472362, 1109379, 1961323, 1565368, 2263176, 1009261, 518676, -150399, 'Up']
[2241747, 3254376, 867323, 1298656, 1917554, 680834, -93518, 2331044, 472261, 1109541, 1902056, 1558342, 2243034, 1011996, 519858, -147883, 'Up']
[2229104, 3253839, 852908, 1296326, 1917614, 680619, -89076, 2304393, 471880, 1108536, 1967778, 1570371, 2265062, 1009555, 519554, -150144, 'Up']
[2241253, 3254272, 867082, 1298726, 1916871, 681294, -90392, 2327610, 472771, 1109838, 1897119, 1553433, 2241379, 1012212, 519391, -147706, 'Up']
[2229793, 3253198, 854492, 1295497, 1916123, 679520, -89412, 2309473, 471149, 1107807, 1971870, 1575358, 2266607, 1009595, 521039, -149345, 'Up']
[2240671, 3254766, 866015, 1299099, 1918592, 681658, -90673, 2323065, 472848, 1109833, 1895430, 1548432, 2241288, 1011570, 518082, -148875, 'Up']
[2231024, 3253039, 856578, 1295337, 1916954, 679052, -90400, 2314575, 471749, 1108229, 1973098, 1579303, 2266554, 1010355, 522720, -148567, 'Up']
[2238836, 3254232, 863834, 1298031, 1918147, 681011, -91088, 2316221, 473000, 1109485, 1895151, 1544581, 2241011, 1010619, 517159, -150810, 'Up']
