[1574480, 1765395, 1479771, -503433, 2297161, 2659967, 2522898, 2288910, 657560, 1512064, 2230853, 2367938, 2527241, 2658125, 1123162, 543852, 'Up']
[1586212, 1781113, 1475992, -487898, 2301783, 2612318, 2469162, 2252547, 662622, 1516158, 2291609, 2352725, 2514736, 2653364, 1165036, 575710, 'Up']
[1574503, 1764819, 1482056, -504188, 2297924, 2655307, 2519632, 2285852, 659814, 1513663, 2207233, 2364550, 2518025, 2655638, 1107894, 537304, 'Up']
[1586285, 1781572, 1475322, -487324, 2300730, 2617687, 2473450, 2256204, 661250, 1514514, 2313789, 2357442, 2524291, 2655932, 1179056, 582125, 'Up']
[1574859, 1764915, 1483400, -503793, 2299409, 2649052, 2514608, 2281132, 662104, 1515613, 2187259, 2362439, 2508789, 2653080, 1095085, 532173, 'Up']
[1584915, 1780526, 1474031, -487916, 2299125, 2624665, 2479912, 2261365, 659075, 1512057, 2331190, 2362279, 2532749, 2658277, 1190049, 586177, 'Up']
[1576068, 1765959, 1484855, -502623, 2300857, 2642798, 2508571, 2276797, 664044, 1517173, 2172241, 2358863, 2500504, 2650756, 1085991, 529594, 'Up']
[1584696, 1780513, 1473935, -487770, 2298039, 2630590, 2485139, 2265174, 658170, 1510994, 2343454, 2366482, 2540701, 2660915, 1197447, 588497, 'Up']
[1576938, 1766938, 1485274, -501563, 2302003, 2634388, 2500787, 2270043, 666687, 1519404, 2160888, 2355290, 2493536, 2649154, 1078064, 526130, 'Up']
[1582469, 1778013, 1472878, -489875, 2296349, 2637992, 2493083, 2270638, 655725, 1508360, 2350561, 2368877, 2547319, 2662224, 1201399, 588923, 'Up']
[1577871, 1767697, 1484806, -500257, 2302785, 2627754, 2494334, 2265756, 667326, 1519658, 2157998, 2351514, 2487701, 2646442, 1076739, 527923, 'Up']
[1581230, 1776210, 1472856, -491018, 2296141, 2645302, 2501482, 2276762, 654508, 1507325, 2351704, 2371734, 2551554, 2663424, 1202112, 588776, 'Up']
[1579635, 1769465, 1484648, -498021, 2303807, 2620573, 2487087, 2260562, 668711, 1521033, 2160800, 2348999, 2484018, 2645814, 1078880, 530897, 'Up']
[1579719, 1773714, 1473137, -492863, 2294830, 2651546, 2508656, 2281363, 653794, 1506439, 2345670, 2373772, 2553571, 2664604, 1197692, 585219, 'Up']
[1581128, 1771391, 1484283, -495232, 2304375, 2614755, 2480237, 2255784, 669487, 1521435, 2170145, 2346647, 2482903, 2645495, 1084984, 535566, 'Up']
[1578011, 1771408, 1474276, -494263, 2294561, 2656440, 2514172, 2284997, 653586, 1506278, 2334050, 2374624, 2553878, 2664877, 1189695, 580468, 'Up']
[1582695, 1773537, 1483799, -492106, 2305102, 2609963, 2474285, 2251817, 669783, 1521669, 2184736, 2345681, 2484613, 2645868, 1094382, 541327, 'Up']
[1576576, 1769433, 1475733, -495521, 2294700, 2661102, 2519657, 2288591, 653637, 1506708, 2317079, 2374868, 2552309, 2665075, 1178452, 574368, 'Up']
[1583608, 1775542, 1482516, -489827, 2304722, 2608052, 2470293, 2250142, 669177, 1521212, 2204812, 2345437, 2488521, 2646721, 1107759, 549523, 'Up']
[1575393, 1768177, 1476916, -497311, 2294972, 2663535, 2523262, 2290471, 654340, 1507256, 2296458, 2374206, 2547570, 2663760, 1165129, 568289, 'Up']
[1584451, 1777706, 1481011, -488390, 2303667, 2607508, 2467963, 2249475, 668165, 1519950, 2228355, 2347728, 2494186, 2648575, 1123132, 558605, 'Up']
[1574694, 1766782, 1478855, -499166, 2295072, 2664033, 2524860, 2291188, 655877, 1508479, 2272279, 2373472, 2541121, 2662638, 1149177, 560956, 'Up']
[1585735, 1779359, 1479682, -486775, 2303152, 2608378, 2467068, 2249796, 667321, 1518811, 2253429, 2349790, 2502026, 2650534, 1139098, 567403, 'Up']
[1573923, 1764865, 1479859, -500851, 2295666, 2662651, 2524697, 2290523, 657631, 1509751, 2247519, 2370456, 2533809, 2660427, 1132941, 553946, 'Up']
[1585949, 1780152, 1478159, -485357, 2302483, 2610813, 2468156, 2251395, 665662, 1516837, 2278665, 2351813, 2510853, 2652540, 1155116, 576081, 'Up']
[1574321, 1764586, 1481637, -500697, 2297782, 2658841, 2522368, 2288159, 660020, 1512071, 2222459, 2367339, 2524958, 2658271, 1116331, 546476, 'Up']
[1586152, 1781004, 1476392, -484149, 2301898, 2614889, 2470990, 2253799, 663725, 1515232, 2302270, 2355527, 2520031, 2655524, 1170209, 583148, 'Up']
[1574275, 1764336, 1482812, -500666, 2299072, 2652648, 2517454, 2282978, 662013, 1514247, 2199317, 2364187, 2515828, 2655799, 1101199, 539425, 'Up']
[1584312, 1779988, 1473991, -485055, 2299319, 2621093, 2476152, 2258293, 660888, 1512749, 2322195, 2359654, 2529218, 2658042, 1182889, 588132, 'Up']
[1574266, 1764630, 1483282, -500548, 2299624, 2648280, 2513116, 2280720, 663019, 1515364, 2182398, 2360076, 2506443, 2653171, 1091217, 537000, 'Up']
[1583854, 1780038, 1473180, -484950, 2298390, 2628800, 2482906, 2264071, 659095, 1511219, 2339762, 2363284, 2537688, 2661122, 1194542, 594571, 'Up']
[1575843, 1765858, 1484196, -499173, 2301350, 2640884, 2506427, 2275305, 665552, 1517482, 2169244, 2356839, 2498615, 2651605, 1082972, 535191, 'Up']
[1582774, 1778689, 1472481, -485747, 2296942, 2635311, 2489514, 2269044, 657276, 1509031, 2349738, 2366771, 2544876, 2663443, 1200308, 596128, 'Up']
[1576502, 1766673, 1484585, -497905, 2302150, 2633601, 2499043, 2270404, 667169, 1519038, 2161241, 2352984, 2491734, 2650083, 1077374, 534037, 'Up']
[1581685, 1777283, 1473041, -486988, 2296365, 2643266, 2497165, 2275256, 655816, 1507978, 2354984, 2370239, 2550783, 2665587, 1203256, 597127, 'Up']
[1578211, 1768455, 1484895, -496386, 2303403, 2626377, 2491124, 2264808, 669184, 1520610, 2160398, 2350659, 2487261, 2648639, 1076988, 535659, 'Up']
[1579981, 1775426, 1472900, -489136, 2295398, 2650047, 2504426, 2279984, 655005, 1506884, 2352541, 2373328, 2554342, 2666469, 1201130, 594686, 'Up']
[1579662, 1770870, 1484714, -494151, 2304348, 2620454, 2484587, 2260038, 669856, 1521349, 2166332, 2348891, 2485153, 2648062, 1081263, 539889, 'Up']
[1578323, 1773796, 1473053, -490811, 2294547, 2656219, 2510854, 2284310, 653998, 1506476, 2344300, 2375338, 2555972, 2667443, 1195752, 591435, 'Up']
[1581123, 1773346, 1483357, -491610, 2304696, 2614476, 2477514, 2255051, 670246, 1522119, 2177023, 2347902, 2484783, 2647837, 1088386, 544540, 'Up']
[1576979, 1771799, 1473160, -492840, 2294261, 2660403, 2516690, 2287398, 653871, 1506712, 2328835, 2376885, 2554537, 2667456, 1185246, 584785, 'Up']
[1582384, 1775183, 1481368, -489599, 2303931, 2610999, 2472481, 2252291, 669690, 1521466, 2194163, 2347269, 2486775, 2648673, 1099587, 551382, 'Up']
[1575829, 1769957, 1474930, -494069, 2294512, 2663517, 2521324, 2290295, 654368, 1506980, 2309819, 2376345, 2551096, 2667356, 1172552, 578237, 'Up']
[1583287, 1776919, 1480572, -487240, 2303839, 2608512, 2468963, 2250287, 668910, 1520616, 2215284, 2347845, 2491152, 2650411, 1113164, 559082, 'Up']
[1574243, 1767503, 1476225, -496251, 2294566, 2664778, 2523964, 2291454, 655011, 1507784, 2286727, 2375388, 2544989, 2666004, 1157193, 570205, 'Up']
[1584295, 1778389, 1479192, -485544, 2303573, 2608270, 2466860, 2249550, 667719, 1519125, 2239757, 2349540, 2497340, 2651686, 1129254, 567931, 'Up']
[1573623, 1765897, 1477883, -497711, 2295633, 2663923, 2524318, 2291135, 656676, 1508711, 2262139, 2373658, 2538000, 2663750, 1141436, 562775, 'Up']
[1584511, 1779121, 1477521, -484558, 2302646, 2610562, 2467955, 2251494, 666443, 1517264, 2265234, 2352192, 2505841, 2653510, 1145870, 576592, 'Up']
[1573287, 1764611, 1479582, -498864, 2296857, 2661686, 2523869, 2290005, 658810, 1510226, 2237557, 2370754, 2529985, 2660983, 1125697, 556174, 'Up']
[1584702, 1779753, 1475996, -483632, 2301891, 2614192, 2470666, 2254148, 664541, 1514906, 2290308, 2354414, 2514844, 2655468, 1162027, 585116, 'Up']
[1573601, 1764443, 1481141, -499122, 2298125, 2657425, 2521253, 2287114, 660817, 1512062, 2213931, 2366973, 2521061, 2658404, 1110350, 549973, 'Up']
[1584657, 1780442, 1474135, -483167, 2300242, 2618329, 2473292, 2256468, 662472, 1513420, 2312075, 2357752, 2524180, 2657975, 1175612, 591226, 'Up']
[1573486, 1764020, 1481442, -499388, 2298898, 2651570, 2515458, 2282601, 662588, 1514181, 2192161, 2363070, 2511891, 2656073, 1095844, 543570, 'Up']
[1583600, 1779497, 1472078, -483415, 2298941, 2624508, 2478580, 2260814, 660198, 1511304, 2330466, 2361245, 2532679, 2660823, 1187093, 595994, 'Up']
[1574101, 1764286, 1481510, -498901, 2300160, 2644918, 2509590, 2277684, 664458, 1515863, 2175551, 2358599, 2503047, 2653777, 1085345, 539857, 'Up']
[1583059, 1779204, 1471040, -483788, 2298015, 2631712, 2485147, 2265781, 658326, 1509421, 2344410, 2365271, 2541111, 2663058, 1195602, 599587, 'Up']
[1575732, 1765913, 1482692, -497467, 2302264, 2638095, 2502840, 2272785, 666956, 1517884, 2164820, 2356205, 2496171, 2651937, 1078405, 538426, 'Up']
[1582327, 1778097, 1471058, -485008, 2297319, 2639009, 2492258, 2270851, 657054, 1507754, 2352878, 2369235, 2548467, 2665071, 1200992, 601428, 'Up']
[1577495, 1767431, 1483177, -495824, 2303633, 2629614, 2494415, 2265872, 669066, 1519162, 2159009, 2352268, 2490596, 2649824, 1074786, 537987, 'Up']
[1580377, 1775632, 1470879, -486966, 2296227, 2645979, 2499435, 2275979, 656211, 1506510, 2353036, 2371577, 2553306, 2667081, 1200280, 598639, 'Up']
[1578940, 1769040, 1483092, -494111, 2304519, 2623958, 2488210, 2261848, 670057, 1519758, 2161631, 2349532, 2486638, 2649241, 1077106, 540992, 'Up']
[1579582, 1774092, 1470969, -488945, 2295265, 2652543, 2506482, 2280557, 655491, 1505736, 2349279, 2374425, 2556173, 2668008, 1198068, 597170, 'Up']
[1580232, 1770920, 1481668, -492688, 2304407, 2616996, 2480028, 2256013, 670796, 1520364, 2169025, 2347357, 2485121, 2648237, 1081669, 544530, 'Up']
[1577511, 1771765, 1471054, -491463, 2294566, 2657757, 2512858, 2284568, 654667, 1505128, 2337184, 2375557, 2556393, 2668001, 1189313, 591391, 'Up']
[1581374, 1772798, 1481113, -490746, 2304502, 2613017, 2474969, 2253093, 670647, 1520161, 2183113, 2346590, 2485979, 2648563, 1091068, 550759, 'Up']
[1576249, 1769898, 1472979, -493039, 2294856, 2662263, 2518638, 2288379, 654575, 1505006, 2321490, 2375840, 2553909, 2667893, 1179255, 586315, 'Up']
[1582814, 1775062, 1480079, -488242, 2304808, 2609494, 2469990, 2250240, 670355, 1519725, 2202271, 2347103, 2488849, 2649276, 1103666, 558187, 'Up']
[1575114, 1767965, 1473996, -494861, 2295234, 2664166, 2521816, 2289735, 655596, 1505875, 2299953, 2375896, 2549690, 2666722, 1164835, 578154, 'Up']
[1583803, 1776651, 1478498, -486381, 2304606, 2607883, 2467090, 2248407, 669639, 1518624, 2224399, 2347682, 2494503, 2650804, 1117978, 565568, 'Up']
[1574053, 1765867, 1475368, -496893, 2295780, 2664472, 2523718, 2290184, 656751, 1506371, 2275883, 2373977, 2543711, 2665125, 1149074, 569931, 'Up']
[1584116, 1777483, 1476646, -485508, 2303863, 2608866, 2466666, 2249246, 668231, 1516605, 2249246, 2349729, 2501899, 2652412, 1134140, 573752, 'Up']
[1573335, 1764110, 1476689, -498629, 2296860, 2663346, 2524164, 2290120, 658156, 1507147, 2251997, 2371403, 2536243, 2662828, 1134002, 563518, 'Up']
[1584523, 1778245, 1474831, -484615, 2302922, 2611012, 2467581, 2250816, 666676, 1514473, 2274948, 2351835, 2510224, 2654219, 1150811, 582507, 'Up']
[1572869, 1763009, 1477658, -499909, 2297590, 2659482, 2521655, 2287212, 660368, 1508962, 2226402, 2368318, 2527118, 2660143, 1117131, 555331, 'Up']
[1584836, 1779158, 1472691, -483910, 2301810, 2615503, 2470819, 2253693, 664242, 1512139, 2299058, 2354991, 2519504, 2656628, 1166473, 590021, 'Up']
[1573229, 1763065, 1478295, -500121, 2298593, 2655401, 2518025, 2284551, 662225, 1511175, 2204269, 2364909, 2518249, 2658317, 1103212, 549878, 'Up']
[1584100, 1779261, 1471202, -483410, 2300885, 2621679, 2475845, 2257999, 661761, 1510357, 2320858, 2358639, 2528539, 2659828, 1180697, 596934, 'Up']
[1573795, 1763367, 1480070, -499124, 2300971, 2650567, 2515378, 2281629, 664125, 1513400, 2185762, 2361980, 2508971, 2656311, 1091951, 546149, 'Up']
[1583847, 1779217, 1469979, -483153, 2299763, 2628267, 2482131, 2262878, 660107, 1509095, 2338511, 2363444, 2537162, 2662972, 1192664, 602760, 'Up']
[1574893, 1764159, 1480470, -498657, 2301465, 2642146, 2506748, 2274882, 666382, 1515392, 2170685, 2357852, 2500544, 2654172, 1082095, 542732, 'Up']
[1582604, 1777890, 1468935, -484724, 2298095, 2634726, 2487553, 2266852, 658146, 1507231, 2348764, 2366790, 2544634, 2664953, 1198044, 603756, 'Up']
[1575772, 1765218, 1480505, -497845, 2302991, 2634383, 2498702, 2268809, 667927, 1516990, 2161293, 2354348, 2493598, 2652053, 1075906, 540935, 'Up']
[1580411, 1775513, 1468079, -487134, 2296662, 2641544, 2494421, 2272176, 656229, 1505052, 2353308, 2369468, 2550457, 2666442, 1200657, 603504, 'Up']
[1576940, 1766580, 1480390, -496563, 2303583, 2626284, 2490578, 2263175, 669084, 1517525, 2158331, 2350251, 2488001, 2649770, 1074072, 541485, 'Up']
[1579778, 1774671, 1468533, -487931, 2296361, 2648299, 2502796, 2277818, 654923, 1503939, 2352248, 2371933, 2554100, 2667807, 1199552, 601908, 'Up']
[1579234, 1769401, 1480923, -493596, 2305112, 2620043, 2484712, 2258939, 670572, 1519288, 2163211, 2348516, 2485564, 2649571, 1077638, 545005, 'Up']
[1578132, 1772286, 1468879, -490076, 2295684, 2654457, 2509475, 2282590, 654447, 1503637, 2344965, 2374544, 2556371, 2668787, 1194573, 598317, 'Up']
[1579824, 1770340, 1479347, -492303, 2305069, 2614709, 2477684, 2254765, 670656, 1519065, 2174002, 2346875, 2484820, 2649018, 1084678, 550024, 'Up']
[1575706, 1769012, 1469187, -493109, 2294878, 2659382, 2515035, 2286124, 653889, 1503100, 2331711, 2375260, 2555680, 2668656, 1185736, 593356, 'Up']
[1580918, 1772095, 1478077, -490110, 2305551, 2610641, 2472362, 2251555, 670115, 1518117, 2190535, 2345500, 2487118, 2649279, 1095991, 557624, 'Up']
[1574733, 1767517, 1470270, -494476, 2295506, 2662400, 2519329, 2288622, 654952, 1503699, 2312695, 2375606, 2553049, 2668319, 1173235, 586749, 'Up']
[1582464, 1774535, 1476524, -488109, 2305498, 2607821, 2468728, 2249303, 670121, 1517664, 2210553, 2346779, 2491735, 2650352, 1108901, 564769, 'Up']
[1574038, 1766043, 1471452, -496330, 2295637, 2663640, 2522770, 2289744, 655626, 1504070, 2290409, 2374971, 2547842, 2666406, 1158524, 579199, 'Up']
[1583504, 1776334, 1474656, -486066, 2304532, 2607412, 2466517, 2248592, 668732, 1516299, 2234190, 2348358, 2497204, 2651477, 1124161, 572927, 'Up']
[1573223, 1764699, 1472770, -497237, 2296585, 2663321, 2523945, 2290263, 656660, 1505450, 2266024, 2373224, 2540091, 2664775, 1142767, 571870, 'Up']
[1583673, 1777225, 1472854, -484711, 2303844, 2608671, 2466612, 2249605, 666961, 1514978, 2259682, 2350694, 2504425, 2653890, 1140567, 581911, 'Up']
[1572502, 1763076, 1473717, -498760, 2297594, 2661758, 2524078, 2289750, 657991, 1507073, 2241410, 2370228, 2531746, 2662529, 1126675, 565186, 'Up']
[1584275, 1777893, 1470672, -483966, 2303197, 2611976, 2468903, 2251883, 665042, 1513201, 2285732, 2353372, 2513291, 2656209, 1157706, 591543, 'Up']
[1572931, 1762444, 1475293, -499316, 2299216, 2657226, 2520419, 2286042, 660300, 1509178, 2217348, 2367264, 2522746, 2659991, 1111248, 558737, 'Up']
[1584365, 1778718, 1469668, -482699, 2302571, 2616332, 2471861, 2254298, 663110, 1511545, 2308581, 2357549, 2522628, 2659055, 1172162, 598322, 'Up']
[1572854, 1762277, 1476531, -499026, 2300840, 2651262, 2515957, 2281471, 662633, 1511760, 2195120, 2363869, 2513876, 2658248, 1096903, 552251, 'Up']
[1582625, 1777822, 1467910, -483472, 2300589, 2622054, 2476916, 2258151, 660236, 1509049, 2327548, 2360348, 2531904, 2661544, 1184452, 603179, 'Up']
[1572888, 1762782, 1477830, -498847, 2301435, 2643712, 2508967, 2275989, 663529, 1512900, 2177398, 2359239, 2504291, 2655176, 1085909, 548067, 'Up']
[1581206, 1777231, 1467410, -484199, 2298913, 2628287, 2482915, 2263132, 657653, 1506910, 2341498, 2364442, 2539663, 2663990, 1193493, 606243, 'Up']
[1573681, 1763816, 1479427, -498259, 2302454, 2637370, 2503585, 2272399, 665109, 1514503, 2165330, 2356028, 2497142, 2653778, 1079181, 546555, 'Up']
[1580158, 1776432, 1468079, -486007, 2297813, 2635862, 2490807, 2269141, 656011, 1505429, 2351307, 2368321, 2547472, 2666681, 1200572, 609263, 'Up']
[1574723, 1765343, 1481038, -497783, 2303323, 2629667, 2496175, 2267165, 666623, 1515720, 2159557, 2352103, 2491230, 2651687, 1076555, 547306, 'Up']
[1578653, 1774615, 1469064, -488222, 2296194, 2642558, 2497400, 2274264, 654445, 1503531, 2353969, 2370725, 2552609, 2667528, 1202300, 609101, 'Up']
[1576393, 1767129, 1481964, -496009, 2304027, 2623034, 2488565, 2262369, 668185, 1516603, 2160027, 2349171, 2487155, 2650199, 1076824, 549281, 'Up']
[1578111, 1773510, 1470717, -489141, 2295971, 2650509, 2505594, 2280607, 654082, 1502908, 2350910, 2373296, 2556292, 2668724, 1200072, 607588, 'Up']
[1578841, 1769751, 1482682, -493458, 2305043, 2618022, 2482677, 2258491, 669922, 1518138, 2168256, 2347910, 2485916, 2650158, 1082793, 554808, 'Up']
[1576694, 1771342, 1471168, -491519, 2294812, 2656638, 2512714, 2285223, 653802, 1502439, 2341735, 2375060, 2557079, 2669487, 1194116, 604352, 'Up']
[1580461, 1772015, 1481294, -491133, 2305229, 2612258, 2475756, 2253970, 670411, 1518117, 2180853, 2346773, 2485957, 2649616, 1090991, 560331, 'Up']
[1575429, 1769461, 1472339, -493015, 2295469, 2660466, 2517816, 2288198, 654413, 1502961, 2324879, 2376434, 2555675, 2669396, 1182730, 597341, 'Up']
[1581008, 1773658, 1479767, -489164, 2305111, 2608974, 2471254, 2251561, 669790, 1517682, 2198681, 2346704, 2489448, 2650657, 1102992, 567363, 'Up']
[1573114, 1766913, 1473022, -495291, 2295278, 2662754, 2521910, 2290523, 654240, 1503317, 2304131, 2375619, 2551771, 2668520, 1169395, 590581, 'Up']
[1581195, 1774833, 1477807, -487505, 2304822, 2605980, 2467822, 2249160, 668436, 1516338, 2219751, 2347055, 2493962, 2651696, 1116772, 575013, 'Up']
[1571711, 1764767, 1474856, -496999, 2295784, 2661930, 2523596, 2290377, 654927, 1503652, 2279359, 2374047, 2545363, 2666534, 1153150, 582171, 'Up']
[1582254, 1776590, 1477209, -485006, 2304506, 2605154, 2466324, 2248565, 667497, 1515230, 2243337, 2349359, 2500933, 2653590, 1131915, 582718, 'Up']
[1571313, 1763334, 1477583, -497583, 2297026, 2660451, 2523953, 2289498, 656811, 1505405, 2253992, 2372689, 2538195, 2665064, 1136466, 574176, 'Up']
[1582190, 1776951, 1476112, -483690, 2303424, 2608041, 2467721, 2250514, 665559, 1513145, 2269050, 2352249, 2509893, 2655917, 1148534, 591397, 'Up']
[1571001, 1762173, 1479533, -498190, 2298301, 2658893, 2523751, 2288941, 658597, 1507173, 2230155, 2369714, 2530254, 2662699, 1121669, 568282, 'Up']
[1583137, 1778042, 1475101, -482615, 2302565, 2612476, 2470436, 2253353, 663904, 1511352, 2294633, 2355134, 2519428, 2658185, 1165679, 600735, 'Up']
[1572141, 1762465, 1481386, -498325, 2299538, 2653849, 2519366, 2284857, 661317, 1509220, 2206792, 2366053, 2521298, 2659953, 1106657, 561990, 'Up']
[1583019, 1778691, 1473652, -481953, 2301274, 2617534, 2474134, 2256407, 662598, 1509902, 2315573, 2359530, 2528764, 2661011, 1178555, 605966, 'Up']
[1572310, 1762677, 1481921, -498121, 2300394, 2647916, 2514024, 2280462, 663268, 1511101, 2186815, 2363371, 2512375, 2657463, 1093585, 556829, 'Up']
[1582566, 1778756, 1472837, -481483, 2300030, 2624200, 2480081, 2261391, 660513, 1507934, 2333930, 2364015, 2537926, 2663301, 1189977, 611283, 'Up']
[1573228, 1763587, 1482963, -496646, 2301977, 2640998, 2508112, 2276255, 665836, 1513671, 2172414, 2359850, 2503976, 2655999, 1084333, 554154, 'Up']
[1580861, 1777105, 1471404, -482785, 2298605, 2629795, 2485671, 2265691, 658539, 1505843, 2346718, 2367146, 2544823, 2665940, 1197798, 614002, 'Up']
[1573855, 1763948, 1482775, -496193, 2302984, 2632206, 2499739, 2269596, 667523, 1514607, 2161537, 2355695, 2495233, 2653704, 1076765, 551260, 'Up']
[1579571, 1775169, 1470346, -484450, 2297407, 2637490, 2493244, 2271397, 656640, 1503822, 2353059, 2370015, 2550692, 2667691, 1201332, 614540, 'Up']
[1575454, 1765539, 1482797, -494264, 2304500, 2625664, 2492844, 2265147, 668894, 1515966, 2159057, 2352128, 2490162, 2651987, 1075805, 553321, 'Up']
[1577719, 1773208, 1469750, -486171, 2296517, 2644712, 2500718, 2277019, 655101, 1502640, 2353750, 2373011, 2554835, 2669395, 1201672, 614199, 'Up']
[1576324, 1767148, 1481472, -492596, 2304860, 2618600, 2484731, 2259509, 669633, 1516662, 2161853, 2349440, 2486035, 2650573, 1077551, 555706, 'Up']
[1575828, 1771107, 1469434, -488130, 2295417, 2651332, 2507562, 2281966, 653641, 1501228, 2347529, 2375019, 2556691, 2669763, 1197219, 611087, 'Up']
[1577594, 1769276, 1480957, -490445, 2305442, 2613461, 2479130, 2255661, 670203, 1517105, 2171889, 2348033, 2485338, 2650427, 1084472, 561158, 'Up']
[1574857, 1769605, 1470942, -489684, 2295683, 2656726, 2514856, 2286173, 653890, 1501609, 2335278, 2376354, 2556778, 2670463, 1189411, 606644, 'Up']
[1579440, 1771554, 1479619, -488452, 2305014, 2608830, 2472927, 2251997, 670369, 1516953, 2187310, 2347137, 2487012, 2650692, 1095046, 568028, 'Up']
[1573525, 1767322, 1471340, -492099, 2295240, 2659628, 2518870, 2288242, 654145, 1501423, 2316831, 2376749, 2553773, 2669338, 1176934, 599658, 'Up']
[1580798, 1773552, 1477663, -486301, 2305086, 2605822, 2468814, 2249309, 669674, 1516042, 2207332, 2347887, 2490571, 2651497, 1107877, 575334, 'Up']
[1572370, 1765293, 1472264, -493881, 2295475, 2661972, 2522544, 2290298, 655070, 1502465, 2295050, 2376179, 2548880, 2668199, 1162804, 592235, 'Up']
[1582036, 1775443, 1476316, -483739, 2305096, 2605791, 2467074, 2249283, 668639, 1514925, 2231540, 2348465, 2496541, 2652982, 1124360, 584897, 'Up']
[1572148, 1764325, 1474165, -494703, 2296663, 2661570, 2523583, 2290294, 656855, 1504048, 2271190, 2374012, 2542199, 2666784, 1147603, 585180, 'Up']
[1582179, 1776357, 1474739, -482802, 2303991, 2606239, 2466464, 2249163, 667657, 1513674, 2255332, 2349995, 2503685, 2655229, 1139359, 591829, 'Up']
[1571087, 1762636, 1475386, -496368, 2297058, 2659653, 2523539, 2289257, 658130, 1504982, 2246151, 2370440, 2534070, 2664912, 1131435, 577597, 'Up']
[1582280, 1777162, 1472850, -481728, 2302918, 2608696, 2467775, 2250844, 665722, 1511604, 2280894, 2352967, 2512087, 2657729, 1155835, 600251, 'Up']
[1570402, 1761270, 1476910, -497436, 2298110, 2656058, 2521151, 2286909, 660044, 1506394, 2221702, 2368384, 2524920, 2662249, 1115586, 570498, 'Up']
[1582513, 1777878, 1471453, -480684, 2301928, 2613119, 2470549, 2253508, 663941, 1509578, 2304409, 2356697, 2521450, 2660061, 1170886, 607527, 'Up']
[1570903, 1761122, 1477903, -497298, 2299384, 2650984, 2516984, 2283210, 662330, 1508864, 2199334, 2364661, 2515679, 2660353, 1100802, 564228, 'Up']
[1581769, 1777275, 1469554, -480986, 2300078, 2619549, 2475863, 2258637, 661119, 1507223, 2325467, 2360422, 2530549, 2662752, 1184420, 614146, 'Up']
[1571957, 1761948, 1479028, -496411, 2301214, 2644641, 2511687, 2279172, 664118, 1510670, 2181498, 2360820, 2506741, 2657579, 1089692, 560631, 'Up']
[1581448, 1777283, 1468995, -480923, 2299355, 2626263, 2482159, 2263787, 659600, 1506005, 2341392, 2364660, 2539733, 2665636, 1194573, 618389, 'Up']
[1573187, 1762998, 1479689, -495629, 2301816, 2637421, 2504509, 2274350, 666314, 1512661, 2168937, 2356896, 2499256, 2655359, 1081871, 558775, 'Up']
[1580440, 1776286, 1468231, -481998, 2297979, 2633077, 2488715, 2268891, 657700, 1503909, 2351900, 2367717, 2546943, 2666892, 1200978, 621147, 'Up']
[1574685, 1764559, 1480688, -493964, 2303626, 2630089, 2497459, 2269301, 668454, 1514422, 2161630, 2354056, 2493000, 2653093, 1076950, 558253, 'Up']
[1578529, 1773810, 1468005, -484199, 2296481, 2640866, 2496422, 2274961, 656365, 1502467, 2356127, 2371513, 2552899, 2668746, 1202912, 621067, 'Up']
[1575361, 1765289, 1480397, -492785, 2304105, 2622611, 2489130, 2263434, 669245, 1514555, 2161215, 2349887, 2488515, 2651284, 1076595, 560296, 'Up']
[1576825, 1771647, 1468151, -485822, 2296106, 2647089, 2503043, 2279151, 655101, 1500836, 2352735, 2372921, 2556193, 2669728, 1199834, 618289, 'Up']
[1576877, 1767194, 1479722, -490783, 2304835, 2615584, 2481014, 2257581, 670148, 1515345, 2165999, 2347953, 2485722, 2650839, 1079519, 562826, 'Up']
[1575162, 1769460, 1468490, -487840, 2294919, 2653133, 2509394, 2283879, 654034, 1500090, 2343383, 2375638, 2556860, 2670625, 1193173, 613888, 'Up']
[1578001, 1768984, 1478822, -488932, 2304883, 2611000, 2475154, 2254634, 670404, 1515636, 2178164, 2347460, 2485544, 2651313, 1087582, 569055, 'Up']
[1573651, 1767448, 1468801, -490143, 2294698, 2657880, 2515004, 2288064, 653644, 1499698, 2329539, 2376034, 2555559, 2670496, 1184361, 609829, 'Up']
[1579421, 1771427, 1477092, -486442, 2305396, 2606983, 2469744, 2251548, 670328, 1515630, 2195058, 2346972, 2487938, 2651327, 1098603, 576036, 'Up']
[1572695, 1765931, 1470068, -491425, 2295585, 2659703, 2518755, 2289365, 654698, 1500970, 2309040, 2376449, 2552424, 2669765, 1170509, 602206, 'Up']
[1580044, 1772683, 1475102, -485322, 2304114, 2604982, 2466257, 2249581, 669373, 1514361, 2216100, 2347317, 2492975, 2652896, 1112033, 583477, 'Up']
[1571678, 1764035, 1471040, -493570, 2295465, 2661080, 2521129, 2290811, 655422, 1501061, 2286475, 2374514, 2546386, 2667847, 1155661, 595213, 'Up']
[1581841, 1775219, 1474017, -482617, 2304164, 2605041, 2464755, 2249751, 668699, 1513336, 2240746, 2349049, 2499272, 2654277, 1128075, 592513, 'Up']
[1571502, 1762828, 1472529, -494838, 2296320, 2660769, 2522501, 2290937, 657614, 1503293, 2261938, 2372916, 2539395, 2666604, 1139654, 587583, 'Up']
[1582501, 1776415, 1471704, -481330, 2303363, 2605827, 2464031, 2249309, 667205, 1511790, 2266368, 2350800, 2507020, 2656192, 1144456, 600924, 'Up']
[1571065, 1761608, 1474134, -495690, 2297748, 2657665, 2520980, 2288663, 659324, 1504827, 2236033, 2369706, 2530696, 2664070, 1122336, 579024, 'Up']
[1582217, 1776639, 1469927, -480724, 2302249, 2609965, 2466952, 2252499, 665013, 1509825, 2291081, 2353990, 2516324, 2659163, 1160408, 608683, 'Up']
[1570706, 1760714, 1474311, -496755, 2298547, 2653494, 2517558, 2285820, 660701, 1506297, 2212586, 2365761, 2521167, 2661314, 1107580, 573092, 'Up']
[1581732, 1776627, 1467227, -480769, 2300908, 2615431, 2470694, 2256181, 662363, 1507314, 2313526, 2357192, 2525179, 2661031, 1174999, 615624, 'Up']
[1571061, 1760719, 1475338, -496489, 2300197, 2648205, 2513024, 2282449, 662984, 1508346, 2191634, 2362163, 2511918, 2658745, 1094387, 567783, 'Up']
[1581531, 1776889, 1466450, -480151, 2300271, 2621654, 2476038, 2261012, 660574, 1505510, 2332364, 2361669, 2534444, 2664165, 1187069, 621091, 'Up']
[1571839, 1761498, 1476368, -495868, 2301583, 2641671, 2507142, 2277889, 665168, 1510530, 2175137, 2359107, 2503719, 2657179, 1083684, 564084, 'Up']
[1580897, 1776546, 1466381, -480748, 2299182, 2628173, 2482608, 2265629, 658837, 1503881, 2346315, 2365510, 2542533, 2666898, 1195803, 624708, 'Up']
[1573320, 1762810, 1477385, -495100, 2302522, 2633171, 2499077, 2271225, 667390, 1512239, 2163218, 2355431, 2496113, 2655204, 1075808, 561367, 'Up']
[1579570, 1775076, 1465221, -482771, 2297571, 2635238, 2489716, 2270560, 657326, 1502121, 2353166, 2369248, 2549356, 2668934, 1199232, 624538, 'Up']
[1574517, 1764067, 1476877, -494166, 2303374, 2626946, 2492826, 2267166, 668784, 1513351, 2159568, 2352230, 2490494, 2653478, 1073941, 562636, 'Up']
[1578255, 1772986, 1464358, -484985, 2296393, 2642566, 2496959, 2276204, 655754, 1500273, 2355845, 2371801, 2553683, 2669953, 1200847, 624847, 'Up']
[1575695, 1765139, 1476054, -492970, 2303989, 2619864, 2484627, 2261808, 670097, 1513989, 2161157, 2348966, 2486336, 2651871, 1074557, 564660, 'Up']
[1575770, 1769912, 1464086, -487618, 2295283, 2650060, 2504719, 2281964, 654622, 1499236, 2351122, 2373742, 2556543, 2670855, 1196989, 622256, 'Up']
[1576819, 1766801, 1475198, -491085, 2304796, 2614308, 2477782, 2257078, 670485, 1514304, 2170395, 2346715, 2484941, 2651236, 1080923, 570388, 'Up']
[1574359, 1767780, 1464312, -489514, 2295297, 2654849, 2510020, 2285253, 654301, 1498939, 2339396, 2374703, 2556535, 2671297, 1188806, 617252, 'Up']
[1578305, 1768783, 1474165, -489200, 2305488, 2609074, 2471016, 2252785, 670888, 1514798, 2183349, 2345381, 2486041, 2652161, 1089125, 575128, 'Up']
[1572784, 1765246, 1465156, -492593, 2295078, 2659397, 2515393, 2288668, 653827, 1498671, 2322489, 2374831, 2554810, 2671286, 1177723, 610897, 'Up']
[1580048, 1771182, 1472949, -487444, 2305463, 2605498, 2465599, 2249695, 669831, 1514003, 2202775, 2345057, 2489307, 2652747, 1102208, 582805, 'Up']
[1571569, 1763419, 1466428, -495091, 2294855, 2661062, 2517812, 2289977, 654291, 1499803, 2299763, 2374558, 2549797, 2669835, 1162641, 601756, 'Up']
[1580741, 1773243, 1471089, -485554, 2304813, 2605338, 2463141, 2249376, 667677, 1512738, 2226308, 2346620, 2494819, 2653973, 1118137, 591939, 'Up']
[1570951, 1762679, 1468713, -495825, 2296138, 2661268, 2519323, 2289744, 654886, 1501322, 2276233, 2372998, 2543692, 2668087, 1148057, 595319, 'Up']
[1581278, 1774850, 1470364, -483764, 2304077, 2606056, 2462110, 2249135, 666194, 1511974, 2250374, 2348652, 2502209, 2656084, 1133910, 599697, 'Up']
[1569950, 1761462, 1471156, -496914, 2296558, 2660938, 2519784, 2290113, 655871, 1502949, 2250854, 2370827, 2536034, 2666282, 1132442, 587879, 'Up']
[1581039, 1775959, 1469171, -482422, 2302768, 2609073, 2463239, 2251247, 664281, 1510344, 2275609, 2351878, 2510329, 2658259, 1151291, 608288, 'Up']
[1570017, 1761280, 1473136, -496808, 2298771, 2656261, 2517370, 2286809, 658363, 1505163, 2224868, 2368337, 2526958, 2664217, 1116837, 580071, 'Up']
[1580648, 1776549, 1466388, -481466, 2302103, 2611302, 2465760, 2252089, 662758, 1508823, 2297076, 2355596, 2519512, 2661335, 1165552, 612798, 'Up']
[1568894, 1759878, 1473233, -497821, 2299549, 2651296, 2514283, 2283481, 660017, 1506829, 2200301, 2365324, 2517629, 2662209, 1101831, 571581, 'Up']
[1579956, 1776092, 1464320, -481603, 2300955, 2616826, 2470819, 2256167, 660370, 1506360, 2318845, 2359399, 2529215, 2664103, 1180589, 617326, 'Up']
[1569485, 1759710, 1473584, -498381, 2300747, 2644294, 2508614, 2278050, 662427, 1508572, 2180985, 2360552, 2509038, 2659812, 1089922, 562640, 'Up']
[1579374, 1775172, 1462830, -482846, 2299710, 2621469, 2475265, 2258397, 658900, 1504142, 2334312, 2361927, 2537783, 2665895, 1190029, 615345, 'Up']
[1570923, 1760330, 1474525, -497948, 2302728, 2635630, 2500845, 2270668, 665090, 1510264, 2164723, 2355471, 2500932, 2656911, 1078756, 551946, 'Up']
[1578981, 1773812, 1461837, -483937, 2299488, 2628791, 2482813, 2262815, 657689, 1502612, 2345361, 2365391, 2546531, 2668610, 1196711, 611076, 'Up']
[1572153, 1760771, 1473570, -497780, 2303493, 2627923, 2492944, 2263854, 667344, 1511724, 2156329, 2351101, 2494633, 2654881, 1073321, 544641, 'Up']
[1577320, 1771560, 1460443, -486544, 2297623, 2636220, 2489862, 2267188, 655689, 1499952, 2350317, 2367331, 2551873, 2669333, 1198806, 604543, 'Up']
[1573794, 1762632, 1472702, -495726, 2305073, 2621641, 2486392, 2258419, 668835, 1512647, 2155709, 2348044, 2489382, 2653118, 1072415, 540321, 'Up']
[1576270, 1770536, 1460549, -487345, 2297299, 2643671, 2497427, 2272328, 654895, 1499079, 2350548, 2370935, 2555228, 2671271, 1198026, 597793, 'Up']
[1575614, 1765456, 1473696, -492823, 2306065, 2615162, 2479164, 2253567, 670365, 1514221, 2161108, 2346818, 2486179, 2653327, 1075570, 538279, 'Up']
[1574923, 1769207, 1462995, -488868, 2296887, 2648598, 2503511, 2276189, 654521, 1499213, 2343115, 2373954, 2557001, 2672809, 1192582, 588592, 'Up']
[1576702, 1767738, 1474007, -491065, 2306167, 2608165, 2471828, 2248315, 670313, 1514548, 2171916, 2346257, 2485568, 2653380, 1082315, 537477, 'Up']
[1573052, 1767332, 1464670, -491205, 2295867, 2652039, 2508834, 2279463, 653546, 1498706, 2329782, 2375114, 2555673, 2672302, 1183633, 577916, 'Up']
[1578012, 1770192, 1473965, -489094, 2305778, 2602658, 2465494, 2244006, 669784, 1514122, 2188049, 2345806, 2486459, 2653371, 1092851, 538458, 'Up']
[1571577, 1765605, 1467170, -493535, 2295408, 2655697, 2514062, 2282590, 653426, 1498998, 2311339, 2375422, 2552112, 2671902, 1171608, 566176, 'Up']
[1579124, 1772643, 1473624, -486931, 2305214, 2601500, 2462762, 2243288, 668380, 1513274, 2210499, 2346840, 2490829, 2654564, 1108581, 543196, 'Up']
[1570739, 1764528, 1469584, -494902, 2296021, 2657672, 2517600, 2284145, 653990, 1500218, 2290062, 2375516, 2546725, 2670327, 1158534, 555193, 'Up']
[1581333, 1776122, 1473312, -483916, 2305403, 2601029, 2460633, 2241989, 667723, 1513305, 2234414, 2349719, 2496750, 2656607, 1124673, 546773, 'Up']
[1570249, 1763466, 1471361, -496894, 2296437, 2657573, 2518777, 2284010, 655881, 1502545, 2264893, 2374335, 2539519, 2669682, 1142124, 541382, 'Up']
[1581233, 1776592, 1471037, -484156, 2303620, 2602810, 2460103, 2242828, 665596, 1511171, 2259371, 2351247, 2503856, 2658274, 1141085, 550059, 'Up']
[1569970, 1762274, 1474060, -498215, 2297409, 2655247, 2516717, 2282459, 657062, 1503481, 2239596, 2371150, 2530241, 2666330, 1125981, 529036, 'Up']
[1582222, 1778085, 1470986, -482222, 2303788, 2606084, 2461778, 2244862, 664221, 1509841, 2283683, 2354965, 2512512, 2660626, 1156926, 552647, 'Up']
[1570344, 1762232, 1476471, -497820, 2299691, 2651058, 2514479, 2279625, 659916, 1506285, 2215436, 2368697, 2521962, 2664664, 1110468, 516980, 'Up']
[1581317, 1778017, 1469472, -482018, 2301914, 2610073, 2464822, 2247767, 662237, 1507919, 2305812, 2357929, 2521729, 2663415, 1171182, 553938, 'Up']
[1569928, 1761923, 1477465, -498195, 2300108, 2644836, 2509815, 2275511, 661360, 1507642, 2193456, 2363895, 2512338, 2661554, 1096335, 505650, 'Up']
[1580529, 1778057, 1468304, -481813, 2300773, 2615661, 2470859, 2252363, 659829, 1505701, 2325307, 2361497, 2530451, 2665532, 1183815, 554674, 'Up']
[1570278, 1762198, 1478601, -497598, 2301631, 2638121, 2505100, 2271570, 663393, 1509656, 2176697, 2360969, 2503532, 2659410, 1085668, 497422, 'Up']
[1578982, 1776695, 1467547, -482638, 2299585, 2622479, 2478471, 2258033, 657988, 1503832, 2339755, 2365480, 2538806, 2668271, 1193098, 553896, 'Up']
[1570616, 1762333, 1479267, -497023, 2302418, 2630787, 2498580, 2267060, 665269, 1510730, 2165124, 2356473, 2496234, 2657204, 1078654, 491484, 'Up']
[1578001, 1775336, 1467249, -483614, 2298195, 2629007, 2484726, 2263084, 656197, 1501443, 2348703, 2368018, 2545481, 2669708, 1198841, 551685, 'Up']
[1572086, 1763658, 1479772, -495312, 2303716, 2623347, 2490922, 2261558, 667415, 1512212, 2158855, 2352934, 2490156, 2655734, 1074676, 486669, 'Up']
[1576299, 1772983, 1467239, -485354, 2297155, 2637185, 2493524, 2269643, 655168, 1499741, 2351540, 2370719, 2550824, 2671515, 1200692, 547295, 'Up']
[1573926, 1765101, 1479354, -493634, 2304660, 2616570, 2483737, 2256331, 669039, 1512863, 2159981, 2349896, 2485920, 2653706, 1075826, 485226, 'Up']
[1575480, 1771088, 1467238, -487103, 2296298, 2644259, 2500600, 2274674, 654314, 1498665, 2347993, 2373477, 2553904, 2671906, 1197912, 540957, 'Up']
[1576138, 1767565, 1479271, -490469, 2305901, 2610823, 2476273, 2251557, 670407, 1514196, 2167214, 2348247, 2484457, 2653470, 1080367, 485094, 'Up']
[1574173, 1769079, 1468486, -488113, 2296188, 2650200, 2507329, 2279321, 654168, 1498690, 2337992, 2375250, 2554498, 2673221, 1190863, 532350, 'Up']
[1577668, 1769344, 1479216, -488077, 2306311, 2605596, 2470060, 2247561, 671259, 1514454, 2179939, 2347664, 2484582, 2653769, 1088603, 486054, 'Up']
[1572617, 1766740, 1470052, -490033, 2295918, 2654186, 2512730, 2282586, 654466, 1498479, 2322421, 2375978, 2552668, 2672781, 1180279, 521799, 'Up']
[1578690, 1771195, 1478092, -485749, 2306169, 2602729, 2465786, 2245380, 670732, 1513971, 2198641, 2348027, 2487908, 2655023, 1101004, 489592, 'Up']
[1571499, 1764719, 1471775, -491768, 2296198, 2656108, 2516129, 2284162, 655293, 1499683, 2302531, 2376352, 2548580, 2672328, 1167035, 510596, 'Up']
[1579883, 1772751, 1475745, -484306, 2305423, 2599925, 2461060, 2242791, 669499, 1512708, 2219955, 2348431, 2492583, 2656054, 1114988, 493270, 'Up']
[1570369, 1762727, 1472360, -494004, 2296778, 2656274, 2518382, 2284619, 655990, 1500017, 2278518, 2373929, 2542434, 2670107, 1150962, 498222, 'Up']
[1580653, 1774652, 1473803, -482339, 2305209, 2600064, 2460339, 2242599, 667993, 1511206, 2243658, 2349849, 2499497, 2657531, 1130600, 497790, 'Up']
[1569310, 1761800, 1473466, -494806, 2297471, 2655918, 2519345, 2285079, 656928, 1501526, 2254690, 2371745, 2535268, 2668576, 1135938, 487746, 'Up']
[1580440, 1775758, 1471877, -481095, 2303428, 2603342, 2461487, 2245272, 665588, 1509365, 2269119, 2352376, 2506964, 2659982, 1147768, 503247, 'Up']
[1569082, 1761451, 1475634, -495357, 2298149, 2653451, 2517399, 2283593, 658505, 1503262, 2230787, 2369792, 2526029, 2666243, 1120593, 477276, 'Up']
[1581434, 1777501, 1471238, -479495, 2302811, 2607184, 2463726, 2247695, 664035, 1508016, 2293290, 2356451, 2515741, 2662882, 1163847, 507798, 'Up']
[1569224, 1760893, 1477383, -496255, 2298931, 2648764, 2513562, 2280471, 661026, 1505362, 2207718, 2366543, 2517012, 2663921, 1105340, 467720, 'Up']
[1581461, 1777503, 1470232, -479962, 2301101, 2612263, 2467144, 2251623, 661991, 1505643, 2314452, 2359184, 2524216, 2664558, 1177669, 512635, 'Up']
[1570323, 1761299, 1478567, -496282, 2300362, 2642858, 2508126, 2276649, 662894, 1507065, 2189194, 2362305, 2508050, 2661209, 1093480, 462355, 'Up']
[1581147, 1777091, 1469399, -480257, 2300248, 2618620, 2473247, 2256525, 660210, 1503883, 2331681, 2362424, 2532660, 2667254, 1188656, 516211, 'Up']
[1571594, 1762241, 1479765, -494954, 2302334, 2635278, 2501678, 2271247, 665406, 1509086, 2174398, 2358806, 2500493, 2659102, 1083941, 457959, 'Up']
[1579884, 1776032, 1468858, -480717, 2299080, 2625751, 2479805, 2261574, 658559, 1502094, 2342961, 2366217, 2540637, 2669772, 1195698, 516671, 'Up']
