[801188, 1505931, 1110342, 125075, 961328, 677166, 272334, 791847, 569865, 463589, 385770, 784552, 1393924, 903802, 785203, 954236, 'Stay']
[801799, 1507618, 1104938, 130214, 960219, 681557, 271813, 788418, 569267, 463497, 349745, 763359, 1372694, 883932, 775433, 925631, 'Stay']
[801328, 1506294, 1113140, 127217, 961343, 678619, 271718, 790986, 570555, 464253, 384991, 785347, 1392419, 904406, 783999, 952368, 'Stay']
[801080, 1506799, 1103259, 127353, 959326, 678862, 270711, 785648, 568731, 463053, 351245, 763086, 1374940, 883612, 777148, 927933, 'Stay']
[801221, 1506375, 1114359, 129042, 961233, 680237, 271612, 791041, 570148, 463675, 382001, 784160, 1390135, 903847, 782448, 950179, 'Stay']
[801279, 1506758, 1100391, 125114, 959623, 676967, 271271, 784600, 568770, 462905, 353380, 763904, 1376980, 883817, 778587, 930028, 'Stay']
[801087, 1506439, 1115674, 131003, 961382, 682404, 271150, 791632, 570375, 463654, 378313, 783004, 1386477, 902925, 780127, 945499, 'Stay']
[800781, 1506237, 1099536, 122981, 959255, 675393, 270680, 784315, 568440, 462405, 356927, 765163, 1380274, 884857, 780474, 933418, 'Stay']
[801062, 1506657, 1116635, 133138, 961427, 684439, 270760, 792110, 570236, 463459, 374215, 780712, 1383511, 901553, 778261, 942023, 'Stay']
[800788, 1505950, 1098941, 121624, 959738, 674077, 271047, 783939, 568649, 462623, 361520, 767358, 1383504, 886749, 782322, 937542, 'Stay']
[801441, 1507130, 1116840, 134844, 961670, 685945, 270179, 791844, 570379, 463680, 369762, 778592, 1380290, 899707, 776535, 938191, 'Stay']
[801273, 1506230, 1098515, 120709, 960063, 673192, 270828, 783435, 569271, 463224, 366246, 770175, 1386245, 889118, 783380, 941013, 'Stay']
[801103, 1507177, 1116709, 136013, 961254, 687041, 270471, 792532, 570254, 463640, 365319, 776162, 1377232, 897659, 774848, 934122, 'Stay']
[801130, 1506175, 1099384, 120135, 960083, 672511, 271002, 784585, 569310, 463333, 371387, 773092, 1389570, 891975, 785330, 945407, 'Stay']
[801408, 1507752, 1116157, 136786, 960836, 687223, 269662, 792590, 570034, 463508, 360906, 773476, 1374813, 895117, 774113, 931153, 'Stay']
[801635, 1506646, 1100503, 120252, 960133, 672350, 270508, 785324, 569987, 464031, 376198, 776502, 1391857, 894820, 786317, 948688, 'Stay']
[801666, 1508055, 1114783, 136750, 960786, 687208, 269766, 792429, 570063, 463812, 357040, 771175, 1372224, 892479, 773443, 927815, 'Stay']
[801317, 1506173, 1102425, 120318, 960614, 672360, 270915, 786805, 569940, 463759, 380385, 779075, 1393605, 897295, 787467, 951769, 'Stay']
[801704, 1507880, 1112553, 135810, 961127, 686522, 269828, 791030, 570026, 463462, 353563, 768023, 1370899, 889741, 773334, 925556, 'Stay']
[801404, 1506061, 1104073, 120946, 961612, 673268, 271428, 785745, 570498, 463742, 383449, 780913, 1394623, 899689, 787324, 952916, 'Stay']
[800905, 1507114, 1110198, 133936, 960638, 685178, 270091, 787613, 569636, 463078, 350718, 765385, 1369875, 887156, 772944, 923411, 'Stay']
[800915, 1505726, 1106048, 121806, 961267, 674263, 270862, 784687, 569746, 463066, 384561, 782297, 1395047, 900962, 786657, 954203, 'Stay']
[801163, 1507339, 1107346, 132366, 960439, 684110, 270477, 784784, 569360, 463053, 348692, 763741, 1370237, 885480, 773299, 923245, 'Stay']
[800772, 1505705, 1108226, 123365, 961107, 675916, 271793, 785730, 570066, 463269, 385174, 783560, 1394136, 903132, 785650, 953932, 'Stay']
[800785, 1506993, 1104810, 129962, 959636, 681814, 270862, 785322, 568519, 462216, 348429, 761940, 1371429, 883983, 774654, 924850, 'Stay']
[801300, 1506558, 1110329, 125551, 961336, 677561, 273467, 788838, 569958, 463206, 384487, 783606, 1392828, 903713, 784372, 953436, 'Stay']
[801695, 1507684, 1102462, 128271, 960339, 680322, 274764, 785776, 569092, 462981, 349606, 762038, 1372959, 883690, 775536, 926118, 'Stay']
[801585, 1506814, 1112908, 127684, 961904, 679705, 275770, 791488, 570674, 463835, 383273, 783862, 1390318, 904390, 782523, 950806, 'Stay']
[801858, 1507739, 1101178, 126195, 960228, 678285, 275729, 785994, 569257, 463127, 352432, 762728, 1375125, 883767, 777536, 928972, 'Stay']
[801932, 1507462, 1115324, 130119, 961983, 681505, 275633, 792724, 570693, 464006, 381290, 783394, 1387827, 903927, 781559, 948800, 'Stay']
[802289, 1507971, 1100301, 124390, 960245, 676276, 275045, 785648, 569833, 463910, 356427, 764680, 1378003, 884733, 779582, 932652, 'Stay']
[802296, 1507898, 1116341, 132208, 962066, 682985, 275081, 793629, 571021, 464385, 377914, 782076, 1384760, 902716, 779480, 945332, 'Stay']
[802168, 1507581, 1098878, 122576, 960488, 674608, 275601, 785517, 569670, 463733, 360407, 766328, 1381080, 886048, 781285, 936359, 'Stay']
[802213, 1508012, 1116535, 134402, 962587, 685180, 276004, 793494, 571101, 464666, 373348, 779892, 1381341, 901213, 777474, 940808, 'Stay']
[801196, 1506438, 1098576, 120676, 960196, 673312, 275047, 786420, 569226, 463402, 365158, 768463, 1384492, 888294, 783254, 940220, 'Stay']
[801634, 1507547, 1116274, 134689, 961802, 685783, 274405, 795049, 570220, 463699, 368229, 776676, 1378665, 898543, 776052, 937215, 'Stay']
[801265, 1506215, 1098280, 119433, 960443, 672296, 275581, 787379, 569344, 463208, 369038, 770744, 1387903, 890445, 784702, 943878, 'Stay']
[801382, 1507348, 1115938, 135485, 961859, 686546, 274775, 795381, 570256, 463576, 363263, 773924, 1375836, 896226, 774666, 932948, 'Stay']
[801487, 1506311, 1099058, 118911, 961021, 671607, 275258, 786194, 569204, 462991, 373882, 773430, 1390948, 892847, 786238, 947745, 'Stay']
[801447, 1507711, 1114648, 135890, 961949, 686911, 273835, 792666, 570027, 463593, 358791, 771183, 1373371, 893503, 773694, 929047, 'Stay']
[801458, 1506264, 1100793, 119482, 961288, 672019, 274954, 784802, 569667, 463466, 378481, 776598, 1392921, 895614, 787224, 950348, 'Stay']
[801147, 1507394, 1113347, 135561, 961185, 686145, 273579, 789362, 569815, 463549, 355265, 768598, 1371526, 890887, 773479, 926573, 'Stay']
[801750, 1506582, 1102858, 120260, 961596, 672438, 274618, 783173, 569874, 463688, 381762, 779240, 1394194, 897997, 787453, 952437, 'Stay']
[801233, 1507569, 1111776, 134668, 961162, 685605, 273985, 787516, 569652, 463468, 352301, 766481, 1370224, 888361, 773139, 924001, 'Stay']
[801416, 1506285, 1105315, 121525, 961622, 673696, 275058, 784336, 570036, 463772, 384345, 781610, 1394771, 900291, 787152, 953251, 'Stay']
[801099, 1507383, 1109028, 133322, 960783, 684565, 273450, 785750, 569130, 463249, 350203, 764501, 1369987, 886221, 773326, 922740, 'Stay']
[801194, 1505976, 1107383, 122975, 962018, 675535, 275291, 782920, 570063, 463881, 385638, 783250, 1394452, 902149, 786364, 952799, 'Stay']
[800647, 1506736, 1106549, 131303, 960662, 683161, 273909, 779947, 568775, 462849, 349042, 762968, 1370559, 884629, 774308, 922130, 'Stay']
[800074, 1504958, 1109950, 124439, 961740, 676779, 274471, 779893, 569524, 462893, 385443, 783717, 1393755, 903193, 785633, 951792, 'Stay']
[800293, 1506084, 1104347, 129318, 960752, 681036, 273856, 775761, 568075, 461845, 349194, 762058, 1372537, 883105, 776039, 923489, 'Stay']
[799986, 1504784, 1112435, 126866, 962417, 678959, 274712, 778712, 569904, 462855, 384305, 783876, 1391880, 903788, 784511, 949870, 'Stay']
[799508, 1505002, 1102564, 127208, 960650, 679542, 274432, 773734, 568369, 461682, 351014, 762007, 1374462, 883230, 778001, 925128, 'Stay']
[799412, 1504406, 1114329, 129137, 962564, 681345, 274800, 779667, 570008, 462555, 381902, 782988, 1389268, 903711, 783144, 946613, 'Stay']
[798509, 1504091, 1100850, 125071, 960590, 677921, 274546, 774461, 568049, 461614, 353629, 762835, 1376792, 884106, 779786, 927344, 'Stay']
[798194, 1503600, 1115437, 130960, 962340, 682832, 274137, 780486, 569397, 462338, 378336, 781934, 1386366, 903081, 781270, 943351, 'Stay']
[797446, 1502859, 1099217, 122848, 959995, 675702, 274129, 772940, 567809, 461418, 356980, 764452, 1379613, 884870, 781108, 930690, 'Stay']
[797329, 1502920, 1116194, 132736, 961904, 684171, 273977, 780741, 568727, 461828, 373895, 779704, 1383277, 901249, 779088, 939899, 'Stay']
[796676, 1501808, 1098405, 121060, 959969, 673821, 274277, 772436, 567101, 460986, 360896, 766060, 1382939, 886376, 782648, 935006, 'Stay']
[796853, 1502595, 1116376, 134324, 962015, 685663, 274525, 781075, 568231, 461416, 368926, 776997, 1379889, 899320, 777022, 935831, 'Stay']
[796053, 1501135, 1098152, 119634, 960372, 672978, 274398, 773217, 567055, 460835, 364958, 768258, 1385614, 888642, 784015, 938406, 'Stay']
[796221, 1502201, 1116377, 134780, 961725, 686504, 273371, 782103, 567657, 460860, 363700, 773694, 1376673, 896644, 775645, 931846, 'Stay']
[795918, 1500766, 1099079, 118470, 960667, 671959, 274062, 774481, 566606, 460291, 369601, 770328, 1389096, 890636, 786018, 942990, 'Stay']
[795743, 1501695, 1115855, 134619, 961413, 686630, 273225, 782446, 567310, 460138, 358953, 770363, 1374242, 893460, 774933, 928709, 'Stay']
[796098, 1500733, 1099915, 117905, 960823, 671700, 274453, 775802, 566743, 459852, 373939, 772796, 1391526, 892711, 787469, 947002, 'Stay']
[796259, 1502330, 1113678, 134389, 961300, 686655, 273150, 784205, 567591, 460323, 354576, 767471, 1371524, 890674, 773893, 925589, 'Stay']
[796735, 1501383, 1101582, 118228, 961121, 672038, 274274, 779765, 567509, 460265, 378097, 775616, 1392984, 895409, 787713, 949928, 'Stay']
[797576, 1503741, 1111951, 134068, 961178, 686028, 273644, 785656, 568012, 460909, 351661, 765517, 1370001, 888091, 773234, 923666, 'Stay']
[798099, 1502703, 1103895, 119658, 961178, 672533, 274778, 782979, 568429, 461409, 381947, 779261, 1394337, 898181, 787654, 952036, 'Stay']
[798567, 1504671, 1110060, 133368, 960372, 684733, 272929, 786358, 568464, 461606, 350011, 764369, 1369590, 886310, 773232, 922725, 'Stay']
[799090, 1503749, 1106677, 121834, 961177, 674428, 274574, 785236, 569455, 462462, 384763, 782019, 1394224, 900960, 786970, 953232, 'Stay']
[799339, 1505367, 1108456, 132081, 960508, 683830, 273760, 785993, 568649, 461942, 349303, 763362, 1370247, 885056, 774481, 923540, 'Stay']
[799216, 1503979, 1109129, 123301, 961751, 676054, 275071, 786299, 569774, 462724, 385396, 783416, 1394006, 902774, 786540, 953767, 'Stay']
[799354, 1505248, 1105611, 129948, 960743, 682182, 274318, 784835, 568651, 461904, 348860, 762045, 1371045, 884001, 775524, 923983, 'Stay']
[798995, 1503903, 1111196, 124998, 962236, 677856, 275264, 787104, 569840, 462428, 384925, 783386, 1392335, 903570, 785452, 952152, 'Stay']
[799063, 1504690, 1103245, 127171, 960418, 680064, 273969, 782893, 567998, 461168, 349911, 761106, 1372958, 882851, 777180, 925582, 'Stay']
[799454, 1504382, 1112864, 126802, 962094, 679633, 274372, 786514, 569670, 462094, 383053, 782936, 1390430, 903210, 783927, 950126, 'Stay']
[799438, 1504989, 1101069, 125297, 960486, 678384, 274233, 781120, 568349, 461696, 352064, 761942, 1374863, 882962, 778403, 927648, 'Stay']
[799986, 1505322, 1114182, 129670, 962464, 681963, 274838, 787039, 569836, 462711, 380762, 782335, 1387675, 903052, 782134, 947200, 'Stay']
[800051, 1505555, 1099247, 123933, 960518, 676823, 274672, 780078, 568650, 462437, 355923, 763839, 1377662, 884199, 780225, 930665, 'Stay']
[800234, 1505682, 1115749, 132078, 962201, 683895, 274535, 788042, 570163, 463260, 377107, 781397, 1384207, 902290, 779929, 943116, 'Stay']
[799791, 1505024, 1099180, 122215, 959976, 674915, 274576, 780505, 568468, 462246, 359850, 765924, 1381027, 885628, 782232, 934806, 'Stay']
[800471, 1506103, 1117513, 134437, 961964, 685383, 274170, 788911, 569964, 463121, 372440, 779560, 1381288, 900384, 778648, 940039, 'Stay']
[800375, 1505509, 1099803, 121539, 960202, 673642, 274352, 780866, 568943, 462795, 364705, 768842, 1384620, 887736, 784370, 939502, 'Stay']
[800979, 1507043, 1117988, 135997, 961672, 686451, 273417, 789103, 570368, 463673, 368295, 777707, 1378643, 898457, 777146, 936566, 'Stay']
[801099, 1506283, 1099753, 120555, 960250, 672692, 273696, 779659, 569449, 463430, 369668, 772199, 1388040, 890529, 785734, 943718, 'Stay']
[801203, 1507691, 1117004, 136591, 961627, 687370, 273369, 786597, 570708, 464274, 363506, 775340, 1375437, 896388, 775069, 932044, 'Stay']
[800510, 1505753, 1100528, 119334, 960157, 672415, 274065, 778622, 569632, 463547, 374442, 774765, 1390477, 893189, 786434, 946684, 'Stay']
[800216, 1506748, 1115400, 135413, 960799, 687397, 272918, 786015, 569659, 463078, 358964, 771594, 1373170, 893115, 773973, 928797, 'Stay']
[799682, 1504831, 1101238, 118744, 960481, 672527, 274341, 779172, 569136, 462797, 377688, 776753, 1392507, 895335, 787043, 949669, 'Stay']
[799974, 1506444, 1113072, 135236, 961241, 687169, 273459, 783521, 569140, 462592, 353928, 768320, 1371259, 890259, 773403, 925948, 'Stay']
[799656, 1504759, 1102710, 119837, 960821, 673352, 274089, 778290, 569488, 462828, 380638, 779058, 1393769, 897870, 787204, 951725, 'Stay']
[799692, 1506289, 1110698, 134376, 960613, 686391, 273148, 781311, 568984, 462334, 350950, 765855, 1370042, 887915, 773166, 923989, 'Stay']
[799735, 1504881, 1104732, 121339, 961101, 674404, 274701, 777333, 569678, 463051, 383336, 781460, 1394432, 900409, 787278, 953257, 'Stay']
[800356, 1506842, 1108303, 133727, 960597, 685032, 273542, 777511, 569083, 462778, 349350, 764506, 1369813, 886437, 773712, 923560, 'Stay']
[800447, 1505550, 1107251, 123671, 961178, 675647, 273923, 776087, 570270, 463570, 385223, 783794, 1394095, 902702, 786472, 953652, 'Stay']
[800727, 1507231, 1106565, 132354, 959822, 683327, 272534, 775585, 569358, 463189, 349021, 763833, 1370306, 885041, 774402, 923233, 'Stay']
[801093, 1506523, 1110190, 125841, 961201, 677152, 274013, 776855, 570590, 464110, 385994, 785358, 1393563, 903960, 785943, 953113, 'Stay']
[801270, 1507827, 1104795, 130396, 959839, 681459, 273297, 773689, 569471, 463740, 350163, 764023, 1372091, 884318, 775916, 924370, 'Stay']
[801224, 1506782, 1112507, 127650, 961605, 679145, 273929, 776120, 570642, 464437, 385336, 786073, 1391927, 904854, 784477, 951532, 'Stay']
[800864, 1507115, 1102327, 127571, 959968, 679654, 273201, 770538, 569233, 463569, 351606, 764114, 1374125, 884144, 777291, 926323, 'Stay']
[801223, 1506758, 1114116, 129348, 962248, 681194, 273578, 774920, 570445, 464135, 382224, 784833, 1389176, 904213, 782269, 948060, 'Stay']
[800387, 1506265, 1100836, 125096, 960226, 677977, 273211, 770022, 569026, 463317, 354117, 764552, 1376600, 884444, 778564, 928355, 'Stay']
[800615, 1506311, 1115294, 131272, 962360, 683322, 273746, 777135, 570332, 463831, 378615, 783245, 1386352, 903536, 780395, 944408, 'Stay']
[799773, 1505433, 1098817, 122802, 960113, 675938, 273424, 770291, 568698, 462813, 357282, 765507, 1379739, 885617, 780378, 931564, 'Stay']
[799688, 1505515, 1115951, 132504, 961609, 684407, 272999, 778480, 569598, 462901, 373750, 780481, 1383007, 901659, 778242, 940115, 'Stay']
[799899, 1505451, 1098017, 121442, 960010, 674448, 273572, 769511, 568399, 462461, 360926, 767153, 1383029, 887095, 782216, 935525, 'Stay']
[799653, 1505939, 1116582, 134574, 961602, 686392, 273219, 777866, 569800, 463370, 369279, 778414, 1379995, 900200, 776662, 936275, 'Stay']
[799488, 1505018, 1098259, 120270, 959820, 673602, 273401, 768818, 568426, 462627, 365996, 769795, 1386726, 889628, 784207, 940316, 'Stay']
[799901, 1506378, 1116126, 135705, 961071, 687407, 272472, 776374, 569492, 463231, 364297, 775593, 1377197, 897751, 774989, 932724, 'Stay']
[799702, 1505228, 1098892, 119316, 959712, 672716, 272928, 767926, 568512, 462760, 370819, 772893, 1389817, 892250, 785311, 944176, 'Stay']
[800364, 1507016, 1115240, 135893, 960896, 687622, 271999, 775271, 569592, 463360, 359862, 773217, 1374733, 895132, 773787, 929451, 'Stay']
[800134, 1505499, 1100402, 119145, 960154, 672502, 273165, 767953, 569177, 463097, 375455, 776133, 1392074, 894643, 786039, 947361, 'Stay']
[800216, 1507073, 1114363, 135767, 960851, 687430, 272073, 774206, 569788, 463351, 356020, 770648, 1372322, 892229, 772815, 926093, 'Stay']
[799742, 1505101, 1102343, 119149, 960333, 672343, 273005, 768328, 569072, 462646, 379494, 778442, 1393843, 896900, 786777, 950267, 'Stay']
[799676, 1506546, 1112220, 134651, 960592, 686184, 271852, 772450, 569111, 462495, 352125, 767431, 1370839, 889073, 772485, 923735, 'Stay']
[799533, 1504819, 1104021, 120115, 961080, 673109, 273251, 768455, 569385, 462489, 381659, 780451, 1394456, 898908, 786758, 951126, 'Stay']
[799929, 1506694, 1109819, 133818, 960979, 685504, 272729, 770853, 569169, 462234, 349125, 764927, 1369741, 886568, 772612, 921365, 'Stay']
[799341, 1504683, 1107200, 121978, 961046, 674952, 273979, 770375, 569660, 462384, 383769, 782360, 1394476, 900971, 786379, 951438, 'Stay']
[800038, 1506717, 1108398, 132475, 960473, 684322, 272825, 770928, 568760, 461928, 348288, 763497, 1370764, 884826, 773938, 921813, 'Stay']
[799923, 1505259, 1109522, 123917, 961495, 676652, 273602, 771378, 570124, 462847, 385014, 783991, 1394436, 902819, 785986, 951743, 'Stay']
[800180, 1506697, 1105847, 130709, 960382, 683009, 273218, 770735, 568996, 462163, 348310, 762913, 1371535, 883990, 774911, 922233, 'Stay']
[800284, 1505885, 1111670, 126343, 961845, 679178, 273893, 774315, 570487, 463371, 384477, 785051, 1392891, 904175, 784811, 950595, 'Stay']
[800353, 1506920, 1103908, 128885, 960104, 681506, 273601, 770885, 568966, 462666, 349633, 763352, 1373147, 883853, 776373, 923896, 'Stay']
[800251, 1506218, 1114205, 128614, 961797, 681075, 274036, 775747, 570358, 463459, 382803, 785129, 1390592, 904356, 783169, 948320, 'Stay']
[800293, 1506749, 1102242, 126760, 960218, 679390, 273403, 770023, 569006, 462754, 351738, 763997, 1375495, 884042, 777880, 926289, 'Stay']
[800167, 1506203, 1116402, 130764, 962071, 682748, 273331, 776808, 570201, 463187, 379883, 783986, 1388108, 903852, 781704, 945767, 'Stay']
[800167, 1506418, 1101440, 125067, 960719, 677536, 273845, 769546, 569040, 462662, 355395, 765203, 1378833, 884749, 780448, 930306, 'Stay']
[799750, 1506086, 1118037, 132944, 962639, 684634, 273622, 777258, 570320, 463294, 376468, 782519, 1385028, 902705, 780399, 942574, 'Stay']
[799727, 1505779, 1100354, 122729, 960727, 675391, 273279, 769452, 568562, 462089, 359431, 766743, 1382000, 885846, 782894, 934712, 'Stay']
[800240, 1506818, 1117476, 134570, 962754, 686051, 272705, 777740, 570476, 463168, 371896, 780047, 1381692, 900580, 778525, 938763, 'Stay']
[799675, 1505757, 1099090, 121375, 960815, 674419, 273109, 769299, 569134, 462589, 364138, 769249, 1384778, 887998, 783865, 937977, 'Stay']
[799863, 1506830, 1116933, 135846, 962507, 687644, 273375, 777174, 570003, 463080, 367225, 777341, 1378324, 898448, 776487, 934580, 'Stay']
[799726, 1505841, 1098969, 120519, 961208, 673898, 274371, 768650, 568955, 462822, 368835, 771876, 1387703, 890612, 785407, 942052, 'Stay']
[799828, 1506957, 1116188, 136115, 961644, 687834, 273575, 776580, 569449, 462908, 362559, 774463, 1375379, 896109, 775283, 931182, 'Stay']
[800212, 1506154, 1099284, 119705, 960800, 672941, 275599, 768505, 569069, 463004, 373385, 774291, 1390234, 893185, 786364, 945941, 'Stay']
[800557, 1507672, 1114573, 136513, 961909, 687892, 276101, 775813, 569614, 463286, 357978, 771394, 1372617, 893503, 773610, 927428, 'Stay']
[800474, 1506128, 1101011, 120005, 961276, 672957, 277792, 769849, 569493, 463278, 377960, 777100, 1392343, 896008, 787044, 948532, 'Stay']
[800858, 1507865, 1113547, 136244, 961739, 687351, 275845, 774848, 569792, 463185, 354630, 768838, 1371050, 890905, 773435, 924848, 'Stay']
[800557, 1506045, 1103708, 120626, 961842, 673215, 276697, 769616, 569948, 463171, 381889, 779677, 1394203, 898383, 788099, 951551, 'Stay']
[800681, 1507573, 1111714, 135271, 961878, 686179, 275568, 772702, 569960, 463070, 351796, 766169, 1370368, 888269, 774024, 923706, 'Stay']
[800276, 1505751, 1106336, 121753, 962243, 673914, 276858, 770536, 570221, 463160, 384459, 781597, 1395055, 900452, 788452, 953208, 'Stay']
[800421, 1507270, 1109862, 133316, 961664, 684836, 275947, 771939, 569531, 462710, 349939, 764307, 1370628, 886018, 775081, 923410, 'Stay']
[800780, 1506291, 1108072, 122874, 962902, 675500, 277655, 769361, 570582, 463238, 385459, 783077, 1395179, 901951, 787795, 953688, 'Stay']
[799800, 1506575, 1106724, 130938, 960960, 682976, 276106, 768599, 569477, 462434, 348737, 762702, 1370580, 884162, 774960, 922329, 'Stay']
[800091, 1505729, 1109728, 124565, 962328, 676802, 277722, 769612, 570155, 462542, 385155, 783340, 1393545, 902481, 786062, 952393, 'Stay']
[800212, 1506837, 1104115, 129446, 961087, 681180, 276355, 767393, 569352, 462223, 349368, 761825, 1372029, 883069, 776039, 923733, 'Stay']
[800897, 1506553, 1112127, 127637, 963040, 679102, 277085, 771194, 570994, 463245, 384532, 783833, 1391435, 903815, 784508, 950214, 'Stay']
[800594, 1507105, 1102060, 127749, 961129, 679030, 275813, 766979, 569820, 462759, 351827, 762526, 1373765, 883519, 777721, 925070, 'Stay']
[800446, 1506441, 1114464, 129766, 962678, 680395, 275962, 773025, 570830, 463159, 382908, 783567, 1388960, 903595, 783179, 947086, 'Stay']
[800572, 1506979, 1101046, 126125, 961299, 677306, 275976, 766880, 569708, 462978, 355064, 763811, 1376834, 883959, 779927, 927999, 'Stay']
[800410, 1506673, 1116458, 132237, 962851, 682760, 275729, 774246, 571038, 463674, 379949, 782754, 1386524, 903076, 781809, 943785, 'Stay']
[800545, 1506673, 1099761, 123952, 960976, 675484, 275467, 766416, 569426, 462864, 358733, 765439, 1380085, 885105, 781971, 931710, 'Stay']
[799970, 1506376, 1117143, 133640, 962734, 684337, 275301, 775037, 570697, 463602, 375262, 780782, 1382834, 901654, 779304, 939292, 'Stay']
[799884, 1506005, 1099075, 121849, 961347, 673984, 275776, 767249, 568835, 462702, 362402, 767294, 1383111, 886950, 783438, 934754, 'Stay']
[799776, 1506539, 1117241, 134774, 962929, 685586, 275069, 776373, 570190, 463575, 370075, 778324, 1379544, 899758, 777548, 934704, 'Stay']
[799488, 1505462, 1098526, 120080, 961278, 672729, 275061, 767966, 568634, 462596, 366498, 769628, 1385967, 888881, 784817, 938168, 'Stay']
[799527, 1506406, 1116245, 135435, 962264, 686347, 274175, 777057, 569455, 462868, 364518, 775167, 1376551, 896887, 775935, 930691, 'Stay']
[799602, 1505412, 1098773, 119373, 961289, 671919, 275010, 768919, 568666, 462467, 370821, 772308, 1388935, 891169, 786360, 941806, 'Stay']
[799862, 1506971, 1114963, 136177, 962662, 687112, 274688, 776022, 569831, 463216, 360065, 772698, 1373471, 894349, 774758, 926376, 'Stay']
[799376, 1505135, 1100225, 119470, 961580, 671916, 275765, 769353, 569115, 462622, 375944, 775549, 1391168, 893962, 787427, 944791, 'Stay']
[799982, 1507056, 1114009, 136402, 962081, 686747, 274654, 776100, 569473, 462622, 356248, 769893, 1371776, 891528, 774248, 923855, 'Stay']
[800172, 1505727, 1102263, 120568, 961617, 672469, 276061, 771158, 570046, 463216, 380179, 778568, 1393117, 897002, 787942, 947530, 'Stay']
[800086, 1507082, 1112636, 135877, 961319, 686030, 274256, 775994, 569948, 463004, 353497, 767720, 1370495, 889469, 773874, 921582, 'Stay']
[799927, 1505360, 1104797, 121322, 961537, 673087, 275937, 771506, 570225, 463194, 383344, 781112, 1394394, 899557, 787924, 949570, 'Stay']
[799999, 1506849, 1110638, 134524, 961466, 685340, 275040, 773792, 569822, 462785, 350786, 765628, 1370116, 887456, 774061, 920390, 'Stay']
[800117, 1505476, 1106769, 122683, 962294, 674668, 276017, 770907, 570648, 463371, 385207, 782890, 1394665, 901982, 787720, 950206, 'Stay']
[800060, 1506875, 1108034, 132821, 961479, 684129, 274717, 771254, 569928, 463077, 349220, 763997, 1369767, 885713, 774275, 918776, 'Stay']
[799552, 1505211, 1109378, 123924, 962283, 676192, 275087, 772409, 570371, 463254, 385607, 783953, 1393683, 903274, 786678, 949320, 'Stay']
[799397, 1506264, 1105384, 130077, 960985, 681880, 274672, 770769, 569029, 462528, 348596, 762567, 1371020, 884103, 775578, 919645, 'Stay']
[799450, 1505472, 1110851, 125621, 962512, 677711, 276016, 773278, 569957, 463186, 384277, 783832, 1392185, 903681, 785007, 947691, 'Stay']
[798760, 1505586, 1102682, 127640, 960466, 679671, 274587, 769750, 568302, 461993, 349259, 761758, 1372574, 883037, 776357, 920886, 'Stay']
[798615, 1504677, 1112622, 127116, 961741, 679074, 274750, 773836, 569437, 462084, 382198, 783193, 1390105, 902848, 783154, 945570, 'Stay']
[798579, 1505312, 1100508, 125111, 959976, 677510, 274776, 767831, 568062, 461404, 351316, 762171, 1375114, 882405, 778146, 923762, 'Stay']
[798747, 1505114, 1114267, 129198, 961829, 680969, 275053, 773526, 569443, 462162, 379425, 782207, 1387566, 902306, 781592, 943052, 'Stay']
[799113, 1505596, 1099208, 123496, 960156, 675881, 275236, 766019, 568322, 461802, 355268, 763768, 1378188, 883440, 779896, 927391, 'Stay']
[799341, 1505779, 1116080, 132179, 962045, 683149, 275516, 772811, 570030, 462764, 376651, 781558, 1384618, 901711, 779755, 939654, 'Stay']
[799838, 1506032, 1098894, 122801, 960654, 674725, 275894, 763786, 568953, 462455, 360072, 766611, 1381517, 885753, 782040, 931411, 'Stay']
[799937, 1506484, 1116772, 134651, 962592, 685414, 275801, 771559, 570720, 463638, 372443, 780226, 1380912, 900790, 777914, 935197, 'Stay']
[799254, 1505310, 1098906, 121291, 961088, 673660, 276411, 763786, 569155, 462640, 364611, 769157, 1384281, 888185, 783764, 934813, 'Stay']
[799180, 1506038, 1117285, 135371, 962834, 686146, 275977, 772773, 569870, 462622, 367522, 777021, 1378128, 898345, 777018, 931847, 'Stay']
[798859, 1504769, 1099285, 119973, 961347, 671881, 276449, 764615, 568928, 462112, 368855, 771285, 1387701, 890269, 786046, 939351, 'Stay']
[798573, 1505541, 1116706, 135709, 962169, 685730, 274968, 773039, 569420, 462051, 362392, 773915, 1375317, 895441, 775813, 928166, 'Stay']
[798880, 1504593, 1100173, 119289, 961328, 671026, 276014, 765698, 568652, 461795, 373393, 773998, 1390590, 892507, 787294, 943243, 'Stay']
[799109, 1506093, 1115063, 135940, 961952, 686062, 275193, 773225, 569447, 462243, 358027, 771203, 1372926, 892729, 774549, 924769, 'Stay']
[798602, 1504171, 1101439, 119139, 961131, 670937, 275922, 767087, 569014, 462034, 377721, 776810, 1392692, 895006, 787907, 946221, 'Stay']
[799277, 1506330, 1113111, 135408, 961608, 685433, 275034, 771712, 569167, 462144, 354057, 768443, 1371278, 889575, 773837, 922510, 'Stay']
[799040, 1504604, 1103170, 120015, 961274, 671467, 275608, 766273, 569570, 462599, 381317, 779757, 1393724, 897228, 787432, 947819, 'Stay']
[799346, 1506469, 1111618, 134894, 961129, 684872, 274662, 770067, 569410, 462594, 351462, 766623, 1369935, 887474, 773206, 919812, 'Stay']
[799396, 1505052, 1106194, 121835, 961609, 672987, 276117, 767106, 569713, 462996, 384135, 782242, 1394620, 900004, 787743, 949528, 'Stay']
[799375, 1506561, 1110279, 134114, 960860, 683928, 274982, 768413, 569193, 462918, 349745, 765347, 1369918, 886133, 774332, 919469, 'Stay']
[799372, 1505261, 1109384, 123954, 961971, 674678, 275754, 766836, 569864, 463435, 385929, 784498, 1394931, 902519, 787929, 950686, 'Stay']
[799659, 1506853, 1107527, 132637, 961291, 682573, 274632, 764957, 569182, 463160, 349443, 764433, 1370959, 885009, 775720, 920090, 'Stay']
[799083, 1505139, 1111409, 126211, 962630, 676956, 275763, 766339, 570394, 463831, 385995, 785343, 1393341, 904129, 786474, 948793, 'Stay']
[798860, 1505951, 1105473, 130373, 960907, 681017, 274687, 762832, 568767, 462594, 349640, 763283, 1372360, 884134, 777044, 920863, 'Stay']
[798696, 1505030, 1113304, 127802, 962521, 678730, 275396, 764671, 570217, 463287, 384448, 785151, 1391861, 904339, 785117, 947213, 'Stay']
[798124, 1505146, 1102716, 127371, 960572, 678641, 274489, 759298, 568477, 462093, 351054, 763072, 1374517, 883433, 777945, 922389, 'Stay']
[797933, 1504387, 1114496, 129254, 962288, 680172, 275082, 765100, 569657, 462517, 381579, 783768, 1389455, 903426, 782862, 944052, 'Stay']
[797315, 1504117, 1100776, 125055, 960112, 676501, 274387, 759115, 568107, 461454, 353669, 763385, 1377057, 883627, 779353, 924931, 'Stay']
[797016, 1503741, 1115881, 131193, 961898, 682004, 274474, 766019, 569470, 462051, 378116, 782037, 1386472, 902534, 780880, 940481, 'Stay']
[796765, 1503488, 1099222, 122851, 960125, 674841, 274234, 758472, 567709, 461056, 356750, 764562, 1379957, 884796, 781210, 928167, 'Stay']
[796043, 1503045, 1116629, 133004, 961826, 683988, 273620, 765604, 569012, 461933, 373459, 779924, 1382889, 901512, 779138, 936253, 'Stay']
[795374, 1501823, 1098758, 121006, 960135, 673449, 274379, 755840, 566993, 460554, 360936, 766182, 1383346, 886513, 783392, 932447, 'Stay']
[795256, 1502283, 1116954, 134334, 961784, 685093, 274663, 762688, 568511, 461112, 368747, 777045, 1380154, 899177, 777645, 932929, 'Stay']
[794963, 1501374, 1098590, 120243, 960349, 672375, 274822, 753333, 567614, 460803, 365554, 769031, 1386334, 889013, 784754, 935868, 'Stay']
[794490, 1501812, 1116535, 135583, 961285, 686075, 273714, 761895, 568162, 460932, 363589, 774551, 1376668, 897037, 775863, 928189, 'Stay']
[794353, 1500589, 1098795, 119477, 960304, 671953, 274882, 753894, 567360, 460561, 369928, 771595, 1389067, 891458, 785999, 939326, 'Stay']
[793524, 1501155, 1115257, 135670, 961005, 686557, 273159, 762982, 567384, 460418, 358663, 771420, 1373896, 894379, 774620, 924722, 'Stay']
[793960, 1500262, 1099687, 119109, 960714, 671413, 274698, 755100, 566894, 460429, 374023, 774266, 1391442, 893838, 787019, 942901, 'Stay']
[793889, 1501447, 1113500, 135429, 961275, 686118, 273674, 761298, 567395, 460644, 354316, 768785, 1371403, 891334, 773340, 921187, 'Stay']
[793369, 1499556, 1101378, 118717, 960808, 671139, 274447, 754985, 566792, 459968, 377808, 776780, 1392906, 896070, 787373, 945684, 'Stay']
[793688, 1501409, 1111306, 134321, 961277, 685432, 273764, 759563, 566835, 459990, 350574, 765622, 1369835, 888303, 773098, 919328, 'Stay']
[793330, 1499543, 1103326, 119648, 961201, 672442, 274881, 755775, 566999, 460166, 380624, 778917, 1393606, 898550, 787220, 947308, 'Stay']
[793381, 1501065, 1109385, 132992, 960913, 684428, 274195, 758646, 566428, 459642, 347951, 763276, 1369128, 886007, 773321, 918076, 'Stay']
[793288, 1499554, 1105900, 121045, 961427, 673724, 274881, 756715, 566907, 459827, 382355, 780612, 1394079, 900402, 787427, 948800, 'Stay']
[794012, 1501657, 1106900, 131665, 960505, 683118, 273896, 756802, 566356, 459683, 346534, 761854, 1369715, 884395, 774470, 918723, 'Stay']
[794209, 1500569, 1108366, 123343, 961553, 675597, 274646, 756450, 567959, 460746, 383053, 782388, 1393275, 902360, 786347, 948614, 'Stay']
[794668, 1502218, 1105177, 129948, 960285, 681647, 273978, 755155, 566998, 460287, 346848, 761435, 1370631, 883617, 775364, 919144, 'Stay']
[795050, 1501566, 1111328, 125810, 961854, 677609, 274909, 757819, 568462, 461159, 383576, 783558, 1392358, 903567, 785467, 948108, 'Stay']
[795333, 1502792, 1103033, 128089, 960295, 679801, 273926, 753515, 567262, 460521, 348729, 761843, 1372983, 883212, 776906, 921378, 'Stay']
[795788, 1502639, 1113289, 128200, 962264, 679883, 275055, 756597, 569052, 461614, 381743, 783730, 1389985, 903914, 783391, 945225, 'Stay']
[795569, 1502907, 1101282, 125923, 960207, 677818, 274460, 750632, 567364, 460613, 350996, 762475, 1375055, 883505, 778346, 923600, 'Stay']
[795577, 1502488, 1114893, 129730, 961888, 681277, 274186, 757209, 568549, 461005, 378984, 782323, 1387577, 902995, 781813, 942892, 'Stay']
[796042, 1503041, 1099274, 123616, 960264, 675999, 274553, 750054, 567425, 460603, 354463, 763519, 1378398, 884202, 780222, 927165, 'Stay']
[796470, 1503622, 1115620, 132108, 962300, 683347, 275082, 757228, 568881, 461281, 375162, 780703, 1384308, 902072, 779953, 939226, 'Stay']
[796080, 1503087, 1098596, 122049, 959958, 674323, 274473, 749215, 567691, 460730, 358671, 765624, 1381179, 885620, 782194, 930875, 'Stay']
[796821, 1504362, 1116821, 134025, 961965, 684783, 274481, 756475, 568942, 461258, 371167, 778844, 1381482, 899883, 778589, 935969, 'Stay']
[796758, 1503606, 1098981, 120927, 960312, 673084, 274615, 747442, 567976, 460978, 363996, 768439, 1385302, 887724, 784537, 935796, 'Stay']
[797493, 1505131, 1116952, 135602, 962128, 685804, 274163, 754225, 569283, 461745, 366912, 776669, 1378848, 898155, 777206, 932311, 'Stay']
[797257, 1504054, 1099579, 120229, 960607, 672246, 275049, 745682, 568650, 461774, 368882, 771430, 1388228, 890659, 785901, 939389, 'Stay']
[797795, 1505645, 1117112, 136401, 961876, 686763, 274382, 753791, 569462, 462073, 362404, 774162, 1376077, 896052, 775997, 928665, 'Stay']
[797806, 1504552, 1101080, 120222, 960856, 672321, 275646, 746677, 569088, 462167, 373936, 774663, 1391100, 893571, 787394, 943354, 'Stay']
[798145, 1506314, 1116477, 137090, 961730, 687368, 274929, 753670, 569574, 462515, 358619, 771952, 1373437, 893738, 775008, 925074, 'Stay']
[797927, 1504726, 1102832, 120424, 960962, 672101, 275840, 747105, 569008, 462306, 378884, 777888, 1393405, 896212, 788613, 946818, 'Stay']
[798528, 1506735, 1114186, 137008, 961697, 686754, 275169, 752032, 569351, 462427, 354777, 769395, 1371729, 890927, 774716, 922767, 'Stay']
[798098, 1504820, 1103944, 121309, 961693, 672866, 276164, 746800, 569615, 462653, 381956, 780440, 1394304, 898846, 788641, 948508, 'Stay']
[798083, 1506382, 1111298, 135523, 961371, 685770, 274829, 749737, 569168, 462393, 351488, 766702, 1370314, 888670, 774105, 920201, 'Stay']
[797958, 1504827, 1105464, 122333, 961814, 673947, 275523, 746783, 569442, 462691, 383847, 782180, 1394658, 900955, 788051, 949311, 'Stay']
[797744, 1506005, 1109101, 134139, 961179, 684759, 274036, 749050, 568938, 462281, 349192, 764692, 1370122, 886746, 774316, 918952, 'Stay']
[798286, 1505045, 1107648, 124035, 962509, 675645, 275230, 748258, 569822, 462643, 384786, 783451, 1394723, 902964, 787228, 949522, 'Stay']
[797933, 1505949, 1106519, 132389, 961159, 683196, 273885, 748314, 569127, 462262, 348257, 763328, 1370569, 885552, 774964, 918541, 'Stay']
[798064, 1505061, 1110507, 126063, 962421, 677419, 275064, 749841, 569885, 462629, 384744, 784434, 1393340, 904351, 786226, 948470, 'Stay']
[797819, 1506035, 1104711, 130313, 960786, 681368, 274768, 747872, 568585, 461972, 349002, 762766, 1372267, 884550, 776686, 920531, 'Stay']
[798294, 1505894, 1112827, 128344, 962786, 679276, 276325, 750668, 570158, 463025, 383770, 784641, 1391826, 904801, 784989, 947188, 'Stay']
[798340, 1506504, 1102856, 128472, 960883, 679367, 276005, 745928, 568817, 462358, 350926, 763057, 1374518, 884319, 778154, 922700, 'Stay']
[798499, 1506036, 1115424, 130625, 962361, 680801, 276691, 751243, 570231, 463073, 381897, 784269, 1389663, 904687, 783677, 944997, 'Stay']
[798862, 1506686, 1101918, 126614, 960843, 677449, 277242, 744580, 569026, 462682, 354283, 764468, 1377660, 885010, 780597, 926665, 'Stay']
[799191, 1506813, 1117498, 132848, 962910, 682718, 278545, 751348, 570480, 463328, 379146, 783313, 1387158, 903923, 782371, 942680, 'Stay']
[799132, 1506606, 1101086, 124334, 960973, 675159, 278845, 743453, 569522, 462900, 358473, 766075, 1380975, 886141, 782640, 930903, 'Stay']
[799536, 1507169, 1118048, 134211, 963080, 683984, 279263, 751407, 570946, 463447, 374885, 780952, 1383699, 901962, 780109, 938697, 'Stay']
[799231, 1506397, 1100209, 122138, 961362, 673496, 279711, 743995, 569757, 462804, 362931, 767893, 1383642, 887473, 784040, 934016, 'Stay']
