[722785, 1462431, 1136538, 114313, 949216, 655339, 316352, 1016311, 552771, 418458, 366272, 750839, 1371155, 878187, 794389, 954168, 'Stay']
[722666, 1463543, 1154391, 130148, 950510, 669532, 315549, 1021898, 553460, 418817, 362252, 755138, 1360654, 884398, 784818, 944191, 'Stay']
[722604, 1462308, 1137207, 113788, 949211, 654891, 316493, 1017031, 552713, 418737, 371106, 753999, 1373985, 880925, 795972, 958094, 'Stay']
[722608, 1463626, 1152934, 130319, 950209, 669753, 315212, 1021574, 552930, 418560, 357893, 752105, 1357815, 881711, 783732, 941041, 'Stay']
[722966, 1462505, 1138803, 114176, 949795, 655315, 316863, 1017599, 552632, 418780, 375415, 756791, 1376364, 883630, 797018, 961102, 'Stay']
[722782, 1463889, 1151689, 130611, 950428, 669788, 315336, 1020912, 553336, 419196, 353882, 750018, 1355701, 879506, 783264, 938184, 'Stay']
[722717, 1462113, 1141090, 115051, 950016, 655914, 316394, 1018385, 553047, 419043, 379130, 759796, 1378159, 886320, 797872, 963496, 'Stay']
[723143, 1464234, 1149707, 129898, 950311, 669071, 314692, 1019715, 552965, 418919, 350786, 747507, 1354722, 876951, 783323, 936859, 'Stay']
[723018, 1462512, 1143160, 116119, 950262, 657046, 315534, 1018643, 553441, 419354, 382058, 762296, 1379046, 888939, 797546, 964686, 'Stay']
[723377, 1464356, 1147463, 128738, 949778, 667967, 314365, 1018861, 553167, 419196, 349074, 745808, 1354121, 875235, 783479, 936036, 'Stay']
[723365, 1462949, 1145430, 117917, 950359, 658864, 315955, 1018981, 553782, 419678, 384153, 764291, 1378749, 891071, 797065, 965516, 'Stay']
[722881, 1463889, 1144788, 126464, 949253, 666397, 314110, 1017336, 552742, 419033, 347975, 744477, 1354063, 873688, 784000, 936719, 'Stay']
[722894, 1462639, 1147294, 119345, 950394, 660310, 315550, 1018697, 553585, 419285, 383606, 764619, 1377724, 891793, 795830, 965191, 'Stay']
[722464, 1463318, 1141883, 124189, 948937, 664618, 314063, 1016186, 552514, 418705, 347299, 743111, 1354964, 872363, 785022, 937461, 'Stay']
[722613, 1462422, 1149096, 121192, 950667, 662411, 315435, 1019556, 553281, 418799, 382404, 764539, 1376135, 892256, 794513, 963544, 'Stay']
[721962, 1462766, 1139981, 121892, 949159, 663147, 314308, 1016312, 551960, 418244, 348496, 742716, 1357182, 871895, 786740, 939647, 'Stay']
[722178, 1462148, 1151636, 123114, 951025, 664334, 315017, 1019671, 552801, 418336, 380423, 763727, 1374436, 892031, 793298, 962048, 'Stay']
[722364, 1462753, 1138514, 119938, 949728, 661282, 315204, 1012843, 552110, 418127, 351205, 743159, 1360019, 872079, 788688, 942996, 'Stay']
[722375, 1462447, 1153530, 125378, 951522, 666291, 315291, 1016709, 553821, 418726, 377609, 762790, 1371463, 891350, 791380, 958281, 'Stay']
[722209, 1462285, 1137780, 117712, 949435, 659078, 314689, 1010963, 552127, 417696, 354819, 744551, 1363112, 872808, 790812, 946253, 'Stay']
[722468, 1462698, 1155288, 127060, 951163, 667469, 314424, 1016185, 553423, 418289, 373713, 761042, 1368921, 889693, 789770, 955367, 'Stay']
[722913, 1462887, 1137582, 116198, 949678, 657516, 315175, 1009584, 552582, 418199, 358937, 746832, 1366539, 874664, 792533, 950200, 'Stay']
[722648, 1463257, 1156225, 128736, 950927, 668747, 314188, 1015443, 553654, 418659, 369681, 759240, 1365521, 888186, 787814, 951593, 'Stay']
[723325, 1463217, 1137266, 115575, 949564, 656575, 315546, 1009203, 552692, 418583, 363969, 749881, 1369504, 877129, 794221, 954380, 'Stay']
[723083, 1463986, 1155247, 130414, 950580, 670061, 314309, 1014564, 553826, 419107, 365106, 756986, 1361607, 886120, 785865, 947531, 'Stay']
[722700, 1462632, 1137458, 114227, 949191, 655552, 314669, 1009240, 552203, 418220, 368695, 752476, 1372421, 879470, 795732, 958106, 'Stay']
[722520, 1463682, 1154363, 130582, 950564, 670368, 314330, 1013684, 553129, 418813, 359927, 753770, 1359040, 883224, 784584, 944232, 'Stay']
[722658, 1462370, 1138424, 114002, 949731, 655783, 315959, 1008627, 552663, 418738, 372788, 755112, 1375243, 881997, 796778, 961293, 'Stay']
[721948, 1463026, 1153100, 130059, 950105, 670209, 314316, 1013126, 552635, 418178, 355491, 750691, 1357146, 880231, 783724, 941667, 'Stay']
[721950, 1461508, 1139979, 113542, 949625, 655803, 315467, 1009742, 552278, 417947, 376210, 757286, 1377540, 884159, 797490, 964370, 'Stay']
[722242, 1463374, 1150929, 129247, 950008, 669683, 314036, 1012266, 552487, 417778, 351244, 747532, 1355700, 877481, 783158, 939817, 'Stay']
[722120, 1461768, 1141561, 114434, 950061, 656471, 315915, 1010441, 552901, 418081, 379424, 759614, 1378879, 886707, 797406, 965897, 'Stay']
[722445, 1463803, 1148376, 128322, 950100, 668676, 315023, 1011667, 552421, 417853, 348966, 745317, 1354684, 875375, 783208, 938000, 'Stay']
[722146, 1462124, 1144215, 115767, 950137, 657844, 316518, 1012151, 553176, 418418, 382221, 761780, 1379398, 889037, 797519, 966670, 'Stay']
[722940, 1464518, 1146521, 127194, 949784, 667539, 316181, 1011691, 552375, 418207, 347515, 743719, 1354606, 873546, 784131, 937779, 'Stay']
[723249, 1463357, 1146845, 118122, 950587, 659474, 318010, 1012178, 553436, 418955, 383251, 763519, 1378764, 890891, 796888, 966514, 'Stay']
[723411, 1464853, 1144461, 125583, 949716, 665854, 317869, 1010111, 552742, 418722, 347219, 743246, 1354685, 872806, 784732, 937625, 'Stay']
[723323, 1463639, 1149707, 120022, 950743, 661198, 319069, 1012582, 553839, 419273, 383599, 764786, 1377534, 892266, 795669, 965353, 'Stay']
[723439, 1464816, 1142273, 123378, 949413, 663566, 318519, 1008779, 552623, 418616, 348345, 743037, 1356479, 871880, 786237, 939667, 'Stay']
[723562, 1464182, 1151619, 122376, 951189, 662902, 319919, 1012277, 554178, 419503, 382331, 764858, 1375723, 892525, 794308, 963454, 'Stay']
[723201, 1464462, 1140347, 121109, 949649, 661494, 319612, 1007917, 552831, 418869, 350486, 743309, 1358635, 872136, 787935, 941543, 'Stay']
[723129, 1463751, 1153087, 124145, 951422, 664256, 319886, 1012583, 553925, 419072, 380180, 763635, 1373578, 891834, 792792, 960799, 'Stay']
[722691, 1463603, 1138018, 118407, 949579, 659116, 319531, 1007119, 552510, 418254, 353403, 743538, 1361476, 872113, 789375, 944183, 'Stay']
[722603, 1463471, 1153855, 125433, 951344, 665723, 319482, 1012372, 553795, 418541, 376395, 761434, 1370211, 889925, 790086, 956380, 'Stay']
[722737, 1463377, 1136622, 116357, 949539, 657556, 319716, 1006529, 552516, 417998, 357285, 745065, 1364529, 872989, 791178, 947339, 'Stay']
[722106, 1463097, 1154770, 126783, 950965, 667184, 318950, 1013355, 553708, 418311, 372565, 759488, 1367055, 888331, 788540, 952649, 'Stay']
[722233, 1462701, 1136222, 114173, 949226, 655768, 319277, 1007809, 552014, 417380, 361689, 746872, 1368163, 874427, 793476, 952081, 'Stay']
[722302, 1463551, 1154627, 128269, 951417, 668561, 318934, 1013670, 553344, 418018, 367733, 756759, 1364237, 885975, 787121, 949978, 'Stay']
[722339, 1462736, 1136126, 113615, 949850, 655409, 319684, 1007816, 552297, 417790, 366226, 749615, 1371363, 877199, 795053, 956359, 'Stay']
[722413, 1463877, 1153932, 129630, 951200, 669775, 318693, 1012913, 553708, 418853, 362953, 754568, 1360985, 884150, 785235, 946337, 'Stay']
[722354, 1462647, 1137106, 113203, 949785, 655054, 319676, 1007916, 552363, 418061, 370741, 752495, 1373907, 879781, 796142, 959712, 'Stay']
[722533, 1464115, 1153333, 129990, 951081, 669852, 319018, 1012202, 553338, 418638, 358333, 751655, 1357985, 881294, 784022, 942821, 'Stay']
[722072, 1462155, 1138797, 113013, 949917, 654922, 319693, 1008502, 552680, 418413, 375229, 755700, 1376137, 882641, 796988, 962374, 'Stay']
[721844, 1463316, 1151461, 129183, 950481, 669275, 318096, 1010943, 552613, 418157, 354216, 748634, 1355977, 878434, 783066, 940287, 'Stay']
[721021, 1460767, 1139959, 113092, 949927, 654931, 319062, 1007194, 552333, 417554, 378726, 757810, 1377660, 884708, 797077, 964539, 'Stay']
[720693, 1461842, 1148674, 127972, 950063, 668194, 317810, 1007994, 552238, 417051, 350601, 745605, 1354059, 875641, 782239, 937539, 'Stay']
[719677, 1458936, 1141954, 113630, 949703, 655637, 319027, 1006903, 551911, 416144, 380871, 759013, 1378256, 886692, 796749, 965501, 'Stay']
[719249, 1459866, 1146927, 126238, 949661, 666781, 317730, 1007593, 551395, 415107, 347705, 742286, 1353492, 872987, 782716, 936883, 'Stay']
[718832, 1457697, 1144357, 114915, 950145, 656984, 318713, 1007451, 552020, 414942, 382120, 759810, 1378360, 888013, 796483, 966085, 'Stay']
[718172, 1458086, 1144257, 123825, 949008, 664804, 316852, 1006332, 551107, 413742, 346295, 740013, 1353633, 870627, 783365, 936489, 'Stay']
[718154, 1456388, 1146437, 116220, 950037, 658200, 317868, 1008008, 552088, 413749, 382472, 760350, 1377531, 888674, 795392, 965033, 'Stay']
[717599, 1456875, 1141623, 121608, 948625, 662927, 316659, 1006029, 550957, 412703, 346156, 738659, 1354524, 869090, 784282, 937012, 'Stay']
[717577, 1455738, 1148488, 118148, 950103, 660111, 317818, 1009432, 552196, 412983, 381385, 760219, 1375852, 888937, 793907, 963142, 'Stay']
[717508, 1456432, 1139009, 119302, 948549, 661027, 316849, 1005749, 551272, 412322, 347280, 738378, 1356324, 868368, 785703, 938675, 'Stay']
[717049, 1455287, 1150400, 119713, 949702, 661689, 316933, 1010183, 552636, 412811, 379550, 759743, 1373566, 888657, 791976, 960566, 'Stay']
[717781, 1456504, 1136655, 116721, 948349, 658373, 316282, 1004454, 550734, 411837, 349621, 738804, 1359175, 868065, 787271, 942041, 'Stay']
[717535, 1455983, 1151283, 121940, 950183, 663541, 317045, 1009482, 552749, 413292, 376200, 758820, 1370349, 887935, 789360, 956857, 'Stay']
[717171, 1455809, 1135891, 114427, 948115, 656719, 316846, 1004953, 550577, 411956, 352987, 740164, 1361563, 869378, 788610, 944627, 'Stay']
[717327, 1456156, 1152601, 123599, 950024, 664995, 316477, 1010299, 552080, 412698, 372309, 756673, 1367652, 886405, 787843, 953893, 'Stay']
[717438, 1456120, 1134587, 112972, 948102, 655227, 316719, 1003992, 550784, 412062, 356611, 742207, 1364622, 870676, 790359, 948071, 'Stay']
[717321, 1456664, 1153345, 125365, 949734, 666293, 316604, 1010459, 551838, 412619, 367809, 755020, 1364404, 884377, 786269, 950167, 'Stay']
[717782, 1456526, 1134726, 111899, 948303, 654109, 317406, 1004863, 550735, 412469, 361277, 745171, 1368282, 873015, 792942, 952682, 'Stay']
[717602, 1457451, 1153177, 126512, 949749, 667450, 316309, 1010859, 551787, 413182, 363448, 752945, 1361589, 882668, 785316, 947234, 'Stay']
[718213, 1457062, 1135056, 110808, 948540, 653470, 317493, 1004924, 551084, 413158, 366304, 748128, 1371453, 875777, 794817, 956835, 'Stay']
[718683, 1458833, 1152180, 127155, 949627, 668271, 316138, 1009624, 551980, 413873, 359043, 750575, 1358722, 880377, 783872, 943846, 'Stay']
[719145, 1458067, 1136041, 110685, 948846, 653713, 317912, 1004823, 551627, 414295, 371013, 751715, 1374028, 878893, 795367, 959762, 'Stay']
[719022, 1459456, 1151037, 127207, 949495, 668150, 316213, 1008863, 552217, 414642, 355075, 748237, 1356227, 878029, 782409, 940606, 'Stay']
[719446, 1458448, 1138176, 110942, 949252, 653492, 317684, 1005281, 551920, 414701, 375501, 754820, 1376611, 881592, 796167, 962899, 'Stay']
[719832, 1460577, 1149603, 127169, 949858, 667853, 316463, 1007852, 552475, 415219, 351657, 746185, 1355073, 875563, 781889, 938565, 'Stay']
[720058, 1459359, 1140111, 112233, 949654, 654789, 317728, 1005628, 552783, 415753, 379073, 757905, 1378060, 884441, 796447, 964561, 'Stay']
[720268, 1461148, 1147162, 126368, 949732, 667066, 316566, 1006892, 552558, 415655, 348865, 743929, 1354084, 873374, 782164, 936972, 'Stay']
[720226, 1459449, 1142348, 113688, 949805, 656064, 317661, 1006562, 552848, 415552, 381566, 759837, 1378988, 886617, 796645, 966078, 'Stay']
[720497, 1461154, 1145039, 125220, 949392, 666184, 316574, 1006179, 552385, 415368, 347069, 742122, 1353865, 871558, 782795, 937020, 'Stay']
[720702, 1459871, 1145163, 115956, 950531, 657960, 317930, 1007010, 553103, 415837, 382742, 761316, 1378467, 888644, 796019, 966296, 'Stay']
[720458, 1460906, 1143129, 123718, 949319, 664747, 316349, 1005531, 552437, 415652, 346596, 741217, 1354428, 870737, 783997, 937396, 'Stay']
[720734, 1459955, 1147266, 117741, 950227, 660002, 317066, 1007910, 553199, 415904, 382823, 762267, 1377413, 889674, 795096, 965379, 'Stay']
[720857, 1461122, 1140378, 121186, 948693, 663187, 316233, 1005466, 552239, 415547, 347447, 740704, 1355619, 869807, 784999, 938673, 'Stay']
[721088, 1460644, 1149462, 119535, 949849, 661947, 316519, 1009589, 553403, 416222, 381989, 762624, 1375474, 890257, 793257, 963542, 'Stay']
[721652, 1462066, 1138363, 119136, 948571, 661149, 315905, 1004928, 552541, 416215, 349589, 741584, 1358097, 869856, 786422, 941603, 'Stay']
[721908, 1461780, 1151611, 122245, 950503, 663913, 316715, 1009743, 553961, 417001, 379925, 762957, 1373386, 890240, 791491, 961082, 'Stay']
[722128, 1462237, 1137649, 117729, 948679, 659379, 316125, 1004622, 552911, 416851, 353075, 743387, 1360982, 870956, 788477, 944208, 'Stay']
[721984, 1462024, 1153704, 124871, 950560, 665793, 316318, 1010027, 554190, 417511, 377143, 762093, 1370566, 889388, 789987, 957515, 'Stay']
[721729, 1461805, 1137029, 116413, 948734, 657690, 316361, 1004106, 552599, 416870, 357289, 745183, 1364435, 872102, 790849, 948087, 'Stay']
[721545, 1461973, 1154784, 127122, 950459, 667789, 316055, 1009760, 554003, 417561, 373017, 760019, 1367601, 888177, 788394, 954081, 'Stay']
[721219, 1461181, 1136375, 114660, 948598, 656685, 316355, 1003819, 552298, 416455, 361252, 746871, 1367756, 874218, 792850, 952372, 'Stay']
[720941, 1461668, 1154307, 128261, 950236, 668915, 315501, 1009361, 553583, 416828, 368005, 757063, 1364116, 885972, 786482, 950622, 'Stay']
[720777, 1460585, 1135771, 113307, 948939, 655796, 316665, 1003851, 552513, 416274, 365474, 749080, 1370528, 876281, 793953, 955826, 'Stay']
[720853, 1461632, 1153254, 128393, 950344, 669605, 315721, 1009432, 553211, 416361, 362827, 753802, 1360951, 883322, 784662, 946820, 'Stay']
[720408, 1459904, 1135894, 111505, 948428, 654649, 316012, 1004846, 552517, 416028, 369628, 751382, 1373327, 878638, 794976, 959079, 'Stay']
[720751, 1461647, 1151655, 127933, 949894, 669350, 315611, 1009021, 553152, 416121, 357664, 750588, 1358199, 880368, 782998, 943047, 'Stay']
[721011, 1460643, 1138457, 111932, 948937, 654676, 316075, 1005389, 553071, 416152, 377840, 756952, 1377591, 883577, 796284, 963683, 'Stay']
[720924, 1462176, 1148434, 127429, 949199, 668201, 314896, 1007650, 553371, 416421, 350697, 745812, 1354453, 875245, 781691, 937190, 'Stay']
[721133, 1460847, 1141471, 113534, 948905, 655825, 315994, 1006998, 553323, 416665, 380923, 759823, 1378894, 886348, 796719, 965474, 'Stay']
[721263, 1462594, 1146939, 126733, 948592, 667105, 314279, 1007805, 553109, 416816, 348477, 744436, 1354188, 873666, 782309, 936714, 'Stay']
[721302, 1461066, 1144531, 115668, 949396, 657304, 316337, 1008141, 553484, 417024, 383053, 762072, 1379154, 888783, 796457, 966018, 'Stay']
[721021, 1462156, 1145110, 125042, 948444, 665363, 314644, 1007535, 552691, 416343, 347759, 742682, 1354531, 871822, 783512, 936832, 'Stay']
[721127, 1460851, 1146859, 117146, 949641, 658837, 316155, 1009203, 553701, 416811, 383714, 762810, 1378491, 889659, 795749, 965408, 'Stay']
[720494, 1461425, 1142317, 122596, 948035, 663739, 314525, 1007549, 552303, 415757, 347165, 741203, 1355184, 870210, 784348, 937172, 'Stay']
[720467, 1460310, 1148339, 118653, 949411, 660849, 315551, 1010552, 553169, 416183, 382357, 762631, 1376568, 890170, 793899, 963528, 'Stay']
[720602, 1461396, 1139427, 120195, 947741, 661921, 314606, 1007137, 551722, 415625, 347882, 740887, 1356746, 869795, 785185, 938883, 'Stay']
[720402, 1460539, 1150197, 120314, 949029, 662352, 314787, 1011440, 552988, 416195, 380391, 762476, 1374319, 890102, 791715, 961114, 'Stay']
[720553, 1461286, 1137582, 117459, 947423, 659426, 314546, 1006470, 551576, 415433, 350131, 741533, 1359370, 869700, 786613, 941720, 'Stay']
[720624, 1461103, 1152113, 122353, 949184, 663841, 314680, 1011348, 553253, 416308, 377468, 761611, 1371820, 889234, 789902, 958414, 'Stay']
[720935, 1461544, 1136225, 115957, 947784, 657840, 315054, 1005483, 552082, 415921, 353651, 743224, 1362334, 871052, 788597, 945013, 'Stay']
[720653, 1461430, 1153342, 124738, 949420, 665880, 314564, 1010999, 553566, 416537, 374087, 760340, 1368725, 888614, 788072, 954528, 'Stay']
[720782, 1461269, 1136176, 114449, 947670, 656380, 315198, 1005549, 552179, 415980, 358099, 745314, 1365778, 872826, 790760, 948649, 'Stay']
[721138, 1462243, 1154673, 127176, 949545, 667934, 314998, 1011156, 553840, 417009, 370094, 758636, 1365732, 886751, 786701, 951100, 'Stay']
[721138, 1461671, 1136462, 113803, 948125, 655875, 315500, 1005541, 552391, 416509, 363142, 748357, 1369093, 875101, 792999, 953067, 'Stay']
[720658, 1462067, 1154817, 128336, 949718, 668968, 314256, 1011340, 553526, 417035, 365537, 756084, 1362661, 885042, 785436, 947803, 'Stay']
[720347, 1460700, 1136705, 112633, 948198, 655088, 315521, 1006418, 552193, 416179, 367392, 750481, 1372148, 877685, 794688, 956878, 'Stay']
[720628, 1462100, 1153662, 128770, 949682, 669531, 314535, 1011319, 552892, 416341, 360444, 752768, 1360122, 882439, 784610, 945051, 'Stay']
[720610, 1460714, 1137530, 112075, 948212, 654631, 315227, 1006605, 552474, 416159, 371735, 753129, 1374706, 880157, 796006, 960326, 'Stay']
[721077, 1462648, 1152063, 128580, 948932, 669311, 314086, 1010350, 553068, 416346, 356195, 749708, 1357161, 879322, 783155, 941389, 'Stay']
[720931, 1460969, 1138702, 111969, 948332, 654604, 315160, 1007476, 552667, 416266, 376331, 756022, 1376796, 882543, 796470, 962877, 'Stay']
[721045, 1462568, 1150154, 128162, 948919, 668584, 313743, 1010243, 553027, 416324, 352365, 747357, 1354960, 876452, 782091, 938409, 'Stay']
[720584, 1460659, 1140691, 113195, 948471, 655298, 314788, 1008421, 552813, 416173, 379448, 758628, 1377971, 884980, 796638, 964473, 'Stay']
[720042, 1461761, 1148947, 127483, 948140, 667940, 313192, 1011004, 552345, 415813, 349594, 744866, 1354317, 874213, 782563, 937764, 'Stay']
[720448, 1460564, 1143341, 114742, 948699, 656795, 314745, 1010208, 552719, 416092, 381826, 760289, 1379257, 887146, 797395, 967222, 'Stay']
[720745, 1462333, 1146269, 126392, 948231, 666846, 313372, 1009756, 552425, 415994, 347594, 742835, 1353937, 872380, 783171, 937799, 'Stay']
[720993, 1461155, 1145752, 116815, 948859, 658501, 314701, 1009684, 553378, 416698, 383193, 762010, 1378359, 889176, 796296, 966586, 'Stay']
[720508, 1462017, 1144229, 124584, 947854, 665508, 313643, 1008387, 552740, 416489, 347347, 741933, 1354151, 871566, 783708, 937369, 'Stay']
[720287, 1460428, 1148593, 118009, 949080, 659808, 314663, 1010958, 552995, 415951, 383413, 762524, 1377714, 890153, 795392, 966169, 'Stay']
[720410, 1461652, 1141830, 121808, 947718, 663062, 313576, 1007534, 552091, 415548, 347207, 740678, 1356022, 869913, 785029, 939432, 'Stay']
[720359, 1460685, 1150116, 119807, 949027, 661440, 314006, 1010514, 553371, 416097, 381311, 762400, 1375706, 890352, 793212, 963833, 'Stay']
[720211, 1461225, 1139015, 119412, 947281, 660625, 313355, 1006456, 552057, 415335, 348587, 740768, 1357657, 869520, 786074, 941177, 'Stay']
[720135, 1460501, 1151386, 121616, 948910, 663044, 313913, 1011322, 553152, 415596, 379007, 761608, 1373004, 889280, 791256, 961095, 'Stay']
[720358, 1461168, 1137215, 117273, 947839, 658915, 314145, 1006055, 551927, 415490, 351525, 741721, 1360215, 869851, 787846, 944032, 'Stay']
[719923, 1460627, 1153292, 123845, 949644, 665395, 313957, 1011721, 553038, 415886, 375880, 760370, 1370264, 888917, 789919, 958038, 'Stay']
[719834, 1460476, 1136782, 115331, 947937, 657627, 313941, 1005950, 551690, 415235, 355323, 743158, 1363761, 871489, 790562, 948203, 'Stay']
[720150, 1461223, 1154208, 125781, 949849, 667342, 313951, 1011104, 553242, 415921, 371792, 758302, 1367480, 887524, 788391, 954728, 'Stay']
[720326, 1461028, 1136100, 113874, 948065, 656627, 314317, 1005072, 551884, 415370, 359552, 745323, 1367065, 873488, 792200, 951900, 'Stay']
[720740, 1462285, 1154611, 127717, 950053, 669127, 314546, 1010909, 553350, 416436, 367574, 756471, 1363866, 885917, 786364, 950681, 'Stay']
[721248, 1461987, 1136183, 113550, 948562, 656188, 315753, 1005306, 552527, 416338, 365155, 748760, 1369849, 876474, 793957, 955461, 'Stay']
[720649, 1462348, 1154635, 128652, 949400, 669484, 315222, 1011379, 553264, 416418, 363467, 754193, 1360539, 884012, 784878, 946792, 'Stay']
[721310, 1461773, 1137250, 112854, 948289, 654809, 317521, 1006093, 552420, 416074, 369796, 751420, 1373055, 878785, 795395, 959389, 'Stay']
[721419, 1463324, 1153754, 129534, 949582, 669280, 317226, 1011139, 553498, 416647, 359187, 751586, 1358399, 881112, 783838, 943849, 'Stay']
[721351, 1461941, 1138752, 112745, 948827, 654029, 318368, 1007132, 553104, 416703, 374669, 754742, 1375655, 881339, 796511, 962268, 'Stay']
[721239, 1463337, 1152513, 129061, 949653, 668608, 317717, 1011181, 553360, 416488, 355113, 748632, 1356176, 878055, 783084, 940625, 'Stay']
[721244, 1461691, 1140726, 113094, 949421, 654834, 319840, 1008842, 553448, 416558, 378315, 756867, 1377493, 883711, 797310, 963937, 'Stay']
[720948, 1462986, 1150553, 128027, 949313, 668306, 318492, 1012054, 553266, 416077, 351599, 745481, 1354655, 875363, 782981, 938196, 'Stay']
[720733, 1461217, 1143024, 113594, 949065, 655704, 320630, 1011354, 553376, 416114, 381403, 758834, 1378587, 885973, 797759, 966066, 'Stay']
[720421, 1462665, 1148247, 126347, 948670, 666910, 318902, 1012525, 552685, 415769, 349086, 743071, 1354032, 873050, 783411, 937755, 'Stay']
[720911, 1461533, 1144592, 114970, 949594, 657002, 320676, 1011957, 553404, 416198, 382996, 760347, 1378800, 887694, 796887, 966532, 'Stay']
[720733, 1462805, 1145618, 124849, 948893, 665872, 318937, 1011466, 552959, 415954, 347840, 741390, 1353932, 871729, 783433, 936450, 'Stay']
[720623, 1461314, 1147516, 116491, 949860, 658692, 320145, 1013223, 553781, 416127, 384203, 761577, 1378442, 889680, 796284, 965299, 'Stay']
[720613, 1462600, 1143636, 122740, 948509, 663979, 318898, 1011019, 552972, 415712, 348020, 740531, 1355161, 870638, 784750, 936869, 'Stay']
[720687, 1461377, 1150077, 118873, 949706, 660510, 319875, 1014081, 553798, 415978, 383378, 762217, 1377047, 890340, 794886, 963841, 'Stay']
[720592, 1462244, 1141693, 120998, 948251, 661908, 319012, 1010600, 552545, 415368, 347980, 740326, 1357067, 870069, 786341, 939062, 'Stay']
[720864, 1461744, 1152267, 121534, 949748, 662428, 319574, 1014581, 554096, 416341, 380673, 762152, 1375078, 890617, 793417, 962019, 'Stay']
[720686, 1462154, 1139792, 119207, 948166, 660040, 318743, 1009932, 552517, 415766, 350266, 741442, 1359654, 870453, 788256, 942239, 'Stay']
[720597, 1461822, 1153859, 123611, 949927, 664378, 318806, 1013636, 553851, 416354, 377802, 761519, 1372520, 890066, 792039, 959415, 'Stay']
[721071, 1462494, 1137883, 117223, 948590, 658284, 318743, 1003290, 552333, 415943, 353386, 742947, 1362583, 871248, 790532, 945780, 'Stay']
[720887, 1462398, 1154744, 125670, 950183, 666209, 318301, 1006177, 553947, 416900, 374283, 760370, 1369267, 888937, 790135, 955689, 'Stay']
[720454, 1461578, 1137060, 115083, 948174, 657078, 318464, 999154, 552288, 416046, 357394, 744735, 1365531, 872928, 792110, 949013, 'Stay']
[720154, 1461807, 1154646, 126629, 950128, 667776, 317875, 1003802, 553404, 416411, 369230, 757341, 1365791, 886910, 788023, 951800, 'Stay']
[720144, 1461159, 1135823, 113028, 948723, 655504, 318562, 996860, 551854, 415552, 360938, 746096, 1368244, 874487, 793572, 952509, 'Stay']
[719849, 1461791, 1154577, 127425, 950072, 668676, 317696, 1002078, 553016, 415895, 364012, 754217, 1361908, 884446, 785944, 947419, 'Stay']
[719517, 1460459, 1136858, 111712, 948575, 654937, 318631, 996409, 552014, 415345, 365536, 748563, 1371037, 876832, 794948, 955919, 'Stay']
[719703, 1461660, 1154255, 127645, 949804, 669049, 318260, 1001493, 552791, 415267, 359311, 751109, 1359202, 881747, 784881, 944189, 'Stay']
[719954, 1460629, 1137819, 111569, 948819, 654378, 319548, 996907, 552693, 415393, 370340, 751329, 1373809, 879674, 796497, 959238, 'Stay']
[720283, 1462382, 1152594, 128211, 949380, 668948, 317703, 1000711, 553115, 415609, 355497, 748591, 1356885, 879553, 783974, 941305, 'Stay']
[720563, 1461074, 1138979, 111993, 948777, 654368, 319533, 996670, 553198, 416015, 375277, 754647, 1375988, 882548, 797192, 962236, 'Stay']
[720698, 1462701, 1150826, 127989, 949142, 668478, 317962, 999218, 553478, 415910, 352379, 746432, 1354924, 876885, 783259, 938417, 'Stay']
[720818, 1461175, 1140741, 112840, 949258, 655238, 319526, 996296, 553766, 416265, 379045, 757554, 1377535, 885006, 797173, 963662, 'Stay']
[720553, 1462335, 1148975, 126905, 949219, 667782, 318035, 998069, 553156, 415737, 349394, 744327, 1353843, 874526, 782945, 936267, 'Stay']
[720503, 1460712, 1143464, 114027, 949343, 656566, 319412, 997131, 553567, 416174, 381352, 759900, 1378568, 887256, 797585, 964843, 'Stay']
[720117, 1461929, 1146637, 125517, 948804, 666568, 317749, 997501, 552687, 415698, 347155, 742372, 1353528, 872534, 783652, 935764, 'Stay']
[720051, 1460490, 1145306, 115504, 949492, 657963, 319062, 997884, 552942, 415627, 382091, 760941, 1378529, 888719, 797168, 965774, 'Stay']
[719868, 1461727, 1143351, 123876, 948732, 665300, 317711, 995980, 552534, 415611, 345509, 740844, 1353955, 870916, 784119, 935942, 'Stay']
[719291, 1459900, 1147817, 117182, 949493, 659581, 318405, 998808, 552989, 415381, 381643, 761480, 1377361, 889676, 795881, 964022, 'Stay']
[719414, 1461108, 1141677, 121059, 948334, 662811, 317192, 996027, 551750, 414729, 345844, 739665, 1355826, 869520, 786182, 937721, 'Stay']
[719247, 1459970, 1150280, 118824, 949532, 661031, 317357, 999863, 552999, 415110, 380557, 761265, 1375997, 889724, 794995, 962551, 'Stay']
[720090, 1461470, 1139477, 119007, 948176, 660910, 316852, 995517, 551957, 414741, 347593, 739753, 1358043, 869302, 787790, 939989, 'Stay']
[719844, 1460682, 1151715, 121188, 949441, 663226, 317375, 1000201, 553642, 415709, 378566, 761168, 1373462, 889753, 792949, 959943, 'Stay']
[720070, 1461234, 1137309, 117017, 947871, 659201, 316880, 995110, 552153, 415084, 350685, 741003, 1360360, 869911, 789142, 942669, 'Stay']
[720274, 1461316, 1152828, 123690, 949599, 665407, 317153, 1000999, 553602, 415971, 375707, 760245, 1370262, 889029, 790771, 956598, 'Stay']
[720586, 1461677, 1136091, 115735, 947986, 657861, 317070, 995183, 552423, 415832, 355015, 743214, 1362966, 871760, 790837, 945945, 'Stay']
[719926, 1461323, 1154317, 125749, 949363, 667295, 316346, 1001646, 553626, 416328, 372118, 758757, 1366724, 887861, 788726, 952667, 'Stay']
[720164, 1461142, 1136178, 114088, 948127, 656630, 317465, 996123, 552243, 415611, 359397, 745411, 1366522, 873484, 793063, 950221, 'Stay']
[720167, 1461574, 1154737, 127419, 950007, 668707, 316753, 1002197, 553716, 416262, 367476, 756342, 1363659, 885993, 787463, 949201, 'Stay']
[719462, 1460032, 1136403, 112605, 948106, 655333, 317248, 997357, 552240, 415303, 363855, 747771, 1369432, 875744, 794931, 953848, 'Stay']
[719579, 1461059, 1154425, 128081, 949727, 669144, 316483, 1002401, 553206, 415508, 362274, 753229, 1360700, 883102, 786064, 945453, 'Stay']
[719843, 1460106, 1137343, 112053, 949005, 654776, 318150, 997036, 552277, 415068, 368248, 750414, 1372679, 878087, 796574, 957248, 'Stay']
[720026, 1461567, 1154123, 128601, 950408, 669680, 317201, 1001727, 553434, 415733, 357859, 750884, 1358277, 880845, 785081, 941922, 'Stay']
[719582, 1459698, 1138818, 111342, 948701, 654594, 317594, 997713, 552651, 415296, 372947, 753613, 1375731, 880969, 797816, 960645, 'Stay']
[719925, 1461648, 1151738, 127838, 949337, 669193, 316004, 1000705, 552882, 415287, 353431, 747726, 1356411, 877725, 784126, 939716, 'Stay']
[719699, 1459930, 1139764, 111859, 948782, 655288, 317315, 997344, 552964, 415559, 376389, 756054, 1377090, 883270, 797543, 962827, 'Stay']
[719817, 1461651, 1150117, 127311, 948923, 668711, 315897, 999452, 552690, 415416, 349975, 745408, 1354442, 875432, 783218, 937344, 'Stay']
[720174, 1460470, 1141858, 113314, 949075, 656079, 317175, 997424, 552821, 415786, 379401, 758896, 1378347, 885615, 797690, 964759, 'Stay']
[719887, 1461911, 1147830, 126750, 948838, 667773, 315561, 998226, 552831, 416077, 347748, 744032, 1353670, 873408, 783176, 935790, 'Stay']
[720193, 1460737, 1144486, 115190, 949594, 657479, 316684, 997222, 552947, 416016, 381672, 761165, 1378956, 887906, 797752, 965364, 'Stay']
[719726, 1461733, 1145765, 125494, 949123, 666658, 315319, 995737, 552830, 416118, 346410, 742515, 1353857, 871976, 784278, 935364, 'Stay']
[719573, 1460214, 1147489, 117284, 949986, 659590, 316340, 996593, 553288, 416049, 382291, 762251, 1378484, 889815, 797477, 964705, 'Stay']
[719430, 1461401, 1144000, 123701, 949114, 665085, 315394, 994535, 552295, 415442, 345963, 741168, 1355485, 870959, 786246, 936764, 'Stay']
[719716, 1460609, 1149753, 119297, 950362, 661641, 316298, 996429, 553648, 416277, 381664, 762896, 1377474, 890696, 796399, 963375, 'Stay']
[718995, 1460921, 1141020, 120547, 948364, 662938, 314799, 992019, 552168, 415235, 346748, 740817, 1356906, 870023, 787086, 937573, 'Stay']
[718682, 1459782, 1150724, 119921, 949565, 662982, 315349, 995291, 553230, 415506, 379090, 761960, 1374878, 890051, 793874, 960225, 'Stay']
[718382, 1460087, 1137873, 117454, 947585, 660505, 314944, 990533, 551470, 414305, 347934, 740292, 1359084, 869541, 788137, 940082, 'Stay']
[718790, 1460150, 1151357, 121900, 949336, 664593, 315232, 994807, 553003, 415076, 375856, 760543, 1372091, 889204, 791512, 957286, 'Stay']
[718892, 1460460, 1135952, 116041, 947675, 658705, 315339, 989496, 551746, 414799, 351179, 741907, 1361641, 870445, 789411, 942969, 'Stay']
[719105, 1460739, 1152871, 124606, 949548, 666492, 314981, 995256, 553328, 415659, 372699, 759480, 1368826, 888334, 789506, 953683, 'Stay']
[718929, 1460217, 1135677, 114676, 947510, 657077, 314728, 989943, 552092, 415117, 355585, 744408, 1364836, 872163, 791638, 946681, 'Stay']
[719164, 1461095, 1153898, 126756, 949690, 667936, 314828, 995629, 553382, 415687, 368502, 757807, 1365773, 886576, 788098, 950378, 'Stay']
[719096, 1460501, 1135892, 113883, 948035, 656119, 315183, 990439, 552050, 415288, 360310, 747048, 1368371, 874376, 793983, 951479, 'Stay']
[719629, 1461858, 1154559, 128577, 950120, 669621, 315078, 996095, 553546, 416248, 364033, 755822, 1362862, 884817, 786872, 947188, 'Stay']
[719302, 1460348, 1136853, 113258, 948638, 655805, 315589, 991506, 552654, 415949, 365150, 750196, 1371540, 877272, 795780, 955105, 'Stay']
[719325, 1461533, 1154245, 128987, 949876, 670202, 313963, 997021, 553134, 415946, 359542, 753128, 1360161, 882493, 785687, 943889, 'Stay']
[719155, 1460042, 1137716, 112031, 948461, 655329, 314968, 992460, 552194, 415438, 369967, 752664, 1374652, 879707, 797051, 958927, 'Stay']
[718961, 1461334, 1152634, 128118, 949187, 669929, 313110, 996155, 552671, 415683, 355027, 750004, 1357608, 879453, 784141, 940531, 'Stay']
[719063, 1459966, 1138422, 111604, 948692, 655125, 314572, 991689, 552186, 415440, 373560, 755061, 1376461, 881750, 797157, 961151, 'Stay']
[718872, 1461270, 1150703, 127647, 948934, 669378, 313185, 995010, 552292, 415240, 350789, 746813, 1355136, 876273, 782934, 937518, 'Stay']
[719223, 1459923, 1140376, 112429, 949049, 655682, 315152, 992073, 552417, 415338, 377006, 757407, 1377913, 883799, 797340, 963151, 'Stay']
[719127, 1461469, 1148443, 126916, 948932, 668497, 313343, 994013, 552403, 415381, 347863, 744506, 1353960, 873837, 782484, 935666, 'Stay']
[719162, 1459995, 1142915, 113860, 948823, 656875, 314687, 993749, 552517, 415428, 379881, 759808, 1378723, 886278, 797438, 964708, 'Stay']
[719183, 1461709, 1146475, 126078, 948488, 667415, 313628, 994119, 552187, 415516, 346084, 742942, 1353573, 872048, 783551, 935836, 'Stay']
[718952, 1459990, 1145511, 115988, 949309, 658514, 314970, 994925, 552828, 415657, 381191, 761695, 1378350, 888327, 797126, 965403, 'Stay']
[719099, 1461391, 1144373, 124569, 948848, 665962, 313616, 993549, 552173, 415149, 344874, 741559, 1354024, 870620, 784848, 936321, 'Stay']
[718922, 1459949, 1148185, 117879, 949584, 660153, 314265, 995667, 553149, 415440, 381225, 762587, 1377509, 889426, 796567, 964291, 'Stay']
[719062, 1461348, 1141922, 122464, 948155, 663983, 313132, 992999, 552301, 415172, 345496, 740993, 1355416, 869658, 785997, 937119, 'Stay']
[718679, 1460928, 1139591, 119935, 947841, 662312, 313012, 991597, 551862, 414856, 346746, 740915, 1357985, 869576, 787652, 939471, 'Stay']
[718586, 1460176, 1151601, 121643, 949520, 664315, 313365, 995760, 553017, 415187, 377474, 761853, 1373961, 889803, 792992, 959991, 'Stay']
[718608, 1460626, 1137186, 117332, 947700, 660079, 313154, 989980, 551738, 414767, 348918, 741460, 1360353, 869799, 788870, 941800, 'Stay']
[718307, 1460161, 1152561, 123376, 948983, 665701, 312898, 995189, 552940, 415003, 373984, 760355, 1370600, 888489, 790695, 955928, 'Stay']
[718740, 1460514, 1136159, 115647, 947698, 658224, 313288, 989127, 551670, 414475, 352509, 742883, 1363248, 870676, 790580, 944884, 'Stay']
[718763, 1460752, 1153352, 125895, 949787, 667462, 313346, 994457, 553345, 415352, 370174, 758797, 1367108, 887328, 788636, 951561, 'Stay']
[719083, 1460595, 1135384, 114845, 948183, 657017, 313901, 988520, 552229, 414989, 357184, 745450, 1365661, 872931, 792398, 947748, 'Stay']
[718732, 1460923, 1154531, 127977, 949306, 668882, 312631, 994989, 553244, 415348, 366138, 756928, 1363965, 885565, 787569, 948054, 'Stay']
[718759, 1460127, 1136445, 113624, 947647, 655810, 312886, 989460, 551653, 414504, 362033, 748209, 1369954, 874908, 795251, 953240, 'Stay']
[719049, 1461422, 1154738, 129024, 949654, 669681, 312336, 994662, 553099, 415231, 361586, 754441, 1361574, 883032, 786637, 945817, 'Stay']
[719169, 1460412, 1137237, 112804, 948280, 655189, 312948, 988686, 552295, 414977, 367267, 751260, 1373277, 877666, 796779, 957598, 'Stay']
[719504, 1462107, 1153496, 129396, 949350, 670168, 311957, 992683, 553268, 415648, 356908, 751953, 1358751, 880602, 784713, 942437, 'Stay']
[719187, 1460460, 1138274, 112497, 948136, 655534, 312953, 988353, 552680, 415575, 371446, 754386, 1375353, 880422, 796817, 960015, 'Stay']
[718970, 1461806, 1152186, 128762, 948956, 670270, 312502, 992356, 552638, 415331, 352805, 748977, 1356354, 877783, 783614, 939741, 'Stay']
[718711, 1459828, 1139446, 112052, 948448, 655451, 313646, 989356, 552351, 415073, 374696, 756416, 1377033, 882586, 797262, 962507, 'Stay']
[718273, 1460893, 1149616, 127126, 948758, 668938, 312085, 992498, 552264, 414548, 348216, 745361, 1354284, 874631, 782609, 936675, 'Stay']
[718478, 1459409, 1140941, 112722, 948841, 656035, 313671, 990710, 552424, 414529, 377019, 757994, 1377988, 884616, 797302, 963744, 'Stay']
[718336, 1460904, 1146671, 125976, 948380, 667721, 311987, 991661, 552094, 414383, 345417, 742844, 1353487, 872416, 782864, 935307, 'Stay']
[718135, 1459177, 1143145, 114077, 948928, 657112, 313157, 991558, 552406, 414616, 379161, 759860, 1378261, 886576, 797071, 964390, 'Stay']
[718479, 1460956, 1144708, 124889, 948768, 666314, 312185, 991447, 551689, 414197, 344188, 741432, 1353611, 870624, 784014, 935561, 'Stay']
[718842, 1459930, 1146057, 116887, 949837, 659364, 313205, 992775, 553034, 415079, 380561, 761781, 1378014, 888468, 796801, 964531, 'Stay']
