1945970,1760189,886805,-24338,2406962,2934636,1975809,2305703,710742,780605,1061955,1340307,1744127,2594984,504317,2721447
1945933,1760284,885743,-24427,2407847,2934504,1975182,2305724,707889,778844,1052690,1328819,1734285,2593500,499877,2716692
1945686,1760348,882208,-25118,2407983,2934286,1975351,2304511,704970,776991,1043340,1318175,1725234,2592037,495520,2711965
1944924,1759941,877656,-25281,2407603,2934929,1976016,2305425,702920,775419,1035700,1309526,1717581,2591206,491828,2708217
1943304,1759223,870706,-26576,2405101,2934415,1975255,2305504,700456,774098,1028107,1303968,1711521,2589678,487319,2706348
1941517,1758822,862059,-27959,2401810,2933956,1975014,2305065,698453,773180,1021499,1300776,1708049,2589143,483716,2706424
1939843,1758433,852802,-29811,2397595,2933925,1976024,2305621,697548,772405,1017519,1300401,1706820,2589026,481498,2706335
1937691,1757370,843128,-32337,2392780,2933808,1975925,2306964,696491,771500,1014520,1302765,1707806,2588202,479753,2707793
1935453,1756207,834295,-34737,2387719,2932897,1975668,2306645,697266,771229,1015253,1308255,1711449,2588244,479153,2710251
1933903,1755776,826316,-36351,2383124,2932146,1974850,2306401,698234,772231,1018093,1316693,1716992,2589256,479634,2713668
1932516,1755649,819948,-37502,2378441,2931943,1974979,2306989,699925,773607,1022553,1327658,1724947,2590639,481001,2718996
1931367,1755338,816001,-38126,2374839,2932217,1976505,2308223,702160,775128,1028947,1339152,1734414,2591953,484387,2724583
1930561,1755058,814009,-38759,2372016,2932292,1975652,2308540,704658,776798,1036907,1351393,1744221,2593453,487477,2729683
1930034,1754452,814004,-39785,2370173,2931978,1975370,2307365,707399,777861,1045187,1362803,1753672,2594629,491050,2734936
1930191,1754061,816807,-40054,2369885,2931463,1974577,2307182,710078,779613,1053545,1372697,1762591,2595881,494891,2738851
1930937,1754196,822006,-39332,2370780,2931497,1974741,2307279,712459,780780,1062026,1381090,1770238,2596622,498188,2742114
1931949,1754444,829066,-38336,2372499,2931302,1974769,2307565,714797,781991,1069570,1386952,1776279,2597639,501965,2744499
1933851,1755693,837793,-36109,2375934,2931854,1974578,2306955,716882,784048,1076143,1391712,1780520,2599120,505674,2746220
1935892,1756662,846670,-34236,2379655,2932144,1973951,2306551,718002,785015,1080254,1392417,1781810,2599689,507920,2745579
1938118,1757333,856509,-32059,2383987,2932525,1974441,2306302,718873,785719,1082868,1390024,1780872,2599752,509679,2744484
1939366,1757262,865217,-30468,2388934,2932805,1973583,2305471,718488,784953,1082001,1384078,1777420,2599275,510037,2742137
1940400,1756934,872917,-29714,2393416,2932135,1973474,2303989,716591,783589,1078329,1374698,1770907,2597742,508308,2737459
1942267,1757664,879773,-27955,2399040,2933306,1974157,2305091,715001,782677,1073739,1364326,1764060,2597408,506643,2732572
1943305,1758014,884252,-26420,2402309,2933347,1973153,2304462,712990,781551,1067246,1352729,1755036,2595608,503709,2726748
1944796,1758847,887134,-24652,2405031,2934053,1973684,2304768,710686,780933,1059991,1341622,1745768,2595063,501494,2722072
1945712,1759777,887633,-23662,2407401,2933887,1975268,2304085,708674,778956,1051594,1330482,1736228,2593857,497933,2717729
1945286,1759680,885338,-23540,2408001,2934295,1974836,2304841,705674,777148,1042293,1319729,1726870,2591944,493517,2712090
1944104,1758887,880415,-24321,2406890,2934068,1975077,2304355,702699,775675,1033607,1310711,1718974,2591164,489487,2709183
1942891,1758046,872986,-25545,2404812,2934335,1974838,2305645,699993,773939,1025083,1303651,1712593,2590036,485111,2707154
1941228,1757414,864868,-27533,2402113,2933625,1975066,2304797,698274,772495,1018297,1299825,1708410,2589181,481030,2706511
1939865,1756800,855880,-29312,2398020,2933386,1974683,2305108,697560,771758,1013516,1298870,1706734,2588602,477113,2706691
1938378,1757044,846689,-30586,2393590,2933396,1974369,2305868,697172,772256,1011808,1301955,1707641,2588951,474222,2708888
1936258,1756575,837378,-32766,2388677,2933412,1975678,2307392,697256,772180,1012017,1307617,1710872,2589571,472779,2712198
1934125,1756095,828278,-35370,2383830,2933083,1976061,2306675,698194,772759,1014699,1314895,1716145,2590119,473538,2715550
1932262,1755336,821365,-37359,2379107,2932955,1976149,2306190,699043,773210,1019435,1324582,1723370,2590881,475766,2719663
1931005,1754977,816345,-38471,2375467,2933168,1977047,2307503,701378,774564,1026927,1335961,1732043,2592101,480335,2725064
1930317,1754927,813483,-39200,2371591,2932407,1975257,2306522,703694,776137,1035425,1348054,1741819,2593301,485430,2729946
1929539,1754435,812810,-39779,2369541,2931489,1975927,2307424,706423,777397,1044248,1359513,1751541,2594245,491180,2733777
1930015,1754813,815675,-39387,2369215,2931762,1976789,2306494,709346,779412,1053556,1370612,1761094,2595691,496253,2739352
1930867,1755477,820612,-38614,2370084,2932088,1975544,2306553,712790,781405,1062330,1379813,1768738,2597312,500653,2743211
1931039,1754728,826848,-38536,2371806,2932085,1976562,2306342,714446,782196,1069458,1386502,1775333,2598014,504718,2746337
1932373,1754700,835043,-37285,2375357,2932213,1976402,2306574,716056,783131,1075700,1389834,1779583,2598437,507636,2747451
1934070,1755397,844088,-35795,2378778,2932187,1975018,2304889,717202,783531,1080344,1390545,1781200,2598502,510147,2747417
1936285,1756108,853820,-33574,2383333,2932719,1975934,2306006,718110,783970,1083382,1388485,1781023,2598656,511680,2745623
1938113,1756719,862768,-31731,2387586,2932836,1974549,2304790,718203,784483,1083268,1383398,1778059,2598502,512121,2743358
1939992,1757376,871751,-29447,2392538,2932729,1974330,2304215,717481,784339,1081190,1375872,1772344,2598427,511689,2739253
1941957,1758247,879032,-27249,2397328,2933096,1975540,2304558,715937,783120,1076790,1366533,1765476,2597525,510407,2734597
1942973,1758606,883836,-25669,2401377,2933910,1974893,2304472,713811,781996,1070462,1355461,1756922,2596308,508206,2729604
1943428,1758597,886215,-25326,2404377,2933820,1974222,2303659,710838,780183,1062951,1343146,1747251,2594789,505109,2724828
1944266,1759036,886564,-24747,2406469,2934183,1975951,2303595,708632,778739,1054501,1330542,1737436,2593306,501444,2719706
1944597,1759243,884595,-24623,2407045,2934403,1975402,2303612,706059,776954,1045859,1320156,1728208,2591839,497037,2714703
1944480,1759405,880070,-24978,2406451,2934060,1974575,2303317,703861,775676,1037554,1311427,1720225,2590538,492895,2710943
1943545,1759478,873995,-25777,2405327,2934290,1975431,2302984,701350,774591,1029831,1304842,1713750,2589680,489175,2708754
1941806,1758910,865629,-27321,2401979,2934263,1975992,2305067,698419,773136,1022612,1300232,1708909,2589220,485388,2707327
1939561,1757879,856540,-29069,2398227,2933859,1975343,2304847,697312,772358,1017603,1299496,1706855,2588795,482435,2708571
1937722,1756969,847488,-30946,2394333,2933271,1975467,2304943,696948,771804,1014213,1300963,1707319,2588520,480850,2709350
1936028,1756500,837916,-32767,2389056,2933154,1975484,2306152,697179,771908,1014322,1306208,1710364,2588905,479370,2711962
1934176,1755807,829725,-34864,2383929,2931929,1975267,2304872,698029,772284,1015825,1313629,1715636,2589145,479168,2714825
1932903,1755891,822955,-35874,2379448,2932500,1975811,2306282,699852,773837,1020349,1324043,1722893,2590515,480424,2720215
1930936,1754770,817364,-38084,2374869,2931236,1975181,2305389,701379,774791,1025721,1334374,1730633,2591204,482114,2724919
1929689,1754235,814094,-39392,2371724,2931473,1975106,2305852,703604,775895,1032841,1346295,1740536,2592733,485049,2730557
1929023,1753625,813506,-40313,2369511,2931046,1974773,2306541,706130,776984,1040832,1357998,1750115,2593679,488524,2735582
1929267,1754013,815761,-39803,2369011,2930992,1974851,2305958,708697,778860,1049579,1369076,1759428,2595110,492708,2740296
1929608,1754106,819995,-39513,2369415,2931085,1974275,2306507,711622,780715,1058638,1378273,1767649,2597088,496808,2743641
1931035,1754701,826647,-38469,2370919,2930639,1974230,2305607,714262,782249,1066493,1385616,1774082,2597685,500723,2746064
1932831,1755621,834560,-36834,2373604,2931252,1974698,2306231,716342,783833,1073547,1390081,1778672,2598648,503840,2747676
1934185,1755764,843387,-35362,2377519,2931316,1974765,2305636,717808,784702,1078663,1392137,1781232,2599388,506926,2748235
1935517,1755781,851973,-34096,2381939,2930987,1973857,2303932,718282,784480,1080902,1389536,1780727,2598585,508422,2746310
1937249,1756040,861797,-32157,2386604,2931168,1973630,2304250,717857,783839,1081054,1384758,1778134,2598281,508545,2743883
1939629,1757046,870813,-29900,2391878,2932131,1974323,2303897,717464,783410,1079470,1377401,1773431,2598122,508251,2740300
1941126,1757613,877980,-28020,2396291,2932253,1973526,2303769,715820,783428,1075605,1368403,1766874,2597180,506929,2737046
1942820,1758352,883496,-26195,2400256,2932819,1974017,2303717,714815,782661,1069961,1357676,1758626,2596069,504649,2732677
1943877,1758688,887021,-24888,2403906,2933392,1974660,2303651,712282,781375,1062362,1345421,1749177,2595401,501789,2727398
1943984,1758755,887564,-24169,2406008,2933483,1973957,2303696,709396,779499,1053328,1333487,1739319,2593514,497195,2721845
1943722,1758360,885317,-24470,2407151,2933101,1974081,2302811,706271,777471,1044060,1322386,1729752,2592050,493184,2717081
1944012,1758785,881822,-24238,2406776,2933197,1973889,2303821,703608,776279,1035413,1313184,1721860,2591082,488697,2713981
1943328,1758475,875806,-25246,2405348,2933008,1973706,2303563,701757,775047,1027383,1305848,1714846,2589681,484326,2710496
1942663,1759062,868767,-25784,2403207,2933143,1975856,2304303,700230,774458,1021622,1301811,1710167,2589301,480904,2708876
1940688,1758550,859135,-27902,2398798,2933544,1975587,2304185,698675,773224,1016438,1300183,1707589,2588551,477874,2708263
1938032,1757571,848576,-30659,2394016,2933372,1975681,2304451,696994,772062,1013309,1300858,1706683,2587962,476020,2708264
1935684,1756721,839022,-33138,2389249,2933000,1975859,2303823,696663,771841,1013430,1305328,1709222,2588473,476422,2711274
1933935,1756650,830658,-34595,2384966,2933113,1977593,2305355,697578,772687,1016430,1312112,1713875,2589226,478659,2713967
1931710,1755540,822892,-37041,2379791,2931782,1975984,2305361,698560,772726,1020491,1321227,1720860,2589375,480512,2718333
1930967,1755710,818017,-37966,2376278,2931951,1976774,2305327,700490,774495,1026571,1332333,1729033,2590762,483682,2722567
1929875,1755262,814874,-39224,2372265,2931465,1976307,2305206,702911,775921,1034345,1344477,1738205,2592323,487307,2727974
1928900,1754615,813470,-40252,2369709,2931091,1976180,2305015,705435,777068,1042646,1356056,1747659,2593302,490884,2733336
1928689,1754571,815216,-40087,2368826,2931342,1976522,2305435,708398,778771,1051324,1367538,1757359,2594735,495552,2738410
1928889,1754418,818440,-40064,2368653,2931120,1975099,2305911,710913,780421,1059720,1376591,1765574,2595911,499655,2742331
1930224,1754869,824306,-38952,2370292,2931270,1975307,2304878,713571,782054,1068226,1384536,1773137,2597348,504123,2746348
1931642,1755413,831903,-37491,2372813,2931358,1975530,2305696,715291,783162,1074540,1389044,1777991,2597478,507132,2747378
1933575,1756206,841022,-35769,2376625,2931419,1975361,2304447,717052,784364,1079924,1391488,1781159,2598164,510004,2748606
1935350,1756611,850859,-33702,2380969,2931513,1975123,2303929,718141,785236,1083595,1390562,1781538,2598468,512597,2747279
1936953,1756752,859827,-31928,2385940,2931688,1974272,2304549,718175,784893,1084140,1386703,1779344,2598259,513375,2745244
1938479,1757602,868133,-30027,2390173,2932082,1973844,2303153,717489,784831,1082326,1379604,1774755,2597850,513155,2741719
1940329,1758168,876056,-28572,2394994,2932678,1974875,2303169,716263,783922,1079389,1370609,1767958,2597203,512071,2737564
1942384,1759102,882307,-26861,2399540,2932936,1975237,2302991,714675,782925,1074330,1360109,1760065,2596164,510040,2732752
1943178,1759037,885587,-25923,2402855,2932584,1974200,2301628,712510,780991,1066954,1347845,1750768,2594208,506590,2726460
1944275,1759684,887467,-24552,2406080,2933637,1975478,2302743,710342,779972,1059300,1336116,1741626,2593294,503648,2720686
1944192,1759885,885700,-24256,2406873,2933713,1975163,2302852,707261,778694,1050144,1325278,1731953,2592632,499581,2716405
1944284,1759868,882451,-24466,2406515,2934091,1975984,2303058,704694,777218,1041371,1315186,1722771,2591606,495090,2712235
1943219,1759320,876715,-25724,2405251,2933347,1975369,2302179,702141,775456,1033158,1307257,1715467,2590354,490654,2709615
1941988,1759174,868917,-26879,2402442,2933023,1974603,2302779,700344,774674,1026062,1302599,1710368,2589473,486854,2706939
1940578,1758734,860046,-28107,2398852,2933025,1974847,2302675,698195,773552,1019716,1299894,1707245,2589246,483682,2706859
1938098,1757580,850724,-30670,2394471,2932711,1974680,2303276,697119,772753,1015882,1300563,1706822,2588861,480825,2707603
1935879,1756901,841185,-32496,2390130,2932311,1975799,2304424,696807,772674,1014338,1304241,1708861,2588847,479261,2708872
1933874,1756166,832912,-34058,2385382,2931915,1975289,2304970,696925,772743,1015267,1310925,1713282,2589854,479072,2712303
1931914,1755269,824738,-36143,2380542,2931276,1974642,2304363,697873,773680,1018110,1319785,1719538,2589959,479660,2716130
1930262,1754408,818653,-38445,2376073,2930991,1974755,2305152,699479,774138,1022929,1329787,1727464,2591232,481211,2720745
1929250,1754100,814975,-39925,2372711,2930730,1975023,2304402,701767,775338,1029940,1341471,1736734,2592871,483460,2726721
1928458,1753905,813601,-40492,2369969,2930402,1974390,2305213,704339,777185,1038363,1353765,1746676,2593797,486407,2732674
1928287,1753812,814802,-40739,2368434,2929946,1974806,2304721,707310,779062,1047743,1364816,1756151,2595419,490463,2736921
1928269,1753818,818073,-40583,2367767,2929358,1973704,2304309,709878,780325,1056002,1374903,1764831,2596766,494302,2741583
1929041,1753997,823486,-39543,2369561,2930048,1974153,2305034,712211,781977,1064009,1382956,1772090,2597541,498563,2744583
1930318,1754535,830846,-38482,2371870,2930142,1974309,2304416,714388,783302,1071203,1388504,1777721,2598575,501791,2745709
1931899,1755225,839432,-36961,2375154,2930476,1972928,2303491,715762,784847,1076999,1391765,1781278,2600063,505451,2747541
1933525,1755743,848826,-34698,2379723,2930619,1973728,2304122,717056,785642,1081094,1391062,1781828,2600140,508293,2745599
1935065,1755954,858124,-32943,2384406,2930733,1973287,2302869,716547,785091,1081764,1387025,1780070,2599740,509080,2744256
1937146,1756659,867443,-30711,2389546,2931791,1973369,2302891,716110,785079,1081208,1380994,1776187,2599688,509432,2741911
1938673,1757000,875132,-29446,2393834,2931352,1973415,2301079,714907,784082,1077813,1371841,1769675,2598534,508206,2737532
1940970,1758157,881577,-26883,2398659,2932650,1973804,2303056,713543,783952,1073318,1361882,1761917,2598237,506626,2732466
1942190,1758196,885508,-26066,2401868,2931842,1972971,2301359,711430,782001,1066198,1350097,1752588,2596289,503261,2727032
1942951,1758646,887717,-25146,2404832,2932237,1974366,2302041,708670,780422,1058148,1338230,1742942,2595042,499197,2721205
1943627,1759347,887417,-24385,2406693,2932679,1974119,2301832,706428,779592,1049891,1327132,1733639,2594032,495532,2716344
1942280,1758567,882984,-25801,2405919,2932156,1973374,2300194,702849,776741,1040487,1315795,1724263,2592013,490633,2711061
1941672,1758977,877346,-26131,2405212,2933634,1975570,2302513,700165,775557,1032907,1307861,1716682,2591209,487716,2708756
