[3754590, 3161863, 1388989, 909919, 115684, 1562331, -60192, 429331, 1821853, 238120, 1285170, 1829272, 2250206, 1812341, 444659, 1771800, 'Back']
[3600693, 3168155, 1298052, 914285, 121414, 1545652, -53496, 436643, 1834434, 253638, 1186141, 1751431, 2189160, 1752293, 401236, 1734447, 'Back']
[3760385, 3161425, 1391678, 911094, 114219, 1566573, -62142, 430576, 1822433, 239345, 1261567, 1806407, 2242442, 1807717, 440148, 1763276, 'Back']
[3597490, 3166899, 1297681, 912369, 122768, 1541143, -51903, 433926, 1832733, 252138, 1210953, 1775204, 2198675, 1758817, 406262, 1744019, 'Back']
[3759491, 3160577, 1390242, 912146, 115047, 1569494, -65153, 430597, 1822842, 239845, 1235156, 1781313, 2233355, 1799871, 434114, 1753613, 'Back']
[3599579, 3166157, 1299727, 911226, 121886, 1538940, -52188, 434147, 1831077, 250539, 1236926, 1799175, 2209036, 1767293, 411659, 1753576, 'Back']
[3753677, 3159782, 1386002, 912162, 114938, 1570963, -66329, 429324, 1823858, 241150, 1207539, 1755857, 2221938, 1790744, 426566, 1743577, 'Back']
[3607434, 3165398, 1305421, 909871, 121831, 1536294, -49430, 434219, 1828673, 248182, 1262856, 1823104, 2220159, 1775306, 417335, 1763195, 'Back']
[3743013, 3159724, 1379426, 913004, 114284, 1571911, -66664, 430041, 1825361, 243002, 1181334, 1732684, 2210914, 1780442, 418918, 1734422, 'Back']
[3620088, 3164317, 1314226, 908512, 120546, 1536450, -48523, 433238, 1826552, 245869, 1287031, 1845066, 2232252, 1784780, 423754, 1772983, 'Back']
[3729033, 3160406, 1371451, 914004, 114773, 1572204, -64577, 431634, 1827003, 245119, 1158607, 1713551, 2201069, 1770317, 411764, 1727203, 'Back']
[3634892, 3164580, 1322783, 908580, 119709, 1536897, -50013, 434417, 1824960, 244415, 1306688, 1862152, 2243496, 1794154, 430458, 1780576, 'Back']
[3710894, 3161147, 1360338, 914973, 114650, 1570281, -65590, 431190, 1828684, 247901, 1139992, 1697736, 2191781, 1761551, 404428, 1719946, 'Back']
[3653982, 3164473, 1334617, 908807, 118258, 1538142, -50056, 432271, 1823232, 243113, 1321737, 1874486, 2252246, 1802706, 436422, 1786220, 'Back']
[3691856, 3162397, 1349874, 916445, 115198, 1568632, -64671, 432987, 1830541, 250815, 1129837, 1690517, 2184473, 1754195, 399575, 1716676, 'Back']
[3674145, 3163125, 1347033, 908063, 117695, 1540636, -52400, 430174, 1821558, 241302, 1329913, 1880202, 2258850, 1809114, 441095, 1789978, 'Back']
[3670484, 3162892, 1337673, 916217, 116210, 1565038, -62483, 433415, 1831375, 252275, 1124835, 1688227, 2179799, 1747599, 395286, 1714839, 'Back']
[3695123, 3161602, 1358885, 907164, 116480, 1544052, -51480, 429656, 1820068, 239779, 1329947, 1878491, 2262245, 1812674, 444696, 1790640, 'Back']
[3648828, 3162771, 1324763, 915278, 118015, 1560397, -61248, 433977, 1832257, 253088, 1126982, 1692468, 2177440, 1743404, 393585, 1715863, 'Back']
[3714440, 3159961, 1369264, 907036, 115762, 1548267, -53559, 429824, 1819099, 238038, 1322904, 1869783, 2262892, 1814714, 445629, 1788227, 'Back']
[3630026, 3163029, 1315115, 914765, 118116, 1555958, -58584, 435188, 1832537, 253390, 1135771, 1702762, 2178345, 1742362, 393270, 1719527, 'Back']
[3732960, 3159035, 1380718, 907482, 114109, 1553686, -56645, 429706, 1818506, 237422, 1311100, 1857422, 2260811, 1814754, 445492, 1785203, 'Back']
[3614272, 3164051, 1307491, 914384, 118837, 1551236, -56434, 435075, 1832257, 253791, 1151652, 1719714, 2182006, 1743615, 394496, 1726712, 'Back']
[3746367, 3158646, 1387603, 908279, 113394, 1558505, -59163, 428866, 1818869, 237890, 1293254, 1839360, 2256456, 1811981, 443696, 1779273, 'Back']
[3602472, 3164327, 1301613, 913432, 119893, 1546656, -52936, 434906, 1832189, 253453, 1170540, 1738787, 2188189, 1747342, 397177, 1733870, 'Back']
[3755980, 3158127, 1392652, 909460, 112198, 1563394, -60615, 430498, 1819386, 238190, 1271560, 1818105, 2250078, 1807944, 440949, 1771762, 'Back']
[3597495, 3164703, 1300075, 912688, 118997, 1542726, -53481, 434940, 1831043, 252649, 1194422, 1762458, 2196499, 1752670, 401967, 1743376, 'Back']
[3759344, 3159132, 1393789, 911513, 112159, 1567586, -61548, 429285, 1820439, 239437, 1246890, 1795468, 2240721, 1801036, 436044, 1763532, 'Back']
[3596957, 3165384, 1300744, 912505, 119222, 1540338, -50471, 435632, 1830678, 252178, 1219788, 1786921, 2205859, 1759343, 407973, 1752784, 'Back']
[3755594, 3159197, 1390605, 912631, 112575, 1570688, -65341, 430609, 1822033, 240692, 1220383, 1770695, 2230411, 1792326, 430449, 1753939, 'Back']
[3601616, 3164965, 1304252, 911236, 119783, 1539027, -49474, 435169, 1828935, 250117, 1245500, 1810666, 2216698, 1767454, 413845, 1762808, 'Back']
[3748239, 3158854, 1386030, 912878, 112196, 1573131, -65320, 430550, 1823828, 243301, 1194197, 1746434, 2218991, 1783362, 423753, 1744429, 'Back']
[3610750, 3163970, 1310720, 909525, 119323, 1537010, -50211, 434136, 1826920, 248642, 1271579, 1833797, 2227533, 1776814, 420472, 1772341, 'Back']
[3736249, 3158867, 1378455, 913575, 112644, 1572794, -66471, 433307, 1824915, 245486, 1169082, 1723768, 2207284, 1772738, 416182, 1735345, 'Back']
[3625384, 3163376, 1319721, 908753, 118738, 1536822, -49686, 434981, 1824837, 247062, 1294605, 1853727, 2238679, 1786121, 427774, 1780747, 'Back']
[3721087, 3158712, 1369280, 913361, 113403, 1571706, -65084, 431784, 1826474, 247970, 1149255, 1706471, 2197186, 1763835, 409594, 1727878, 'Back']
[3643178, 3162154, 1330764, 906988, 117268, 1537278, -49635, 433545, 1822208, 244600, 1313928, 1869441, 2248646, 1795121, 433927, 1787459, 'Back']
[3701780, 3159825, 1357153, 913786, 113732, 1569747, -63394, 432893, 1827839, 250169, 1134237, 1693833, 2187953, 1754443, 402808, 1721104, 'Back']
[3662687, 3161514, 1342433, 905816, 116377, 1539206, -52142, 431961, 1819852, 242391, 1325376, 1877567, 2256379, 1802506, 439299, 1790845, 'Back']
[3681298, 3161714, 1345251, 914394, 115058, 1567318, -63503, 433717, 1829222, 252200, 1126211, 1688279, 2181657, 1747520, 397803, 1718000, 'Back']
[3683288, 3161953, 1353880, 905946, 115442, 1543039, -51645, 431918, 1819713, 241618, 1329760, 1879585, 2261412, 1807726, 443357, 1792271, 'Back']
[3661733, 3163085, 1335112, 913917, 115231, 1563886, -62062, 435071, 1830637, 253375, 1125987, 1690655, 2179462, 1742832, 395677, 1718301, 'Back']
[3704094, 3161825, 1366186, 905887, 114678, 1546624, -53415, 432578, 1819350, 240562, 1328581, 1876590, 2264248, 1810794, 445670, 1792738, 'Back']
[3640539, 3163842, 1322974, 913403, 117246, 1558740, -59956, 434777, 1831834, 254688, 1131631, 1697692, 2178876, 1739639, 394145, 1720204, 'Back']
[3723479, 3160018, 1377304, 905103, 113861, 1550755, -56886, 430540, 1818173, 239028, 1318946, 1865516, 2263817, 1810296, 446503, 1789254, 'Back']
[3623039, 3163686, 1314100, 912382, 117669, 1553508, -58859, 435085, 1831314, 254224, 1143457, 1710936, 2181513, 1738273, 394220, 1724999, 'Back']
[3739912, 3158743, 1386372, 905737, 113332, 1555519, -58556, 429666, 1817315, 237984, 1304216, 1850098, 2260604, 1808687, 445212, 1784263, 'Back']
[3608582, 3163731, 1306710, 911429, 118920, 1548427, -56506, 434755, 1830720, 253784, 1159856, 1727853, 2185945, 1740367, 396259, 1731206, 'Back']
[3750724, 3158149, 1391632, 906304, 112960, 1560024, -60890, 430364, 1817401, 237754, 1284124, 1829894, 2255022, 1804759, 442484, 1776897, 'Back']
[3599218, 3163678, 1302329, 910341, 119211, 1544123, -54061, 435041, 1829808, 252857, 1180826, 1748326, 2193209, 1743807, 399218, 1738742, 'Back']
[3757264, 3157404, 1394873, 907399, 112218, 1564530, -63156, 429480, 1817823, 238379, 1260840, 1807399, 2247573, 1799093, 438573, 1768954, 'Back']
[3595553, 3164042, 1301008, 909985, 119700, 1541159, -52123, 436620, 1828866, 252135, 1204440, 1771478, 2202363, 1749478, 404049, 1747897, 'Back']
[3758346, 3157605, 1395040, 908637, 112238, 1568215, -65905, 430657, 1818958, 239751, 1234721, 1783276, 2238759, 1792447, 433865, 1760382, 'Back']
[3598519, 3163855, 1304447, 908920, 119606, 1538156, -50781, 436000, 1827482, 250831, 1229844, 1797057, 2214036, 1757413, 409826, 1758552, 'Back']
[3753688, 3158092, 1391544, 910020, 112131, 1570242, -65934, 430187, 1820798, 241900, 1207424, 1759103, 2228355, 1783298, 426983, 1750714, 'Back']
[3606077, 3163740, 1309614, 908163, 119586, 1536161, -50799, 433253, 1826208, 249689, 1256240, 1821484, 2225623, 1766372, 416124, 1767795, 'Back']
[3743624, 3158646, 1384757, 911584, 112875, 1571592, -66437, 432317, 1822529, 244418, 1181252, 1735771, 2216573, 1773689, 419636, 1740455, 'Back']
[3617818, 3163055, 1316898, 907896, 119351, 1535802, -50067, 435523, 1824135, 248085, 1279458, 1843266, 2236977, 1775973, 423840, 1776434, 'Back']
[3729376, 3158758, 1375853, 912782, 113802, 1571493, -65965, 431627, 1823928, 246627, 1156938, 1715324, 2205832, 1764077, 413182, 1731902, 'Back']
[3632418, 3162390, 1325685, 907330, 119029, 1535917, -52535, 433746, 1822144, 245921, 1299418, 1861046, 2248440, 1785089, 431260, 1784010, 'Back']
[3711895, 3158733, 1365146, 913025, 114319, 1570138, -65771, 432807, 1825548, 248658, 1137647, 1699311, 2196373, 1754312, 406454, 1724436, 'Back']
[3650880, 3161364, 1336689, 906890, 118635, 1537577, -51991, 434058, 1819817, 243462, 1315168, 1873399, 2257582, 1793307, 437256, 1789799, 'Back']
[3691683, 3159611, 1352755, 913990, 115305, 1568240, -64201, 433141, 1827073, 250892, 1125550, 1689845, 2189007, 1746390, 400774, 1719877, 'Back']
[3670432, 3160001, 1347804, 906256, 117288, 1540216, -51929, 431550, 1818096, 241819, 1324167, 1878363, 2264653, 1799522, 442076, 1792134, 'Back']
[3670755, 3159610, 1340889, 914156, 115775, 1564992, -66015, 433642, 1827180, 251988, 1121646, 1687418, 2184657, 1740067, 396984, 1717838, 'Back']
[3691065, 3158951, 1359817, 906799, 115952, 1544075, -53720, 432215, 1816005, 240243, 1326303, 1877579, 2268261, 1803452, 444926, 1792977, 'Back']
[3650680, 3160261, 1330124, 914676, 116450, 1560921, -61993, 434666, 1827551, 253283, 1124292, 1691990, 2183259, 1736301, 395042, 1719241, 'Back']
[3712820, 3158027, 1373038, 906934, 114575, 1548037, -57748, 431625, 1814972, 239092, 1322352, 1871922, 2270244, 1806013, 446396, 1792584, 'Back']
[3631344, 3161260, 1319723, 914668, 117459, 1555834, -61414, 435400, 1828526, 254619, 1133788, 1702968, 2184244, 1734874, 393033, 1722807, 'Back']
[3730494, 3157027, 1383190, 907219, 113505, 1552262, -58632, 430952, 1814993, 238740, 1310804, 1858784, 2267667, 1805649, 445280, 1787799, 'Back']
[3614954, 3161741, 1311846, 914002, 118752, 1550569, -57363, 435747, 1828643, 254389, 1148437, 1718212, 2187730, 1735001, 394242, 1728331, 'Back']
[3743757, 3156538, 1390212, 908071, 113390, 1557017, -61050, 430543, 1815132, 238170, 1293675, 1841049, 2262722, 1802846, 443501, 1781494, 'Back']
[3601599, 3161695, 1304420, 913131, 119701, 1545982, -56368, 434975, 1828482, 253919, 1166359, 1736013, 2192936, 1737448, 395591, 1733775, 'Back']
[3752639, 3155444, 1394241, 909077, 113354, 1561916, -62115, 429964, 1815342, 237959, 1271744, 1819086, 2255503, 1798273, 439369, 1772814, 'Back']
[3595127, 3161746, 1301855, 912695, 120508, 1542035, -54379, 435739, 1827232, 252356, 1189339, 1758470, 2200923, 1742649, 399628, 1742479, 'Back']
[3755969, 3155168, 1395483, 910152, 112399, 1565234, -66615, 429715, 1816072, 238609, 1247557, 1795681, 2246562, 1792325, 433967, 1763793, 'Back']
[3594297, 3161619, 1302721, 912028, 120596, 1538563, -53666, 435821, 1825917, 251230, 1215324, 1782331, 2210991, 1749591, 404130, 1751807, 'Back']
[3753798, 3155307, 1393977, 911807, 112979, 1567755, -66186, 431236, 1817312, 240066, 1222778, 1771781, 2236795, 1784883, 428376, 1755034, 'Back']
[3598141, 3161183, 1306434, 911171, 120516, 1535645, -52392, 435263, 1824765, 249505, 1242487, 1807018, 2221968, 1757814, 410726, 1761965, 'Back']
[3747128, 3155464, 1389949, 912900, 113098, 1569170, -65787, 431031, 1819346, 241758, 1196432, 1746841, 2225303, 1775309, 421861, 1745095, 'Back']
[3607787, 3161400, 1312680, 910966, 120336, 1533733, -51760, 435572, 1823448, 248086, 1269940, 1830855, 2233448, 1766878, 418310, 1771431, 'Back']
[3735476, 3155893, 1382201, 913958, 112981, 1568840, -69494, 430717, 1821406, 244566, 1172564, 1724800, 2213106, 1765290, 414587, 1735183, 'Back']
[3622293, 3160874, 1322813, 910339, 119683, 1532950, -51940, 433936, 1821152, 245999, 1293981, 1851914, 2244771, 1776150, 424915, 1779818, 'Back']
[3720377, 3156759, 1374128, 915216, 113573, 1568059, -69070, 430407, 1822727, 246707, 1153045, 1708165, 2203030, 1755990, 408405, 1728667, 'Back']
[3638641, 3160054, 1333455, 909976, 118299, 1533810, -53137, 433411, 1818913, 243984, 1312549, 1867206, 2254309, 1784892, 431076, 1786590, 'Back']
[3702396, 3157135, 1364170, 916218, 113844, 1566903, -68575, 433519, 1824088, 248920, 1137437, 1695400, 2194095, 1747627, 402140, 1723120, 'Back']
[3657674, 3159347, 1345355, 909811, 117733, 1535932, -52411, 434208, 1817197, 242255, 1325253, 1877153, 2262129, 1792816, 436765, 1791768, 'Back']
[3681316, 3157497, 1352021, 916424, 114766, 1564047, -67020, 434175, 1825186, 250652, 1128217, 1689085, 2187114, 1740781, 396779, 1719663, 'Back']
[3677571, 3157676, 1356978, 909071, 116299, 1538828, -54356, 432605, 1815563, 240391, 1330047, 1879295, 2266789, 1798275, 439953, 1793131, 'Back']
[3660005, 3157861, 1340073, 916490, 115441, 1560179, -66456, 433667, 1825955, 251719, 1126389, 1689524, 2183782, 1735829, 392613, 1718814, 'Back']
[3698585, 3156274, 1369838, 908687, 115089, 1542453, -56527, 430965, 1814107, 238558, 1328994, 1876106, 2269855, 1801904, 441724, 1793096, 'Back']
[3638744, 3159096, 1328270, 916961, 117541, 1555509, -62321, 434447, 1826913, 252882, 1131410, 1696032, 2182951, 1732339, 390654, 1720335, 'Back']
[3716913, 3155844, 1379904, 909223, 114173, 1547022, -60817, 431438, 1813872, 238407, 1320353, 1865368, 2269137, 1803140, 442940, 1789430, 'Back']
[3620866, 3159636, 1319123, 916575, 117987, 1551337, -59842, 435262, 1826736, 253574, 1142545, 1708332, 2185470, 1732388, 390638, 1724297, 'Back']
[3733578, 3155312, 1389180, 910396, 113718, 1552257, -59885, 431423, 1813559, 238375, 1306560, 1850997, 2266100, 1802323, 442598, 1784935, 'Back']
[3606557, 3160319, 1311521, 916677, 118601, 1546484, -59404, 435641, 1827078, 254297, 1159177, 1725406, 2189755, 1734096, 393026, 1730611, 'Back']
[3746872, 3154749, 1396418, 911552, 112057, 1556623, -64885, 429738, 1813571, 238217, 1288749, 1832744, 2260230, 1799423, 439909, 1778953, 'Back']
[3597276, 3160509, 1307161, 915888, 118994, 1541889, -56232, 436690, 1826517, 253731, 1180329, 1746717, 2196761, 1737549, 395518, 1738781, 'Back']
[3753382, 3154163, 1399341, 912071, 111927, 1561022, -65433, 429722, 1814109, 238588, 1265188, 1810126, 2252210, 1793834, 435528, 1770362, 'Back']
[3592572, 3160181, 1305568, 914668, 119116, 1537822, -55774, 435074, 1825183, 252448, 1203794, 1769855, 2205644, 1743262, 399658, 1747515, 'Back']
[3754588, 3153392, 1399637, 912966, 111705, 1564120, -66653, 429749, 1814766, 239536, 1239077, 1785857, 2242392, 1786239, 429913, 1761067, 'Back']
[3594733, 3159971, 1308409, 914063, 119939, 1535244, -53577, 436665, 1823871, 250828, 1229613, 1794820, 2216434, 1750066, 405736, 1757866, 'Back']
[3750097, 3153619, 1396255, 913908, 111986, 1566692, -68517, 430694, 1816493, 241034, 1212401, 1761124, 2231680, 1777639, 424097, 1751751, 'Back']
[3601380, 3159342, 1313229, 912688, 119881, 1533280, -52162, 433971, 1822023, 248981, 1255971, 1818827, 2228070, 1758724, 412546, 1767551, 'Back']
[3740769, 3153665, 1390166, 915077, 112805, 1568035, -68343, 431740, 1817803, 243041, 1186649, 1737808, 2220247, 1768281, 417679, 1742482, 'Back']
[3613594, 3158643, 1321564, 912041, 119663, 1532432, -50690, 436268, 1819873, 247087, 1281188, 1841421, 2240034, 1768559, 420241, 1777292, 'Back']
[3727769, 3154146, 1382333, 915735, 113308, 1567650, -68094, 431683, 1819573, 245381, 1163692, 1717637, 2209351, 1758919, 411235, 1734834, 'Back']
[3627921, 3158643, 1329791, 911259, 119387, 1532412, -52062, 434538, 1818357, 245369, 1302423, 1859582, 2250777, 1778132, 427326, 1785071, 'Back']
[3710607, 3155121, 1371378, 916282, 113817, 1566981, -68363, 433436, 1821572, 247964, 1144306, 1701004, 2199369, 1749896, 404535, 1726739, 'Back']
[3647187, 3157675, 1342212, 910460, 118389, 1534173, -53402, 433471, 1816173, 242921, 1319509, 1873169, 2260374, 1786333, 433162, 1791082, 'Back']
[3692436, 3155692, 1361691, 917203, 115539, 1565016, -66389, 433240, 1823011, 250005, 1133570, 1693065, 2191665, 1742067, 399243, 1723400, 'Back']
[3667209, 3156670, 1354463, 910217, 117737, 1536643, -55550, 433167, 1814625, 241576, 1329719, 1880678, 2266859, 1793239, 438558, 1794903, 'Back']
[3671258, 3156047, 1349450, 917795, 116096, 1562359, -65269, 435000, 1824123, 251842, 1127642, 1689579, 2186401, 1736010, 394918, 1720792, 'Back']
[3686676, 3155400, 1365478, 909957, 116542, 1539996, -55636, 431665, 1812851, 239720, 1331661, 1879701, 2270422, 1798236, 441722, 1795754, 'Back']
[3649780, 3156543, 1337220, 917694, 116963, 1558066, -63592, 436028, 1824743, 252902, 1128701, 1691943, 2184190, 1732046, 392558, 1720889, 'Back']
[3706557, 3154374, 1376535, 910266, 115731, 1544300, -56726, 432354, 1812122, 238807, 1326802, 1872406, 2271605, 1800761, 443632, 1794031, 'Back']
[3629966, 3156548, 1326307, 917130, 117686, 1553128, -61682, 435917, 1824971, 253258, 1136946, 1701178, 2185053, 1730416, 391655, 1724038, 'Back']
[3725126, 3152467, 1387326, 909423, 113482, 1547976, -61648, 430390, 1811230, 237330, 1316689, 1860080, 2269875, 1800789, 443119, 1790372, 'Back']
[3613199, 3157301, 1317562, 916344, 118545, 1547903, -60455, 436255, 1824925, 253345, 1151256, 1715917, 2188715, 1730162, 391341, 1728960, 'Back']
[3739714, 3151949, 1395862, 910246, 113261, 1553165, -63721, 430082, 1811396, 237429, 1300717, 1843131, 2265805, 1798282, 441090, 1784245, 'Back']
[3601075, 3157771, 1312052, 916204, 119657, 1543061, -57141, 436205, 1824822, 253384, 1170441, 1735113, 2194900, 1732474, 393743, 1736012, 'Back']
[3749099, 3152309, 1400262, 912059, 113352, 1557777, -64028, 430514, 1812364, 238389, 1280279, 1822579, 2258826, 1794240, 438443, 1776566, 'Back']
[3594394, 3158576, 1308860, 915977, 120409, 1538761, -56852, 436167, 1824526, 253198, 1192870, 1756928, 2202885, 1737480, 397966, 1743966, 'Back']
[3754202, 3152192, 1402869, 913634, 113002, 1561541, -65548, 430132, 1813456, 239389, 1257110, 1800008, 2250718, 1788626, 434060, 1767750, 'Back']
[3592222, 3158446, 1309250, 915568, 120784, 1535425, -54935, 436723, 1823655, 252399, 1218720, 1781273, 2213225, 1744488, 403546, 1753601, 'Back']
[3752453, 3151491, 1401255, 914277, 112864, 1564030, -67296, 429660, 1814159, 240563, 1231139, 1775087, 2239997, 1780678, 428321, 1758033, 'Back']
[3596256, 3157385, 1312686, 914064, 120654, 1532699, -53500, 435608, 1821485, 250494, 1245087, 1805573, 2223742, 1751425, 409568, 1762793, 'Back']
[3745535, 3151210, 1396233, 915145, 113244, 1566407, -69059, 431747, 1815098, 241971, 1204774, 1750845, 2228731, 1771196, 422171, 1748283, 'Back']
[3604973, 3156377, 1318413, 912883, 120504, 1531678, -51999, 435977, 1819266, 248165, 1270755, 1828679, 2235566, 1759702, 416327, 1772236, 'Back']
[3734209, 3150942, 1389083, 915747, 113664, 1566848, -68178, 431781, 1816104, 243456, 1179788, 1728429, 2217398, 1760690, 414938, 1739358, 'Back']
[3617737, 3155617, 1326648, 912221, 119906, 1531385, -52391, 433541, 1816724, 245799, 1293448, 1848988, 2246726, 1768511, 422921, 1780840, 'Back']
[3719834, 3151404, 1380626, 917356, 113778, 1567408, -67687, 433027, 1817716, 245759, 1158240, 1710086, 2206646, 1751424, 408030, 1731795, 'Back']
[3633912, 3154979, 1336703, 912548, 119399, 1532516, -52669, 434857, 1814905, 243920, 1312787, 1865843, 2257219, 1777798, 429518, 1788530, 'Back']
[3701556, 3151482, 1369525, 918109, 114495, 1565584, -67073, 433067, 1819627, 248183, 1141049, 1696157, 2197755, 1742656, 401618, 1725125, 'Back']
[3653321, 3154158, 1348981, 912111, 118254, 1534144, -52401, 434163, 1813230, 241844, 1326401, 1876658, 2265909, 1785775, 435810, 1793957, 'Back']
[3681263, 3153005, 1357581, 919519, 115448, 1562978, -67442, 435397, 1821881, 250816, 1131943, 1689711, 2191359, 1735397, 397179, 1722094, 'Back']
[3673580, 3153242, 1361193, 912096, 116849, 1537176, -55519, 433712, 1812167, 240744, 1333255, 1880124, 2271417, 1791473, 440047, 1795879, 'Back']
[3660784, 3153662, 1346526, 919709, 116059, 1559059, -64440, 434031, 1822580, 252291, 1130702, 1690245, 2187832, 1730079, 393589, 1721541, 'Back']
[3694371, 3152427, 1373168, 912070, 115951, 1540656, -55496, 433006, 1810694, 239474, 1333225, 1877666, 2274405, 1794430, 442737, 1796087, 'Back']
[3639627, 3154546, 1334095, 919826, 117720, 1555040, -62869, 435243, 1823066, 253827, 1134340, 1696023, 2187092, 1726285, 391956, 1722831, 'Back']
[3713075, 3150961, 1383190, 911682, 114767, 1545154, -58628, 431615, 1809765, 238663, 1324558, 1867663, 2273568, 1795299, 443464, 1792512, 'Back']
[3621134, 3154430, 1324315, 919124, 118073, 1550172, -61001, 436294, 1822466, 253640, 1144667, 1707970, 2188800, 1725390, 391725, 1726712, 'Back']
[3729844, 3149665, 1392889, 912083, 113677, 1549979, -60946, 430714, 1809007, 237930, 1311097, 1853370, 2270528, 1794519, 442445, 1787897, 'Back']
[3605954, 3154518, 1316480, 918471, 118900, 1545296, -58711, 436742, 1822541, 253643, 1160165, 1724078, 2193682, 1726479, 392904, 1732384, 'Back']
[3742760, 3148906, 1400118, 913022, 112791, 1554524, -64015, 430319, 1808886, 237536, 1293094, 1834523, 2264975, 1792020, 440012, 1781544, 'Back']
[3596069, 3154821, 1312557, 918023, 119542, 1540633, -58003, 437395, 1821823, 253228, 1180983, 1744807, 2200627, 1730249, 395721, 1740420, 'Back']
[3749714, 3148650, 1403315, 914401, 112413, 1558954, -65376, 430890, 1809520, 238358, 1271114, 1812734, 2257338, 1787096, 435843, 1773609, 'Back']
[3590868, 3154961, 1310253, 917326, 120261, 1536766, -54397, 436865, 1821030, 252380, 1204779, 1767361, 2209248, 1735429, 400193, 1748666, 'Back']
[3751395, 3148922, 1403236, 915585, 113005, 1562567, -66445, 430692, 1810851, 239792, 1246202, 1788536, 2247584, 1780200, 431458, 1763936, 'Back']
[3591598, 3155424, 1311247, 916500, 120785, 1533544, -55394, 436026, 1820044, 251493, 1230933, 1791856, 2219805, 1742327, 405414, 1757845, 'Back']
[3747752, 3149335, 1400182, 916898, 113402, 1564759, -66703, 431628, 1812438, 241405, 1220081, 1763519, 2236701, 1771677, 424916, 1753925, 'Back']
[3597938, 3155035, 1315646, 915979, 121088, 1531692, -52575, 436155, 1818748, 249947, 1257382, 1815886, 2231223, 1750519, 411804, 1767284, 'Back']
[3739495, 3148740, 1394773, 917522, 113306, 1566097, -68705, 432116, 1813605, 242813, 1194420, 1740197, 2225724, 1762377, 418081, 1744679, 'Back']
[3609396, 3153944, 1323700, 914641, 120454, 1530416, -52257, 434981, 1816105, 247183, 1283858, 1839720, 2243984, 1760040, 418388, 1777286, 'Back']
[3726070, 3148861, 1386329, 917986, 113967, 1565782, -69761, 432649, 1815194, 244917, 1170981, 1719621, 2213832, 1752894, 410798, 1736089, 'Back']
[3623310, 3153161, 1332590, 913584, 120308, 1530483, -52044, 435393, 1813846, 244783, 1304657, 1857483, 2253489, 1768652, 424779, 1784687, 'Back']
[3709228, 3149222, 1376496, 918927, 114731, 1565230, -67937, 432848, 1816670, 246890, 1150963, 1702228, 2203728, 1743505, 404399, 1728476, 'Back']
[3640379, 3151992, 1342938, 913478, 119484, 1531621, -53906, 434316, 1811793, 242764, 1321182, 1870686, 2263161, 1777034, 431243, 1790581, 'Back']
[3689900, 3149602, 1364916, 920063, 115188, 1563333, -67869, 433786, 1817759, 248830, 1137551, 1691078, 2195162, 1734827, 398039, 1723034, 'Back']
[3660670, 3151040, 1355467, 913274, 118568, 1534296, -54331, 431824, 1809494, 240495, 1332346, 1878344, 2270301, 1784153, 436464, 1794762, 'Back']
[3669776, 3150792, 1353477, 920833, 116901, 1560596, -64831, 435434, 1819291, 250880, 1131733, 1687989, 2190451, 1728898, 394041, 1721084, 'Back']
[3681651, 3150327, 1367710, 912893, 117261, 1537636, -56021, 432943, 1808630, 239610, 1335121, 1878990, 2274619, 1789464, 439946, 1796261, 'Back']
[3648503, 3151560, 1340815, 920521, 117831, 1555996, -64778, 434074, 1820107, 252426, 1132123, 1690727, 2187769, 1724318, 390030, 1721305, 'Back']
[3701939, 3149298, 1379402, 912724, 116045, 1541686, -56888, 431716, 1807477, 238423, 1330901, 1872747, 2276037, 1791900, 440408, 1794247, 'Back']
[3629141, 3153306, 1330502, 920852, 119004, 1551986, -60875, 436973, 1820865, 253848, 1140077, 1700196, 2189149, 1722712, 389381, 1724365, 'Back']
[3719497, 3149471, 1388769, 913289, 115645, 1546731, -58784, 431396, 1808010, 238992, 1320825, 1860673, 2274328, 1792371, 440598, 1789973, 'Back']
[3612103, 3153576, 1321200, 919562, 119518, 1547221, -60715, 435556, 1821110, 254096, 1153235, 1713762, 2192545, 1722797, 389474, 1728136, 'Back']
[3734808, 3147785, 1398116, 912563, 113851, 1551378, -62341, 429313, 1806925, 237526, 1306137, 1844750, 2270414, 1790583, 439108, 1784667, 'Back']
[3599491, 3153682, 1315891, 918795, 120394, 1542594, -56838, 435686, 1819990, 253141, 1171604, 1732801, 2198477, 1724645, 391320, 1735656, 'Back']
[3744166, 3148296, 1402851, 914400, 114176, 1556483, -62738, 431771, 1807525, 237951, 1285956, 1824736, 2264082, 1786517, 436382, 1777846, 'Back']
[3590340, 3154322, 1311311, 917823, 121394, 1538705, -54925, 435495, 1819823, 253089, 1192500, 1753127, 2206360, 1729353, 395489, 1743221, 'Back']
[3748847, 3147911, 1404123, 914700, 113897, 1560225, -65904, 430179, 1808257, 238969, 1261656, 1800416, 2255945, 1781339, 432251, 1768306, 'Back']
[3588066, 3154700, 1310444, 917081, 121637, 1535119, -53797, 436895, 1818780, 252075, 1217302, 1776748, 2217078, 1735506, 400423, 1751982, 'Back']
[3748108, 3148447, 1402356, 915683, 113322, 1563038, -67072, 429939, 1809653, 240327, 1236327, 1776519, 2245954, 1774440, 427275, 1758963, 'Back']
[3591977, 3154676, 1313820, 915550, 120786, 1532378, -55068, 435169, 1817321, 250604, 1243643, 1801449, 2227818, 1742974, 406234, 1761518, 'Back']
[3742614, 3149123, 1398741, 916883, 113463, 1564805, -66825, 429451, 1810803, 241885, 1210453, 1752927, 2234084, 1765088, 420454, 1749874, 'Back']
[3600172, 3154975, 1319202, 915597, 120419, 1530997, -53840, 434940, 1815896, 249208, 1269606, 1825306, 2238608, 1751390, 412875, 1771086, 'Back']
[3732941, 3149282, 1393103, 918436, 113201, 1566128, -68526, 430268, 1812387, 244081, 1185632, 1730699, 2222577, 1755814, 413320, 1741017, 'Back']
[3613506, 3154494, 1328806, 915718, 120227, 1530448, -53077, 434266, 1813567, 247153, 1294740, 1847961, 2250771, 1761133, 419926, 1781366, 'Back']
[3717473, 3149718, 1383142, 919666, 113857, 1565500, -69914, 429260, 1814279, 246981, 1162937, 1711301, 2211147, 1746224, 405889, 1732595, 'Back']
[3628765, 3153141, 1338065, 915453, 119500, 1531149, -53189, 434272, 1811002, 244920, 1313477, 1864053, 2260537, 1769985, 425963, 1788189, 'Back']
[3699746, 3149740, 1372624, 921167, 114731, 1564566, -67406, 433370, 1815172, 248843, 1145953, 1697600, 2201697, 1737849, 399800, 1727126, 'Back']
[3647293, 3151459, 1349972, 914750, 118154, 1532960, -54427, 433393, 1808339, 242202, 1327346, 1875101, 2269008, 1778517, 431635, 1794164, 'Back']
[3679020, 3149682, 1360715, 921573, 115268, 1562201, -68092, 432141, 1815977, 250144, 1134809, 1689355, 2194213, 1730279, 393837, 1723465, 'Back']
[3666778, 3150099, 1361629, 914077, 117094, 1535505, -55468, 431887, 1806186, 239817, 1333638, 1878625, 2274343, 1784231, 435376, 1796599, 'Back']
[3658653, 3150784, 1349417, 921599, 116444, 1558871, -64518, 433648, 1816583, 251433, 1131422, 1688469, 2190865, 1725304, 390614, 1722558, 'Back']
[3687266, 3149292, 1373424, 913414, 115930, 1539244, -56608, 431637, 1805071, 238882, 1333899, 1876453, 2277050, 1788318, 438569, 1796914, 'Back']
[3637589, 3151134, 1337625, 921078, 117219, 1554278, -63839, 434039, 1817188, 252239, 1134764, 1693643, 2189405, 1721664, 387833, 1723680, 'Back']
[3706361, 3148166, 1384494, 913503, 115305, 1543256, -58046, 430352, 1804460, 237373, 1327016, 1867652, 2277151, 1790071, 438973, 1794352, 'Back']
[3619086, 3151639, 1328268, 921067, 118060, 1549481, -61898, 435057, 1817569, 252297, 1144689, 1704978, 2191641, 1720666, 387762, 1727707, 'Back']
[3724188, 3147852, 1394818, 914930, 114145, 1548305, -60070, 430591, 1804348, 237184, 1314675, 1854245, 2274616, 1789889, 439023, 1790346, 'Back']
[3603703, 3153069, 1320095, 921616, 118959, 1544705, -59395, 434818, 1818181, 253333, 1160276, 1721625, 2196153, 1722488, 389676, 1733657, 'Back']
[3737037, 3147432, 1401698, 915827, 112903, 1552419, -63980, 429315, 1804681, 237135, 1297095, 1836189, 2268934, 1787295, 436833, 1783736, 'Back']
[3592135, 3153276, 1313938, 920929, 119388, 1539389, -57523, 433767, 1817830, 252831, 1179472, 1741069, 2202741, 1724761, 391832, 1740067, 'Back']
[3745010, 3146702, 1404748, 916630, 112287, 1556957, -65562, 429153, 1805078, 237497, 1274411, 1813651, 2260827, 1782560, 433013, 1774643, 'Back']
[3587179, 3152728, 1312123, 919603, 119760, 1535345, -55440, 434850, 1816454, 251363, 1202997, 1763997, 2211231, 1729866, 396119, 1748584, 'Back']
[3747650, 3146343, 1406111, 917222, 112148, 1560482, -67788, 429276, 1805906, 238089, 1250185, 1790426, 2251252, 1776029, 428569, 1766090, 'Back']
[3586998, 3152688, 1313007, 918780, 120499, 1531981, -53034, 432698, 1815459, 250188, 1228315, 1787903, 2221070, 1736759, 401519, 1757737, 'Back']
[3744188, 3145939, 1403045, 918206, 112050, 1562625, -68030, 430821, 1807075, 239463, 1223618, 1765062, 2239811, 1768259, 423010, 1755795, 'Back']
[3593183, 3151694, 1318240, 917336, 119574, 1529638, -53525, 433734, 1813315, 247926, 1255470, 1812663, 2232789, 1745046, 408564, 1767873, 'Back']
[3735838, 3146526, 1397378, 919396, 112197, 1564147, -69562, 430601, 1808578, 241119, 1197717, 1741423, 2228092, 1758633, 416295, 1746605, 'Back']
[3603432, 3151624, 1325096, 917313, 119492, 1529277, -52418, 433208, 1811546, 245907, 1280600, 1835242, 2244200, 1754260, 415542, 1776604, 'Back']
[3723287, 3146949, 1389732, 920943, 112655, 1564804, -69232, 430064, 1810553, 243056, 1173684, 1720233, 2216540, 1749404, 409663, 1737334, 'Back']
[3617383, 3151251, 1334306, 917400, 118543, 1529201, -55197, 433270, 1809740, 243581, 1302612, 1854716, 2255227, 1762850, 422581, 1784826, 'Back']
[3707386, 3147861, 1380459, 922599, 113129, 1563887, -69383, 430781, 1812507, 245493, 1153891, 1703608, 2206205, 1739749, 402903, 1730371, 'Back']
[3635169, 3151182, 1345465, 918009, 118178, 1530276, -53087, 431511, 1808245, 242254, 1320930, 1870004, 2265182, 1771583, 429681, 1791814, 'Back']
[3688852, 3149150, 1369360, 924954, 114439, 1562491, -67819, 433106, 1814629, 248571, 1140517, 1692957, 2198646, 1732178, 398084, 1725595, 'Back']
[3654686, 3150069, 1357414, 918035, 117385, 1532903, -55687, 431668, 1806718, 241003, 1332377, 1878036, 2273335, 1779585, 435226, 1796254, 'Back']
[3668654, 3149016, 1358238, 924821, 115837, 1559460, -66891, 433475, 1815081, 250341, 1133869, 1688571, 2193545, 1725825, 393264, 1723236, 'Back']
[3674921, 3148539, 1369732, 917426, 116682, 1535952, -56102, 432816, 1804583, 239246, 1336449, 1879182, 2277564, 1784450, 438765, 1797745, 'Back']
[3646955, 3149421, 1345949, 924960, 116635, 1555427, -66102, 434177, 1815565, 251602, 1133431, 1690196, 2191044, 1721423, 390479, 1723076, 'Back']
[3693561, 3146987, 1380237, 916863, 115307, 1539563, -59270, 430714, 1803496, 238063, 1332248, 1872502, 2278718, 1787028, 440167, 1795359, 'Back']
[3627070, 3149290, 1335481, 924399, 117205, 1550303, -64129, 433971, 1815446, 251717, 1139693, 1697792, 2191487, 1719245, 388781, 1724884, 'Back']
[3711925, 3145934, 1391256, 917360, 114042, 1543236, -60980, 429790, 1802422, 236749, 1323480, 1862025, 2278018, 1787607, 440263, 1792731, 'Back']
[3608657, 3150147, 1325078, 924529, 117896, 1545353, -62568, 433877, 1815883, 252569, 1151350, 1710541, 2194263, 1718569, 388455, 1729383, 'Back']
[3726187, 3145252, 1398210, 918167, 113178, 1548488, -63397, 429092, 1802544, 237049, 1307554, 1845006, 2273315, 1786479, 438737, 1786940, 'Back']
[3594460, 3150189, 1317896, 923777, 118758, 1540477, -58828, 434101, 1815583, 252380, 1168145, 1727712, 2199998, 1720973, 390890, 1736041, 'Back']
[3737779, 3144302, 1404573, 918633, 111877, 1552893, -64913, 430182, 1802488, 236564, 1288539, 1826079, 2267510, 1783598, 436683, 1780875, 'Back']
[3586308, 3150343, 1313935, 922792, 119004, 1536260, -56575, 434917, 1815245, 251906, 1189855, 1749536, 2207174, 1724740, 394681, 1744288, 'Back']
[3743535, 3144746, 1406568, 920003, 112289, 1557174, -65528, 429105, 1803550, 237849, 1265989, 1803922, 2258243, 1778135, 433220, 1772577, 'Back']
[3583928, 3150763, 1313778, 922457, 119029, 1533257, -57795, 435303, 1814392, 251543, 1214853, 1773585, 2216583, 1730983, 400035, 1753433, 'Back']
[3744592, 3144444, 1407432, 921344, 111712, 1561148, -66256, 431284, 1804693, 239986, 1241326, 1780664, 2248391, 1771679, 428297, 1764041, 'Back']
[3586446, 3150387, 1316837, 921463, 119830, 1530185, -53905, 434906, 1812590, 250931, 1241972, 1799524, 2227948, 1738785, 406623, 1764762, 'Back']
[3738015, 3143396, 1402500, 921176, 112089, 1561710, -70500, 427934, 1805282, 241454, 1213935, 1755554, 2236246, 1762577, 421382, 1753797, 'Back']
[3594122, 3148913, 1322412, 920132, 119604, 1528157, -54132, 433748, 1810150, 248503, 1266850, 1822457, 2239230, 1746572, 412166, 1773118, 'Back']
[3728412, 3143546, 1396535, 922227, 112667, 1563179, -69991, 430893, 1806850, 243043, 1188783, 1732956, 2224933, 1752942, 414905, 1745003, 'Back']
[3606167, 3148202, 1330713, 919017, 119102, 1528034, -53969, 433579, 1808324, 246396, 1290856, 1843629, 2250556, 1755188, 419343, 1782209, 'Back']
[3713439, 3143937, 1387178, 922989, 113452, 1562916, -69673, 429871, 1808768, 245491, 1165656, 1712426, 2213403, 1742779, 407792, 1736136, 'Back']
[3620748, 3147781, 1339539, 918782, 118994, 1528342, -54741, 433334, 1806560, 244353, 1310851, 1860513, 2261226, 1763468, 426281, 1788935, 'Back']
[3696302, 3144473, 1376869, 923862, 113638, 1561841, -70354, 430201, 1810712, 247899, 1147609, 1697583, 2204221, 1733841, 401360, 1729268, 'Back']
[3639519, 3147018, 1351400, 917932, 117470, 1529704, -55419, 432131, 1804998, 242513, 1325538, 1872863, 2270161, 1771584, 432174, 1794853, 'Back']
[3676569, 3145637, 1365164, 924548, 115158, 1559389, -69371, 433059, 1812677, 250545, 1135922, 1689055, 2196884, 1725995, 396253, 1725108, 'Back']
[3659735, 3146261, 1363186, 917478, 117110, 1532239, -57643, 431244, 1803622, 241611, 1333289, 1877698, 2275640, 1777730, 436838, 1797465, 'Back']
[3657007, 3146507, 1354495, 925224, 116196, 1556449, -66921, 433372, 1813998, 253005, 1132547, 1688252, 2192561, 1720968, 393138, 1723995, 'Back']
[3680793, 3145460, 1375753, 917681, 116333, 1535777, -57776, 430857, 1802689, 241242, 1335145, 1877073, 2278666, 1782476, 440329, 1798515, 'Back']
[3636741, 3146783, 1343656, 924943, 116965, 1552072, -65473, 432429, 1813997, 254515, 1135567, 1693209, 2191122, 1717820, 390714, 1725365, 'Back']
[3700568, 3143998, 1387577, 917283, 115366, 1539977, -60058, 430139, 1801062, 240714, 1328824, 1869407, 2278880, 1784736, 441189, 1796621, 'Back']
[3616883, 3147436, 1332541, 924807, 118377, 1546974, -63562, 434556, 1813791, 255413, 1143952, 1703852, 2192055, 1716286, 389571, 1728654, 'Back']
[3717679, 3142711, 1396932, 917415, 114189, 1544774, -63293, 429263, 1800333, 240217, 1316316, 1855614, 2275323, 1784977, 440746, 1791660, 'Back']
[3600365, 3147461, 1323864, 924233, 119290, 1542416, -62826, 434585, 1813266, 255867, 1157865, 1718589, 2195747, 1716912, 390577, 1733575, 'Back']
[3731298, 3142166, 1404553, 918418, 113671, 1550101, -64734, 430613, 1800063, 240289, 1299118, 1837555, 2270261, 1782715, 439121, 1785818, 'Back']
[3589607, 3147904, 1319170, 923434, 120196, 1537782, -57942, 435308, 1812763, 255438, 1177921, 1738980, 2202582, 1720042, 393970, 1741822, 'Back']
[3739660, 3142181, 1408759, 919015, 113401, 1553766, -66940, 428683, 1800848, 241030, 1278022, 1816459, 2262542, 1778548, 436290, 1778409, 'Back']
[3583645, 3148145, 1317000, 922365, 120292, 1533459, -57873, 434974, 1812390, 255466, 1200793, 1760956, 2211395, 1724786, 397759, 1749756, 'Back']
[3742599, 3141911, 1409981, 920014, 113127, 1557301, -68198, 429400, 1801458, 242156, 1253962, 1793127, 2253905, 1772330, 431331, 1769839, 'Back']
[3582205, 3148253, 1317030, 921563, 120693, 1530021, -57827, 434411, 1810953, 254441, 1225969, 1785192, 2222082, 1731169, 403092, 1759422, 'Back']
[3739588, 3142191, 1406942, 921221, 113258, 1560301, -68914, 429720, 1802962, 244202, 1226793, 1767397, 2242721, 1764384, 425136, 1759191, 'Back']
[3587490, 3148660, 1320996, 921341, 120848, 1528330, -55182, 434869, 1809740, 253452, 1252640, 1809612, 2233961, 1739736, 409956, 1769196, 'Back']
[3732513, 3142299, 1402336, 922211, 113149, 1561665, -70346, 429561, 1804649, 246163, 1201836, 1743911, 2231672, 1756249, 419066, 1750410, 'Back']
[3597594, 3147271, 1328509, 920146, 120001, 1526600, -56277, 433252, 1807801, 251094, 1278797, 1832885, 2245908, 1748219, 415823, 1778885, 'Back']
