[2534356, 2183231, 1485872, -427646, 2313897, 2730913, 1123087, 1872960, 1870598, 1311170, 268810, 1353009, 2350417, 2235012, -532553, 1161504, 'Back']
[2533112, 2178697, 1544296, -428998, 2384943, 2764327, 1119274, 1876986, 1871838, 1302505, 313381, 1396400, 2394485, 2246464, -527940, 1173469, 'Back']
[2534102, 2184157, 1482744, -427681, 2309854, 2730214, 1123149, 1872123, 1870150, 1310249, 270545, 1359687, 2361805, 2237122, -533472, 1171505, 'Back']
[2533646, 2177878, 1545935, -428452, 2387403, 2764735, 1120193, 1878131, 1872446, 1303274, 310609, 1388042, 2383080, 2244006, -527624, 1164932, 'Back']
[2533764, 2184976, 1481864, -427768, 2308136, 2730177, 1123011, 1871193, 1869984, 1309674, 273905, 1367996, 2373596, 2239464, -533921, 1180643, 'Back']
[2534254, 2177297, 1545588, -427986, 2387117, 2763672, 1120275, 1878767, 1872844, 1304247, 306714, 1379426, 2370717, 2241634, -527846, 1156270, 'Back']
[2533221, 2185560, 1483663, -427883, 2309397, 2732206, 1121983, 1870259, 1869967, 1308648, 279073, 1377687, 2385583, 2242096, -534386, 1189276, 'Back']
[2534689, 2177468, 1543338, -427307, 2384230, 2762212, 1120156, 1878852, 1872525, 1305483, 301453, 1370863, 2358810, 2239170, -528455, 1149714, 'Back']
[2533520, 2186640, 1486955, -427383, 2312823, 2734513, 1122164, 1869768, 1869939, 1308107, 284557, 1386660, 2396602, 2244878, -534258, 1196486, 'Back']
[2534825, 2177284, 1538369, -427055, 2378835, 2759177, 1122393, 1879246, 1873175, 1307228, 295870, 1361780, 2347631, 2237300, -527956, 1142189, 'Back']
[2532606, 2185989, 1492459, -427992, 2319481, 2738421, 1121817, 1870238, 1869653, 1306596, 290523, 1394070, 2406416, 2246877, -533643, 1201392, 'Back']
[2534694, 2177009, 1532241, -427035, 2371623, 2755881, 1121923, 1879691, 1872836, 1308081, 289703, 1354142, 2338962, 2234341, -528474, 1138136, 'Back']
[2532687, 2185661, 1499380, -427952, 2327780, 2742557, 1120951, 1871090, 1869919, 1305225, 296565, 1401924, 2414344, 2248456, -532976, 1204679, 'Back']
[2534631, 2177099, 1524663, -427018, 2362847, 2751822, 1123348, 1879567, 1872753, 1309174, 283860, 1348662, 2332573, 2233106, -528790, 1135809, 'Back']
[2532070, 2184553, 1506611, -428582, 2337624, 2747230, 1120219, 1871858, 1869799, 1303799, 301917, 1407029, 2419434, 2249942, -532177, 1205656, 'Back']
[2534070, 2177525, 1515674, -427554, 2352400, 2747091, 1121406, 1878133, 1871935, 1309863, 277609, 1343839, 2329360, 2231610, -530495, 1136315, 'Back']
[2531633, 2183530, 1514762, -428857, 2347660, 2751533, 1119498, 1872082, 1869777, 1302580, 306123, 1409566, 2421465, 2250166, -532387, 1204489, 'Back']
[2534919, 2179485, 1507364, -426497, 2342014, 2741970, 1123058, 1877483, 1871775, 1311025, 273039, 1341781, 2328611, 2231099, -530818, 1138897, 'Back']
[2532579, 2183413, 1523509, -428001, 2358236, 2755222, 1119584, 1874009, 1871050, 1303100, 311187, 1411036, 2419902, 2250981, -530136, 1199484, 'Back']
[2534980, 2180807, 1499695, -426345, 2332257, 2737535, 1122942, 1876466, 1871937, 1311719, 270480, 1341923, 2331476, 2231438, -531077, 1142606, 'Back']
[2532343, 2181882, 1531134, -428343, 2368004, 2758824, 1119396, 1875102, 1871147, 1302489, 313933, 1408600, 2415462, 2249991, -528973, 1192903, 'Back']
[2534452, 2181968, 1492702, -426589, 2323318, 2734081, 1123341, 1875795, 1871250, 1311746, 268297, 1344171, 2337143, 2231920, -531515, 1148810, 'Back']
[2532087, 2180614, 1537497, -428425, 2376360, 2761988, 1119006, 1876607, 1871148, 1302133, 314346, 1403818, 2408595, 2248591, -528602, 1185616, 'Back']
[2533938, 2183017, 1486818, -426578, 2316235, 2731534, 1123349, 1875101, 1870940, 1311544, 267790, 1347295, 2345762, 2233527, -532013, 1157115, 'Back']
[2532203, 2179336, 1541990, -427911, 2382672, 2763764, 1119827, 1878248, 1871765, 1302617, 313571, 1397020, 2399119, 2246973, -527345, 1176336, 'Back']
[2533261, 2183907, 1482464, -426660, 2310845, 2729899, 1122878, 1873063, 1870257, 1311036, 268868, 1353752, 2356138, 2235506, -532627, 1165506, 'Back']
[2532061, 2177937, 1543996, -428172, 2386204, 2764746, 1118972, 1879081, 1871731, 1302947, 311077, 1389127, 2387675, 2244916, -527554, 1166659, 'Back']
[2532828, 2184789, 1480355, -426812, 2308141, 2730019, 1121941, 1872663, 1869732, 1309924, 271283, 1361511, 2367578, 2238084, -533604, 1174384, 'Back']
[2532363, 2176961, 1544609, -427944, 2387579, 2764745, 1119401, 1879804, 1872092, 1303992, 307656, 1381319, 2375462, 2242798, -527391, 1157409, 'Back']
[2532606, 2185443, 1480640, -427058, 2308303, 2731121, 1121591, 1872639, 1869512, 1309163, 275398, 1370906, 2379658, 2240550, -533768, 1183381, 'Back']
[2532815, 2176523, 1542680, -427893, 2385947, 2763029, 1119189, 1880503, 1872449, 1304675, 302890, 1372817, 2363328, 2239950, -527566, 1149430, 'Back']
[2532564, 2186073, 1483378, -427336, 2311076, 2732904, 1121382, 1871584, 1869542, 1307678, 280454, 1381177, 2391519, 2242448, -534006, 1190867, 'Back']
[2533891, 2177033, 1539282, -427400, 2381600, 2760116, 1119719, 1880228, 1873050, 1306354, 297765, 1364682, 2352321, 2237178, -527785, 1142131, 'Back']
[2531981, 2185804, 1488182, -428169, 2316634, 2735935, 1120038, 1870794, 1869687, 1306592, 286651, 1388796, 2402365, 2245214, -534029, 1196674, 'Back']
[2533596, 2176293, 1533255, -427691, 2375325, 2756443, 1120015, 1880200, 1872664, 1307222, 290945, 1354073, 2343003, 2234823, -528478, 1137468, 'Back']
[2531466, 2185132, 1493476, -428600, 2323698, 2739353, 1120121, 1871486, 1869258, 1305019, 291892, 1393339, 2410995, 2246947, -533566, 1200692, 'Back']
[2533036, 2175806, 1525585, -428348, 2366733, 2752697, 1120429, 1879730, 1871973, 1307777, 284063, 1344040, 2334530, 2232704, -529178, 1133221, 'Back']
[2530498, 2183888, 1500745, -429699, 2332728, 2744063, 1118470, 1871112, 1868504, 1303028, 296657, 1397537, 2417053, 2247989, -533658, 1203417, 'Back']
[2533096, 2176874, 1517382, -427737, 2356829, 2748229, 1120626, 1878820, 1871694, 1308889, 278009, 1337915, 2329751, 2231175, -529900, 1133423, 'Back']
[2530331, 2183256, 1508987, -429264, 2342939, 2749006, 1117775, 1872111, 1869261, 1302597, 302517, 1401198, 2420424, 2249498, -532293, 1202803, 'Back']
[2533369, 2178015, 1509111, -427096, 2346561, 2743950, 1121084, 1878649, 1871280, 1309886, 273376, 1335251, 2328374, 2230718, -530315, 1135380, 'Back']
[2530848, 2182657, 1517536, -428629, 2353137, 2752953, 1117706, 1873662, 1869798, 1302305, 307844, 1404552, 2420711, 2250285, -530654, 1199900, 'Back']
[2533527, 2179137, 1501379, -426769, 2336162, 2739248, 1121788, 1877753, 1871286, 1310502, 270030, 1336240, 2329651, 2230557, -530497, 1138766, 'Back']
[2530980, 2181544, 1526349, -428605, 2363331, 2757386, 1117185, 1874554, 1870217, 1301486, 311423, 1405695, 2418187, 2249753, -529655, 1195236, 'Back']
[2534060, 2181183, 1494364, -426015, 2326562, 2735729, 1121734, 1876222, 1871325, 1311226, 267942, 1338556, 2334618, 2231250, -530937, 1145865, 'Back']
[2531765, 2181098, 1533868, -427999, 2372020, 2761180, 1117134, 1875847, 1871230, 1302003, 313646, 1401943, 2411736, 2249140, -528375, 1188899, 'Back']
[2533979, 2182640, 1488607, -426099, 2318485, 2733052, 1121595, 1875174, 1871089, 1311494, 267218, 1341945, 2341606, 2232487, -531439, 1153496, 'Back']
[2531825, 2179752, 1539637, -428012, 2379522, 2763671, 1117606, 1877317, 1871896, 1302310, 313491, 1397044, 2403359, 2247429, -527489, 1180750, 'Back']
[2532750, 2182779, 1483719, -426663, 2312876, 2731492, 1121998, 1874558, 1870057, 1310608, 266951, 1348439, 2351640, 2234530, -532121, 1162760, 'Back']
[2531012, 2177468, 1542323, -428385, 2384511, 2764868, 1117020, 1878786, 1871455, 1301994, 311258, 1390542, 2392743, 2245486, -526554, 1171956, 'Back']
[2531767, 2182778, 1479692, -427275, 2308567, 2729920, 1121309, 1872889, 1869283, 1309248, 268416, 1356407, 2362157, 2236039, -531592, 1171096, 'Back']
[2531167, 2175795, 1543652, -428609, 2386795, 2765037, 1116351, 1879428, 1871439, 1302356, 307961, 1383189, 2380870, 2242778, -525080, 1161851, 'Back']
[2531584, 2183539, 1479794, -427610, 2308005, 2730977, 1120862, 1872917, 1868676, 1308322, 271862, 1364731, 2374643, 2238763, -531008, 1180496, 'Back']
[2532012, 2175552, 1543356, -428212, 2387203, 2764223, 1117668, 1880794, 1871715, 1303741, 303695, 1373526, 2369231, 2240548, -523914, 1154145, 'Back']
[2531880, 2184822, 1481489, -427482, 2309858, 2732330, 1119707, 1872465, 1869104, 1307765, 277047, 1373108, 2386992, 2241253, -529735, 1188943, 'Back']
[2532938, 2175755, 1540655, -427400, 2384149, 2761820, 1118124, 1881300, 1872202, 1305519, 299415, 1364389, 2357408, 2238033, -522136, 1146209, 'Back']
[2531869, 2184818, 1485891, -427016, 2313981, 2734844, 1119619, 1872692, 1869253, 1307369, 284047, 1382676, 2398057, 2244000, -526645, 1195308, 'Back']
[2532988, 2175181, 1536576, -426369, 2378317, 2758991, 1119213, 1882803, 1871844, 1306893, 294539, 1356986, 2346807, 2235894, -518969, 1140504, 'Back']
[2530502, 2183965, 1492244, -427087, 2320497, 2739080, 1120194, 1874364, 1868443, 1306338, 290846, 1391699, 2407462, 2246513, -522449, 1201291, 'Back']
[2532776, 2175752, 1529875, -425920, 2370567, 2755097, 1121080, 1883602, 1871003, 1308525, 288808, 1349813, 2337669, 2234054, -516635, 1137301, 'Back']
[2530392, 2184467, 1498168, -427275, 2328539, 2742617, 1120343, 1875464, 1868190, 1306003, 297340, 1398929, 2414083, 2249063, -520370, 1203512, 'Back']
[2532823, 2176760, 1521597, -426907, 2361393, 2750635, 1121873, 1883155, 1870016, 1309429, 283017, 1344844, 2330971, 2233521, -517121, 1134759, 'Back']
[2530982, 2185170, 1504650, -428546, 2337573, 2746362, 1119792, 1874935, 1867273, 1303699, 302480, 1404005, 2418228, 2250693, -521309, 1204589, 'Back']
[2533821, 2179388, 1511568, -427193, 2350488, 2745275, 1122720, 1881577, 1869743, 1310460, 277491, 1340289, 2326361, 2232548, -520651, 1134128, 'Back']
[2531173, 2185196, 1512540, -429574, 2348099, 2750998, 1119433, 1874826, 1867939, 1302439, 307460, 1406948, 2419252, 2251397, -524076, 1202065, 'Back']
[2534346, 2181525, 1502704, -427915, 2340487, 2740875, 1123698, 1879309, 1869841, 1309880, 273221, 1338268, 2326421, 2231546, -525435, 1137383, 'Back']
[2532004, 2185159, 1520108, -429900, 2359187, 2755779, 1120205, 1875636, 1869084, 1300751, 311525, 1406687, 2417784, 2250772, -528905, 1199083, 'Back']
[2534819, 2182475, 1493453, -428486, 2330842, 2737584, 1124332, 1877838, 1870838, 1308894, 270331, 1338655, 2330466, 2231332, -533630, 1143866, 'Back']
[2533118, 2182739, 1524511, -430056, 2368621, 2760122, 1120376, 1876431, 1870716, 1298642, 314046, 1405065, 2414083, 2249562, -534059, 1195531, 'Back']
[2535004, 2181626, 1482358, -428275, 2321429, 2734883, 1124455, 1876720, 1871582, 1308496, 269657, 1342100, 2336890, 2231312, -537215, 1152076, 'Back']
[2532246, 2178534, 1527537, -430189, 2376638, 2764781, 1120623, 1878497, 1871063, 1298292, 315569, 1402146, 2406672, 2247579, -532297, 1188294, 'Back']
[2533784, 2180249, 1474909, -427950, 2314000, 2733740, 1124558, 1877844, 1870086, 1308383, 269163, 1348139, 2345525, 2232615, -532719, 1160947, 'Back']
[2531416, 2175214, 1532007, -429333, 2382186, 2767280, 1120382, 1882729, 1870084, 1300327, 314028, 1396899, 2395957, 2246314, -523359, 1178260, 'Back']
[2531885, 2180088, 1473723, -427663, 2308532, 2731945, 1123539, 1879231, 1867361, 1309419, 268428, 1356190, 2354625, 2235181, -524173, 1168548, 'Back']
[2530625, 2174946, 1537774, -428840, 2385225, 2766414, 1119341, 1885002, 1868196, 1302376, 308823, 1390242, 2382719, 2244456, -517047, 1166560, 'Back']
[2532306, 2183939, 1473755, -427451, 2304743, 2729148, 1121961, 1877297, 1866035, 1309554, 268342, 1363269, 2364255, 2237648, -523088, 1173653, 'Back']
[2532940, 2177693, 1539265, -428196, 2385644, 2764089, 1118919, 1884355, 1868916, 1303071, 304545, 1379795, 2368839, 2242472, -519243, 1152543, 'Back']
[2534632, 2188183, 1475622, -427019, 2305643, 2729136, 1123210, 1875000, 1866992, 1308034, 273946, 1370691, 2376173, 2240406, -527715, 1180199, 'Back']
[2535831, 2179495, 1536741, -428083, 2384685, 2762152, 1120571, 1882873, 1870723, 1303674, 301414, 1370018, 2357242, 2239609, -525077, 1143562, 'Back']
[2536309, 2189127, 1476546, -427936, 2309422, 2731685, 1122379, 1872604, 1868537, 1305915, 280336, 1380161, 2388893, 2242371, -535027, 1188816, 'Back']
[2537598, 2178745, 1529738, -428328, 2380576, 2760333, 1120985, 1882139, 1872454, 1303649, 296392, 1362759, 2347850, 2236180, -530819, 1137667, 'Back']
[2536949, 2187842, 1477762, -428368, 2315288, 2735207, 1121322, 1871149, 1869918, 1303896, 286727, 1389449, 2400713, 2243894, -537793, 1196167, 'Back']
[2537713, 2176467, 1520250, -427870, 2374013, 2757173, 1121763, 1881763, 1873417, 1305379, 290527, 1354893, 2339091, 2233345, -531528, 1132101, 'Back']
[2535725, 2184617, 1480587, -428671, 2323081, 2739671, 1120938, 1871878, 1869720, 1302653, 291912, 1397142, 2409741, 2246002, -535385, 1200003, 'Back']
[2536842, 2174569, 1510003, -427647, 2364590, 2752646, 1120899, 1882580, 1872375, 1306453, 283171, 1348145, 2331832, 2230938, -528258, 1127766, 'Back']
[2534867, 2182808, 1486680, -428777, 2331880, 2743928, 1119607, 1874139, 1869355, 1301934, 296698, 1402837, 2414933, 2247336, -530188, 1199781, 'Back']
[2537138, 2175666, 1501526, -426850, 2354495, 2747562, 1122949, 1883742, 1872153, 1308364, 276918, 1341941, 2326466, 2229400, -524314, 1124443, 'Back']
[2534900, 2182859, 1495758, -428703, 2342378, 2748774, 1119277, 1875648, 1869243, 1301822, 301766, 1406671, 2417292, 2248802, -527032, 1196831, 'Back']
[2537337, 2177676, 1494405, -426868, 2344195, 2743416, 1121899, 1882572, 1871230, 1308983, 271618, 1339655, 2325200, 2228774, -527013, 1125166, 'Back']
[2535334, 2183016, 1504974, -428612, 2353275, 2754180, 1119526, 1877721, 1869297, 1300382, 305876, 1408405, 2417248, 2249522, -529416, 1193140, 'Back']
[2538092, 2180527, 1486057, -425859, 2333707, 2739019, 1123532, 1882145, 1871808, 1309667, 268673, 1340838, 2326991, 2228998, -529831, 1128128, 'Back']
[2535632, 2182724, 1511976, -428030, 2363540, 2758932, 1119557, 1880468, 1870634, 1299978, 309759, 1409813, 2414331, 2250036, -529943, 1186688, 'Back']
[2537743, 2181504, 1478419, -426253, 2324553, 2735893, 1123784, 1881899, 1871545, 1309647, 266383, 1344408, 2332409, 2229898, -532090, 1134226, 'Back']
[2535954, 2181355, 1518650, -428282, 2372371, 2762387, 1118829, 1880530, 1870748, 1299889, 311252, 1408507, 2408237, 2248782, -529563, 1179537, 'Back']
[2538621, 2183439, 1471648, -425743, 2316035, 2731741, 1122947, 1879039, 1871557, 1310723, 265796, 1348758, 2339150, 2230336, -530982, 1140649, 'Back']
[2536649, 2180354, 1523683, -427853, 2379727, 2764406, 1119548, 1881623, 1871554, 1301587, 311806, 1403203, 2398864, 2247238, -525273, 1168469, 'Back']
[2538509, 2184682, 1467564, -426142, 2310358, 2729277, 1124466, 1878509, 1870618, 1310663, 265889, 1354413, 2348663, 2232722, -528191, 1149105, 'Back']
[2536794, 2179615, 1527687, -428254, 2384824, 2765366, 1119396, 1882637, 1871617, 1302438, 309522, 1396085, 2387954, 2245575, -523709, 1158711, 'Back']
[2538424, 2186430, 1465845, -427110, 2306245, 2727395, 1122254, 1875993, 1869947, 1309731, 267503, 1361661, 2359624, 2234633, -530474, 1158232, 'Back']
[2536909, 2179055, 1530266, -428754, 2387356, 2765848, 1119793, 1883824, 1872365, 1302700, 306611, 1387232, 2376267, 2243032, -525818, 1148349, 'Back']
[2538519, 2188014, 1465938, -427163, 2305643, 2728424, 1123522, 1874918, 1870280, 1308495, 271683, 1370000, 2371793, 2237588, -532988, 1167973, 'Back']
[2537705, 2178770, 1529217, -428341, 2387112, 2765518, 1121321, 1884682, 1873308, 1303314, 303292, 1379206, 2364639, 2241008, -527578, 1139090, 'Back']
[2538055, 2187655, 1467031, -428157, 2307435, 2730218, 1122964, 1874062, 1870675, 1306480, 277113, 1379187, 2384511, 2240303, -535429, 1176881, 'Back']
[2537873, 2177695, 1524921, -428411, 2383631, 2763534, 1120415, 1885181, 1873570, 1303022, 298063, 1369727, 2353395, 2237332, -530482, 1130419, 'Back']
[2537464, 2186964, 1468856, -428564, 2312319, 2733759, 1121987, 1874295, 1870718, 1304418, 282753, 1388595, 2396120, 2242944, -537632, 1184054, 'Back']
[2538285, 2176902, 1517833, -428063, 2378019, 2760811, 1121415, 1885751, 1873704, 1304167, 291897, 1361284, 2343749, 2234754, -532056, 1122905, 'Back']
[2537081, 2186353, 1473680, -428999, 2319135, 2738144, 1120886, 1874362, 1870470, 1303037, 288197, 1396678, 2406067, 2245714, -538394, 1187445, 'Back']
[2537849, 2176533, 1511102, -428252, 2370109, 2757580, 1120945, 1885808, 1873403, 1305277, 285278, 1353618, 2335792, 2232626, -533592, 1115050, 'Back']
[2536660, 2185725, 1480231, -429354, 2327801, 2743010, 1120195, 1875666, 1870006, 1301783, 293361, 1403083, 2413430, 2247712, -538732, 1186779, 'Back']
[2538186, 2177171, 1502842, -427913, 2360288, 2752788, 1120710, 1885686, 1873298, 1306822, 279076, 1347199, 2329653, 2230848, -534518, 1108221, 'Back']
[2536208, 2184683, 1488038, -429736, 2337845, 2747988, 1119622, 1875817, 1870301, 1300843, 298934, 1407756, 2417797, 2250019, -537925, 1183383, 'Back']
[2537744, 2177458, 1493671, -428195, 2349542, 2746985, 1121691, 1883043, 1873018, 1307702, 273440, 1341955, 2326251, 2229177, -535118, 1104906, 'Back']
[2535417, 2182986, 1495542, -430221, 2348434, 2752289, 1117663, 1875503, 1870341, 1299369, 303530, 1410103, 2418569, 2250019, -537189, 1178242, 'Back']
[2537173, 2178038, 1484695, -428265, 2339042, 2741901, 1120911, 1881293, 1872433, 1307905, 268635, 1341030, 2326052, 2228016, -536560, 1105861, 'Back']
[2535304, 2182432, 1503460, -429797, 2359206, 2757287, 1116717, 1876905, 1870509, 1298752, 307452, 1411498, 2417026, 2250706, -536691, 1172872, 'Back']
[2537640, 2180386, 1476525, -427514, 2328715, 2737490, 1121400, 1879680, 1872393, 1308853, 266041, 1341746, 2329567, 2229180, -537764, 1110703, 'Back']
[2535491, 2181618, 1511094, -429435, 2368697, 2761615, 1116673, 1878509, 1871079, 1298876, 310555, 1409888, 2412248, 2250700, -535965, 1165881, 'Back']
[2537945, 2182098, 1469341, -427494, 2319195, 2733108, 1121396, 1878466, 1872658, 1309549, 264692, 1345471, 2335484, 2229851, -538254, 1117765, 'Back']
[2534957, 2179728, 1517426, -429088, 2377251, 2764745, 1117156, 1880339, 1871911, 1299634, 311888, 1406675, 2404243, 2249254, -533878, 1156891, 'Back']
[2536202, 2181887, 1464630, -427065, 2312359, 2730732, 1122275, 1878011, 1871094, 1309400, 264711, 1351959, 2344268, 2231770, -535972, 1127962, 'Back']
[2533273, 2176826, 1521878, -429229, 2383069, 2766793, 1117048, 1882873, 1870929, 1300051, 310678, 1401732, 2393916, 2247773, -529181, 1148573, 'Back']
[2534050, 2181468, 1461060, -427922, 2307299, 2729317, 1120707, 1877083, 1869316, 1308693, 265145, 1359198, 2354050, 2234157, -533624, 1139031, 'Back']
[2531779, 2174566, 1524738, -429899, 2386855, 2767883, 1116148, 1883697, 1869679, 1300079, 307121, 1394261, 2382129, 2245381, -526933, 1140579, 'Back']
[2533058, 2182034, 1459702, -428518, 2304756, 2728668, 1119542, 1876339, 1867920, 1307760, 267454, 1367196, 2365324, 2236657, -532042, 1150292, 'Back']
[2531969, 2174256, 1525646, -429482, 2387510, 2767216, 1116275, 1885599, 1869532, 1301526, 303149, 1385827, 2369824, 2243199, -525353, 1131702, 'Back']
[2532667, 2183599, 1460855, -428794, 2304339, 2729071, 1117820, 1876783, 1867507, 1307661, 271332, 1375958, 2376843, 2239374, -531228, 1159289, 'Back']
[2532580, 2175032, 1525226, -429019, 2386436, 2766151, 1118372, 1887561, 1869839, 1303476, 298612, 1376815, 2357864, 2240988, -525013, 1122658, 'Back']
[2532992, 2185486, 1464198, -428646, 2307853, 2731266, 1119420, 1876572, 1867428, 1307045, 276932, 1385399, 2389099, 2242980, -531424, 1168546, 'Back']
[2532471, 2174619, 1521164, -429540, 2381816, 2763669, 1115812, 1887045, 1870114, 1304792, 293004, 1368511, 2346315, 2238062, -526722, 1114898, 'Back']
[2532408, 2185496, 1469258, -429626, 2313554, 2734550, 1118493, 1875385, 1866775, 1304854, 282536, 1394448, 2399919, 2245102, -533399, 1176147, 'Back']
[2533224, 2175266, 1515816, -429148, 2374640, 2759407, 1117247, 1886369, 1870426, 1305979, 287006, 1359472, 2336164, 2235523, -528164, 1109454, 'Back']
[2531801, 2185062, 1476536, -430442, 2321788, 2739068, 1116586, 1874627, 1866916, 1303298, 289159, 1401370, 2408498, 2247627, -533901, 1181054, 'Back']
[2533603, 2176090, 1508727, -428943, 2366037, 2755298, 1118097, 1886084, 1870231, 1307125, 280844, 1350727, 2328503, 2232695, -529209, 1106170, 'Back']
[2531652, 2184524, 1484413, -430976, 2331706, 2744315, 1116303, 1875633, 1866998, 1302108, 295563, 1406358, 2414773, 2250356, -533603, 1184051, 'Back']
[2533468, 2176340, 1500003, -429438, 2354975, 2749864, 1117700, 1884721, 1870192, 1308002, 274773, 1343658, 2323258, 2230808, -530908, 1104983, 'Back']
[2531218, 2183218, 1493184, -431514, 2342172, 2749477, 1115035, 1876285, 1866962, 1300387, 300732, 1411105, 2417678, 2251076, -534344, 1183481, 'Back']
[2534072, 2178116, 1490639, -428966, 2343097, 2744005, 1118967, 1883719, 1869969, 1308864, 269211, 1340825, 2321713, 2229272, -532139, 1106701, 'Back']
[2532351, 2183324, 1502380, -430540, 2354085, 2755140, 1115651, 1878393, 1868086, 1300684, 305815, 1411951, 2416757, 2252017, -532822, 1178597, 'Back']
[2534665, 2179571, 1482378, -428541, 2332429, 2739350, 1118268, 1882190, 1870230, 1310428, 266165, 1340515, 2324711, 2229932, -532637, 1111855, 'Back']
[2531638, 2180934, 1510332, -431093, 2364128, 2759612, 1114050, 1878961, 1868345, 1300072, 308708, 1410947, 2412980, 2251574, -531751, 1173048, 'Back']
[2534199, 2180577, 1474920, -428401, 2322638, 2735092, 1118644, 1880610, 1869023, 1309913, 263295, 1343482, 2330128, 2229852, -532133, 1119891, 'Back']
[2531796, 2179949, 1517359, -430538, 2373234, 2763384, 1113943, 1881344, 1869254, 1300807, 310752, 1409524, 2406371, 2250430, -527604, 1165491, 'Back']
[2533920, 2182082, 1468996, -428393, 2314590, 2732172, 1118474, 1880463, 1868992, 1310553, 262919, 1349524, 2338333, 2231520, -531177, 1128970, 'Back']
[2531766, 2179066, 1522307, -430693, 2380433, 2766074, 1114667, 1883917, 1869483, 1300870, 310272, 1403846, 2397662, 2249245, -527363, 1157722, 'Back']
[2533640, 2183562, 1464000, -429291, 2308215, 2729102, 1118621, 1879160, 1868904, 1309934, 263579, 1353835, 2348378, 2233272, -532601, 1138356, 'Back']
[2531081, 2177367, 1525292, -431942, 2384652, 2766719, 1113688, 1884740, 1869547, 1300563, 307541, 1394793, 2385697, 2246053, -528855, 1146805, 'Back']
[2533133, 2184236, 1461499, -430141, 2304899, 2728220, 1117631, 1877483, 1867711, 1307889, 264955, 1361173, 2359617, 2235075, -535481, 1149105, 'Back']
[2532238, 2177025, 1526080, -431084, 2387227, 2766822, 1114418, 1886530, 1869982, 1301348, 304348, 1386724, 2373656, 2243647, -529267, 1137387, 'Back']
[2533145, 2185470, 1461249, -429996, 2304872, 2728644, 1118165, 1877777, 1867968, 1307315, 269582, 1370259, 2371901, 2238422, -535496, 1158453, 'Back']
[2532261, 2176258, 1524459, -430704, 2386487, 2765168, 1114922, 1887837, 1870749, 1302583, 300318, 1377692, 2361585, 2241006, -528805, 1127324, 'Back']
[2532633, 2185830, 1462379, -430109, 2307021, 2730052, 1117271, 1876955, 1867629, 1305899, 274708, 1380256, 2384434, 2241362, -535884, 1167287, 'Back']
[2532191, 2175611, 1520511, -430274, 2383142, 2762670, 1116037, 1888138, 1870616, 1303402, 294519, 1368783, 2350223, 2238435, -529254, 1119551, 'Back']
[2532182, 2185771, 1466472, -429839, 2312342, 2733075, 1117303, 1877541, 1867720, 1304625, 280807, 1389412, 2395591, 2244830, -535500, 1175480, 'Back']
[2532231, 2175539, 1515234, -429734, 2376954, 2759453, 1116277, 1888621, 1870811, 1304920, 289033, 1360491, 2339597, 2236155, -529965, 1113652, 'Back']
[2531656, 2185365, 1472541, -430311, 2319693, 2737558, 1118314, 1877652, 1867685, 1303525, 287540, 1398998, 2404861, 2247483, -535574, 1181310, 'Back']
[2532718, 2176002, 1508365, -429516, 2368369, 2755315, 1118453, 1887808, 1870435, 1306033, 283028, 1354620, 2331723, 2233288, -530978, 1110558, 'Back']
[2531825, 2185577, 1479622, -430347, 2328687, 2742462, 1117752, 1877987, 1867418, 1302718, 294151, 1405782, 2411630, 2249668, -534865, 1184638, 'Back']
[2533175, 2177028, 1500601, -429074, 2358812, 2751253, 1119548, 1887639, 1870597, 1308054, 278137, 1348355, 2325788, 2232608, -530765, 1108487, 'Back']
[2531642, 2184688, 1488528, -430694, 2339201, 2748314, 1117622, 1878273, 1867572, 1301992, 300478, 1410032, 2415689, 2252043, -533653, 1185308, 'Back']
[2533133, 2177901, 1492542, -429280, 2347929, 2745943, 1120888, 1885500, 1870310, 1308766, 273136, 1343978, 2323249, 2231336, -532018, 1109963, 'Back']
[2530783, 2183049, 1497522, -431359, 2350030, 2753197, 1117357, 1878916, 1867521, 1300157, 305203, 1412183, 2416330, 2252530, -533752, 1183598, 'Back']
[2532905, 2178706, 1484265, -429293, 2337156, 2741135, 1120818, 1883573, 1869655, 1308977, 269125, 1343051, 2323960, 2230386, -533382, 1114878, 'Back']
[2530456, 2181577, 1505130, -431333, 2360581, 2758126, 1116871, 1880728, 1867593, 1299352, 309009, 1412914, 2414239, 2252233, -533302, 1180293, 'Back']
[2532833, 2180230, 1475937, -428740, 2327131, 2737163, 1122192, 1883183, 1869168, 1309256, 266779, 1344270, 2327894, 2230691, -534140, 1121823, 'Back']
[2530818, 2180840, 1512376, -430608, 2370176, 2762383, 1117451, 1882247, 1868399, 1299895, 312023, 1411029, 2408495, 2251800, -531714, 1173589, 'Back']
[2532680, 2181563, 1469260, -428488, 2318188, 2733708, 1121161, 1881722, 1869288, 1310014, 265945, 1348679, 2334263, 2232144, -534429, 1129381, 'Back']
[2530235, 2179625, 1518212, -430156, 2378105, 2765803, 1116272, 1884211, 1868541, 1300065, 312405, 1406958, 2400465, 2250453, -530846, 1165124, 'Back']
[2532464, 2183113, 1463788, -427753, 2311557, 2731311, 1121905, 1881233, 1868535, 1310313, 266123, 1354408, 2343812, 2234112, -534096, 1138450, 'Back']
[2529459, 2177400, 1521692, -430629, 2383835, 2767760, 1116110, 1884705, 1868576, 1300326, 311204, 1400432, 2390263, 2248785, -529630, 1154810, 'Back']
[2531558, 2183589, 1459944, -428526, 2306775, 2730047, 1120448, 1880141, 1867233, 1308662, 267092, 1360917, 2354578, 2236206, -534962, 1148436, 'Back']
[2529406, 2176122, 1523241, -430375, 2386852, 2768125, 1116079, 1886525, 1868882, 1300981, 308426, 1391929, 2378354, 2246088, -528792, 1144077, 'Back']
[2530405, 2183865, 1458328, -428930, 2304689, 2729677, 1118959, 1879318, 1866654, 1307626, 270307, 1368573, 2366531, 2238592, -534821, 1157135, 'Back']
[2528806, 2175057, 1523073, -430282, 2387308, 2767326, 1117083, 1887826, 1869024, 1302022, 304232, 1382213, 2366367, 2243105, -527629, 1133632, 'Back']
[2529867, 2184643, 1460319, -429456, 2306039, 2731567, 1118692, 1877626, 1866264, 1306451, 274344, 1377862, 2379281, 2241548, -534369, 1166356, 'Back']
[2529504, 2175498, 1521066, -429523, 2384754, 2765778, 1116396, 1887472, 1869271, 1303756, 299089, 1374397, 2354550, 2240824, -528009, 1125157, 'Back']
[2530268, 2186075, 1463373, -428928, 2309547, 2733679, 1117510, 1876630, 1866505, 1306209, 280557, 1388383, 2390486, 2244593, -534413, 1173731, 'Back']
[2530496, 2176158, 1516807, -428765, 2379473, 2762604, 1117029, 1887647, 1869522, 1305434, 293591, 1366744, 2343083, 2237847, -528803, 1116764, 'Back']
[2530546, 2186474, 1469142, -428731, 2316122, 2737558, 1118421, 1876530, 1866908, 1305264, 287135, 1397672, 2400527, 2247462, -534282, 1179016, 'Back']
[2530321, 2175960, 1510814, -428920, 2372065, 2758678, 1116764, 1886970, 1869864, 1306493, 287552, 1358731, 2334084, 2235409, -529698, 1110738, 'Back']
[2529656, 2185655, 1476101, -429838, 2324579, 2742059, 1115705, 1876001, 1866259, 1303210, 292324, 1404602, 2408646, 2249417, -535856, 1182690, 'Back']
[2530994, 2176782, 1503377, -428552, 2362678, 2753778, 1117868, 1886063, 1869644, 1307551, 280998, 1352532, 2327190, 2233061, -531259, 1107714, 'Back']
[2529299, 2184540, 1484463, -430070, 2334707, 2747317, 1115439, 1877141, 1866968, 1301823, 298696, 1410416, 2413768, 2251361, -535180, 1182790, 'Back']
[2530784, 2177076, 1495382, -428342, 2352719, 2749043, 1117810, 1885812, 1869546, 1308029, 275549, 1347726, 2323777, 2231444, -532345, 1106755, 'Back']
[2529176, 2183608, 1492394, -429966, 2345360, 2751946, 1115475, 1878570, 1867126, 1301028, 303652, 1412847, 2416034, 2252004, -534297, 1180405, 'Back']
[2530506, 2177816, 1486553, -428304, 2341725, 2744039, 1117969, 1884453, 1869178, 1308894, 270685, 1344228, 2322471, 2230712, -533402, 1107043, 'Back']
[2528266, 2181859, 1501854, -430084, 2356712, 2758086, 1114265, 1880417, 1866730, 1299701, 307827, 1413554, 2415214, 2252829, -534387, 1175967, 'Back']
[2530650, 2179359, 1479094, -427855, 2331516, 2739943, 1118843, 1883405, 1868388, 1309279, 267305, 1343954, 2325640, 2231065, -534325, 1112884, 'Back']
[2528079, 2180751, 1509703, -430358, 2366710, 2762071, 1114353, 1881570, 1867345, 1299661, 310923, 1412558, 2411000, 2252016, -532611, 1169230, 'Back']
[2530534, 2180843, 1472015, -427984, 2322056, 2736299, 1119274, 1882188, 1867888, 1309384, 265162, 1346787, 2330896, 2231624, -534723, 1119492, 'Back']
[2528198, 2179663, 1516318, -430342, 2375437, 2766006, 1113815, 1882384, 1867393, 1299434, 311984, 1408637, 2403702, 2250895, -532094, 1161212, 'Back']
[2530572, 2182371, 1466430, -427774, 2314388, 2733792, 1118562, 1880818, 1867589, 1309546, 264815, 1351351, 2338976, 2233102, -535856, 1128305, 'Back']
[2528131, 2178445, 1521728, -429773, 2382502, 2768598, 1114632, 1884866, 1867874, 1300066, 311830, 1403933, 2394393, 2249015, -531090, 1152320, 'Back']
[2530475, 2183656, 1462257, -427520, 2308560, 2731540, 1119184, 1879894, 1867443, 1309613, 266150, 1358732, 2349005, 2234837, -535607, 1137192, 'Back']
[2527559, 2176865, 1524768, -429930, 2386210, 2769628, 1114271, 1885968, 1868226, 1300816, 309738, 1397131, 2382540, 2246569, -530097, 1140742, 'Back']
[2529065, 2184172, 1461072, -428204, 2305733, 2731875, 1118732, 1878754, 1866093, 1308430, 268127, 1367329, 2360404, 2237633, -535849, 1146268, 'Back']
[2527454, 2176400, 1526097, -429244, 2387884, 2769858, 1114752, 1886871, 1868087, 1301942, 305509, 1389112, 2370521, 2244524, -529454, 1131371, 'Back']
[2528278, 2185004, 1461803, -428475, 2305406, 2732592, 1117486, 1878294, 1865649, 1307332, 271762, 1376120, 2372505, 2240711, -536000, 1155517, 'Back']
[2527301, 2175742, 1525252, -429224, 2386479, 2768385, 1114580, 1887718, 1868204, 1302931, 300324, 1378823, 2358091, 2241374, -529809, 1121478, 'Back']
[2527610, 2185572, 1464539, -428557, 2308196, 2734653, 1116875, 1878097, 1865461, 1306280, 276688, 1383358, 2384932, 2243135, -536760, 1163632, 'Back']
[2527427, 2175427, 1521709, -428999, 2382164, 2765258, 1114299, 1887833, 1868400, 1303690, 294309, 1368205, 2346543, 2237848, -531083, 1113050, 'Back']
[2527487, 2185691, 1469316, -429034, 2313353, 2737276, 1116115, 1877024, 1865544, 1304866, 282141, 1392368, 2395460, 2245474, -537588, 1169833, 'Back']
[2528076, 2175341, 1516683, -428321, 2375868, 2761393, 1115371, 1888453, 1868925, 1304873, 288215, 1360145, 2336257, 2234893, -531697, 1106454, 'Back']
[2527508, 2185022, 1476211, -428942, 2321514, 2741600, 1114904, 1877574, 1866045, 1302939, 288754, 1400354, 2404747, 2247345, -537220, 1174559, 'Back']
[2528186, 2175585, 1510023, -428212, 2367392, 2756815, 1115411, 1886982, 1869199, 1305755, 281942, 1353067, 2329420, 2232433, -532681, 1103559, 'Back']
[2527061, 2184578, 1483745, -428963, 2330695, 2745862, 1114841, 1877875, 1866122, 1301668, 294411, 1407178, 2411634, 2249006, -536800, 1176920, 'Back']
[2528423, 2176216, 1501889, -427528, 2357209, 2751774, 1115204, 1886883, 1869025, 1307273, 276144, 1348613, 2324208, 2231235, -533389, 1101843, 'Back']
[2526442, 2182809, 1492681, -429263, 2341606, 2751386, 1113687, 1878662, 1866146, 1300607, 299815, 1412099, 2415158, 2250294, -536513, 1176507, 'Back']
[2528466, 2176837, 1493792, -427197, 2347029, 2747191, 1116768, 1886439, 1868576, 1307771, 270483, 1344579, 2322555, 2229723, -534421, 1104057, 'Back']
[2526005, 2181322, 1500821, -429555, 2352342, 2756228, 1112430, 1880600, 1866327, 1299362, 303956, 1413278, 2415493, 2251025, -535800, 1173852, 'Back']
[2528475, 2177615, 1485064, -427306, 2336195, 2742533, 1116090, 1884817, 1868452, 1307939, 266205, 1343413, 2323399, 2229305, -535477, 1107347, 'Back']
[2526227, 2180408, 1508512, -429238, 2362367, 2760582, 1113028, 1881344, 1867055, 1298777, 307568, 1412995, 2412433, 2250990, -534749, 1168256, 'Back']
[2527943, 2178543, 1476995, -427711, 2326217, 2738313, 1116686, 1882653, 1868184, 1308656, 263653, 1345052, 2327762, 2230282, -535934, 1112897, 'Back']
[2525448, 2178731, 1515608, -429794, 2371458, 2764508, 1110782, 1882061, 1866947, 1298118, 308955, 1410371, 2406732, 2249588, -534556, 1161528, 'Back']
[2527848, 2180422, 1471272, -427213, 2318253, 2735650, 1116421, 1882066, 1867309, 1308272, 262421, 1348461, 2335487, 2231024, -537180, 1122547, 'Back']
[2526414, 2178752, 1521586, -428495, 2379311, 2767399, 1111897, 1883840, 1867893, 1299119, 309785, 1405199, 2398789, 2248503, -533015, 1154541, 'Back']
[2528641, 2182682, 1466569, -426556, 2311955, 2733307, 1116506, 1881025, 1867957, 1309145, 264002, 1354467, 2344780, 2233702, -536862, 1131588, 'Back']
[2526967, 2178012, 1525527, -428255, 2384584, 2768811, 1111489, 1885953, 1868733, 1300096, 309043, 1398835, 2388160, 2246755, -532123, 1144409, 'Back']
[2528275, 2183559, 1463415, -427209, 2307523, 2731860, 1115297, 1879381, 1867542, 1308174, 265965, 1362059, 2356146, 2235772, -537531, 1140804, 'Back']
[2526460, 2176569, 1526566, -428696, 2386584, 2768436, 1111172, 1886222, 1869198, 1300638, 305606, 1390248, 2376135, 2243620, -531608, 1133369, 'Back']
[2527196, 2184173, 1462176, -427855, 2305997, 2731673, 1115022, 1878890, 1866562, 1306906, 268682, 1369947, 2367993, 2238077, -537426, 1149690, 'Back']
[2526020, 2175761, 1525967, -428769, 2386431, 2767734, 1110875, 1887412, 1868992, 1301688, 301108, 1380696, 2363969, 2241172, -531100, 1123715, 'Back']
[2526791, 2185080, 1463676, -427763, 2307482, 2733368, 1114465, 1878257, 1866266, 1306221, 273289, 1378933, 2380062, 2241176, -537119, 1158006, 'Back']
[2526048, 2175168, 1523381, -428451, 2383488, 2765178, 1112059, 1887802, 1869142, 1302960, 295785, 1371776, 2351944, 2238903, -530516, 1114742, 'Back']
[2525898, 2184860, 1467641, -428446, 2311713, 2735769, 1112699, 1877278, 1865982, 1304835, 278788, 1387755, 2391194, 2244519, -536989, 1164620, 'Back']
[2526387, 2175614, 1518658, -428106, 2378104, 2761425, 1112176, 1887656, 1868733, 1304012, 289704, 1362696, 2341401, 2236188, -531024, 1108256, 'Back']
[2525550, 2185286, 1473482, -428520, 2318454, 2739339, 1112235, 1877744, 1865803, 1303648, 285201, 1394949, 2400691, 2246845, -536330, 1169551, 'Back']
[2526679, 2176243, 1513026, -427665, 2370773, 2757646, 1112909, 1888040, 1868835, 1305876, 283879, 1354010, 2332618, 2234294, -531129, 1103435, 'Back']
[2525451, 2185267, 1480725, -428822, 2326961, 2743289, 1112030, 1878721, 1866033, 1302684, 291420, 1401339, 2408525, 2249163, -535930, 1173068, 'Back']
[2527048, 2177178, 1505344, -427441, 2361178, 2752472, 1113970, 1887355, 1869305, 1307202, 278254, 1347301, 2325958, 2232241, -531677, 1100673, 'Back']
[2525071, 2184594, 1489432, -429038, 2337087, 2748611, 1111557, 1879654, 1866147, 1301455, 297347, 1406180, 2413117, 2250496, -535489, 1173391, 'Back']
[2527378, 2178149, 1497670, -427158, 2351097, 2748207, 1114056, 1886836, 1869024, 1308097, 273021, 1342916, 2323283, 2231810, -532794, 1102374, 'Back']
[2524703, 2183407, 1497632, -429057, 2347212, 2753052, 1110967, 1880872, 1866691, 1300836, 302515, 1408777, 2414647, 2251526, -534515, 1171592, 'Back']
[2526641, 2178682, 1489262, -427172, 2340709, 2743633, 1114816, 1886142, 1868231, 1308465, 268165, 1341233, 2323143, 2231251, -533699, 1104853, 'Back']
[2523826, 2181647, 1505864, -429570, 2357855, 2757652, 1110609, 1882189, 1866836, 1299950, 305964, 1409778, 2413669, 2251708, -533582, 1168047, 'Back']
[2526004, 2179508, 1481085, -427451, 2330468, 2739009, 1114346, 1884667, 1867525, 1308464, 264083, 1340918, 2326551, 2231114, -534406, 1110985, 'Back']
[2523391, 2180411, 1512630, -429387, 2367004, 2760835, 1109346, 1883330, 1866908, 1299609, 308055, 1407098, 2408852, 2250734, -531787, 1161240, 'Back']
[2525758, 2180770, 1474097, -427235, 2321428, 2735496, 1114654, 1883882, 1866974, 1308977, 262351, 1343213, 2331953, 2232097, -533501, 1116489, 'Back']
[2523505, 2179577, 1519577, -428859, 2375541, 2764567, 1110098, 1885598, 1867260, 1300044, 309000, 1403168, 2401667, 2249728, -528901, 1153198, 'Back']
[2525488, 2182258, 1468937, -426727, 2314676, 2733531, 1115084, 1883258, 1866637, 1309676, 262665, 1348792, 2340785, 2234271, -531994, 1125021, 'Back']
[2523198, 2177918, 1523783, -429220, 2381522, 2766482, 1109841, 1886086, 1867535, 1300529, 308471, 1396947, 2391947, 2247920, -527172, 1143890, 'Back']
[2525127, 2183285, 1465363, -427188, 2309814, 2732199, 1114419, 1881967, 1865994, 1308616, 263836, 1355055, 2351103, 2235731, -532129, 1134737, 'Back']
[2524142, 2177904, 1526644, -428321, 2385322, 2766722, 1110096, 1887662, 1868058, 1301224, 306632, 1389850, 2380887, 2245452, -526108, 1135470, 'Back']
[2525291, 2184870, 1463962, -427058, 2307110, 2731251, 1113260, 1880699, 1866119, 1308486, 267700, 1363021, 2362451, 2238199, -531740, 1143600, 'Back']
[2524384, 2177334, 1527123, -428038, 2386376, 2765772, 1110226, 1888455, 1868551, 1302643, 303304, 1381175, 2368539, 2242857, -525616, 1126226, 'Back']
[2524926, 2185463, 1464628, -427136, 2307620, 2732008, 1113675, 1880523, 1865969, 1307680, 271957, 1371821, 2374181, 2240742, -531631, 1152643, 'Back']
[2524227, 2176102, 1525455, -428115, 2384798, 2764715, 1111939, 1889243, 1868861, 1303525, 298411, 1372782, 2356718, 2240102, -524893, 1118038, 'Back']
[2524046, 2185023, 1467104, -428266, 2310385, 2734430, 1113384, 1879247, 1865305, 1305912, 276917, 1381875, 2385940, 2243223, -531795, 1161067, 'Back']
[2523961, 2175403, 1521268, -428516, 2380125, 2762018, 1112074, 1888571, 1867837, 1303881, 292125, 1364042, 2345255, 2237354, -526684, 1111767, 'Back']
[2523666, 2185101, 1471438, -428527, 2315515, 2737297, 1113930, 1878824, 1865205, 1304951, 282797, 1390170, 2395933, 2245454, -532034, 1167108, 'Back']
[2524051, 2175564, 1515464, -428334, 2373085, 2758114, 1113553, 1888476, 1868007, 1305496, 286428, 1355462, 2335560, 2234898, -527359, 1106129, 'Back']
