[3334198, 2476971, -495072, -398336, 1607734, 1793266, 878770, 343792, 1351799, 1118194, -22733, 331406, 1021112, 1838241, -10939, 1078631, 'Back']
[3336624, 2475275, -480412, -398120, 1621907, 1799246, 877297, 340809, 1354020, 1122606, -125086, 287230, 1010739, 1826530, -46631, 1020158, 'Back']
[3340646, 2475910, -491932, -398612, 1611002, 1794836, 878265, 342597, 1352162, 1118268, -19594, 333528, 1022794, 1838713, -8502, 1074805, 'Back']
[3329718, 2476003, -485054, -398098, 1617753, 1797104, 878361, 341661, 1352840, 1122227, -126183, 286360, 1008603, 1826076, -48725, 1024370, 'Back']
[3347323, 2475734, -488495, -398631, 1615280, 1796569, 878129, 341527, 1352901, 1118697, -20567, 333797, 1023681, 1838806, -8004, 1068816, 'Back']
[3323482, 2476821, -489179, -398357, 1614169, 1795334, 880015, 343049, 1352840, 1122468, -123222, 287521, 1007598, 1826935, -49124, 1029781, 'Back']
[3352742, 2474721, -484866, -399370, 1618847, 1798124, 877461, 340329, 1352727, 1117963, -25688, 331935, 1023662, 1838438, -9100, 1062084, 'Back']
[3318147, 2476973, -492802, -398810, 1609888, 1793204, 881121, 343237, 1352677, 1122306, -116575, 290057, 1007443, 1827441, -48375, 1037329, 'Back']
[3357213, 2473962, -480643, -399704, 1622330, 1800121, 876964, 338997, 1353125, 1118446, -33384, 328396, 1023855, 1837043, -11676, 1054937, 'Back']
[3314374, 2477708, -495364, -398661, 1606783, 1791808, 882397, 344092, 1352339, 1121525, -106877, 293861, 1008417, 1828806, -46039, 1045748, 'Back']
[3360878, 2473297, -476724, -400153, 1625289, 1801541, 876395, 338111, 1354211, 1118720, -43711, 324297, 1023735, 1835955, -15203, 1047047, 'Back']
[3312380, 2478483, -497427, -398495, 1604010, 1791142, 883785, 345529, 1352358, 1120955, -94953, 298777, 1009344, 1829980, -42475, 1054822, 'Back']
[3362219, 2473148, -473848, -399948, 1628012, 1803283, 876647, 337271, 1354407, 1119527, -56321, 319210, 1022764, 1834450, -19191, 1039816, 'Back']
[3311499, 2478430, -499750, -398793, 1601625, 1790617, 883227, 345073, 1352197, 1120676, -81750, 304672, 1010295, 1831665, -38201, 1063128, 'Back']
[3361513, 2472632, -472652, -400380, 1629107, 1803828, 875817, 336311, 1353931, 1119372, -70928, 312635, 1020510, 1832602, -25193, 1032465, 'Back']
[3312263, 2478494, -501042, -398996, 1600705, 1789627, 883517, 345530, 1351657, 1119744, -68189, 310569, 1011699, 1833264, -33351, 1070341, 'Back']
[3359215, 2472942, -472332, -399977, 1629935, 1804064, 876220, 337139, 1354822, 1120323, -85095, 306121, 1018706, 1831342, -30397, 1025844, 'Back']
[3314971, 2478478, -501453, -398978, 1600516, 1789883, 882781, 345170, 1351926, 1119753, -54672, 316812, 1013954, 1835241, -27730, 1074600, 'Back']
[3355356, 2473018, -473033, -399985, 1629216, 1803098, 875900, 337180, 1354335, 1121007, -98444, 300183, 1016401, 1829689, -35969, 1020550, 'Back']
[3319287, 2477904, -500528, -398845, 1601680, 1789916, 882541, 345348, 1351373, 1118845, -42585, 321918, 1015869, 1836291, -22548, 1077796, 'Back']
[3350554, 2473354, -474301, -399540, 1628170, 1802125, 876729, 338148, 1354042, 1121159, -109802, 294705, 1013967, 1828045, -40395, 1018220, 'Back']
[3324943, 2477110, -498645, -398954, 1603781, 1790603, 881231, 344517, 1351354, 1118303, -32458, 326746, 1018088, 1837318, -17165, 1079618, 'Back']
[3344465, 2473621, -476383, -399006, 1625843, 1800963, 877362, 338805, 1353820, 1121618, -118856, 290571, 1012266, 1826845, -44486, 1017213, 'Back']
[3331639, 2476722, -495639, -398460, 1606866, 1793126, 881025, 343751, 1351851, 1117928, -24871, 330854, 1020485, 1838435, -13130, 1078502, 'Back']
[3338058, 2474386, -479401, -398720, 1622873, 1800039, 878237, 340066, 1353878, 1122136, -124239, 288268, 1010748, 1827069, -47400, 1018748, 'Back']
[3338156, 2475710, -492377, -399020, 1610223, 1794813, 879617, 342941, 1352133, 1117826, -20639, 333374, 1022206, 1839000, -10418, 1075598, 'Back']
[3330735, 2474778, -483469, -399065, 1618965, 1798248, 878550, 341182, 1352849, 1121372, -126406, 286518, 1008698, 1826260, -49986, 1022708, 'Back']
[3344595, 2475378, -488867, -399224, 1614050, 1796876, 878705, 341534, 1352506, 1117769, -20477, 333714, 1023049, 1839020, -9509, 1070534, 'Back']
[3324649, 2475744, -487213, -398838, 1615336, 1796798, 879721, 342558, 1353295, 1122231, -124347, 287313, 1008100, 1826754, -50404, 1027597, 'Back']
[3350378, 2474305, -485022, -399663, 1617950, 1798033, 877454, 340311, 1352645, 1117613, -23917, 332699, 1023713, 1838261, -9769, 1064384, 'Back']
[3318734, 2476397, -490923, -398894, 1611432, 1793982, 880187, 343493, 1352694, 1121508, -119414, 288863, 1007721, 1826762, -49472, 1034156, 'Back']
[3354951, 2473074, -481439, -400139, 1621520, 1799812, 875883, 339092, 1352717, 1117392, -31429, 329579, 1024037, 1837340, -11395, 1056385, 'Back']
[3314170, 2477153, -493914, -398319, 1608187, 1792893, 881318, 344932, 1352519, 1121432, -110900, 292415, 1008133, 1828593, -47095, 1042818, 'Back']
[3358092, 2472557, -477847, -399972, 1624715, 1801395, 875435, 338190, 1353357, 1118358, -41256, 325803, 1023828, 1836660, -13778, 1048699, 'Back']
[3311007, 2477480, -497422, -398206, 1604747, 1790933, 881814, 345122, 1351511, 1120778, -99736, 297135, 1008206, 1829873, -43481, 1051685, 'Back']
[3360279, 2472592, -475456, -399431, 1627393, 1802492, 875032, 338203, 1353175, 1118590, -53569, 320438, 1022242, 1835069, -17586, 1040977, 'Back']
[3309924, 2478133, -500069, -397802, 1602636, 1790462, 882463, 346345, 1351423, 1120656, -86495, 302862, 1009357, 1831652, -38927, 1059732, 'Back']
[3360466, 2472312, -473730, -399654, 1629211, 1803705, 874953, 337494, 1353735, 1119499, -67135, 314506, 1021069, 1833517, -22475, 1033072, 'Back']
[3310289, 2478163, -501707, -398313, 1600915, 1789682, 882304, 346231, 1351305, 1119803, -72409, 308601, 1010996, 1832759, -34261, 1066840, 'Back']
[3358580, 2472455, -472912, -399863, 1629863, 1803632, 874860, 337617, 1353726, 1120253, -81011, 307940, 1018998, 1831392, -28272, 1026318, 'Back']
[3312764, 2478265, -501855, -398439, 1600654, 1789757, 882197, 346285, 1351464, 1119453, -58273, 314785, 1013298, 1834299, -28678, 1072308, 'Back']
[3355125, 2472311, -473021, -399964, 1629871, 1803248, 875292, 337585, 1353975, 1120256, -94436, 301820, 1016917, 1829938, -33689, 1021219, 'Back']
[3316795, 2478028, -500969, -398418, 1601826, 1790422, 882061, 345991, 1351487, 1118763, -45359, 320711, 1015306, 1836037, -23355, 1076655, 'Back']
[3350676, 2472505, -473976, -399603, 1628953, 1802864, 876840, 338518, 1354204, 1120909, -106051, 296594, 1014818, 1828566, -38592, 1018190, 'Back']
[3322153, 2476807, -499624, -398990, 1603313, 1790975, 881644, 345209, 1351166, 1118149, -34548, 326031, 1017389, 1837286, -18213, 1079116, 'Back']
[3345333, 2473318, -475818, -399170, 1626752, 1801886, 876962, 339526, 1353600, 1121359, -116148, 292129, 1012491, 1827443, -43262, 1017698, 'Back']
[3328415, 2476622, -496630, -398692, 1606138, 1792584, 881061, 344563, 1351355, 1117833, -26103, 330200, 1019574, 1838466, -14213, 1079384, 'Back']
[3338772, 2473770, -478638, -398982, 1624055, 1800194, 877890, 340049, 1353599, 1121484, -122353, 288680, 1011007, 1826769, -46671, 1018271, 'Back']
[3335022, 2475786, -493539, -398856, 1609559, 1794631, 879936, 343668, 1352057, 1117748, -20885, 332625, 1021806, 1839057, -10913, 1076751, 'Back']
[3331887, 2474588, -482113, -398790, 1620574, 1799412, 878868, 341364, 1353112, 1121730, -125781, 286719, 1009542, 1826727, -49109, 1021534, 'Back']
[3341269, 2474597, -490320, -399723, 1612705, 1796150, 878284, 341689, 1351737, 1117401, -19931, 333271, 1022919, 1839330, -9631, 1072718, 'Back']
[3325368, 2475530, -486130, -398764, 1616591, 1797075, 879781, 343055, 1352644, 1121503, -125356, 286117, 1007962, 1826580, -50510, 1026534, 'Back']
[3348251, 2474715, -486006, -399175, 1616843, 1797965, 878310, 341068, 1352470, 1118073, -22061, 332804, 1023989, 1839030, -8963, 1066315, 'Back']
[3319778, 2476057, -489784, -398676, 1612578, 1794514, 880297, 343224, 1352970, 1122041, -120525, 288294, 1007772, 1827528, -49600, 1032434, 'Back']
[3352849, 2473479, -482202, -399385, 1620589, 1799136, 876581, 339817, 1352227, 1117524, -28338, 330364, 1023813, 1837535, -10312, 1059381, 'Back']
[3314778, 2476812, -492894, -398102, 1609126, 1793063, 881118, 344363, 1352107, 1121400, -112783, 291137, 1007732, 1827880, -47491, 1040803, 'Back']
[3356744, 2472708, -478491, -399650, 1623971, 1800669, 875708, 338927, 1352840, 1117983, -37115, 326577, 1023628, 1836586, -12553, 1051599, 'Back']
[3311306, 2477238, -496311, -397971, 1605852, 1791462, 881487, 345252, 1351487, 1120857, -102305, 295178, 1008161, 1829122, -44226, 1049001, 'Back']
[3359509, 2472671, -475479, -398864, 1627256, 1802744, 875504, 338791, 1353271, 1118532, -48959, 321403, 1022996, 1835168, -16215, 1043021, 'Back']
[3309677, 2477730, -498883, -397602, 1603506, 1791135, 882192, 346436, 1351495, 1120878, -89529, 300843, 1009410, 1830887, -39893, 1057004, 'Back']
[3360287, 2472169, -473636, -398894, 1629118, 1803919, 874890, 338187, 1353475, 1119289, -62305, 316195, 1021467, 1834090, -20574, 1035383, 'Back']
[3309739, 2477627, -501035, -397840, 1601723, 1790003, 881926, 346812, 1350967, 1119631, -75862, 306677, 1010669, 1832484, -35134, 1065058, 'Back']
[3359202, 2472380, -472365, -399084, 1630745, 1804085, 875018, 338392, 1353513, 1119902, -76765, 309393, 1020014, 1832415, -26041, 1028258, 'Back']
[3311506, 2477646, -501465, -398314, 1601120, 1789681, 881554, 345748, 1351255, 1119395, -61577, 313027, 1012985, 1834485, -29669, 1070642, 'Back']
[3355933, 2471954, -472324, -399428, 1630308, 1803495, 874356, 337572, 1353577, 1119997, -90410, 303319, 1017745, 1830496, -31911, 1022219, 'Back']
[3314883, 2477319, -500808, -398168, 1601814, 1789331, 881530, 346370, 1351068, 1118589, -48463, 318839, 1015068, 1835269, -24593, 1075169, 'Back']
[3351225, 2471676, -473019, -399775, 1629482, 1802002, 874328, 337192, 1353663, 1120116, -102787, 297513, 1015835, 1828276, -36903, 1017960, 'Back']
[3319410, 2476264, -499510, -398787, 1602871, 1789674, 880336, 344893, 1350713, 1117451, -36918, 323785, 1017068, 1836055, -19638, 1077626, 'Back']
[3345733, 2471827, -475019, -399504, 1627354, 1801430, 875015, 338656, 1353309, 1120217, -113275, 292369, 1013489, 1826664, -41842, 1016249, 'Back']
[3324903, 2475242, -497455, -398989, 1605194, 1791595, 880086, 344434, 1350713, 1116992, -27902, 328349, 1019176, 1837273, -15163, 1078356, 'Back']
[3338807, 2472042, -477433, -398942, 1624950, 1800737, 876770, 339767, 1352479, 1120290, -121417, 288534, 1011452, 1825992, -45517, 1016830, 'Back']
[3330828, 2474074, -494624, -399028, 1608333, 1793689, 879133, 343920, 1350825, 1116426, -22221, 331210, 1021014, 1838283, -11620, 1077160, 'Back']
[3331075, 2471863, -481841, -399564, 1620902, 1798839, 876528, 340282, 1351994, 1120344, -125973, 285917, 1009449, 1825743, -48747, 1019796, 'Back']
[3336736, 2473013, -491659, -399617, 1611593, 1795208, 877872, 342404, 1350437, 1116047, -20678, 332002, 1022148, 1838375, -10285, 1073508, 'Back']
[3324133, 2472536, -485485, -399289, 1617428, 1797239, 877707, 342156, 1351468, 1120341, -126711, 285226, 1008242, 1825878, -50302, 1023926, 'Back']
[3342829, 2471470, -487840, -400166, 1615751, 1796913, 876778, 340979, 1350697, 1115603, -22108, 331796, 1023151, 1838381, -9335, 1067686, 'Back']
[3317722, 2472873, -489211, -398970, 1613711, 1795163, 878777, 342952, 1350899, 1119673, -123552, 286091, 1007340, 1826209, -50210, 1030400, 'Back']
[3347777, 2470238, -484038, -400203, 1619513, 1798417, 875725, 339637, 1350854, 1115655, -27484, 329954, 1023699, 1837241, -9877, 1060946, 'Back']
[3311858, 2473166, -493090, -399071, 1609829, 1793113, 879276, 343678, 1350434, 1119307, -116783, 288306, 1007221, 1826745, -48593, 1037583, 'Back']
[3351907, 2469740, -480170, -400246, 1623362, 1799943, 875220, 339237, 1350779, 1115736, -35747, 326565, 1023650, 1836152, -12029, 1052684, 'Back']
[3307931, 2473452, -496327, -398772, 1606735, 1791433, 880551, 344798, 1350096, 1118908, -106842, 292750, 1007985, 1828125, -45229, 1045356, 'Back']
[3354636, 2468773, -477165, -399930, 1626182, 1802104, 874417, 338258, 1351056, 1115887, -47036, 321643, 1022872, 1834959, -15249, 1043919, 'Back']
[3305941, 2473751, -499383, -398708, 1603717, 1791142, 881036, 346022, 1349560, 1118365, -94850, 297820, 1008539, 1829770, -41355, 1053837, 'Back']
[3356141, 2468489, -474789, -400086, 1628584, 1803633, 873617, 337953, 1351276, 1116748, -60307, 316127, 1021645, 1832952, -19547, 1036389, 'Back']
[3305339, 2473800, -501266, -399163, 1601907, 1790160, 880951, 346117, 1349138, 1117785, -81419, 303538, 1010072, 1830686, -36735, 1061266, 'Back']
[3355070, 2467532, -473850, -401007, 1629731, 1803615, 873332, 336487, 1351017, 1116526, -74328, 309630, 1019696, 1830845, -24948, 1028707, 'Back']
[3306816, 2474166, -501817, -398872, 1601328, 1789801, 881314, 346071, 1348979, 1117171, -67283, 309583, 1012115, 1832114, -31401, 1067893, 'Back']
[3353213, 2468478, -472708, -400423, 1630203, 1803599, 873260, 337036, 1351362, 1117244, -88001, 303767, 1018281, 1829560, -30148, 1022144, 'Back']
[3310552, 2474671, -501183, -398576, 1601494, 1789673, 880964, 345651, 1349571, 1116898, -52895, 316507, 1014375, 1834515, -25729, 1072758, 'Back']
[3350107, 2469312, -472779, -399789, 1630217, 1802873, 874757, 337518, 1352177, 1118515, -100311, 298485, 1016409, 1828536, -35075, 1017846, 'Back']
[3315735, 2474300, -500059, -398979, 1602542, 1789730, 880061, 344648, 1349526, 1116126, -40342, 322253, 1016614, 1835550, -20506, 1076129, 'Back']
[3345948, 2470280, -474126, -399439, 1628310, 1801904, 874650, 338722, 1352191, 1118922, -111185, 293565, 1014265, 1826900, -40423, 1016130, 'Back']
[3322386, 2474729, -497770, -398762, 1604773, 1791163, 879704, 344370, 1350090, 1116741, -30142, 327835, 1019148, 1837052, -15795, 1078330, 'Back']
[3340549, 2471652, -476371, -399175, 1625964, 1801050, 875625, 339183, 1352917, 1120051, -119127, 290051, 1012672, 1826588, -44280, 1016229, 'Back']
[3329610, 2474459, -495030, -399208, 1607766, 1793027, 878638, 343071, 1350891, 1116490, -22933, 331297, 1021015, 1838338, -12210, 1077140, 'Back']
[3334156, 2472162, -479836, -399290, 1622790, 1799803, 876214, 340354, 1352674, 1120260, -124448, 287055, 1010699, 1826116, -47443, 1017683, 'Back']
[3336647, 2473908, -491738, -398972, 1611255, 1795582, 877794, 343169, 1350741, 1116384, -19794, 332686, 1022508, 1838781, -9681, 1074086, 'Back']
[3327664, 2472901, -483819, -399165, 1618806, 1797827, 877020, 341313, 1351960, 1120916, -126143, 286082, 1008971, 1825914, -49102, 1022452, 'Back']
[3343266, 2472875, -488603, -399495, 1614866, 1796442, 876547, 341193, 1350455, 1115705, -20678, 332543, 1023123, 1837957, -8976, 1069365, 'Back']
[3321623, 2473711, -487966, -398850, 1615106, 1795827, 877887, 343100, 1351533, 1120144, -124177, 286198, 1007938, 1826012, -49613, 1028003, 'Back']
[3349488, 2472598, -484102, -399075, 1619159, 1799043, 875647, 340999, 1351436, 1116514, -24290, 331810, 1024155, 1838046, -8898, 1062972, 'Back']
[3316630, 2475086, -490693, -398262, 1611459, 1794295, 879337, 343641, 1351654, 1120560, -117383, 289280, 1008228, 1827344, -47970, 1035716, 'Back']
[3354669, 2472559, -479466, -399090, 1622631, 1800259, 874835, 339391, 1352104, 1116846, -31193, 329246, 1024575, 1836559, -10309, 1055797, 'Back']
[3313183, 2476939, -493548, -397426, 1608119, 1792471, 880172, 344637, 1351875, 1121000, -107637, 293428, 1008934, 1828001, -45335, 1043991, 'Back']
[3358700, 2472819, -476111, -398782, 1626069, 1801983, 874548, 338849, 1353445, 1118326, -41013, 325492, 1024758, 1835698, -13094, 1046847, 'Back']
[3310984, 2477413, -496979, -397699, 1604638, 1791161, 880223, 345461, 1351826, 1120914, -95699, 298565, 1009879, 1829589, -41684, 1051600, 'Back']
[3360654, 2472516, -474297, -398970, 1628067, 1802767, 874117, 337598, 1353211, 1118712, -53668, 320147, 1023018, 1834220, -17827, 1038777, 'Back']
[3310132, 2477952, -499481, -397491, 1602579, 1790259, 881854, 346135, 1351594, 1120570, -82295, 304633, 1010587, 1831816, -37367, 1059607, 'Back']
[3360345, 2472047, -473013, -398964, 1629951, 1804256, 874807, 337423, 1353491, 1119634, -67597, 314598, 1021316, 1833097, -22394, 1031162, 'Back']
[3310716, 2477559, -501172, -397792, 1601587, 1790534, 882466, 346917, 1350874, 1119726, -68647, 310853, 1012133, 1833675, -31931, 1067090, 'Back']
[3358042, 2471354, -472481, -399684, 1630296, 1805125, 874628, 337487, 1353085, 1119636, -81981, 307677, 1019004, 1831717, -28028, 1025659, 'Back']
[3312809, 2476889, -501613, -398732, 1600754, 1790093, 881979, 345232, 1350233, 1118226, -55103, 316096, 1013623, 1834572, -27588, 1073629, 'Back']
[3354591, 2471558, -472146, -399783, 1629730, 1804248, 875107, 336898, 1353643, 1119911, -95395, 301388, 1017396, 1829359, -34436, 1020402, 'Back']
[3317299, 2476932, -499915, -398966, 1601676, 1791406, 881686, 344968, 1351006, 1117929, -42041, 322164, 1016342, 1836214, -22864, 1077427, 'Back']
[3349740, 2472754, -472534, -399687, 1628689, 1803963, 876459, 337617, 1354047, 1120616, -106760, 296151, 1015548, 1828395, -40427, 1017780, 'Back']
[3323157, 2477075, -496921, -399038, 1603930, 1792562, 881718, 344290, 1351932, 1117836, -30903, 327414, 1019172, 1837742, -18422, 1079073, 'Back']
[3344207, 2473707, -473807, -399418, 1626438, 1802527, 877591, 338460, 1354744, 1121197, -115336, 291916, 1013789, 1827457, -44752, 1017166, 'Back']
[3329360, 2476787, -493874, -399107, 1606192, 1792930, 880700, 342892, 1352359, 1117834, -23042, 331423, 1021012, 1838523, -14537, 1079100, 'Back']
[3337691, 2474601, -476498, -398858, 1623202, 1800269, 877808, 338891, 1354436, 1121890, -121400, 289278, 1011790, 1826529, -48225, 1018747, 'Back']
[3336506, 2476931, -490193, -398079, 1610297, 1795125, 880609, 343119, 1352788, 1118043, -18371, 334192, 1023000, 1839395, -11024, 1076822, 'Back']
[3330379, 2475030, -480439, -398478, 1619859, 1798959, 878700, 341097, 1354302, 1122684, -123555, 288320, 1010561, 1827373, -49241, 1022878, 'Back']
[3341364, 2474640, -487746, -399256, 1613445, 1796110, 878433, 341045, 1352240, 1116963, -18450, 334052, 1023474, 1838891, -9622, 1072809, 'Back']
[3322563, 2474930, -485333, -398613, 1616080, 1796869, 879805, 342012, 1352819, 1121151, -123765, 286968, 1008556, 1826390, -50570, 1027995, 'Back']
[3346847, 2473018, -484732, -399601, 1617573, 1798486, 878003, 340287, 1352157, 1116751, -22311, 332379, 1024370, 1838193, -9393, 1065919, 'Back']
[3316665, 2474833, -490318, -399017, 1611951, 1794663, 880544, 343085, 1352027, 1120380, -119416, 288027, 1008046, 1826664, -50164, 1034690, 'Back']
[3351411, 2471842, -482089, -400562, 1620948, 1800074, 876239, 339471, 1351912, 1116363, -29693, 329374, 1024425, 1837057, -11580, 1058236, 'Back']
[3311719, 2475114, -494715, -399667, 1608088, 1793071, 881277, 344204, 1350894, 1119362, -111946, 290946, 1007602, 1827195, -48942, 1042415, 'Back']
[3355631, 2471612, -478496, -400714, 1624386, 1801925, 875689, 338358, 1351961, 1116495, -39427, 325549, 1023712, 1835678, -14761, 1050797, 'Back']
[3309665, 2476968, -496456, -398426, 1605327, 1792014, 882194, 345415, 1351521, 1119959, -99917, 296615, 1008884, 1829211, -44864, 1051087, 'Back']
[3358526, 2471970, -474563, -399945, 1626976, 1802636, 874670, 337061, 1353411, 1118169, -50485, 321606, 1023262, 1834264, -18062, 1042138, 'Back']
[3308428, 2477127, -498469, -398555, 1602526, 1790388, 881752, 345118, 1351631, 1119431, -86497, 302803, 1009956, 1830324, -40385, 1058774, 'Back']
[3358892, 2472148, -472316, -399406, 1628915, 1803583, 874395, 337226, 1353428, 1118478, -63902, 316011, 1021274, 1832921, -22856, 1034893, 'Back']
[3308769, 2478133, -499738, -397806, 1601053, 1790373, 881566, 345423, 1351570, 1119681, -72181, 309225, 1011394, 1832571, -35131, 1066892, 'Back']
[3357545, 2472023, -471136, -399284, 1630511, 1805013, 874570, 337644, 1354199, 1119706, -77968, 309829, 1019936, 1831797, -27823, 1027573, 'Back']
[3310644, 2477128, -500510, -398473, 1600970, 1790943, 881351, 345902, 1351479, 1118865, -58480, 314929, 1013695, 1834602, -29543, 1072477, 'Back']
[3353725, 2470989, -471923, -400036, 1629932, 1804733, 874601, 337887, 1353443, 1119035, -92505, 302417, 1017641, 1830086, -33687, 1022390, 'Back']
[3313941, 2476272, -500641, -398770, 1601602, 1791399, 881568, 345990, 1350562, 1117589, -46473, 319952, 1015581, 1835580, -24333, 1077114, 'Back']
[3348569, 2470774, -473741, -400480, 1628858, 1803631, 874822, 337383, 1352810, 1119484, -105426, 296316, 1015093, 1828361, -38660, 1019064, 'Back']
[3318555, 2475394, -499671, -399719, 1602869, 1791238, 880492, 344699, 1350003, 1116559, -35996, 324383, 1017151, 1836202, -19620, 1079377, 'Back']
[3343217, 2471711, -475232, -400030, 1627148, 1801962, 876033, 338605, 1352922, 1119549, -115726, 291107, 1012867, 1826714, -43457, 1017411, 'Back']
[3325364, 2475188, -496761, -399496, 1605748, 1792387, 879954, 343941, 1351082, 1116698, -26809, 328781, 1019844, 1837559, -15014, 1079006, 'Back']
[3337303, 2472772, -477610, -399488, 1624470, 1801145, 877061, 340017, 1353384, 1120114, -122165, 288208, 1011556, 1826063, -47016, 1017756, 'Back']
[3332162, 2474874, -493202, -399258, 1609055, 1794071, 878960, 343185, 1351246, 1116561, -20991, 332287, 1021907, 1838002, -12128, 1077411, 'Back']
[3330391, 2473531, -481121, -399364, 1620445, 1798768, 876980, 340101, 1353292, 1120792, -124962, 287127, 1009947, 1825604, -50089, 1021382, 'Back']
[3339210, 2474846, -489512, -398921, 1612415, 1796005, 878359, 341325, 1352127, 1116860, -18739, 334150, 1023258, 1838332, -10783, 1073633, 'Back']
[3324251, 2474900, -484797, -398558, 1616445, 1797604, 878714, 341872, 1352705, 1121314, -124041, 287699, 1008555, 1826391, -51303, 1027054, 'Back']
[3345449, 2473970, -485625, -399235, 1616381, 1798342, 877259, 340473, 1352312, 1116936, -20820, 334010, 1023723, 1838351, -10262, 1069124, 'Back']
[3317756, 2475097, -488996, -399131, 1612885, 1795701, 879655, 342826, 1352374, 1120719, -120657, 288488, 1007719, 1826447, -50977, 1033980, 'Back']
[3349999, 2472409, -482181, -400447, 1620145, 1799951, 876206, 339293, 1352153, 1116721, -27458, 331041, 1024029, 1836976, -11295, 1061409, 'Back']
[3312513, 2475115, -492769, -399525, 1609124, 1793427, 880466, 343347, 1351444, 1119979, -113455, 290843, 1007348, 1826749, -49252, 1041654, 'Back']
[3354346, 2471662, -478310, -400156, 1623647, 1801355, 875440, 338752, 1352157, 1116468, -36312, 326966, 1023681, 1835534, -13589, 1053874, 'Back']
[3309163, 2475939, -495758, -398699, 1605741, 1792366, 881110, 344927, 1351073, 1119743, -103179, 294926, 1007911, 1827963, -45984, 1050105, 'Back']
[3356452, 2470844, -475267, -400302, 1626880, 1802939, 874650, 338201, 1352630, 1117120, -47787, 322164, 1023107, 1834413, -17240, 1045338, 'Back']
[3306986, 2476352, -497818, -398210, 1604172, 1791551, 882577, 346621, 1351127, 1119401, -90537, 300211, 1009627, 1829515, -41368, 1057946, 'Back']
[3356932, 2470552, -472902, -399893, 1629151, 1803928, 874397, 337508, 1352738, 1117833, -60938, 316349, 1022015, 1832755, -21215, 1037450, 'Back']
[3306930, 2476426, -499672, -397992, 1602123, 1790617, 881701, 346001, 1350886, 1118862, -76588, 306438, 1010999, 1831713, -36110, 1065994, 'Back']
[3356566, 2470840, -471556, -399182, 1630321, 1804709, 873708, 336901, 1353038, 1118628, -74770, 310759, 1020172, 1831717, -26268, 1031292, 'Back']
[3309005, 2477062, -500224, -397193, 1601338, 1790642, 882102, 346150, 1350489, 1118729, -62341, 313426, 1012666, 1833645, -30701, 1073856, 'Back']
[3354532, 2471418, -471031, -398611, 1630494, 1805275, 874715, 337668, 1353670, 1119907, -88207, 305199, 1018299, 1830584, -31145, 1025679, 'Back']
[3313021, 2476830, -500097, -397684, 1601196, 1791303, 881438, 346352, 1350731, 1118354, -48563, 319571, 1014681, 1835167, -24897, 1078530, 'Back']
[3350362, 2471229, -472338, -399274, 1629203, 1804151, 874133, 337094, 1353230, 1120105, -101200, 298948, 1015500, 1828588, -36747, 1022338, 'Back']
[3317367, 2475986, -499365, -398574, 1602496, 1791222, 880320, 345122, 1350304, 1117355, -37496, 324117, 1016525, 1836060, -20391, 1081167, 'Back']
[3344427, 2471072, -474315, -399826, 1627456, 1802394, 874784, 338376, 1352937, 1120119, -112240, 293314, 1013209, 1826811, -41930, 1019696, 'Back']
[3323123, 2475130, -496779, -398884, 1605129, 1792047, 879818, 344768, 1350289, 1116329, -28217, 328017, 1018746, 1836722, -15744, 1082004, 'Back']
[3338158, 2471939, -476166, -399273, 1625165, 1801007, 875743, 339360, 1352838, 1120092, -120035, 289057, 1011661, 1825699, -45411, 1019973, 'Back']
[3329682, 2474368, -493169, -399154, 1608458, 1793632, 879049, 342958, 1350849, 1116040, -21704, 331433, 1021203, 1837514, -11944, 1080147, 'Back']
[3331503, 2473142, -478773, -398291, 1622426, 1799811, 877489, 340449, 1352308, 1120269, -124479, 287077, 1010101, 1825442, -48059, 1022984, 'Back']
[3336500, 2474711, -489084, -397680, 1612556, 1796176, 878401, 342928, 1351534, 1116923, -18621, 334064, 1023123, 1838252, -8850, 1077637, 'Back']
[3324934, 2474152, -482696, -397407, 1618637, 1798471, 878316, 342522, 1352482, 1121234, -124936, 287399, 1009297, 1826034, -49066, 1026982, 'Back']
[3343243, 2473701, -485963, -397906, 1615655, 1798549, 876703, 341312, 1351580, 1116850, -19712, 334316, 1023792, 1838251, -8406, 1071989, 'Back']
[3319158, 2475055, -487134, -397283, 1613883, 1796875, 878767, 343011, 1351808, 1121034, -121576, 288312, 1007828, 1826761, -49834, 1034218, 'Back']
[3349038, 2473504, -481979, -397778, 1619537, 1800968, 876027, 340393, 1351751, 1117249, -24516, 332883, 1024266, 1838261, -9597, 1065968, 'Back']
[3313977, 2476077, -490871, -396853, 1610669, 1795692, 879804, 343968, 1352045, 1121634, -114620, 291389, 1008092, 1828248, -48264, 1041765, 'Back']
[3352967, 2472189, -478814, -398668, 1623247, 1802171, 874842, 339326, 1352164, 1117592, -32864, 329441, 1024340, 1837199, -11600, 1057605, 'Back']
[3309451, 2475230, -494810, -398414, 1606614, 1792783, 879819, 344773, 1350887, 1119886, -105634, 294417, 1008038, 1828320, -45843, 1049699, 'Back']
[3355997, 2471218, -475574, -399471, 1626125, 1802481, 874087, 338014, 1352140, 1116819, -44288, 323951, 1023303, 1834582, -15077, 1049571, 'Back']
[3307530, 2476027, -496927, -398434, 1604413, 1791037, 880516, 345101, 1351005, 1119161, -93253, 299421, 1009454, 1829299, -41361, 1057171, 'Back']
[3357527, 2470654, -473196, -400020, 1628170, 1802874, 872826, 336398, 1352780, 1116962, -56616, 318290, 1022389, 1832759, -19018, 1040391, 'Back']
[3307169, 2477044, -498902, -397517, 1602418, 1790390, 881520, 346019, 1350364, 1118537, -79462, 305206, 1010489, 1830399, -36454, 1065271, 'Back']
[3357484, 2471130, -471392, -398893, 1630144, 1804699, 873699, 337208, 1353296, 1118766, -70485, 313064, 1021286, 1832193, -23615, 1033094, 'Back']
[3308742, 2476430, -500833, -397793, 1601020, 1790288, 880998, 345596, 1350325, 1118213, -65206, 311990, 1012082, 1832686, -31375, 1072447, 'Back']
[3355323, 2470719, -471739, -398980, 1630527, 1804727, 873461, 337052, 1352759, 1118879, -85130, 306372, 1018251, 1830178, -29820, 1027420, 'Back']
[3311779, 2476095, -501023, -398304, 1601452, 1790710, 880909, 345938, 1350115, 1117529, -52030, 318005, 1013914, 1834342, -26249, 1077412, 'Back']
[3351844, 2471128, -472452, -399209, 1630040, 1804295, 874375, 337940, 1352505, 1118708, -98471, 300072, 1015913, 1828564, -35249, 1022865, 'Back']
[3316882, 2476067, -499695, -398402, 1602095, 1791201, 880150, 344877, 1350450, 1117254, -39175, 323856, 1016419, 1835890, -20615, 1080891, 'Back']
[3346649, 2471536, -473472, -399247, 1628090, 1802919, 874210, 337526, 1352765, 1119726, -109397, 295052, 1013954, 1826724, -40454, 1020190, 'Back']
[3322295, 2475661, -497029, -398447, 1604573, 1792279, 879267, 344111, 1350664, 1117123, -29147, 328917, 1019097, 1836610, -16034, 1081692, 'Back']
[3340323, 2471936, -475315, -399241, 1625783, 1801906, 874789, 338714, 1352820, 1120003, -117646, 291227, 1012591, 1825833, -44171, 1019466, 'Back']
[3328332, 2474970, -493878, -399007, 1607130, 1793556, 878426, 343168, 1351014, 1116410, -21904, 332527, 1021148, 1837112, -12097, 1080816, 'Back']
[3333214, 2472571, -478536, -398957, 1622208, 1800173, 875637, 339054, 1352392, 1120038, -123263, 288648, 1010329, 1825487, -47360, 1021529, 'Back']
[3335061, 2474318, -490675, -398367, 1610105, 1795577, 877268, 342509, 1350693, 1116009, -18946, 334578, 1022070, 1837966, -9837, 1078210, 'Back']
[3326709, 2473606, -482265, -397872, 1618777, 1798918, 877240, 341291, 1352156, 1120953, -125055, 287748, 1008817, 1825856, -48781, 1025934, 'Back']
[3341516, 2473764, -487564, -397999, 1614690, 1797948, 877180, 342141, 1350970, 1116393, -18940, 334896, 1023142, 1838523, -8208, 1073876, 'Back']
[3319807, 2474302, -487134, -397857, 1615041, 1797289, 878082, 342734, 1351558, 1120957, -123297, 288128, 1007656, 1826484, -49141, 1031714, 'Back']
[3346810, 2472167, -484520, -399467, 1618230, 1799531, 875021, 339154, 1351297, 1116323, -23559, 333001, 1023549, 1837876, -9051, 1066295, 'Back']
[3314379, 2474773, -491210, -398527, 1610872, 1794993, 878518, 342733, 1351072, 1119855, -117870, 289657, 1006939, 1826161, -48977, 1038536, 'Back']
[3352032, 2472095, -479967, -399549, 1621938, 1801189, 874305, 339583, 1351826, 1116514, -31118, 330002, 1023750, 1836522, -10896, 1058416, 'Back']
[3310363, 2475748, -493306, -398172, 1607448, 1793039, 879526, 344124, 1351261, 1120207, -108222, 293472, 1007825, 1827596, -45944, 1045806, 'Back']
[3355543, 2471304, -475511, -399481, 1625258, 1802589, 873547, 337671, 1352427, 1116860, -40986, 325561, 1023781, 1834656, -13211, 1049607, 'Back']
[3307737, 2476065, -495980, -398027, 1604645, 1791919, 880086, 344913, 1350742, 1119065, -96316, 297925, 1008945, 1828427, -41896, 1054405, 'Back']
[3357205, 2470741, -472966, -399241, 1628352, 1803704, 874117, 337997, 1353253, 1117503, -53166, 320242, 1023202, 1833574, -16695, 1041467, 'Back']
[3306277, 2475763, -498799, -397922, 1602818, 1790783, 881085, 345736, 1350801, 1118774, -83001, 304266, 1010620, 1830462, -36530, 1061905, 'Back']
[3356728, 2470477, -472445, -398925, 1629992, 1804239, 874433, 337172, 1352248, 1117399, -67758, 314318, 1021089, 1831648, -21743, 1034189, 'Back']
[3307457, 2476468, -500580, -397264, 1601647, 1790647, 882287, 346561, 1350323, 1118461, -68973, 311114, 1011978, 1832615, -31432, 1069451, 'Back']
[3355371, 2470395, -471995, -399076, 1630211, 1805243, 874348, 337306, 1352749, 1118408, -81505, 308591, 1018869, 1830791, -27298, 1027502, 'Back']
[3310049, 2476218, -501118, -397800, 1600954, 1791262, 882277, 345520, 1350206, 1117834, -54946, 317246, 1013264, 1834369, -26983, 1075665, 'Back']
[3351901, 2470473, -472154, -399719, 1629633, 1804947, 875001, 337170, 1352921, 1119072, -95089, 302364, 1016378, 1829332, -33691, 1023262, 'Back']
[3314539, 2476310, -499621, -398629, 1601402, 1791673, 882121, 344794, 1350427, 1117133, -42117, 322655, 1015441, 1835471, -22547, 1079711, 'Back']
[3347055, 2471060, -472546, -400253, 1627938, 1803869, 875663, 337189, 1353146, 1119245, -106521, 296769, 1014644, 1827444, -39501, 1020012, 'Back']
[3320118, 2475776, -496912, -399513, 1603099, 1791759, 881163, 343340, 1350884, 1116357, -31176, 327605, 1017992, 1836154, -18176, 1081973, 'Back']
[3341507, 2471944, -473590, -400025, 1625872, 1802263, 876870, 336921, 1353772, 1119856, -115505, 292184, 1013044, 1826150, -44176, 1019395, 'Back']
[3326486, 2475027, -493547, -399590, 1605976, 1793243, 880533, 342693, 1351360, 1115967, -23374, 331121, 1020541, 1837004, -13726, 1081679, 'Back']
[3334724, 2472429, -476842, -399903, 1622751, 1799899, 877365, 338393, 1353068, 1119723, -121979, 288566, 1011064, 1824844, -47488, 1021477, 'Back']
[3333265, 2474430, -490639, -399203, 1609551, 1795081, 879645, 342000, 1351645, 1116034, -19255, 333357, 1022425, 1837339, -10600, 1079008, 'Back']
[3328124, 2473081, -481039, -399310, 1619448, 1798918, 878829, 340175, 1352714, 1120130, -124545, 287286, 1009446, 1825533, -49287, 1024778, 'Back']
[3339458, 2473614, -488099, -399367, 1613243, 1796825, 878851, 340857, 1351220, 1115813, -18808, 334109, 1023029, 1837880, -9366, 1074899, 'Back']
[3320928, 2473660, -485787, -399224, 1615271, 1797001, 879547, 341106, 1352185, 1120494, -123747, 287220, 1008065, 1826009, -50190, 1029900, 'Back']
[3344944, 2472355, -485053, -399883, 1616614, 1798783, 877241, 339423, 1351248, 1115771, -22403, 332787, 1023572, 1837452, -9484, 1068200, 'Back']
[3314957, 2474145, -490221, -399251, 1610877, 1795283, 879786, 342599, 1351250, 1119771, -119258, 288653, 1007094, 1826325, -49865, 1037162, 'Back']
[3350321, 2471483, -481223, -400241, 1620252, 1800389, 875994, 338250, 1351292, 1115893, -29145, 330137, 1023431, 1836505, -11151, 1061436, 'Back']
[3310578, 2475086, -493393, -398731, 1608052, 1793693, 881170, 343829, 1350936, 1119443, -111186, 291883, 1007362, 1827241, -47776, 1045265, 'Back']
[3354091, 2471051, -477526, -400048, 1623864, 1802422, 875071, 337836, 1351636, 1116276, -39103, 326315, 1023343, 1835544, -13703, 1053069, 'Back']
[3307669, 2475547, -496068, -398743, 1604546, 1792695, 881114, 344148, 1350499, 1119316, -100506, 296615, 1008028, 1828544, -44573, 1053476, 'Back']
[3356542, 2470521, -474135, -399918, 1626586, 1804066, 874600, 336755, 1352292, 1116890, -50919, 321484, 1022519, 1834057, -17689, 1044875, 'Back']
[3306124, 2475702, -498338, -398522, 1602127, 1791567, 881618, 345128, 1350353, 1118462, -87153, 302348, 1009279, 1830042, -39805, 1061703, 'Back']
[3356594, 2470175, -472331, -399772, 1628383, 1804541, 874269, 336481, 1352515, 1117196, -64418, 315590, 1021149, 1831942, -22343, 1036909, 'Back']
[3306181, 2475483, -500298, -398931, 1600190, 1790496, 881106, 344731, 1349883, 1117598, -73212, 308274, 1010625, 1831145, -35096, 1068739, 'Back']
[3355101, 2469909, -471626, -400253, 1629536, 1804409, 874061, 336514, 1352354, 1117238, -78716, 308867, 1019056, 1830195, -28032, 1030263, 'Back']
[3308712, 2475758, -500173, -398994, 1600823, 1790294, 881645, 345101, 1350222, 1117652, -58868, 314821, 1013429, 1833125, -29428, 1074672, 'Back']
[3352298, 2469869, -471136, -400631, 1629644, 1804147, 873992, 335929, 1352833, 1118210, -92214, 302911, 1017780, 1828700, -32926, 1024215, 'Back']
[3312596, 2475572, -499870, -398843, 1601323, 1790915, 881203, 344786, 1350115, 1116633, -45499, 320674, 1015528, 1834547, -23747, 1079129, 'Back']
[3347794, 2470339, -472539, -400060, 1628791, 1803565, 874509, 336559, 1352726, 1118872, -104329, 297577, 1015870, 1827488, -37888, 1020504, 'Back']
[3317625, 2474636, -498676, -399369, 1602937, 1791426, 880513, 344017, 1349959, 1116308, -34218, 326328, 1017892, 1836313, -18498, 1081136, 'Back']
[3341554, 2470142, -475188, -400444, 1625993, 1801842, 874813, 337335, 1351805, 1118096, -114558, 292184, 1012746, 1825794, -43014, 1019809, 'Back']
[3323559, 2474130, -496256, -399279, 1605106, 1792747, 879639, 342994, 1349903, 1115492, -25943, 329757, 1019402, 1836644, -14656, 1081773, 'Back']
[3335425, 2471448, -477330, -399401, 1623605, 1801149, 876385, 338650, 1352044, 1119202, -121671, 289013, 1011072, 1825304, -46399, 1020337, 'Back']
[3330530, 2473683, -492881, -399377, 1608372, 1794494, 878980, 342084, 1350637, 1115543, -20337, 332945, 1021567, 1837325, -11080, 1079587, 'Back']
[3328645, 2472109, -481028, -399785, 1619992, 1798867, 877343, 339450, 1351782, 1119304, -124878, 287133, 1009228, 1825066, -48977, 1023812, 'Back']
[3337072, 2472502, -489701, -400464, 1611886, 1795782, 877453, 340605, 1350529, 1115066, -18602, 333831, 1022692, 1837570, -9929, 1075770, 'Back']
[3322362, 2473010, -484695, -399700, 1616528, 1797198, 878790, 340674, 1351422, 1119152, -124725, 286475, 1008068, 1824972, -50879, 1028712, 'Back']
[3343802, 2472068, -485411, -400436, 1616051, 1797997, 877707, 339813, 1351236, 1115028, -20580, 333485, 1023898, 1837177, -9559, 1070081, 'Back']
[3315985, 2472988, -488954, -400434, 1612189, 1794820, 879318, 340921, 1350937, 1118954, -120496, 288123, 1007594, 1825000, -50455, 1035133, 'Back']
[3348654, 2470813, -481747, -400957, 1619704, 1799598, 875958, 338065, 1351104, 1114986, -26934, 331271, 1023907, 1835820, -11014, 1062926, 'Back']
[3311253, 2473995, -492279, -399798, 1608763, 1793713, 880309, 342357, 1350696, 1118830, -113172, 291289, 1007597, 1826206, -48702, 1042911, 'Back']
[3353152, 2470955, -477606, -400332, 1623362, 1802023, 875489, 337632, 1351759, 1115895, -35630, 328165, 1023933, 1835249, -12875, 1054944, 'Back']
[3308240, 2475018, -495014, -398918, 1605596, 1792421, 881365, 344092, 1350854, 1119124, -102245, 296281, 1008482, 1828078, -44881, 1050769, 'Back']
[3355896, 2470185, -474529, -399919, 1626582, 1803393, 875302, 337663, 1352386, 1116416, -46970, 323264, 1023275, 1834384, -15952, 1046082, 'Back']
[3305821, 2474959, -497921, -398476, 1602829, 1790885, 881454, 344841, 1349848, 1118053, -89891, 301093, 1008820, 1829543, -40363, 1059089, 'Back']
[3356455, 2470106, -472574, -399313, 1628520, 1804155, 874710, 337193, 1352148, 1117078, -60427, 317288, 1021405, 1832784, -20191, 1038906, 'Back']
[3305900, 2475870, -499741, -398196, 1601069, 1790919, 881815, 345373, 1350250, 1118352, -75734, 307258, 1010524, 1831517, -35066, 1067155, 'Back']
