[2455666, 2040072, 1518628, -298042, 2300270, 2738354, 950654, 2041611, 1661469, 1058020, 255357, 1695686, 2279399, 2215700, -462622, 1114050, 'Back']
[2459741, 2033080, 1543464, -295469, 2333230, 2747536, 958611, 2044808, 1663184, 1061880, 240229, 1647545, 2200817, 2201336, -459462, 1047967, 'Back']
[2456533, 2040515, 1526608, -296621, 2309193, 2742527, 952137, 2042498, 1662368, 1057957, 261918, 1701424, 2283796, 2217219, -461080, 1115565, 'Back']
[2459926, 2034337, 1536771, -294417, 2323893, 2743645, 959570, 2045510, 1663454, 1063944, 235711, 1643872, 2197997, 2201161, -458820, 1047507, 'Back']
[2456807, 2039646, 1534676, -296326, 2318983, 2747025, 951845, 2042132, 1663005, 1057178, 267208, 1704850, 2285658, 2218121, -459348, 1114221, 'Back']
[2460211, 2035518, 1529757, -293847, 2314348, 2739676, 958504, 2045975, 1662776, 1064565, 230979, 1641865, 2198534, 2200772, -459301, 1050529, 'Back']
[2457410, 2038510, 1542706, -296070, 2329246, 2751145, 954051, 2042838, 1663878, 1056592, 271367, 1706402, 2284227, 2218336, -456949, 1110602, 'Back']
[2459437, 2036054, 1522318, -294784, 2305184, 2735663, 958016, 2045434, 1662297, 1064723, 227665, 1642088, 2201839, 2200933, -459272, 1054772, 'Back']
[2457060, 2036553, 1549254, -297259, 2338071, 2754224, 953680, 2042388, 1663693, 1055655, 273077, 1704538, 2279453, 2217170, -456137, 1104273, 'Back']
[2458714, 2037120, 1515569, -295658, 2297038, 2732732, 956639, 2045705, 1661412, 1064071, 225482, 1643572, 2207681, 2201428, -460496, 1061380, 'Back']
[2457689, 2035773, 1554577, -297124, 2345827, 2757376, 954773, 2043377, 1664064, 1055693, 273655, 1700748, 2272156, 2215914, -455760, 1097515, 'Back']
[2458368, 2038613, 1509669, -295299, 2290232, 2730572, 956250, 2046031, 1660873, 1064255, 225252, 1648150, 2216108, 2203382, -461716, 1069491, 'Back']
[2458345, 2035057, 1558632, -296341, 2351562, 2759180, 955130, 2043461, 1664786, 1056704, 273115, 1695966, 2262495, 2214989, -455328, 1089080, 'Back']
[2458086, 2039639, 1506159, -295411, 2285208, 2729113, 954655, 2044746, 1660679, 1063772, 227293, 1654423, 2225893, 2205177, -463314, 1078154, 'Back']
[2459386, 2034232, 1561691, -295662, 2355121, 2759911, 956771, 2044079, 1665192, 1057291, 270867, 1689417, 2251804, 2212989, -455480, 1079989, 'Back']
[2457817, 2040481, 1505106, -295326, 2282661, 2728820, 953452, 2045050, 1661089, 1063341, 231080, 1662652, 2237509, 2207708, -463134, 1086887, 'Back']
[2459854, 2033673, 1562898, -294920, 2356360, 2760090, 957758, 2044698, 1665245, 1057723, 267008, 1682359, 2240895, 2210722, -455102, 1071636, 'Back']
[2457517, 2041393, 1505314, -295369, 2282622, 2729345, 951953, 2044173, 1661222, 1062299, 235746, 1671400, 2249366, 2209868, -462801, 1095950, 'Back']
[2459856, 2032917, 1561163, -294880, 2354680, 2758358, 958270, 2045021, 1665312, 1058814, 261685, 1672842, 2229262, 2208671, -455035, 1062980, 'Back']
[2456625, 2041248, 1507130, -295941, 2285243, 2731062, 951607, 2044181, 1660881, 1061342, 240473, 1678506, 2260092, 2212796, -462412, 1102861, 'Back']
[2459680, 2032056, 1557445, -295074, 2350799, 2756723, 958885, 2046167, 1664287, 1059632, 254876, 1663885, 2218157, 2206813, -455246, 1055922, 'Back']
[2456981, 2041257, 1511135, -296036, 2290895, 2734820, 951705, 2045209, 1661160, 1059809, 246356, 1685929, 2269501, 2214735, -461173, 1109324, 'Back']
[2460826, 2032531, 1552725, -294958, 2345640, 2754584, 959852, 2047564, 1664506, 1060841, 248932, 1655673, 2209321, 2204931, -454983, 1050974, 'Back']
[2456451, 2040385, 1516711, -297806, 2298459, 2738134, 951723, 2043845, 1661565, 1058147, 252922, 1693053, 2277707, 2216365, -460418, 1114040, 'Back']
[2460476, 2032739, 1545477, -295862, 2336829, 2749096, 958913, 2046022, 1663626, 1060980, 241634, 1648477, 2202595, 2202009, -457260, 1048403, 'Back']
[2456778, 2040204, 1523175, -297637, 2306239, 2741247, 950342, 2042947, 1662311, 1057390, 259033, 1698351, 2282517, 2217059, -460517, 1114830, 'Back']
[2460585, 2033785, 1538382, -295222, 2327172, 2744904, 958096, 2046022, 1663172, 1062363, 236345, 1643874, 2198701, 2201220, -458508, 1047688, 'Back']
[2457196, 2039736, 1530855, -296992, 2315652, 2745351, 951664, 2043136, 1663062, 1057128, 265310, 1703089, 2285256, 2218589, -458977, 1114841, 'Back']
[2460664, 2035384, 1531005, -294348, 2317638, 2740687, 958674, 2046732, 1663078, 1064050, 232272, 1641648, 2197869, 2201274, -458560, 1049040, 'Back']
[2457494, 2039082, 1539160, -296522, 2325637, 2749742, 953156, 2043584, 1663254, 1056605, 270042, 1705323, 2284596, 2219117, -458066, 1111918, 'Back']
[2460512, 2036801, 1524357, -293923, 2308595, 2737733, 959314, 2047647, 1662362, 1064873, 229267, 1640848, 2200067, 2202342, -459367, 1053613, 'Back']
[2457739, 2037789, 1546663, -296402, 2334930, 2754006, 953457, 2044172, 1663690, 1056564, 273700, 1705201, 2281154, 2219487, -457022, 1108009, 'Back']
[2459722, 2037207, 1517621, -294346, 2299499, 2734083, 959095, 2047125, 1661368, 1064635, 227314, 1643194, 2205212, 2202979, -460986, 1060914, 'Back']
[2458198, 2036076, 1553004, -296171, 2343230, 2756670, 957015, 2044660, 1663844, 1055990, 275119, 1702874, 2274853, 2218207, -455930, 1102487, 'Back']
[2458756, 2037453, 1511687, -295150, 2291965, 2731158, 958648, 2046874, 1660748, 1064089, 226823, 1646547, 2212809, 2203936, -461399, 1068843, 'Back']
[2458407, 2034505, 1557417, -296913, 2349590, 2758581, 957959, 2044174, 1664221, 1055506, 274993, 1697331, 2265751, 2216487, -455476, 1094141, 'Back']
[2457685, 2037871, 1507153, -297001, 2286450, 2729453, 957072, 2045867, 1660066, 1062744, 227709, 1651764, 2222166, 2205196, -463339, 1077686, 'Back']
[2458295, 2033284, 1560533, -297526, 2354154, 2759842, 959100, 2044330, 1663786, 1055341, 272180, 1690308, 2255281, 2213669, -456241, 1086064, 'Back']
[2457552, 2039460, 1504467, -296948, 2282955, 2728387, 956081, 2045228, 1660143, 1062548, 230337, 1658332, 2232793, 2207077, -463905, 1086315, 'Back']
[2459275, 2032915, 1561938, -297130, 2355882, 2759801, 959114, 2044524, 1664488, 1056670, 269197, 1683031, 2243454, 2211461, -456215, 1075875, 'Back']
[2457515, 2040714, 1504655, -296921, 2282105, 2728743, 955256, 2044753, 1660499, 1062102, 235257, 1666582, 2244144, 2209313, -464012, 1094094, 'Back']
[2459784, 2032721, 1561917, -296676, 2355185, 2758766, 960112, 2044566, 1664779, 1058010, 265103, 1675375, 2232141, 2209334, -456142, 1066474, 'Back']
[2457011, 2041193, 1506599, -297002, 2283825, 2730313, 953425, 2044805, 1660489, 1061108, 240501, 1675329, 2255844, 2211627, -463817, 1101475, 'Back']
[2460184, 2032327, 1559769, -295601, 2352208, 2757153, 960913, 2045880, 1664389, 1059171, 259443, 1666269, 2221363, 2207431, -456101, 1059231, 'Back']
[2456914, 2041157, 1510852, -296444, 2288524, 2733371, 953697, 2044375, 1660736, 1060259, 246922, 1683841, 2266569, 2214262, -462438, 1108718, 'Back']
[2460615, 2032640, 1555877, -294264, 2347278, 2755096, 961633, 2047132, 1664305, 1060936, 253603, 1659121, 2212645, 2205880, -455731, 1054789, 'Back']
[2457165, 2041508, 1516135, -295518, 2295345, 2736857, 953847, 2045207, 1661385, 1059849, 253526, 1692062, 2275669, 2216914, -460672, 1114659, 'Back']
[2460215, 2032304, 1549971, -294876, 2340035, 2751771, 961273, 2047265, 1663654, 1061927, 246956, 1652677, 2204983, 2204743, -455741, 1050453, 'Back']
[2456569, 2040089, 1522345, -297148, 2303342, 2740630, 952824, 2044247, 1661163, 1057817, 258918, 1698424, 2281503, 2218519, -460481, 1117682, 'Back']
[2459747, 2032457, 1542043, -295694, 2330762, 2746725, 960997, 2046772, 1662833, 1061989, 240393, 1646220, 2199451, 2203019, -457762, 1049031, 'Back']
[2455868, 2038718, 1529096, -298023, 2312134, 2744101, 952550, 2043709, 1661110, 1056433, 264078, 1701564, 2284611, 2218841, -460430, 1116655, 'Back']
[2459904, 2033671, 1534436, -295682, 2321015, 2742496, 960366, 2046985, 1661996, 1062860, 234688, 1642121, 2197364, 2201883, -459182, 1049498, 'Back']
[2456830, 2038453, 1536626, -297784, 2321893, 2748280, 953261, 2044271, 1662255, 1055771, 269315, 1704959, 2284652, 2219392, -459065, 1113905, 'Back']
[2459770, 2035030, 1526708, -295577, 2311327, 2738505, 958681, 2047538, 1661341, 1063230, 230503, 1641041, 2198459, 2201819, -460558, 1052093, 'Back']
[2457350, 2037447, 1544257, -297327, 2331854, 2752198, 954037, 2044179, 1663050, 1055861, 272897, 1705552, 2282306, 2219181, -457665, 1109390, 'Back']
[2459243, 2036001, 1520024, -295388, 2302471, 2735121, 958281, 2047118, 1660946, 1063942, 227800, 1642023, 2202403, 2202510, -461090, 1057548, 'Back']
[2457741, 2036413, 1551250, -296582, 2340813, 2755731, 955031, 2044557, 1663241, 1055720, 274814, 1704299, 2276918, 2218584, -456525, 1104328, 'Back']
[2458626, 2037077, 1514077, -295143, 2294862, 2732590, 957480, 2047562, 1660633, 1064384, 227050, 1646030, 2209349, 2203838, -461158, 1064973, 'Back']
[2457988, 2034871, 1556653, -296915, 2348079, 2758604, 956093, 2044490, 1663695, 1055643, 275259, 1700921, 2268973, 2217314, -455263, 1096637, 'Back']
[2458083, 2038088, 1509046, -295965, 2288461, 2730438, 956450, 2046878, 1660080, 1063597, 227200, 1650949, 2218179, 2204914, -461777, 1073381, 'Back']
[2458470, 2034113, 1560412, -296909, 2353172, 2760194, 957198, 2045599, 1663725, 1055857, 273568, 1694823, 2258717, 2215093, -455102, 1087800, 'Back']
[2457652, 2039275, 1506130, -296723, 2284194, 2729542, 954776, 2046640, 1659816, 1063251, 229792, 1657771, 2228569, 2207122, -462853, 1082176, 'Back']
[2458570, 2032799, 1562351, -297706, 2355573, 2760501, 957107, 2045163, 1663528, 1056359, 270370, 1687446, 2247511, 2213001, -456036, 1079067, 'Back']
[2456931, 2039696, 1504892, -297464, 2282171, 2729071, 953160, 2045897, 1659195, 1061825, 232858, 1665009, 2239675, 2208621, -464195, 1091419, 'Back']
[2459298, 2032285, 1562782, -296812, 2355958, 2759932, 958689, 2046331, 1663971, 1057239, 266272, 1679166, 2235460, 2210386, -455757, 1069987, 'Back']
[2456464, 2040182, 1506150, -297041, 2283426, 2730356, 953522, 2046223, 1659679, 1061275, 238139, 1673582, 2251091, 2211110, -462855, 1099052, 'Back']
[2459337, 2031833, 1561366, -295737, 2354315, 2758706, 960019, 2047306, 1663441, 1058450, 260862, 1670334, 2224353, 2208277, -455080, 1062060, 'Back']
[2456372, 2040775, 1509746, -296226, 2287404, 2732908, 953349, 2045862, 1660034, 1060484, 244114, 1681275, 2262280, 2213769, -461810, 1106911, 'Back']
[2459795, 2031943, 1557517, -294931, 2349534, 2756045, 960147, 2047789, 1663024, 1059698, 254561, 1661479, 2214458, 2206653, -455612, 1056714, 'Back']
[2456667, 2041095, 1513946, -296261, 2292654, 2735528, 952564, 2045866, 1660365, 1059627, 250618, 1689268, 2271115, 2215650, -461432, 1112137, 'Back']
[2460141, 2032530, 1551942, -295017, 2342517, 2753025, 960499, 2048440, 1662926, 1061139, 248597, 1654991, 2206180, 2204673, -456421, 1051326, 'Back']
[2456536, 2040700, 1520009, -297269, 2300382, 2739761, 951804, 2045642, 1660750, 1058470, 256966, 1696573, 2278302, 2217683, -461301, 1116192, 'Back']
[2460191, 2032974, 1544985, -295535, 2334328, 2749146, 960939, 2048772, 1662994, 1062562, 242521, 1648839, 2199820, 2203324, -457230, 1048683, 'Back']
[2456338, 2039653, 1526917, -298193, 2309284, 2743393, 952018, 2044701, 1661001, 1057293, 262439, 1702209, 2282515, 2218467, -460434, 1116419, 'Back']
[2460224, 2033690, 1537157, -295899, 2324351, 2744006, 958780, 2048063, 1662085, 1063043, 236420, 1644858, 2196399, 2201603, -458992, 1047743, 'Back']
[2456715, 2038769, 1534443, -298160, 2318681, 2746918, 952240, 2044540, 1662175, 1056486, 267764, 1705299, 2283733, 2218715, -459172, 1113566, 'Back']
[2459188, 2033782, 1529769, -296179, 2314667, 2739911, 958286, 2048038, 1661200, 1063163, 231367, 1642239, 2196607, 2201215, -459776, 1049786, 'Back']
[2456371, 2037014, 1542034, -297895, 2328323, 2750838, 952497, 2044764, 1661756, 1055015, 270979, 1706028, 2282356, 2218545, -458195, 1110775, 'Back']
[2458773, 2034902, 1522863, -295465, 2305427, 2736606, 957112, 2048174, 1660592, 1063142, 228109, 1642205, 2200120, 2201669, -460367, 1055384, 'Back']
[2457361, 2036581, 1549377, -296545, 2337485, 2754894, 953083, 2045684, 1662366, 1055312, 273797, 1705413, 2278412, 2218246, -456754, 1106092, 'Back']
[2459334, 2036865, 1516381, -294606, 2296674, 2733544, 956465, 2048798, 1660891, 1064427, 227174, 1645195, 2205912, 2203075, -460602, 1061522, 'Back']
[2458314, 2035873, 1555501, -296159, 2344919, 2757952, 954075, 2045831, 1663535, 1055792, 275263, 1702756, 2271189, 2217688, -455647, 1098475, 'Back']
[2458885, 2038410, 1511591, -295139, 2289797, 2731460, 954459, 2048157, 1660408, 1064315, 227216, 1649721, 2214543, 2204283, -461817, 1069603, 'Back']
[2459018, 2035179, 1560366, -296249, 2351038, 2759627, 955042, 2046502, 1664078, 1056159, 274692, 1697835, 2262325, 2215901, -455224, 1090117, 'Back']
[2458565, 2039431, 1507956, -295960, 2284715, 2729340, 953805, 2047921, 1660647, 1063753, 228990, 1655761, 2224687, 2206225, -462147, 1077445, 'Back']
[2458941, 2033558, 1562861, -296750, 2354567, 2760245, 955709, 2046462, 1664232, 1056193, 271606, 1690043, 2251386, 2213193, -455322, 1080421, 'Back']
[2457214, 2039882, 1505976, -296555, 2282430, 2729178, 952198, 2047149, 1659616, 1062397, 231190, 1661944, 2236142, 2207640, -463197, 1087076, 'Back']
[2459107, 2032874, 1563372, -296122, 2356020, 2760481, 957276, 2047392, 1664087, 1057220, 267451, 1681628, 2239965, 2211189, -455097, 1071800, 'Back']
[2456758, 2040154, 1505939, -296506, 2282373, 2730044, 951829, 2047087, 1659797, 1061627, 235937, 1670131, 2247402, 2210381, -462608, 1095409, 'Back']
[2459743, 2032325, 1561719, -295344, 2354350, 2759122, 957812, 2048235, 1663799, 1057994, 262285, 1672700, 2228097, 2208915, -455050, 1063638, 'Back']
[2456368, 2040430, 1507810, -296718, 2284715, 2732042, 950219, 2046812, 1659638, 1060114, 241343, 1677835, 2258568, 2212591, -462804, 1103639, 'Back']
[2460078, 2032144, 1558714, -295202, 2350516, 2757296, 958025, 2048932, 1663388, 1058986, 256166, 1663494, 2217724, 2206457, -455747, 1057758, 'Back']
[2456920, 2041312, 1511989, -296196, 2289785, 2734958, 950669, 2047804, 1660346, 1059939, 247803, 1685520, 2268411, 2215060, -461631, 1110436, 'Back']
[2460267, 2032257, 1553454, -295540, 2344014, 2754022, 957659, 2049130, 1663402, 1060503, 250231, 1655644, 2208518, 2205253, -455846, 1051867, 'Back']
[2456883, 2041040, 1517552, -296886, 2296681, 2737695, 950623, 2047162, 1660804, 1058713, 254009, 1692561, 2276102, 2216593, -461177, 1113334, 'Back']
[2460388, 2032901, 1547921, -295306, 2336603, 2750128, 958891, 2049661, 1663072, 1061624, 244026, 1649035, 2202011, 2203413, -456810, 1048346, 'Back']
[2457215, 2040706, 1524975, -296876, 2305404, 2741332, 950647, 2046685, 1661598, 1057673, 260712, 1698195, 2281971, 2217781, -459916, 1115460, 'Back']
[2460434, 2033556, 1540911, -295061, 2327190, 2745386, 957695, 2049398, 1662862, 1062330, 238402, 1643772, 2197780, 2201948, -457832, 1047162, 'Back']
[2456883, 2039541, 1532840, -296769, 2314874, 2745492, 950489, 2046001, 1661999, 1056736, 265750, 1702249, 2284245, 2218733, -459045, 1115362, 'Back']
[2459721, 2034374, 1533626, -294246, 2317885, 2741880, 958039, 2050396, 1661675, 1063234, 231533, 1640543, 2196944, 2201794, -458500, 1050023, 'Back']
[2456344, 2037895, 1540565, -296441, 2325059, 2750507, 951840, 2047318, 1662121, 1055834, 268290, 1703962, 2283920, 2219416, -457453, 1113555, 'Back']
[2459004, 2035021, 1525830, -294328, 2308279, 2738300, 957646, 2050713, 1660800, 1063457, 227224, 1639710, 2199233, 2202115, -459188, 1054684, 'Back']
[2456200, 2036209, 1547433, -296949, 2334129, 2754273, 952228, 2047235, 1662245, 1054802, 270890, 1703596, 2280353, 2219234, -456456, 1108860, 'Back']
[2458409, 2035847, 1518228, -295248, 2298963, 2734921, 955097, 2050529, 1660205, 1063340, 224461, 1641115, 2203744, 2202663, -460809, 1060388, 'Back']
[2456899, 2035222, 1553557, -297286, 2342386, 2757725, 953763, 2047560, 1662740, 1055027, 272415, 1701131, 2273564, 2218390, -456088, 1102103, 'Back']
[2457917, 2036995, 1512566, -296208, 2291484, 2732445, 954583, 2050102, 1659791, 1063328, 224258, 1644343, 2210876, 2203996, -461593, 1067928, 'Back']
[2457596, 2034441, 1558594, -297332, 2348854, 2759844, 953968, 2047573, 1663309, 1055185, 272400, 1695750, 2264905, 2216657, -455579, 1093880, 'Back']
[2458545, 2039038, 1508618, -295819, 2285765, 2730216, 953785, 2049564, 1660046, 1063560, 225929, 1649418, 2220225, 2205438, -462131, 1075891, 'Back']
[2459071, 2033994, 1562123, -296684, 2353151, 2760268, 955257, 2047752, 1664367, 1056207, 271477, 1688565, 2254160, 2214615, -454863, 1084278, 'Back']
[2457974, 2039939, 1506626, -295975, 2282437, 2729004, 951764, 2048553, 1660118, 1062773, 229187, 1655583, 2231398, 2207517, -462787, 1084887, 'Back']
[2459866, 2033633, 1563970, -295521, 2355588, 2760145, 956346, 2048461, 1664455, 1056879, 268352, 1681030, 2243296, 2212447, -454509, 1076265, 'Back']
[2457807, 2040839, 1506307, -295400, 2281855, 2729024, 951441, 2048750, 1660435, 1062419, 233764, 1664008, 2243223, 2210256, -462105, 1094448, 'Back']
[2460098, 2032867, 1563241, -294934, 2354961, 2759130, 956743, 2048981, 1664352, 1057988, 263382, 1672579, 2231688, 2210319, -454390, 1067991, 'Back']
[2457002, 2040991, 1507864, -295787, 2283819, 2731056, 950364, 2048239, 1659736, 1061091, 238612, 1671986, 2254964, 2212865, -462123, 1103190, 'Back']
[2459888, 2032371, 1560391, -294518, 2352240, 2757804, 957647, 2050564, 1664133, 1059121, 257634, 1663082, 2220899, 2208632, -454186, 1061076, 'Back']
[2455855, 2040341, 1511233, -296760, 2288170, 2733768, 949894, 2048360, 1659993, 1059833, 244409, 1679924, 2265184, 2215252, -461513, 1109991, 'Back']
[2459568, 2031996, 1556092, -295421, 2346642, 2755138, 957779, 2049986, 1663037, 1059536, 250692, 1655530, 2211182, 2206187, -455690, 1056459, 'Back']
[2456055, 2040653, 1516268, -296976, 2294372, 2736964, 950138, 2047774, 1660484, 1058943, 250578, 1687915, 2273382, 2216995, -460989, 1115554, 'Back']
[2460008, 2032468, 1550334, -295204, 2339433, 2751671, 958477, 2050538, 1662942, 1061036, 244622, 1648619, 2203383, 2204347, -455974, 1052111, 'Back']
[2456063, 2040155, 1522674, -297392, 2302535, 2740819, 949663, 2047405, 1660867, 1057556, 256870, 1694260, 2279734, 2218074, -460125, 1117896, 'Back']
[2460017, 2033598, 1543341, -294489, 2330655, 2747450, 958001, 2051323, 1662504, 1062125, 238472, 1643247, 2198313, 2202682, -456741, 1049710, 'Back']
[2456002, 2039564, 1530571, -296461, 2311955, 2745204, 950101, 2047674, 1661192, 1056964, 262533, 1699564, 2283272, 2219544, -458644, 1117851, 'Back']
[2459630, 2034236, 1536226, -293938, 2321216, 2743977, 957233, 2051614, 1661761, 1063209, 233047, 1639626, 2196593, 2202768, -457294, 1051268, 'Back']
[2456464, 2038732, 1537895, -296255, 2321779, 2749140, 950845, 2048490, 1662302, 1056540, 267426, 1702026, 2284094, 2219927, -456870, 1116287, 'Back']
[2459539, 2035108, 1528678, -294309, 2311585, 2739461, 957194, 2051502, 1661317, 1063609, 228502, 1638395, 2197702, 2202155, -458004, 1054530, 'Back']
[2456846, 2037391, 1545875, -296733, 2331579, 2753067, 951799, 2047963, 1662857, 1055767, 271050, 1702676, 2281362, 2219442, -455364, 1112236, 'Back']
[2458694, 2035785, 1521577, -295108, 2302318, 2735821, 955227, 2050667, 1660895, 1063742, 225859, 1639541, 2201772, 2202382, -458952, 1059967, 'Back']
[2457047, 2035977, 1551953, -297004, 2340130, 2756014, 953316, 2048254, 1663020, 1055023, 272266, 1701268, 2276136, 2218348, -454903, 1106243, 'Back']
[2458707, 2037054, 1514601, -295157, 2294054, 2732358, 954909, 2051183, 1660413, 1063475, 224333, 1642159, 2208260, 2203505, -459646, 1065880, 'Back']
[2457649, 2034533, 1557320, -296666, 2347098, 2759078, 953745, 2048788, 1663383, 1055138, 272901, 1697529, 2267970, 2217862, -454124, 1096753, 'Back']
[2457848, 2037770, 1510379, -295374, 2288095, 2731654, 954271, 2051240, 1659802, 1063571, 225105, 1647967, 2217502, 2206088, -460751, 1074330, 'Back']
[2458431, 2034030, 1561340, -296163, 2352401, 2761051, 955012, 2049091, 1663533, 1055577, 271496, 1692501, 2258844, 2216266, -454403, 1089909, 'Back']
[2457776, 2039368, 1507141, -295540, 2283565, 2730080, 952871, 2050488, 1659462, 1063257, 227819, 1655134, 2227787, 2207669, -461949, 1083478, 'Back']
[2459469, 2033590, 1563922, -295733, 2355163, 2761307, 956028, 2049796, 1663792, 1056816, 269278, 1685613, 2247176, 2213949, -454626, 1080614, 'Back']
[2457769, 2040534, 1507346, -295658, 2282170, 2730256, 952553, 2049876, 1659539, 1062484, 232570, 1664017, 2239885, 2210035, -462542, 1093659, 'Back']
[2460280, 2033357, 1564960, -295098, 2355957, 2760799, 958503, 2050169, 1663839, 1057777, 266142, 1678878, 2236261, 2211634, -454642, 1073855, 'Back']
[2457700, 2041344, 1508449, -295619, 2283386, 2731190, 953057, 2049733, 1660011, 1061866, 238300, 1673043, 2251621, 2212534, -462069, 1103000, 'Back']
[2460500, 2032917, 1563016, -295085, 2353812, 2758862, 959487, 2050507, 1664100, 1059175, 261181, 1671033, 2224984, 2209649, -454339, 1065595, 'Back']
[2457300, 2041276, 1511069, -296393, 2286466, 2732378, 952710, 2048968, 1660263, 1060634, 244116, 1681823, 2262190, 2214337, -461661, 1109088, 'Back']
[2460149, 2032292, 1559252, -295251, 2349313, 2755850, 961059, 2051099, 1663748, 1059634, 255066, 1661993, 2214753, 2206801, -454654, 1057694, 'Back']
[2455683, 2040030, 1515671, -297658, 2292484, 2735569, 952339, 2048351, 1660064, 1058754, 249967, 1688456, 2271562, 2215623, -460881, 1113848, 'Back']
[2459328, 2031857, 1552910, -295758, 2342300, 2752616, 960081, 2050902, 1662118, 1059912, 247685, 1653416, 2206441, 2204022, -456256, 1053264, 'Back']
[2455777, 2040240, 1520371, -297486, 2299476, 2738646, 952103, 2047857, 1659771, 1057609, 255681, 1694488, 2278111, 2217152, -460893, 1116880, 'Back']
[2459171, 2032140, 1545882, -295820, 2333547, 2748632, 960028, 2050975, 1661892, 1061109, 241766, 1647107, 2200212, 2203119, -457289, 1049980, 'Back']
[2455867, 2039607, 1527707, -297163, 2308391, 2743020, 953028, 2048166, 1660353, 1056818, 261793, 1699850, 2282679, 2218576, -459831, 1118424, 'Back']
[2459300, 2033156, 1539008, -294904, 2324540, 2744971, 961110, 2052364, 1661372, 1062643, 236411, 1643458, 2197059, 2202321, -457615, 1050741, 'Back']
[2456360, 2038616, 1535754, -296893, 2318148, 2747441, 953610, 2048596, 1661242, 1056394, 267165, 1703848, 2284345, 2219649, -457954, 1117830, 'Back']
[2459395, 2034197, 1531517, -294810, 2314094, 2740365, 959327, 2051703, 1660880, 1063376, 231608, 1641036, 2196966, 2202498, -458468, 1053189, 'Back']
[2456419, 2037138, 1543942, -297090, 2327529, 2750940, 953730, 2048330, 1661605, 1055578, 271234, 1705085, 2282592, 2219514, -456714, 1114217, 'Back']
[2458748, 2034628, 1524659, -295549, 2304707, 2736278, 957847, 2051138, 1660008, 1063135, 228408, 1640777, 2199923, 2202027, -459345, 1058902, 'Back']
[2457012, 2035993, 1550660, -297207, 2336825, 2754672, 954673, 2048580, 1661801, 1054619, 273378, 1703579, 2278305, 2218718, -456022, 1109903, 'Back']
[2458307, 2035962, 1517268, -295689, 2296366, 2733298, 958109, 2051820, 1659881, 1063749, 226406, 1643525, 2205963, 2203281, -460153, 1065182, 'Back']
[2457252, 2034658, 1555826, -297459, 2344419, 2757687, 955313, 2049337, 1662393, 1054828, 273974, 1701614, 2270868, 2217902, -455550, 1102294, 'Back']
[2457642, 2037036, 1511373, -296204, 2289169, 2731125, 956808, 2051830, 1658869, 1062887, 225878, 1648803, 2213711, 2204727, -462021, 1073270, 'Back']
[2457972, 2033998, 1560419, -296786, 2350674, 2760078, 957653, 2050341, 1662794, 1055199, 273265, 1697128, 2261682, 2216495, -455065, 1093603, 'Back']
[2457604, 2038594, 1507534, -295936, 2284309, 2729468, 955707, 2051585, 1658759, 1062959, 227522, 1655668, 2224093, 2207292, -462128, 1082017, 'Back']
[2458715, 2033049, 1562571, -296666, 2354000, 2760203, 957096, 2050221, 1663122, 1055741, 270591, 1690612, 2250556, 2214631, -454775, 1084028, 'Back']
[2457244, 2039301, 1506138, -296276, 2281961, 2728912, 953930, 2050873, 1658755, 1062142, 230710, 1663178, 2235023, 2209102, -462354, 1090345, 'Back']
[2459322, 2032535, 1564365, -295734, 2355939, 2760297, 958962, 2050976, 1663336, 1057171, 267141, 1683355, 2239370, 2212278, -453751, 1075418, 'Back']
[2457240, 2040444, 1507371, -295748, 2282612, 2729923, 953908, 2051227, 1659420, 1062032, 235958, 1671745, 2247360, 2211540, -460693, 1099491, 'Back']
[2459850, 2032186, 1563532, -295192, 2354495, 2758774, 959178, 2051348, 1663705, 1058213, 262334, 1674683, 2228529, 2209897, -452780, 1067520, 'Back']
[2457001, 2040732, 1509556, -295748, 2284737, 2731435, 952641, 2050473, 1659926, 1060925, 241613, 1679858, 2257973, 2213421, -460192, 1106433, 'Back']
[2460096, 2032038, 1560089, -294719, 2350639, 2756971, 960702, 2052071, 1663087, 1059473, 256473, 1666537, 2217282, 2207947, -453530, 1060339, 'Back']
[2456496, 2040578, 1512927, -296642, 2289557, 2734528, 952347, 2050078, 1659576, 1059705, 247458, 1688246, 2267846, 2215913, -460397, 1113116, 'Back']
[2459876, 2031623, 1554573, -295795, 2344130, 2754031, 960467, 2051974, 1662445, 1060071, 249605, 1658555, 2208293, 2205794, -455349, 1055461, 'Back']
[2456241, 2039888, 1518190, -297811, 2296399, 2737904, 951770, 2049239, 1659501, 1057859, 253115, 1695022, 2275887, 2217501, -460929, 1117733, 'Back']
[2460081, 2031821, 1547743, -295980, 2336091, 2749945, 959482, 2051954, 1661869, 1061148, 243150, 1651253, 2201356, 2203701, -456715, 1051902, 'Back']
[2456602, 2039520, 1524772, -297509, 2304998, 2741734, 952063, 2049172, 1659953, 1056997, 259367, 1700755, 2281170, 2218590, -460168, 1119217, 'Back']
[2459958, 2032617, 1540821, -295282, 2327204, 2746095, 960232, 2052595, 1661125, 1062200, 237459, 1646826, 2197526, 2203326, -457324, 1050916, 'Back']
[2455948, 2037953, 1533215, -297827, 2314844, 2746361, 952296, 2048662, 1660625, 1055992, 265051, 1705005, 2284112, 2219975, -458558, 1119217, 'Back']
[2459665, 2033475, 1534270, -294983, 2317604, 2742358, 959285, 2052175, 1660578, 1062700, 232560, 1643563, 2196356, 2202509, -458330, 1053740, 'Back']
[2457106, 2037798, 1541650, -296722, 2324720, 2750642, 952877, 2049135, 1661261, 1055807, 269731, 1707230, 2283541, 2220361, -457122, 1117211, 'Back']
[2459957, 2035076, 1527405, -294383, 2308303, 2738418, 959513, 2053036, 1660474, 1063560, 229623, 1643454, 2198726, 2203117, -458166, 1057824, 'Back']
[2457585, 2036717, 1549154, -296299, 2334412, 2754322, 954742, 2050002, 1662295, 1055508, 273619, 1707486, 2279982, 2219863, -455016, 1112164, 'Back']
[2458930, 2035646, 1520362, -294935, 2299566, 2735395, 957894, 2052690, 1659638, 1063739, 227004, 1644764, 2203605, 2203638, -459425, 1064266, 'Back']
[2457529, 2035282, 1554895, -296589, 2342537, 2757605, 954930, 2049887, 1661916, 1054890, 274027, 1703946, 2273488, 2218731, -455244, 1106585, 'Back']
[2458519, 2037071, 1513872, -295126, 2291729, 2732669, 957221, 2053021, 1659064, 1063781, 225764, 1647629, 2210386, 2204888, -460830, 1072061, 'Back']
[2457946, 2033938, 1559466, -296789, 2349125, 2760278, 956821, 2050598, 1662466, 1055471, 273515, 1699608, 2264378, 2217404, -454486, 1098180, 'Back']
[2457984, 2037954, 1508725, -295981, 2285609, 2730361, 955388, 2052077, 1658479, 1063014, 226242, 1653153, 2220060, 2206270, -461661, 1080431, 'Back']
[2458084, 2032685, 1562226, -296881, 2353044, 2760668, 956772, 2050717, 1662844, 1055438, 271066, 1692948, 2253203, 2214997, -454314, 1087737, 'Back']
[2457307, 2038811, 1507004, -295940, 2282465, 2729874, 954413, 2051913, 1658302, 1062159, 229009, 1660314, 2230609, 2208330, -461827, 1088454, 'Back']
[2459198, 2032381, 1565055, -295755, 2355690, 2761652, 957867, 2051678, 1662911, 1056236, 268121, 1685247, 2242652, 2213339, -453375, 1079468, 'Back']
[2457184, 2039747, 1507563, -295804, 2281915, 2730364, 953428, 2051713, 1658970, 1061782, 233648, 1668075, 2242880, 2211159, -461110, 1097421, 'Back']
[2459018, 2031398, 1564681, -295980, 2355008, 2760089, 958790, 2051424, 1663129, 1057522, 263616, 1676512, 2231209, 2211371, -452924, 1070489, 'Back']
[2457047, 2040452, 1509150, -296036, 2283320, 2730943, 951987, 2050886, 1658634, 1060255, 238492, 1675744, 2254106, 2213050, -461051, 1105146, 'Back']
[2459979, 2031699, 1562233, -295189, 2352005, 2757671, 959193, 2052076, 1663163, 1058799, 258024, 1668302, 2220264, 2208806, -453179, 1062555, 'Back']
[2456624, 2040546, 1512523, -296241, 2288130, 2733443, 951969, 2050737, 1659319, 1059659, 244693, 1685036, 2264847, 2215458, -460102, 1111907, 'Back']
[2459816, 2031499, 1557035, -295068, 2346619, 2754960, 959401, 2052605, 1662624, 1059728, 251033, 1660219, 2210879, 2206849, -454027, 1057567, 'Back']
[2456147, 2040250, 1516739, -296484, 2294098, 2736865, 951450, 2050685, 1659135, 1058456, 250211, 1692254, 2272833, 2217396, -460006, 1117101, 'Back']
[2459584, 2031681, 1550430, -295211, 2339257, 2751869, 960020, 2053142, 1661904, 1060902, 244398, 1652381, 2202538, 2204890, -454988, 1053736, 'Back']
[2455630, 2039254, 1522550, -297650, 2302433, 2740917, 951156, 2050060, 1659498, 1056899, 256291, 1697146, 2278956, 2218535, -459304, 1119858, 'Back']
[2460017, 2032671, 1543080, -295053, 2330444, 2747332, 959979, 2053901, 1661267, 1061607, 237906, 1645535, 2197569, 2203266, -456092, 1051487, 'Back']
[2456316, 2038976, 1530037, -297452, 2311629, 2744635, 951537, 2050089, 1660586, 1056403, 262311, 1701732, 2282403, 2219639, -457929, 1118964, 'Back']
[2459548, 2033092, 1535765, -295543, 2320582, 2742966, 958096, 2052918, 1661029, 1062405, 232725, 1642653, 2195626, 2202537, -457327, 1051771, 'Back']
[2456356, 2037732, 1537802, -297802, 2321021, 2748205, 951856, 2049161, 1661081, 1055046, 266813, 1704464, 2283206, 2219495, -457269, 1116732, 'Back']
[2459702, 2034400, 1528614, -295412, 2310859, 2738313, 958194, 2052649, 1660751, 1062938, 228906, 1640934, 2197140, 2202097, -458272, 1054665, 'Back']
[2456749, 2036563, 1545513, -297957, 2330555, 2751629, 952503, 2048647, 1661511, 1054583, 270685, 1704790, 2280895, 2219341, -456527, 1112301, 'Back']
[2459573, 2035721, 1521184, -295164, 2301390, 2734474, 956434, 2052206, 1660204, 1063042, 226161, 1640931, 2200824, 2202514, -459877, 1059515, 'Back']
[2458033, 2036206, 1552065, -296415, 2339522, 2755369, 953791, 2049974, 1662764, 1055025, 273426, 1703517, 2275210, 2218930, -455308, 1105143, 'Back']
[2459022, 2036933, 1514941, -294910, 2294061, 2732429, 956385, 2052999, 1660137, 1063655, 225539, 1645302, 2207770, 2204351, -460108, 1066196, 'Back']
[2457703, 2034289, 1557374, -296970, 2347308, 2758647, 954736, 2050360, 1662621, 1054956, 273200, 1699866, 2267688, 2217883, -454491, 1098308, 'Back']
[2458014, 2037724, 1509752, -295638, 2287922, 2730342, 955173, 2052607, 1659116, 1062833, 225241, 1649671, 2216836, 2205612, -460957, 1075353, 'Back']
[2457990, 2033212, 1560891, -296884, 2352558, 2760000, 955939, 2050948, 1662845, 1055327, 271349, 1693636, 2257571, 2215707, -453897, 1089610, 'Back']
[2457297, 2038439, 1506867, -296137, 2284073, 2729383, 953469, 2052305, 1658636, 1062307, 227128, 1655781, 2227582, 2207369, -461222, 1084008, 'Back']
[2458551, 2032265, 1563230, -296635, 2355204, 2760368, 957148, 2051066, 1662587, 1055623, 268340, 1685333, 2246482, 2213291, -453486, 1080342, 'Back']
[2457035, 2039497, 1505962, -296273, 2281993, 2728981, 953533, 2051163, 1658960, 1061510, 231033, 1663135, 2239118, 2209315, -461272, 1092651, 'Back']
[2458906, 2031504, 1563446, -296182, 2355640, 2759409, 958096, 2051002, 1662872, 1056534, 263918, 1677421, 2235269, 2211088, -453422, 1071292, 'Back']
[2456725, 2040015, 1507022, -296267, 2282937, 2729710, 951880, 2050713, 1658592, 1060297, 235998, 1671428, 2250737, 2211578, -461096, 1100591, 'Back']
[2459750, 2031570, 1562191, -295290, 2353568, 2758032, 958340, 2051859, 1663056, 1058077, 259186, 1669146, 2223930, 2208706, -453035, 1062860, 'Back']
[2456392, 2039991, 1510458, -296491, 2286811, 2732396, 951236, 2050466, 1658954, 1059633, 242030, 1681409, 2261719, 2214446, -460338, 1108056, 'Back']
[2460061, 2031507, 1558191, -295012, 2349185, 2755651, 959105, 2052213, 1662597, 1058850, 252960, 1662040, 2214275, 2207130, -453861, 1057793, 'Back']
[2456542, 2040251, 1514867, -296462, 2292478, 2735421, 950631, 2049450, 1659373, 1058351, 248424, 1689213, 2271036, 2216204, -459943, 1113851, 'Back']
[2460467, 2031961, 1553062, -294349, 2342277, 2752781, 958831, 2052767, 1662549, 1060475, 247017, 1654915, 2205775, 2205183, -454522, 1053626, 'Back']
[2456353, 2039593, 1521259, -296852, 2299948, 2739518, 950117, 2049357, 1659900, 1057417, 254843, 1696368, 2277877, 2218037, -459054, 1118054, 'Back']
[2460108, 2031911, 1546750, -294884, 2334003, 2749111, 959122, 2052476, 1661510, 1060728, 240144, 1648575, 2199789, 2203498, -455681, 1051845, 'Back']
[2456546, 2039201, 1528802, -296316, 2309362, 2743674, 952114, 2049947, 1660574, 1056297, 260672, 1701713, 2282400, 2219042, -457471, 1119397, 'Back']
[2459779, 2033085, 1539508, -294209, 2324884, 2744839, 959063, 2053465, 1661319, 1062288, 234742, 1645160, 2196697, 2202799, -455757, 1051579, 'Back']
[2456367, 2038091, 1536399, -296654, 2318916, 2747383, 951171, 2049060, 1661249, 1055913, 266090, 1706054, 2283524, 2220095, -456781, 1117735, 'Back']
[2459305, 2033657, 1531817, -294610, 2314949, 2740314, 957756, 2052841, 1660600, 1062506, 229837, 1642394, 2196400, 2202554, -457675, 1053631, 'Back']
[2456506, 2037019, 1543799, -296766, 2328297, 2751322, 951888, 2049598, 1661671, 1054790, 269506, 1705986, 2282186, 2220048, -455930, 1114001, 'Back']
[2458314, 2034401, 1524204, -295328, 2305289, 2736931, 956419, 2052598, 1659820, 1062509, 226461, 1641599, 2199409, 2202843, -458916, 1058746, 'Back']
[2456881, 2036089, 1550230, -296613, 2337098, 2754406, 952776, 2049438, 1661758, 1054367, 271904, 1703737, 2277488, 2219197, -455614, 1109096, 'Back']
[2458474, 2036196, 1517672, -294946, 2296690, 2733081, 955683, 2052754, 1659676, 1063424, 224961, 1642853, 2205088, 2203769, -459754, 1064278, 'Back']
[2456949, 2034606, 1556715, -296632, 2345057, 2757610, 953953, 2049758, 1662283, 1054600, 273036, 1700282, 2270519, 2218231, -454797, 1101617, 'Back']
[2457857, 2037393, 1512799, -294898, 2289895, 2731095, 954318, 2052568, 1658970, 1062867, 224718, 1646896, 2213868, 2204768, -460631, 1073243, 'Back']
[2457838, 2034406, 1561431, -295515, 2350884, 2759439, 955262, 2050835, 1663135, 1055630, 272756, 1694928, 2261383, 2216284, -453302, 1093141, 'Back']
[2457789, 2038886, 1508923, -294492, 2284819, 2729365, 954088, 2052644, 1659581, 1063531, 227118, 1653143, 2223590, 2207311, -459952, 1080452, 'Back']
[2458122, 2032604, 1564416, -295487, 2354771, 2761001, 956148, 2051140, 1663109, 1055897, 270136, 1689010, 2250281, 2215118, -452600, 1083355, 'Back']
[2456323, 2038546, 1507398, -295349, 2282579, 2729525, 952875, 2052038, 1658399, 1061833, 229378, 1661440, 2235114, 2209295, -460297, 1090643, 'Back']
[2457814, 2030840, 1564706, -295908, 2355935, 2760560, 956605, 2051116, 1662635, 1055714, 264945, 1680779, 2238956, 2212108, -452472, 1075423, 'Back']
[2455937, 2038957, 1507532, -295983, 2282866, 2730618, 952292, 2052070, 1658316, 1060233, 233182, 1668661, 2246894, 2211034, -460182, 1099049, 'Back']
[2459079, 2031184, 1563560, -295320, 2355063, 2759928, 958644, 2052726, 1662393, 1057063, 260040, 1672299, 2227808, 2209889, -452170, 1067601, 'Back']
[2455917, 2039706, 1508892, -296795, 2285230, 2731928, 950577, 2050723, 1658871, 1059556, 239188, 1677648, 2257975, 2213446, -460204, 1107069, 'Back']
[2459306, 2030833, 1559346, -295942, 2350532, 2756680, 957864, 2051663, 1662319, 1057929, 254038, 1663857, 2217164, 2207087, -453896, 1060551, 'Back']
[2456013, 2039902, 1512814, -297240, 2289379, 2733935, 949490, 2049559, 1659140, 1058396, 245288, 1685920, 2267210, 2215244, -460578, 1112400, 'Back']
[2459467, 2030920, 1554668, -295693, 2343946, 2752966, 958229, 2052237, 1662254, 1059076, 248113, 1656479, 2207752, 2205248, -454980, 1054336, 'Back']
[2455965, 2039656, 1518796, -296573, 2296409, 2737125, 950018, 2050089, 1659727, 1057692, 252382, 1694077, 2275068, 2217232, -459639, 1115494, 'Back']
[2459449, 2031526, 1548875, -294739, 2336221, 2749664, 959640, 2053111, 1661753, 1060546, 242192, 1650914, 2201446, 2204147, -455526, 1051062, 'Back']
[2455918, 2039117, 1526406, -296554, 2305307, 2742055, 951937, 2050043, 1659519, 1056355, 258803, 1699983, 2281301, 2219286, -458881, 1118916, 'Back']
[2460205, 2032958, 1542481, -293619, 2327491, 2746565, 960341, 2053913, 1661125, 1062062, 237358, 1646035, 2197782, 2203969, -456216, 1051743, 'Back']
[2456604, 2038412, 1533833, -296047, 2314742, 2746123, 952451, 2050519, 1660800, 1056040, 265382, 1704368, 2283743, 2220882, -457322, 1118855, 'Back']
[2459311, 2032674, 1534751, -294715, 2317811, 2742119, 959176, 2053037, 1660500, 1062171, 232681, 1642453, 2196274, 2203357, -457625, 1053083, 'Back']
[2456591, 2037099, 1541727, -296810, 2325014, 2750442, 953901, 2049723, 1660219, 1054300, 269337, 1705694, 2283373, 2220415, -457130, 1117404, 'Back']
[2459347, 2034275, 1527192, -294982, 2308564, 2738401, 959182, 2053039, 1659641, 1062679, 229215, 1641929, 2198658, 2203269, -458848, 1058228, 'Back']
[2457213, 2035867, 1548235, -297383, 2334124, 2753712, 954601, 2049500, 1661559, 1054578, 273165, 1705560, 2279821, 2219889, -455939, 1111534, 'Back']
[2459099, 2035455, 1519523, -295776, 2299147, 2734261, 957921, 2052351, 1659240, 1062552, 226940, 1642662, 2203626, 2203425, -460489, 1062991, 'Back']
[2457725, 2035159, 1554394, -297239, 2341918, 2756658, 955926, 2049354, 1661919, 1054431, 274652, 1702242, 2273382, 2218620, -455569, 1104361, 'Back']
[2458646, 2037149, 1513937, -295316, 2291502, 2731619, 957758, 2052068, 1658829, 1062945, 226582, 1646566, 2210894, 2204740, -461102, 1070552, 'Back']
[2458002, 2034150, 1559426, -296477, 2348391, 2758476, 957419, 2049985, 1662515, 1055124, 274604, 1698299, 2264744, 2217542, -454427, 1095755, 'Back']
[2457402, 2037394, 1510165, -295672, 2285805, 2729681, 956750, 2051431, 1658395, 1062484, 227789, 1652376, 2220311, 2206646, -461293, 1077799, 'Back']
