[1099856, 2120025, 1409828, 229625, 1399263, 1091696, -357522, 419242, 1048419, 1146389, 621693, 1251353, 1731909, 1283818, 1044681, 1097015, 'Back']
[1098665, 2118745, 1413325, 229611, 1398965, 1090621, -359702, 418089, 1048925, 1146630, 622564, 1251848, 1727962, 1282225, 1042717, 1095184, 'Back']
[1099297, 2119302, 1409933, 229267, 1398328, 1091667, -359560, 418011, 1047959, 1145703, 622975, 1251874, 1733218, 1283713, 1045311, 1097066, 'Back']
[1098739, 2118778, 1413042, 229364, 1398763, 1090305, -358906, 418375, 1048366, 1145846, 620918, 1250468, 1727154, 1281743, 1042551, 1095836, 'Back']
[1099208, 2119255, 1409904, 229412, 1398107, 1091839, -358107, 419084, 1048056, 1145851, 624555, 1252530, 1734025, 1283822, 1045781, 1096616, 'Back']
[1098634, 2118533, 1412290, 228999, 1398366, 1089527, -358718, 418119, 1048344, 1145753, 619686, 1249573, 1726315, 1281702, 1042293, 1096152, 'Back']
[1099509, 2119372, 1409897, 230157, 1397637, 1091572, -358069, 418705, 1048024, 1145546, 625829, 1253103, 1734761, 1283352, 1046076, 1095812, 'Back']
[1099380, 2119156, 1412426, 229585, 1398706, 1089763, -358747, 417630, 1048896, 1146467, 619227, 1249928, 1725327, 1282277, 1041641, 1096390, 'Back']
[1099594, 2119062, 1410572, 230060, 1398412, 1091428, -359247, 418807, 1048223, 1145799, 627461, 1254507, 1735235, 1283665, 1046192, 1095698, 'Back']
[1099174, 2118578, 1411914, 229028, 1398510, 1089228, -360196, 416935, 1048575, 1146113, 618274, 1249650, 1724960, 1281816, 1041256, 1096682, 'Back']
[1099348, 2118648, 1410918, 230365, 1398165, 1091473, -357321, 418660, 1048047, 1145558, 628388, 1255019, 1735442, 1282893, 1046107, 1095282, 'Back']
[1099370, 2118748, 1411418, 229204, 1398912, 1089790, -357648, 418187, 1048474, 1146064, 618037, 1249366, 1725143, 1282222, 1041608, 1097502, 'Back']
[1098839, 2118378, 1411248, 230307, 1398097, 1091472, -358749, 417594, 1048022, 1145379, 628489, 1254637, 1734881, 1282752, 1045993, 1095017, 'Back']
[1098651, 2118355, 1410871, 228995, 1398102, 1089796, -359028, 417962, 1047977, 1145454, 617298, 1248450, 1725390, 1282445, 1041751, 1097692, 'Back']
[1098640, 2118456, 1411111, 230277, 1397935, 1091425, -357740, 418700, 1047549, 1144895, 628019, 1253807, 1734476, 1282398, 1045661, 1094762, 'Back']
[1098897, 2118741, 1410087, 228783, 1398160, 1089921, -358550, 417456, 1047816, 1145488, 617137, 1248235, 1725811, 1282790, 1041718, 1097448, 'Back']
[1098955, 2118883, 1411450, 230185, 1398228, 1091144, -357644, 417317, 1047714, 1145256, 627718, 1253471, 1733468, 1281877, 1044855, 1094254, 'Back']
[1099282, 2119118, 1409679, 228744, 1398227, 1089951, -358205, 417050, 1048009, 1145806, 617997, 1248776, 1726722, 1282779, 1041869, 1097222, 'Back']
[1098879, 2118691, 1411688, 229715, 1397566, 1090795, -359116, 417546, 1047933, 1145153, 626866, 1253382, 1732044, 1281660, 1044083, 1093923, 'Back']
[1099208, 2118945, 1410026, 228808, 1397979, 1090359, -356720, 417662, 1047622, 1145128, 618965, 1249314, 1728136, 1282886, 1042794, 1097636, 'Back']
[1099041, 2118761, 1412650, 229908, 1398016, 1090434, -358643, 417316, 1048328, 1145554, 626508, 1253264, 1731437, 1281492, 1044197, 1094855, 'Back']
[1099506, 2119156, 1409768, 229043, 1397881, 1090499, -357344, 418675, 1047870, 1145407, 620291, 1249994, 1729458, 1283028, 1043114, 1097508, 'Back']
[1099316, 2119053, 1412748, 229914, 1398574, 1090356, -357785, 418181, 1048328, 1145472, 625041, 1252507, 1729899, 1281440, 1042890, 1095056, 'Back']
[1099678, 2119323, 1410010, 229816, 1398619, 1090964, -356779, 419289, 1048494, 1145925, 621705, 1251275, 1730504, 1283680, 1043177, 1097048, 'Back']
[1098880, 2118540, 1413139, 229607, 1398526, 1089802, -358785, 417662, 1048210, 1145079, 623852, 1251662, 1728605, 1281421, 1042446, 1095158, 'Back']
[1099459, 2119098, 1409667, 229401, 1398595, 1090630, -355842, 417968, 1047948, 1145100, 623032, 1251404, 1732419, 1283197, 1044283, 1096997, 'Back']
[1098547, 2118285, 1412520, 229014, 1398473, 1089485, -358672, 417076, 1048126, 1145027, 622009, 1250426, 1726979, 1280890, 1041571, 1094988, 'Back']
[1098854, 2118673, 1409504, 229027, 1397781, 1091156, -357250, 418285, 1047352, 1144714, 624327, 1251744, 1733103, 1282866, 1044543, 1096297, 'Back']
[1098861, 2118671, 1412534, 229045, 1398399, 1090053, -357452, 418986, 1047960, 1145364, 620849, 1249894, 1726046, 1280995, 1041376, 1095550, 'Back']
[1098827, 2118526, 1410064, 229333, 1396970, 1091599, -358001, 419274, 1047341, 1144983, 625923, 1252728, 1733761, 1283179, 1044837, 1095874, 'Back']
[1098149, 2117915, 1412293, 228715, 1398243, 1089796, -358531, 417795, 1047566, 1145322, 619499, 1249174, 1725326, 1281377, 1040917, 1096129, 'Back']
[1098582, 2118209, 1409954, 229896, 1398146, 1091831, -357388, 418048, 1046985, 1144752, 626432, 1252706, 1734398, 1282672, 1044761, 1094968, 'Back']
[1098207, 2117717, 1411834, 229203, 1398292, 1089909, -356310, 418217, 1047214, 1144963, 618288, 1248352, 1724704, 1281837, 1040682, 1096167, 'Back']
[1097979, 2117479, 1410456, 229882, 1397659, 1091559, -357373, 419489, 1046587, 1144433, 627402, 1253391, 1734742, 1282554, 1045344, 1094986, 'Back']
[1098209, 2117741, 1411353, 229188, 1398395, 1090022, -357664, 417964, 1046825, 1144893, 617586, 1247944, 1724715, 1281493, 1040928, 1096916, 'Back']
[1098031, 2117447, 1410623, 230172, 1397175, 1091508, -359802, 417875, 1046669, 1144572, 628030, 1253517, 1734707, 1282365, 1045216, 1094467, 'Back']
[1098306, 2117723, 1411413, 229271, 1398046, 1090136, -357574, 419361, 1047181, 1145232, 617069, 1247929, 1724640, 1281725, 1040392, 1096527, 'Back']
[1098241, 2117602, 1411578, 230055, 1397657, 1091139, -356544, 418506, 1046970, 1144568, 628089, 1253657, 1734473, 1281890, 1045059, 1094167, 'Back']
[1098348, 2117747, 1410942, 228763, 1397881, 1089909, -357324, 418159, 1047153, 1144757, 617018, 1247920, 1725158, 1281808, 1040620, 1096440, 'Back']
[1098206, 2117693, 1412123, 230237, 1397690, 1091686, -357114, 418524, 1047058, 1144535, 627786, 1253520, 1733372, 1281946, 1044387, 1093711, 'Back']
[1098167, 2117634, 1410610, 228965, 1397792, 1090511, -357476, 418437, 1047118, 1144954, 617444, 1248407, 1726066, 1282652, 1041267, 1096978, 'Back']
[1098077, 2117392, 1411837, 230037, 1397434, 1091267, -357569, 419249, 1046657, 1144020, 626950, 1253061, 1733034, 1281124, 1044343, 1094170, 'Back']
[1098407, 2117612, 1410028, 229208, 1397714, 1090747, -357856, 418336, 1047279, 1144890, 618031, 1248447, 1726938, 1282337, 1041226, 1096441, 'Back']
[1098295, 2117469, 1412106, 230543, 1397492, 1091716, -357576, 419454, 1046990, 1144320, 626736, 1252538, 1731546, 1281290, 1043618, 1094068, 'Back']
[1098310, 2117494, 1409521, 229525, 1397129, 1091314, -358031, 418081, 1047474, 1145069, 619481, 1249282, 1727751, 1282778, 1041626, 1096063, 'Back']
[1097486, 2116671, 1412222, 229893, 1397054, 1090718, -358355, 418227, 1046646, 1143922, 625524, 1251929, 1730020, 1280695, 1042831, 1093921, 'Back']
[1098243, 2117328, 1409297, 229595, 1397798, 1091173, -357183, 418950, 1046992, 1144518, 620403, 1249847, 1729810, 1282404, 1042889, 1096327, 'Back']
[1097761, 2116818, 1412710, 230393, 1398048, 1090848, -357285, 419240, 1047160, 1144257, 623975, 1251078, 1728674, 1280713, 1042256, 1093926, 'Back']
[1098166, 2117205, 1409854, 229891, 1397487, 1091610, -357733, 418656, 1047039, 1144321, 622352, 1250527, 1731314, 1282896, 1043629, 1096095, 'Back']
[1098154, 2117249, 1413265, 230221, 1398157, 1090735, -356922, 417686, 1047291, 1144130, 622889, 1250404, 1727735, 1280445, 1042029, 1094302, 'Back']
[1098361, 2117628, 1410483, 230102, 1397259, 1091982, -356584, 419744, 1047053, 1144439, 624053, 1251663, 1732692, 1282800, 1044266, 1095642, 'Back']
[1098023, 2117335, 1413472, 229875, 1397316, 1090488, -359310, 419912, 1047196, 1144358, 621653, 1250002, 1726642, 1280585, 1041590, 1094881, 'Back']
[1098373, 2117619, 1410586, 230253, 1397142, 1091911, -357252, 419042, 1046839, 1144310, 625290, 1252551, 1733407, 1282777, 1044509, 1095191, 'Back']
[1097488, 2116728, 1412933, 229542, 1397569, 1089989, -358304, 417305, 1046920, 1144037, 620171, 1249496, 1725397, 1280727, 1040969, 1094949, 'Back']
[1097518, 2116756, 1410384, 230139, 1397101, 1092147, -357236, 419287, 1046334, 1143574, 626007, 1252639, 1733957, 1282240, 1044567, 1094528, 'Back']
[1096794, 2116138, 1412334, 229415, 1397680, 1090251, -357769, 418480, 1046372, 1143690, 618654, 1248341, 1724933, 1280583, 1040693, 1095704, 'Back']
[1096446, 2115745, 1410359, 229878, 1397021, 1091959, -358130, 418042, 1045937, 1143205, 627131, 1252874, 1734768, 1282209, 1044957, 1094394, 'Back']
[1095713, 2115120, 1411609, 228899, 1397675, 1090122, -358032, 417617, 1045922, 1143214, 617492, 1247572, 1724738, 1280647, 1040257, 1095479, 'Back']
[1094924, 2114247, 1410838, 229729, 1397047, 1091774, -357783, 418981, 1045636, 1142803, 626972, 1252647, 1734495, 1281675, 1044418, 1093393, 'Back']
[1094148, 2113695, 1411056, 228388, 1397243, 1089726, -358793, 417376, 1045056, 1142273, 616070, 1246572, 1724475, 1280407, 1039820, 1095406, 'Back']
[1094090, 2113710, 1410911, 229616, 1396808, 1091807, -357432, 418417, 1044753, 1141939, 626828, 1252286, 1734207, 1281151, 1043998, 1092906, 'Back']
[1093498, 2113240, 1411041, 228236, 1397167, 1089969, -358710, 418035, 1045158, 1142631, 616119, 1246594, 1724342, 1281236, 1039633, 1095344, 'Back']
[1092451, 2112228, 1411634, 228821, 1396010, 1090857, -359173, 417594, 1043913, 1141227, 626644, 1251382, 1733191, 1280683, 1043667, 1092654, 'Back']
[1092732, 2112424, 1410185, 227700, 1396560, 1089647, -359406, 416504, 1043949, 1141390, 615491, 1245423, 1725118, 1280709, 1040013, 1095465, 'Back']
[1091965, 2111627, 1411960, 228875, 1396542, 1090994, -357742, 417144, 1044179, 1140998, 625694, 1250514, 1731995, 1280411, 1042717, 1091984, 'Back']
[1091971, 2111717, 1409987, 227685, 1396830, 1090228, -356148, 417915, 1044155, 1141366, 616074, 1245701, 1725636, 1281355, 1040363, 1095464, 'Back']
[1091045, 2110584, 1411792, 227899, 1396405, 1090391, -358746, 417105, 1043506, 1140081, 624551, 1249441, 1730649, 1279541, 1042490, 1092105, 'Back']
[1091300, 2110965, 1409020, 226896, 1396023, 1090149, -360348, 417411, 1043138, 1140150, 616349, 1245232, 1726469, 1280513, 1040514, 1094749, 'Back']
[1090881, 2110641, 1411732, 228439, 1395891, 1090806, -358369, 418360, 1043151, 1140185, 623304, 1248954, 1729238, 1279218, 1041826, 1092142, 'Back']
[1091734, 2111447, 1408438, 227821, 1396221, 1091173, -357792, 418992, 1043046, 1140615, 617647, 1246349, 1727987, 1281264, 1041637, 1095340, 'Back']
[1091217, 2110770, 1411714, 228447, 1396365, 1090974, -358678, 418751, 1043798, 1141006, 621954, 1248543, 1727163, 1279617, 1040666, 1092062, 'Back']
[1091459, 2110841, 1408720, 227315, 1396348, 1090892, -357306, 418181, 1043085, 1140436, 618910, 1246923, 1728940, 1281489, 1041839, 1094827, 'Back']
[1091161, 2110725, 1412046, 227942, 1396332, 1090200, -359669, 417678, 1043539, 1140572, 620458, 1247626, 1726456, 1278932, 1040392, 1092868, 'Back']
[1092142, 2111772, 1409242, 228155, 1395908, 1091397, -358468, 418021, 1043425, 1140921, 620325, 1248113, 1730645, 1281314, 1042532, 1094830, 'Back']
[1091616, 2111458, 1412310, 228096, 1396276, 1090055, -359440, 417263, 1043857, 1141213, 619268, 1247295, 1725112, 1279352, 1039639, 1092964, 'Back']
[1092202, 2111882, 1409195, 228301, 1395885, 1091415, -358503, 416933, 1043115, 1140716, 622187, 1248793, 1731507, 1281117, 1042737, 1094073, 'Back']
[1092453, 2112020, 1412257, 228632, 1396667, 1090205, -359197, 418345, 1044103, 1141624, 617931, 1246491, 1723964, 1279450, 1039023, 1093142, 'Back']
[1093036, 2112533, 1409787, 229222, 1396272, 1092017, -358136, 420324, 1043609, 1141320, 623351, 1249635, 1732312, 1281467, 1043020, 1093618, 'Back']
[1092794, 2112115, 1411880, 228513, 1396637, 1090021, -358965, 418697, 1043973, 1141521, 617133, 1246226, 1723998, 1280155, 1039485, 1094514, 'Back']
[1093446, 2112717, 1409688, 229115, 1395950, 1091658, -359781, 418831, 1043565, 1141187, 624565, 1250160, 1733382, 1281332, 1043603, 1093467, 'Back']
[1093619, 2112920, 1411612, 228189, 1397450, 1089911, -357817, 418228, 1044243, 1141812, 616098, 1245766, 1723439, 1279745, 1038919, 1094241, 'Back']
[1093862, 2113367, 1410242, 229063, 1396320, 1092212, -358732, 419724, 1043717, 1141462, 626016, 1251135, 1734329, 1281081, 1044326, 1093512, 'Back']
[1094365, 2114196, 1410940, 228046, 1397245, 1090108, -358125, 417831, 1044393, 1142138, 615991, 1245902, 1724277, 1280074, 1039744, 1095525, 'Back']
[1095191, 2115322, 1410584, 229716, 1396574, 1092012, -359089, 419722, 1044455, 1142020, 626719, 1251783, 1734029, 1280982, 1043680, 1093209, 'Back']
[1095685, 2116177, 1411356, 229039, 1396985, 1090338, -359003, 418075, 1045138, 1142875, 616727, 1246605, 1724203, 1281208, 1039200, 1095560, 'Back']
[1096296, 2116999, 1411956, 230890, 1396792, 1092145, -358702, 419057, 1045126, 1142786, 627936, 1252699, 1734245, 1281737, 1043701, 1093324, 'Back']
[1096813, 2117709, 1411925, 229984, 1397706, 1091291, -358201, 419271, 1045904, 1143713, 617173, 1247568, 1725140, 1281743, 1039633, 1096240, 'Back']
[1096763, 2117692, 1412589, 230687, 1397393, 1092218, -358961, 419270, 1045619, 1143138, 628314, 1252876, 1733540, 1281485, 1043739, 1093781, 'Back']
[1097320, 2118242, 1410742, 229291, 1397753, 1091148, -358993, 419039, 1046150, 1143833, 617776, 1247932, 1726027, 1282003, 1040309, 1096468, 'Back']
[1096972, 2117916, 1412766, 230024, 1397324, 1091850, -359819, 419432, 1045741, 1143083, 627581, 1252892, 1732631, 1281144, 1043288, 1093772, 'Back']
[1097964, 2118942, 1411364, 229488, 1398099, 1091866, -359356, 419961, 1046088, 1143856, 618673, 1248675, 1727738, 1282640, 1041148, 1096963, 'Back']
[1097242, 2118241, 1413566, 230233, 1397653, 1091745, -361153, 419434, 1045975, 1143525, 626708, 1252723, 1731952, 1281400, 1042848, 1094073, 'Back']
[1098152, 2118988, 1410513, 229225, 1397629, 1091495, -359209, 418953, 1046013, 1143801, 619798, 1249228, 1729051, 1282816, 1041635, 1096900, 'Back']
[1097861, 2118727, 1413638, 230367, 1397611, 1091507, -359837, 418628, 1046295, 1143662, 625493, 1251926, 1729712, 1280928, 1041559, 1093605, 'Back']
[1098053, 2118797, 1410855, 229616, 1397606, 1092105, -359736, 419896, 1046275, 1143946, 621286, 1250169, 1729847, 1282863, 1042060, 1096142, 'Back']
[1097084, 2117798, 1414096, 229663, 1396999, 1091086, -362466, 419501, 1045781, 1142989, 624022, 1250984, 1728764, 1280540, 1041483, 1094089, 'Back']
[1098227, 2118738, 1410822, 229522, 1397542, 1092082, -358951, 419783, 1046074, 1143614, 622346, 1250903, 1731835, 1282515, 1043269, 1096300, 'Back']
[1096985, 2117436, 1413585, 228744, 1397039, 1090106, -361247, 417667, 1045928, 1143118, 622516, 1250502, 1727474, 1280203, 1041090, 1094353, 'Back']
[1098076, 2118387, 1410614, 229312, 1397182, 1092017, -360508, 420182, 1045769, 1143278, 623539, 1251405, 1732479, 1282124, 1043193, 1095500, 'Back']
[1097581, 2117648, 1413699, 229247, 1397995, 1090393, -360026, 418401, 1046407, 1143723, 621044, 1250109, 1725943, 1280305, 1039921, 1094224, 'Back']
[1097764, 2117701, 1410812, 229528, 1396477, 1091952, -360849, 420159, 1045633, 1143234, 625079, 1252469, 1733578, 1282506, 1043561, 1094851, 'Back']
[1097720, 2117591, 1413010, 229039, 1397419, 1090048, -362239, 418666, 1046249, 1143765, 619399, 1249617, 1725175, 1280324, 1039453, 1094504, 'Back']
[1097582, 2117463, 1410967, 229649, 1397019, 1091813, -359701, 419311, 1045346, 1142990, 626131, 1253133, 1734321, 1281936, 1043550, 1094207, 'Back']
[1097596, 2117604, 1413074, 229541, 1397573, 1090523, -360008, 419212, 1046154, 1143845, 618596, 1249068, 1724775, 1280762, 1039336, 1095080, 'Back']
[1097911, 2117841, 1411202, 230279, 1397004, 1092160, -360914, 419406, 1045509, 1143393, 627338, 1253637, 1734650, 1282167, 1043715, 1093833, 'Back']
[1097489, 2117428, 1412466, 228982, 1397084, 1090214, -360515, 418877, 1045870, 1143667, 617777, 1248512, 1724278, 1280925, 1038830, 1095143, 'Back']
[1097594, 2117458, 1411112, 230056, 1396517, 1092163, -359825, 419803, 1045080, 1143012, 627547, 1253571, 1734551, 1281657, 1043378, 1093301, 'Back']
[1097431, 2117322, 1411342, 228801, 1397027, 1090279, -361365, 418752, 1045667, 1143743, 616945, 1247974, 1724111, 1281196, 1038352, 1095119, 'Back']
[1097732, 2117601, 1410943, 230105, 1396841, 1091555, -359259, 419364, 1045130, 1142954, 627884, 1253480, 1734133, 1281435, 1042760, 1092602, 'Back']
[1097512, 2117289, 1410702, 228748, 1397118, 1089894, -359540, 418408, 1045591, 1143561, 616997, 1248042, 1724216, 1281184, 1038194, 1094574, 'Back']
[1096873, 2116692, 1411740, 229744, 1396580, 1091029, -360759, 419052, 1044836, 1142406, 627533, 1253282, 1733188, 1280612, 1042179, 1091823, 'Back']
[1097679, 2117442, 1410522, 228567, 1397112, 1089948, -360202, 418190, 1045157, 1143012, 616846, 1247809, 1725358, 1281051, 1038862, 1094875, 'Back']
[1097012, 2116633, 1412440, 229787, 1396697, 1091254, -359623, 418733, 1045362, 1142730, 627330, 1253381, 1731917, 1280517, 1041819, 1091479, 'Back']
[1097802, 2117335, 1410897, 228949, 1397032, 1090680, -361477, 418595, 1045555, 1143119, 617868, 1248849, 1725834, 1281556, 1039438, 1094778, 'Back']
[1097222, 2116837, 1413537, 230232, 1397097, 1091500, -359918, 419329, 1045381, 1142863, 626985, 1253416, 1731032, 1280693, 1041849, 1092005, 'Back']
[1097466, 2117106, 1410714, 229287, 1396936, 1090840, -359320, 419019, 1045240, 1143152, 619362, 1249367, 1727446, 1282234, 1040838, 1095404, 'Back']
[1096797, 2116641, 1413140, 230397, 1397271, 1090964, -359236, 417735, 1045203, 1142884, 625938, 1252335, 1730004, 1280395, 1042062, 1092533, 'Back']
[1097237, 2117169, 1410045, 229824, 1397065, 1091421, -359223, 420309, 1044634, 1142862, 620038, 1249561, 1729223, 1282059, 1041944, 1095471, 'Back']
[1096376, 2116431, 1412487, 230144, 1396802, 1090676, -360583, 419030, 1044726, 1142683, 623916, 1251119, 1728835, 1280241, 1041296, 1092736, 'Back']
[1097282, 2117344, 1409149, 229665, 1396563, 1091341, -358890, 418563, 1044541, 1142580, 621019, 1249835, 1730254, 1281924, 1041835, 1094614, 'Back']
[1096612, 2116715, 1412275, 229630, 1396860, 1090356, -360584, 417948, 1044845, 1142411, 622447, 1250080, 1727004, 1279665, 1040044, 1092308, 'Back']
[1096882, 2116999, 1409307, 229538, 1396577, 1091541, -359196, 419491, 1044352, 1142327, 622526, 1250126, 1731299, 1281653, 1042233, 1094255, 'Back']
[1096282, 2116280, 1412253, 229272, 1396601, 1090049, -361465, 418469, 1044459, 1142094, 620960, 1248969, 1726009, 1279360, 1039739, 1093164, 'Back']
[1097060, 2116920, 1409286, 229842, 1396326, 1091810, -359421, 419434, 1044277, 1142072, 623851, 1251132, 1732455, 1281482, 1042796, 1093974, 'Back']
[1096553, 2116412, 1412000, 229544, 1397008, 1090336, -361083, 418452, 1044888, 1142568, 619920, 1249109, 1725018, 1279818, 1039308, 1093598, 'Back']
[1096697, 2116447, 1409655, 230302, 1396674, 1092145, -358334, 420169, 1044182, 1141929, 625548, 1252098, 1733384, 1281358, 1043326, 1093971, 'Back']
[1097249, 2117052, 1412104, 230131, 1397775, 1090622, -358935, 418963, 1045025, 1142802, 618903, 1248607, 1724458, 1279790, 1039531, 1094563, 'Back']
[1097628, 2117488, 1410712, 231251, 1397431, 1092787, -357792, 420316, 1044822, 1142839, 626967, 1253295, 1733695, 1281901, 1043520, 1093717, 'Back']
[1097345, 2117262, 1412167, 229989, 1397350, 1090396, -359916, 417694, 1045523, 1143514, 618318, 1248875, 1723516, 1280659, 1038829, 1094712, 'Back']
[1097785, 2117617, 1411024, 230903, 1396496, 1092512, -359452, 419999, 1044621, 1142462, 627752, 1253534, 1733825, 1281260, 1043390, 1093241, 'Back']
[1097470, 2117174, 1411909, 229614, 1396777, 1090766, -359836, 419727, 1045318, 1143148, 617547, 1248197, 1723231, 1280824, 1038282, 1094861, 'Back']
[1097516, 2117170, 1411420, 230752, 1396318, 1092402, -360001, 420459, 1044875, 1142514, 628015, 1253657, 1733302, 1280980, 1042863, 1092729, 'Back']
[1097110, 2116795, 1411269, 229398, 1396998, 1090337, -358089, 418684, 1045035, 1142874, 617217, 1248040, 1723381, 1280596, 1038579, 1094982, 'Back']
[1096955, 2116666, 1411420, 230690, 1396201, 1092116, -359900, 420062, 1044426, 1142103, 628255, 1253466, 1733310, 1280632, 1043497, 1092912, 'Back']
[1097101, 2116785, 1410928, 229695, 1397139, 1090938, -358654, 420051, 1044860, 1142820, 617409, 1247884, 1724499, 1280930, 1039354, 1095756, 'Back']
[1096209, 2115813, 1412145, 230692, 1396913, 1091880, -358589, 420358, 1044305, 1141904, 627955, 1252897, 1732729, 1280363, 1043512, 1093005, 'Back']
[1096777, 2116356, 1410294, 229585, 1397312, 1091024, -359493, 420188, 1044396, 1142203, 617530, 1247444, 1725843, 1280769, 1040271, 1096113, 'Back']
[1095807, 2115319, 1412022, 230063, 1396321, 1091253, -360148, 419569, 1043984, 1141601, 626944, 1252097, 1731585, 1279981, 1042498, 1092677, 'Back']
[1096785, 2116288, 1409762, 229312, 1396820, 1091315, -359665, 419607, 1044064, 1142048, 618160, 1247679, 1726626, 1280552, 1040260, 1095689, 'Back']
[1096049, 2115718, 1412627, 230340, 1396563, 1091817, -359479, 420571, 1044116, 1141853, 626208, 1251819, 1730019, 1279499, 1041705, 1092805, 'Back']
[1096430, 2116129, 1409780, 229453, 1396336, 1091205, -358882, 420195, 1044038, 1142057, 619569, 1248599, 1727908, 1281087, 1040805, 1095873, 'Back']
[1096159, 2115825, 1412435, 230398, 1396338, 1091115, -359375, 420632, 1044045, 1141787, 624814, 1251106, 1729055, 1279291, 1041178, 1093260, 'Back']
[1096634, 2116455, 1409593, 230143, 1396748, 1091706, -358396, 420972, 1044180, 1142122, 621016, 1249615, 1729167, 1281173, 1041299, 1095406, 'Back']
[1096257, 2116121, 1412788, 230869, 1396886, 1091309, -360164, 420539, 1044293, 1142067, 623817, 1250767, 1727495, 1279253, 1040535, 1093297, 'Back']
[1096224, 2115855, 1409326, 230079, 1395997, 1091657, -360031, 419239, 1043674, 1141788, 622535, 1249992, 1730365, 1281461, 1041956, 1095117, 'Back']
[1095675, 2115083, 1412504, 230316, 1396539, 1090657, -359276, 419411, 1043863, 1141501, 622386, 1249419, 1726222, 1278808, 1040283, 1093651, 'Back']
[1096085, 2115389, 1409336, 230685, 1396120, 1092638, -358785, 422073, 1043437, 1141240, 623666, 1250458, 1731755, 1281021, 1043075, 1094974, 'Back']
[1095666, 2115005, 1412106, 230275, 1396958, 1091071, -358967, 421551, 1043785, 1141409, 620761, 1248763, 1725575, 1279302, 1040596, 1094773, 'Back']
[1096476, 2115819, 1409354, 230758, 1396689, 1092743, -358619, 421604, 1043638, 1141460, 625001, 1251205, 1732824, 1281026, 1043760, 1094811, 'Back']
[1096132, 2115533, 1411908, 230087, 1397357, 1090571, -359491, 419978, 1044162, 1141747, 619637, 1248222, 1724241, 1279079, 1039659, 1094535, 'Back']
[1096357, 2115711, 1409320, 230457, 1396663, 1092539, -359385, 421497, 1043449, 1141189, 626190, 1252008, 1733442, 1280646, 1043966, 1094110, 'Back']
[1096164, 2115590, 1411078, 229703, 1396958, 1090822, -359514, 420819, 1044010, 1141528, 617976, 1247577, 1723390, 1279016, 1039147, 1094511, 'Back']
[1096560, 2116033, 1409596, 230859, 1396431, 1093043, -358107, 421896, 1043491, 1141201, 627010, 1252337, 1733491, 1280824, 1043702, 1093438, 'Back']
[1096417, 2115916, 1410992, 230148, 1396882, 1090870, -358223, 421191, 1044241, 1141964, 617592, 1247320, 1723176, 1279384, 1039099, 1094617, 'Back']
[1095916, 2115329, 1410150, 230881, 1395756, 1092449, -360975, 422324, 1043510, 1141102, 627856, 1252604, 1733262, 1279810, 1043685, 1092713, 'Back']
[1096266, 2115680, 1410473, 229947, 1396837, 1090902, -358933, 421225, 1043720, 1141468, 617065, 1246792, 1723052, 1279198, 1038901, 1094751, 'Back']
[1095799, 2115135, 1410560, 230862, 1396244, 1092244, -358811, 421415, 1043408, 1141037, 628022, 1252508, 1732843, 1279871, 1043299, 1092162, 'Back']
[1096118, 2115310, 1410186, 229753, 1397555, 1090503, -358648, 421335, 1043753, 1141439, 616979, 1246919, 1723258, 1279668, 1038981, 1094443, 'Back']
[1095611, 2114794, 1411221, 230847, 1396782, 1091824, -359609, 421751, 1043300, 1140655, 628081, 1252483, 1732005, 1279318, 1042864, 1091526, 'Back']
[1095990, 2115284, 1410154, 229953, 1396930, 1091225, -358463, 421690, 1043627, 1141467, 617476, 1247436, 1724287, 1280201, 1039553, 1094668, 'Back']
[1095623, 2114965, 1411320, 231114, 1396443, 1092293, -359606, 421880, 1043177, 1140868, 627520, 1252607, 1731743, 1279136, 1042838, 1092168, 'Back']
[1095948, 2115325, 1409237, 229907, 1396693, 1091563, -360230, 421490, 1043225, 1141361, 617946, 1247752, 1725997, 1280177, 1040204, 1095317, 'Back']
[1095758, 2115179, 1411716, 231058, 1396509, 1092025, -359035, 422732, 1043042, 1140813, 626236, 1251960, 1730698, 1278897, 1041979, 1092388, 'Back']
[1096699, 2115935, 1409428, 230376, 1396758, 1091812, -357448, 421833, 1043654, 1141714, 618775, 1248713, 1726784, 1280633, 1040294, 1095288, 'Back']
[1095823, 2115226, 1411694, 230848, 1396365, 1091682, -359621, 422378, 1043582, 1141260, 625604, 1252029, 1729147, 1279160, 1041324, 1092577, 'Back']
[1096015, 2115369, 1408521, 229703, 1396553, 1091492, -358890, 421475, 1043523, 1141656, 619988, 1249168, 1727882, 1280585, 1040495, 1094666, 'Back']
[1095327, 2114686, 1411949, 229987, 1396705, 1090325, -359615, 420163, 1043147, 1140643, 623669, 1250370, 1727433, 1278317, 1040060, 1091822, 'Back']
[1096354, 2115685, 1409319, 230220, 1396573, 1091694, -358899, 421034, 1043432, 1141269, 621217, 1249686, 1729377, 1280097, 1041272, 1094213, 'Back']
[1095629, 2114949, 1412704, 230585, 1396613, 1090950, -360876, 422136, 1043685, 1141090, 622486, 1250076, 1726171, 1278242, 1039459, 1092326, 'Back']
[1096130, 2115453, 1409586, 230718, 1396330, 1092217, -359091, 422688, 1043376, 1141176, 622889, 1250724, 1730595, 1280381, 1041368, 1093934, 'Back']
[1095765, 2115052, 1412585, 230497, 1396607, 1090834, -360311, 421391, 1043697, 1141346, 621329, 1249729, 1725419, 1278353, 1039215, 1092906, 'Back']
[1095938, 2115168, 1409889, 230628, 1396125, 1092685, -359313, 422227, 1043414, 1141172, 624431, 1251460, 1731908, 1280478, 1042104, 1093527, 'Back']
[1095295, 2114463, 1412226, 230108, 1396796, 1090721, -357941, 421724, 1043315, 1140938, 619809, 1248376, 1724436, 1278556, 1038973, 1093490, 'Back']
[1095568, 2114483, 1409629, 230516, 1396640, 1092198, -358017, 421674, 1043180, 1140801, 625224, 1251393, 1732365, 1280556, 1042533, 1092913, 'Back']
[1094905, 2113900, 1411785, 229637, 1396867, 1090488, -360236, 422086, 1043084, 1140534, 618093, 1247114, 1723148, 1278178, 1038129, 1093282, 'Back']
[1095213, 2114228, 1409937, 230491, 1395850, 1092399, -358754, 422569, 1042418, 1139944, 626377, 1251564, 1733652, 1279819, 1043650, 1093492, 'Back']
[1095170, 2114495, 1411226, 229618, 1396266, 1090660, -360979, 421368, 1043242, 1140669, 617230, 1246726, 1723071, 1278439, 1038616, 1094236, 'Back']
[1095188, 2114602, 1410544, 230823, 1395660, 1092577, -358798, 422433, 1042746, 1140101, 627095, 1251886, 1733208, 1279613, 1042845, 1092551, 'Back']
[1095079, 2114684, 1411295, 229820, 1395947, 1090821, -359949, 422581, 1043038, 1140615, 616817, 1246437, 1723096, 1278795, 1038410, 1094754, 'Back']
[1095546, 2115085, 1411224, 231259, 1395820, 1092895, -359891, 422792, 1042854, 1140491, 627594, 1252087, 1733315, 1279518, 1043044, 1092544, 'Back']
[1095525, 2114778, 1411024, 229679, 1396605, 1090773, -358459, 421075, 1043179, 1140970, 616717, 1246359, 1723302, 1279455, 1038005, 1094448, 'Back']
[1095136, 2114287, 1411840, 231003, 1396275, 1092323, -359174, 423496, 1042620, 1140115, 627537, 1251960, 1732551, 1279062, 1042331, 1091901, 'Back']
[1095786, 2114995, 1410730, 229747, 1396710, 1091003, -359227, 421641, 1042751, 1140894, 616572, 1246732, 1724482, 1279199, 1039044, 1095424, 'Back']
[1095681, 2114813, 1412402, 230940, 1396377, 1092479, -360360, 422347, 1042929, 1140612, 627082, 1252460, 1731652, 1278775, 1041911, 1091891, 'Back']
[1096223, 2115374, 1410684, 229495, 1396648, 1091457, -358862, 422407, 1043127, 1141187, 617426, 1247476, 1724854, 1279665, 1038761, 1095016, 'Back']
[1095809, 2115413, 1412688, 230665, 1396221, 1092580, -358814, 422909, 1042998, 1140799, 626706, 1251960, 1730155, 1278584, 1040967, 1091650, 'Back']
[1095946, 2116026, 1409880, 229651, 1396535, 1091964, -359198, 422184, 1042708, 1141080, 618268, 1247733, 1725650, 1280133, 1039332, 1095024, 'Back']
[1094797, 2115335, 1411872, 230028, 1396086, 1091643, -361023, 421042, 1042092, 1139898, 625419, 1250959, 1729215, 1278261, 1040577, 1091995, 'Back']
[1095783, 2116643, 1409295, 229320, 1396799, 1091530, -359285, 420708, 1042178, 1140259, 618628, 1247540, 1727199, 1279995, 1039779, 1094822, 'Back']
[1095791, 2116965, 1412625, 230522, 1396952, 1091994, -359479, 421303, 1042725, 1140557, 623999, 1249955, 1727668, 1278448, 1039474, 1091910, 'Back']
[1096473, 2117682, 1409825, 229629, 1397257, 1092311, -359775, 421303, 1042802, 1141145, 620633, 1248614, 1728479, 1280611, 1040113, 1094339, 'Back']
[1096132, 2117229, 1413318, 229886, 1397681, 1091449, -360821, 421068, 1042956, 1140847, 623078, 1249480, 1726414, 1278335, 1038848, 1091842, 'Back']
[1096578, 2117557, 1410398, 229349, 1396901, 1092599, -358906, 421433, 1042794, 1140967, 621935, 1249365, 1729911, 1280505, 1040585, 1093820, 'Back']
[1095901, 2116802, 1413538, 228937, 1396911, 1090989, -361327, 420652, 1042858, 1140786, 621134, 1248657, 1725349, 1278082, 1038137, 1092132, 'Back']
[1096428, 2117215, 1410823, 228991, 1396989, 1092198, -360177, 421154, 1042258, 1140425, 623212, 1250102, 1731478, 1280055, 1040998, 1093500, 'Back']
[1095822, 2116487, 1413776, 228863, 1397262, 1090756, -361411, 420922, 1042792, 1140870, 619904, 1248227, 1724388, 1278207, 1037707, 1092419, 'Back']
[1096524, 2117133, 1410758, 229395, 1396701, 1092511, -361134, 420887, 1042147, 1140355, 624505, 1251025, 1732300, 1280095, 1041611, 1093230, 'Back']
[1095694, 2116521, 1413362, 228856, 1397563, 1090728, -360675, 420110, 1042845, 1140859, 618518, 1247823, 1723443, 1278073, 1037371, 1093013, 'Back']
[1095803, 2116603, 1410889, 229458, 1397134, 1092205, -361245, 421737, 1042121, 1140314, 625597, 1251739, 1732780, 1279613, 1041905, 1092908, 'Back']
[1095757, 2116669, 1412555, 228800, 1397107, 1090580, -362037, 420468, 1042501, 1140723, 617284, 1247445, 1722889, 1277883, 1037115, 1093427, 'Back']
[1095960, 2116743, 1411233, 229704, 1396267, 1092699, -359109, 422787, 1042090, 1140435, 626757, 1253025, 1733364, 1279631, 1042310, 1092699, 'Back']
[1095900, 2116454, 1412082, 228343, 1396807, 1090189, -361390, 420698, 1042534, 1140769, 616956, 1247697, 1723131, 1278314, 1037834, 1094163, 'Back']
[1096046, 2116425, 1411706, 229636, 1396471, 1091977, -360689, 421581, 1042384, 1140365, 627076, 1253078, 1732867, 1279179, 1041846, 1091704, 'Back']
[1096343, 2116692, 1412506, 228865, 1397071, 1090371, -360796, 422060, 1042677, 1140770, 616683, 1247758, 1723237, 1278713, 1037546, 1094215, 'Back']
[1096128, 2116271, 1412330, 229955, 1396537, 1091574, -362068, 420744, 1042722, 1140658, 627733, 1253561, 1732797, 1278765, 1041448, 1091442, 'Back']
[1096508, 2116319, 1411640, 228937, 1397431, 1090289, -359936, 421686, 1042825, 1140748, 617069, 1247793, 1723577, 1278553, 1037222, 1094156, 'Back']
[1095755, 2115368, 1412130, 229750, 1396531, 1091032, -361160, 421572, 1042439, 1140020, 628109, 1253333, 1732208, 1278355, 1041359, 1091502, 'Back']
[1096320, 2116034, 1410558, 228830, 1397132, 1090147, -361458, 420858, 1042476, 1140317, 617049, 1247719, 1724265, 1278545, 1037628, 1094027, 'Back']
[1095813, 2115588, 1412436, 230132, 1396631, 1091698, -359682, 422261, 1042659, 1140362, 626936, 1252913, 1730788, 1278177, 1040638, 1090829, 'Back']
[1096393, 2116138, 1409795, 229003, 1396717, 1090747, -360384, 422321, 1042469, 1140766, 617590, 1248060, 1725394, 1279664, 1038720, 1094280, 'Back']
[1095451, 2115292, 1411964, 229432, 1396622, 1090638, -360842, 422174, 1042277, 1140131, 625579, 1251859, 1729143, 1277651, 1039732, 1090427, 'Back']
[1095863, 2115770, 1409731, 228284, 1396071, 1090372, -360370, 421860, 1042092, 1140138, 618411, 1248298, 1726258, 1278785, 1038697, 1093648, 'Back']
[1095782, 2115775, 1412509, 229346, 1396474, 1090623, -360158, 422481, 1042107, 1139883, 624890, 1251454, 1728781, 1277176, 1039996, 1091171, 'Back']
[1096087, 2116033, 1409507, 228631, 1396138, 1090615, -361199, 421868, 1042261, 1140349, 619954, 1249271, 1727850, 1279148, 1039461, 1093300, 'Back']
[1095456, 2115309, 1412810, 229136, 1396280, 1090156, -360739, 421809, 1042299, 1139884, 623640, 1250736, 1727171, 1277152, 1039109, 1091033, 'Back']
[1096105, 2115742, 1409903, 228857, 1396574, 1090824, -360236, 421818, 1041803, 1139763, 621433, 1249584, 1729585, 1279063, 1040466, 1093306, 'Back']
[1095823, 2115232, 1413508, 229426, 1397356, 1090012, -359890, 421430, 1042495, 1140260, 622625, 1250150, 1726131, 1277340, 1038950, 1091596, 'Back']
[1096216, 2115455, 1410565, 229610, 1396712, 1091625, -359839, 423195, 1042301, 1140430, 623525, 1251181, 1730581, 1279799, 1041026, 1092998, 'Back']
[1095294, 2114741, 1413101, 229473, 1397369, 1090202, -359447, 422551, 1042079, 1140000, 621425, 1249719, 1725071, 1277326, 1038787, 1092321, 'Back']
[1095941, 2115559, 1409903, 230119, 1396818, 1092139, -359747, 422801, 1041921, 1140028, 624515, 1251427, 1731665, 1279178, 1041866, 1092887, 'Back']
[1095218, 2115214, 1412581, 229479, 1396623, 1090399, -360715, 421734, 1042129, 1140159, 619640, 1248563, 1723450, 1277628, 1037903, 1092599, 'Back']
[1096131, 2116291, 1410264, 230362, 1396465, 1092917, -358720, 422999, 1041936, 1140127, 625517, 1252021, 1731977, 1279583, 1041823, 1092724, 'Back']
[1095627, 2115928, 1412388, 229478, 1396582, 1090890, -360418, 422333, 1042551, 1140499, 618704, 1248374, 1722620, 1278271, 1037650, 1093512, 'Back']
[1096148, 2116383, 1410703, 230258, 1396538, 1092813, -358615, 423103, 1041999, 1140201, 626766, 1252716, 1732402, 1279571, 1042133, 1092588, 'Back']
[1095950, 2116125, 1412137, 228974, 1396743, 1090203, -361240, 421490, 1042720, 1140776, 617775, 1247896, 1722259, 1278358, 1037434, 1093289, 'Back']
[1095692, 2115643, 1411160, 229741, 1395924, 1091809, -359690, 421483, 1041882, 1139622, 627592, 1252832, 1732644, 1279164, 1042007, 1091322, 'Back']
[1095305, 2115094, 1411919, 228455, 1396483, 1090255, -360224, 422144, 1042199, 1139746, 616988, 1247141, 1722617, 1277658, 1037582, 1093167, 'Back']
[1095539, 2115118, 1411834, 229968, 1396300, 1092131, -359079, 421948, 1041653, 1138972, 627777, 1252708, 1733026, 1278000, 1042525, 1091232, 'Back']
[1095927, 2115553, 1412090, 229049, 1397328, 1090725, -358325, 421783, 1042398, 1139899, 617255, 1247304, 1723498, 1278183, 1038512, 1093840, 'Back']
[1096150, 2115898, 1412767, 230635, 1396716, 1092732, -359514, 423161, 1042482, 1139830, 628198, 1253366, 1732637, 1278463, 1042695, 1091397, 'Back']
[1095573, 2115471, 1411439, 228557, 1396692, 1090648, -359756, 422490, 1042501, 1139982, 617166, 1247765, 1724069, 1278496, 1038547, 1094163, 'Back']
[1095578, 2115654, 1412836, 230008, 1396317, 1091853, -358372, 422260, 1042000, 1139152, 627306, 1252575, 1731594, 1277372, 1041857, 1091288, 'Back']
[1095502, 2115745, 1411145, 228684, 1396162, 1090747, -360137, 421297, 1042139, 1139844, 617384, 1247835, 1724969, 1278929, 1038626, 1094327, 'Back']
[1095012, 2115417, 1412695, 229572, 1395882, 1091838, -359253, 421416, 1041843, 1139384, 626250, 1252168, 1730434, 1277299, 1040748, 1090869, 'Back']
[1095635, 2115966, 1410017, 228406, 1395732, 1091439, -359471, 421974, 1041789, 1139752, 617704, 1247909, 1726022, 1278623, 1038393, 1093649, 'Back']
[1095229, 2115465, 1412699, 229261, 1395762, 1091325, -359411, 422145, 1042002, 1139567, 624838, 1251572, 1728874, 1276984, 1039406, 1090430, 'Back']
[1095562, 2115622, 1409446, 228092, 1395470, 1090825, -359390, 421291, 1041723, 1139595, 618529, 1248314, 1727018, 1278462, 1038493, 1092758, 'Back']
[1095144, 2115007, 1412662, 228962, 1396135, 1090645, -359522, 422370, 1041971, 1139379, 623413, 1250497, 1727203, 1276479, 1038245, 1089780, 'Back']
[1095239, 2114847, 1409970, 228176, 1396198, 1090894, -358622, 422296, 1041645, 1139389, 620042, 1249115, 1728095, 1278568, 1038885, 1092227, 'Back']
[1094045, 2113751, 1412564, 228249, 1395475, 1089477, -362582, 420567, 1041438, 1138632, 621965, 1249420, 1725704, 1276018, 1037583, 1089963, 'Back']
[1095035, 2114804, 1409637, 228876, 1395873, 1091485, -357803, 423210, 1040986, 1138563, 621206, 1249050, 1729503, 1278100, 1039478, 1092042, 'Back']
[1094043, 2113856, 1412925, 228781, 1396182, 1090080, -359331, 421984, 1041574, 1138862, 620697, 1248683, 1724765, 1276262, 1037596, 1090962, 'Back']
[1094850, 2114647, 1409842, 229254, 1396014, 1091516, -357999, 422965, 1041058, 1138644, 622830, 1250208, 1730841, 1278082, 1040409, 1091989, 'Back']
[1094258, 2114138, 1412915, 228919, 1395922, 1089874, -358952, 422828, 1041411, 1138841, 619403, 1248330, 1723769, 1276312, 1037269, 1091408, 'Back']
[1095037, 2114972, 1410607, 229620, 1395667, 1091952, -359393, 424221, 1041206, 1138853, 624453, 1251507, 1731800, 1278432, 1040928, 1092102, 'Back']
[1094454, 2114506, 1413260, 229126, 1396473, 1090028, -359701, 422469, 1041773, 1139459, 618302, 1248200, 1722887, 1276894, 1036535, 1092108, 'Back']
[1094716, 2114597, 1411136, 229726, 1395524, 1091721, -360465, 423805, 1040976, 1138814, 625575, 1252258, 1732598, 1278620, 1041145, 1091837, 'Back']
[1094683, 2114575, 1412695, 228876, 1396210, 1090018, -359498, 422520, 1041455, 1139223, 617239, 1247684, 1722974, 1276733, 1036572, 1092810, 'Back']
[1095360, 2115090, 1410977, 230048, 1396264, 1092473, -357995, 423575, 1041602, 1139293, 626413, 1252572, 1732581, 1278156, 1040855, 1090906, 'Back']
[1094616, 2114425, 1412294, 228992, 1396389, 1090381, -359095, 423381, 1042037, 1139658, 616638, 1247380, 1721581, 1277201, 1035653, 1091991, 'Back']
