[879007, 2225219, -1643384, -779218, -50546, 820992, -98724, -671796, 1049000, 873413, -1235702, -89262, 932303, 661771, -1155181, -721510, 'Back']
[866962, 2211734, -1624341, -762737, -16802, 835516, -106102, -675788, 1063635, 886014, -1227674, -242544, 898844, 624086, -1217201, -812961, 'Back']
[876765, 2222776, -1642000, -769156, -47233, 824551, -101674, -674125, 1047713, 872536, -1233262, -90630, 937511, 663473, -1149715, -723560, 'Back']
[869775, 2214083, -1624868, -773293, -20253, 831526, -102986, -673988, 1065033, 886713, -1228285, -238456, 895055, 622615, -1222432, -809364, 'Back']
[873955, 2219310, -1640608, -758923, -42593, 828321, -103459, -676136, 1047457, 871816, -1230827, -98149, 941806, 663949, -1146446, -729422, 'Back']
[872143, 2216278, -1627212, -783426, -24955, 827488, -101355, -672178, 1065297, 886366, -1229989, -228427, 892943, 622820, -1224523, -801850, 'Back']
[871046, 2216023, -1639614, -749654, -37572, 831619, -106060, -678462, 1046691, 871367, -1229668, -109951, 942988, 662822, -1146321, -736778, 'Back']
[874939, 2218919, -1630044, -792998, -30448, 822718, -99262, -669716, 1065042, 885736, -1232130, -214632, 892083, 623907, -1223894, -792549, 'Back']
[868529, 2213088, -1637721, -741646, -32754, 834479, -108893, -679792, 1047327, 872055, -1227988, -126684, 942893, 660090, -1148677, -747883, 'Back']
[878000, 2222166, -1632342, -799398, -36065, 819533, -97166, -668628, 1064247, 885713, -1233422, -196949, 893370, 627294, -1219881, -781187, 'Back']
[867305, 2211623, -1634319, -734218, -26902, 838491, -109792, -680584, 1048872, 874162, -1225918, -145210, 940644, 657146, -1152939, -759082, 'Back']
[880580, 2224773, -1634399, -803452, -41175, 817075, -96806, -667481, 1063031, 885019, -1234097, -176707, 896258, 632207, -1212591, -768726, 'Back']
[865672, 2209524, -1631129, -729762, -21154, 841597, -110708, -680928, 1051185, 876192, -1223798, -165536, 937184, 652616, -1159186, -771546, 'Back']
[882124, 2226327, -1636704, -805545, -44915, 815790, -95255, -666570, 1061107, 883524, -1234928, -155742, 901260, 637253, -1203124, -756403, 'Back']
[863326, 2206690, -1629724, -728510, -17090, 843062, -112657, -682119, 1052798, 877365, -1223619, -186067, 932352, 647097, -1167646, -783594, 'Back']
[882479, 2226541, -1640264, -805273, -49264, 814317, -95464, -667304, 1058101, 880651, -1236793, -135541, 906277, 642133, -1193909, -743998, 'Back']
[862999, 2206163, -1627800, -730511, -13818, 843296, -111982, -681919, 1054800, 879085, -1223952, -204612, 925749, 641479, -1178182, -793057, 'Back']
[882881, 2227287, -1641946, -802360, -51548, 814488, -96190, -667847, 1056370, 879149, -1236606, -117779, 913064, 647862, -1183654, -733895, 'Back']
[862163, 2205298, -1626094, -734749, -12452, 843191, -112272, -682612, 1057395, 881062, -1223820, -220916, 919021, 636157, -1189066, -802063, 'Back']
[881955, 2226477, -1643342, -796728, -52835, 815235, -96446, -668554, 1053165, 876398, -1236781, -102862, 919578, 653018, -1173708, -725066, 'Back']
[863703, 2206754, -1624210, -741571, -11281, 841844, -110534, -678811, 1059750, 882916, -1224340, -233320, 912560, 631290, -1199316, -807764, 'Back']
[880793, 2225282, -1643413, -789050, -52036, 817885, -98480, -670279, 1051709, 875238, -1235395, -94129, 927054, 657965, -1164266, -721358, 'Back']
[864979, 2207693, -1623799, -750430, -12572, 839196, -109007, -678338, 1062075, 884163, -1225368, -241437, 906282, 626810, -1208870, -811688, 'Back']
[878912, 2223058, -1643337, -779573, -50572, 820094, -101252, -672803, 1049454, 872939, -1234626, -89771, 932843, 660811, -1156137, -719825, 'Back']
[867236, 2209759, -1623342, -759732, -15018, 836109, -107210, -676757, 1063784, 885519, -1226186, -243288, 900474, 624207, -1216035, -811032, 'Back']
[877545, 2221658, -1641573, -768838, -46340, 824200, -101609, -673799, 1048036, 872333, -1232704, -90097, 938229, 663660, -1149045, -720578, 'Back']
[869952, 2212870, -1624224, -769842, -18324, 832694, -105006, -674549, 1065103, 887017, -1227298, -239399, 896816, 623183, -1220150, -807323, 'Back']
[874784, 2219054, -1640869, -758777, -42379, 827817, -104527, -676395, 1047094, 871974, -1231149, -96259, 941774, 664470, -1145456, -725288, 'Back']
[871981, 2215089, -1626817, -780448, -23253, 828995, -102686, -672541, 1065697, 887249, -1229357, -230373, 893840, 623140, -1222929, -800610, 'Back']
[872067, 2216212, -1639540, -749284, -37341, 832017, -106722, -678526, 1046925, 871987, -1229664, -107452, 943499, 663510, -1144864, -732602, 'Back']
[874292, 2217453, -1629600, -790006, -28891, 824985, -101302, -670563, 1065166, 886718, -1231454, -216652, 892793, 624472, -1222836, -791293, 'Back']
[868851, 2212471, -1637829, -741190, -31867, 835644, -108830, -679594, 1047287, 872287, -1227982, -123331, 943548, 661024, -1147005, -742731, 'Back']
[876878, 2219881, -1632072, -797605, -34306, 821047, -99691, -669584, 1064198, 885349, -1233386, -199288, 893488, 627122, -1219459, -779826, 'Back']
[866535, 2209726, -1635120, -734654, -26718, 839044, -110711, -681315, 1048244, 872985, -1226617, -142018, 941776, 657537, -1151615, -754438, 'Back']
[879230, 2222278, -1634361, -803052, -39658, 818247, -96630, -668821, 1063291, 884484, -1234448, -179519, 896389, 631128, -1213457, -768058, 'Back']
[864201, 2207181, -1632497, -730596, -21802, 840874, -112371, -682784, 1050013, 874455, -1225341, -162087, 938216, 652808, -1158460, -766937, 'Back']
[880441, 2223696, -1637246, -806095, -44604, 815338, -96486, -668559, 1060711, 882193, -1236251, -158162, 900350, 635839, -1205969, -754959, 'Back']
[862832, 2205601, -1629681, -729119, -17086, 842561, -112496, -683145, 1051790, 875829, -1224737, -182237, 932953, 647692, -1167525, -778365, 'Back']
[882147, 2225640, -1639158, -805905, -48374, 814314, -96141, -667744, 1058681, 880697, -1236533, -137575, 906033, 641492, -1196197, -742791, 'Back']
[862335, 2204890, -1627405, -730196, -14149, 843515, -112742, -682194, 1054361, 878509, -1223722, -201394, 927283, 642402, -1176932, -789323, 'Back']
[882859, 2226497, -1641223, -803245, -51096, 814352, -96190, -668245, 1055999, 878678, -1236850, -118975, 912289, 646910, -1185588, -731946, 'Back']
[863009, 2205327, -1625231, -734306, -12035, 843517, -112203, -681817, 1057331, 881023, -1223191, -218209, 920564, 636941, -1187405, -798470, 'Back']
[882834, 2226294, -1642176, -797751, -52076, 815634, -96697, -668584, 1054254, 877370, -1235937, -104308, 919325, 652599, -1174757, -724347, 'Back']
[863617, 2205491, -1624255, -740191, -11425, 842159, -111510, -681094, 1059799, 882985, -1223616, -230882, 913785, 631967, -1197169, -804913, 'Back']
[882122, 2225528, -1642742, -789554, -51653, 817757, -97402, -669667, 1051805, 875461, -1235557, -93208, 925952, 657072, -1164770, -718276, 'Back']
[865136, 2207029, -1623162, -747913, -11739, 840391, -109413, -678408, 1062363, 885067, -1223996, -238971, 907768, 628074, -1205682, -808390, 'Back']
[879565, 2222913, -1642895, -780435, -50235, 820314, -100545, -672092, 1049866, 873762, -1234307, -87865, 932324, 660760, -1155698, -716225, 'Back']
[866203, 2207941, -1623378, -758071, -14022, 836678, -107598, -676936, 1063493, 885509, -1226041, -241625, 901404, 624496, -1213419, -808293, 'Back']
[877009, 2220184, -1642042, -770704, -46548, 823750, -101593, -673413, 1047679, 871797, -1233671, -88081, 937056, 662682, -1148848, -717124, 'Back']
[868058, 2209949, -1624166, -768458, -17178, 833296, -105269, -674631, 1064463, 886066, -1227904, -239471, 896863, 622710, -1218145, -805676, 'Back']
[873852, 2217041, -1640935, -760798, -42702, 827352, -104330, -675720, 1046602, 871034, -1232269, -94373, 940662, 663411, -1144804, -722170, 'Back']
[869834, 2211806, -1626194, -779342, -22519, 829117, -103926, -673566, 1064361, 885732, -1230226, -231469, 893567, 622005, -1221482, -799336, 'Back']
[870926, 2213863, -1639170, -751339, -38238, 831316, -107206, -678041, 1045999, 870511, -1230780, -104825, 942658, 662956, -1144120, -728542, 'Back']
[872817, 2214826, -1627975, -788773, -27698, 825577, -101153, -672130, 1064894, 885920, -1231465, -218705, 892618, 623690, -1222059, -790257, 'Back']
[867717, 2210452, -1637012, -742512, -32989, 835081, -108241, -679312, 1046413, 871013, -1228757, -120142, 943499, 661104, -1145734, -738549, 'Back']
[874800, 2216882, -1630462, -796292, -33300, 821814, -99550, -669655, 1063582, 884540, -1233507, -201918, 893268, 626006, -1219560, -779189, 'Back']
[864903, 2207349, -1634342, -735558, -27289, 838371, -110434, -680746, 1047122, 871633, -1227369, -138538, 942221, 657670, -1150177, -749839, 'Back']
[876623, 2218847, -1632829, -802183, -38229, 818646, -96987, -668082, 1062325, 883482, -1234907, -182901, 895767, 630231, -1213941, -767615, 'Back']
[862045, 2204069, -1631816, -731265, -22379, 840519, -112386, -681857, 1048357, 872716, -1226310, -159361, 938869, 653407, -1156459, -762676, 'Back']
[877943, 2220093, -1635078, -805571, -43286, 816271, -96086, -667495, 1060326, 881181, -1236304, -162897, 899755, 634592, -1206331, -755744, 'Back']
[859850, 2201387, -1628899, -729099, -17535, 842859, -112626, -682223, 1050515, 873937, -1225201, -180761, 933985, 648387, -1164673, -775983, 'Back']
[878179, 2220266, -1637794, -806495, -47231, 814704, -95931, -667646, 1057557, 878488, -1237641, -143052, 904491, 640152, -1196876, -744114, 'Back']
[858208, 2199260, -1627335, -730895, -14385, 843153, -113796, -682917, 1052313, 875030, -1225410, -200619, 927814, 642394, -1174667, -787028, 'Back']
[877766, 2219674, -1640933, -805067, -50692, 813547, -96839, -669206, 1054778, 875534, -1238558, -124650, 910352, 644804, -1187317, -733448, 'Back']
[857875, 2198627, -1625653, -734519, -11740, 842331, -113170, -681455, 1054973, 876803, -1225279, -218469, 920818, 636276, -1185733, -796909, 'Back']
[876987, 2219068, -1642592, -799765, -51873, 814116, -97109, -669002, 1052258, 873623, -1238420, -109849, 917221, 650142, -1176529, -725727, 'Back']
[857557, 2198157, -1624919, -740132, -11256, 841390, -111665, -680687, 1056858, 878716, -1226137, -232370, 913750, 631369, -1195526, -804149, 'Back']
[875389, 2217490, -1644053, -792812, -52503, 815549, -98790, -670957, 1049134, 871230, -1238733, -98286, 923384, 654876, -1166518, -719066, 'Back']
[857947, 2198649, -1624837, -748456, -12532, 838601, -111121, -679919, 1058306, 880009, -1227719, -241116, 906756, 626561, -1205033, -807202, 'Back']
[873650, 2215878, -1644413, -783821, -51170, 817968, -100299, -672413, 1046493, 869555, -1238125, -91595, 929401, 658031, -1157568, -715166, 'Back']
[859936, 2200619, -1624899, -758051, -14189, 835722, -109399, -678119, 1060603, 881855, -1228446, -245127, 900956, 623084, -1212644, -808081, 'Back']
[870991, 2213178, -1644156, -774289, -48017, 821313, -102404, -674339, 1045063, 868410, -1236718, -91632, 934870, 660644, -1150682, -716786, 'Back']
[861412, 2202107, -1626176, -768744, -17438, 832117, -106567, -675930, 1061191, 881880, -1230822, -243875, 896164, 620540, -1218414, -805808, 'Back']
[868171, 2210286, -1643315, -764063, -44194, 825475, -104908, -675588, 1043843, 867317, -1235518, -96659, 939147, 661484, -1146222, -720615, 'Back']
[864027, 2204940, -1627753, -778739, -21902, 829198, -103866, -673516, 1061883, 882411, -1232769, -237009, 892560, 620593, -1222030, -800345, 'Back']
[865439, 2207524, -1641949, -753960, -39555, 829743, -106934, -678700, 1043230, 867184, -1233999, -106577, 941274, 661785, -1144404, -727326, 'Back']
[866842, 2207845, -1629994, -788470, -27152, 825105, -102268, -672653, 1061971, 882128, -1234488, -224792, 890965, 621367, -1222660, -791664, 'Back']
[863772, 2205538, -1639199, -744803, -33875, 833754, -109042, -680096, 1044124, 867903, -1231735, -121031, 942028, 659573, -1145875, -736753, 'Back']
[869904, 2210886, -1632043, -796124, -32728, 821587, -99881, -670772, 1061711, 881852, -1235853, -208927, 891632, 624071, -1220459, -781629, 'Back']
[861162, 2202519, -1636646, -737108, -28760, 836639, -111336, -682270, 1045129, 868652, -1230014, -139330, 941197, 656765, -1149731, -748518, 'Back']
[872243, 2213546, -1634076, -801429, -38304, 818070, -99234, -670301, 1060526, 880598, -1237371, -189737, 893993, 627604, -1215664, -769431, 'Back']
[859753, 2201131, -1633270, -731274, -23391, 839571, -112534, -682857, 1046562, 870180, -1228546, -158294, 938402, 652424, -1155552, -759223, 'Back']
[875829, 2217456, -1635573, -804624, -42515, 815428, -97141, -668929, 1059589, 880183, -1237663, -168284, 898091, 632428, -1207769, -755840, 'Back']
[859081, 2200252, -1629973, -728781, -18298, 841261, -113432, -683329, 1049492, 873036, -1226436, -178701, 934530, 647801, -1163363, -771512, 'Back']
[877272, 2218946, -1638293, -805588, -46696, 814001, -96456, -668772, 1057721, 878191, -1238316, -147777, 903529, 637860, -1198601, -743614, 'Back']
[858655, 2199476, -1628132, -729008, -14073, 842739, -113341, -683480, 1052174, 874885, -1225712, -198712, 928686, 642275, -1172795, -782720, 'Back']
[878243, 2219939, -1640990, -803885, -49703, 813657, -97029, -669129, 1055576, 876408, -1238719, -129059, 909542, 643468, -1188267, -732995, 'Back']
[858495, 2199121, -1626702, -731835, -12098, 842355, -114487, -683742, 1054359, 876640, -1225871, -216374, 922033, 636610, -1183719, -792561, 'Back']
[878789, 2220772, -1642352, -798586, -51497, 814135, -97237, -669658, 1052943, 874483, -1238674, -112154, 916140, 648765, -1178249, -723412, 'Back']
[859780, 2200427, -1624395, -736696, -10571, 841975, -112338, -681950, 1057575, 879501, -1225341, -229706, 915858, 631973, -1193291, -799387, 'Back']
[879207, 2221334, -1642588, -791533, -51726, 815853, -98550, -671135, 1051396, 873452, -1237537, -98967, 923524, 653950, -1167455, -716339, 'Back']
[861451, 2201996, -1623598, -744355, -11185, 839551, -111492, -680816, 1060598, 881895, -1225584, -239115, 909430, 627540, -1202873, -804198, 'Back']
[877618, 2219567, -1643499, -782974, -50809, 817883, -100829, -672705, 1049272, 871522, -1236736, -91261, 929769, 658163, -1158680, -712708, 'Back']
[863758, 2203943, -1623642, -753871, -12725, 836429, -109338, -678518, 1062793, 883273, -1226736, -243665, 903434, 624047, -1211109, -805251, 'Back']
[875827, 2217533, -1643368, -773504, -47936, 820758, -102912, -674727, 1047925, 870333, -1235402, -89909, 935482, 660783, -1151232, -713150, 'Back']
[865766, 2205900, -1624871, -764458, -16280, 832763, -108044, -677534, 1063796, 883828, -1228664, -243004, 898126, 621505, -1217178, -803246, 'Back']
[873776, 2215241, -1641960, -763295, -44191, 824454, -105300, -676685, 1046836, 869634, -1233648, -93724, 939850, 661821, -1146220, -716199, 'Back']
[868848, 2208981, -1625441, -774062, -19965, 829199, -105212, -675204, 1064870, 884786, -1229796, -236318, 895119, 620957, -1220573, -797545, 'Back']
[871747, 2212909, -1639941, -752381, -39200, 828804, -107481, -678643, 1046389, 869551, -1231537, -101966, 943150, 662382, -1143458, -721727, 'Back']
[872356, 2212426, -1626926, -783444, -24541, 825989, -102238, -672416, 1065753, 885652, -1230664, -224915, 893700, 622100, -1221267, -789856, 'Back']
[869213, 2210030, -1637949, -743266, -33481, 832859, -109331, -680229, 1046895, 870416, -1229170, -115875, 944881, 661272, -1143389, -731498, 'Back']
[875031, 2215244, -1629905, -792149, -30152, 822073, -101572, -671734, 1064595, 884559, -1232854, -209103, 893735, 624606, -1219579, -779378, 'Back']
[866699, 2207373, -1635993, -736372, -28073, 836086, -111915, -682200, 1047629, 871188, -1227388, -133190, 943607, 658661, -1147626, -742264, 'Back']
[877602, 2217978, -1632547, -799500, -35760, 818752, -99058, -669966, 1063443, 883350, -1234223, -190647, 895316, 627788, -1215886, -767535, 'Back']
[865045, 2205419, -1632941, -731430, -22642, 839386, -112574, -683103, 1049169, 872572, -1225239, -152758, 940988, 654318, -1153866, -754228, 'Back']
[880155, 2220555, -1634943, -803737, -40382, 816421, -97643, -668976, 1061898, 882232, -1234558, -169898, 898961, 632419, -1209219, -755107, 'Back']
[862962, 2202881, -1630976, -728711, -17939, 841411, -114243, -684659, 1051032, 874382, -1223427, -173513, 936617, 649454, -1162111, -767100, 'Back']
[881427, 2221792, -1637828, -805181, -45297, 814437, -97494, -668939, 1059505, 880221, -1235190, -149305, 903248, 637324, -1201415, -742986, 'Back']
[861957, 2201517, -1628580, -728030, -14754, 842239, -114972, -684349, 1052828, 875737, -1222609, -193660, 930942, 643877, -1172500, -778553, 'Back']
[882211, 2222635, -1639732, -803086, -48556, 813610, -97447, -668928, 1057432, 878468, -1234957, -130303, 909615, 643088, -1191948, -731968, 'Back']
[861697, 2201052, -1626068, -729772, -11400, 842958, -114173, -683614, 1055500, 878110, -1221921, -211984, 924731, 638655, -1183025, -788876, 'Back']
[882077, 2222765, -1640845, -797888, -50001, 814829, -96855, -669429, 1054993, 876777, -1234751, -113623, 916608, 649086, -1181062, -723051, 'Back']
[862733, 2202156, -1623389, -733926, -9013, 842787, -111716, -681459, 1058373, 880915, -1221490, -226738, 918546, 634183, -1192431, -796771, 'Back']
[881342, 2221911, -1642136, -791900, -50608, 815360, -97906, -670643, 1052795, 875211, -1233999, -100859, 923969, 654404, -1169989, -716167, 'Back']
[863815, 2202567, -1623603, -742765, -10321, 839530, -112270, -680908, 1060395, 882045, -1222628, -237988, 911680, 628624, -1202536, -802131, 'Back']
[880560, 2220828, -1643185, -784393, -50116, 817287, -100427, -672107, 1050694, 873502, -1233229, -93534, 930193, 658242, -1161343, -713037, 'Back']
[865376, 2203943, -1624010, -752024, -11860, 836967, -110383, -678861, 1062797, 884279, -1223455, -244499, 905231, 625404, -1210823, -804853, 'Back']
[878159, 2218196, -1643727, -774971, -47777, 819883, -103073, -674178, 1048545, 871848, -1232507, -91308, 935562, 661261, -1153477, -712400, 'Back']
[867611, 2206072, -1624870, -761962, -14449, 833017, -108283, -677015, 1064037, 884965, -1225249, -244605, 899846, 623039, -1217456, -803199, 'Back']
[875649, 2215544, -1643349, -764400, -44092, 822998, -105083, -676746, 1047147, 870738, -1231344, -93438, 940238, 663131, -1148049, -714877, 'Back']
[869848, 2208493, -1626151, -772151, -18543, 829295, -105806, -675205, 1064829, 885788, -1227195, -238193, 896125, 622109, -1221472, -798091, 'Back']
[872656, 2212632, -1641186, -754275, -39469, 826818, -107194, -678213, 1046427, 870424, -1229695, -101007, 943160, 663313, -1144881, -720366, 'Back']
[871841, 2210608, -1627823, -782109, -23906, 825569, -105112, -673854, 1064480, 885106, -1229626, -227615, 893776, 622608, -1222876, -790218, 'Back']
[869679, 2209247, -1638667, -744816, -34340, 831011, -108958, -680435, 1046458, 870350, -1227839, -114095, 944771, 662034, -1144894, -728900, 'Back']
[874380, 2213225, -1629520, -790710, -29324, 821464, -102209, -671399, 1064226, 884451, -1231247, -212611, 893605, 624368, -1221351, -780001, 'Back']
[867933, 2207280, -1635666, -737172, -28885, 834374, -111682, -681138, 1047489, 871316, -1226056, -130532, 944220, 659604, -1147903, -739117, 'Back']
[877338, 2216127, -1631595, -797708, -34490, 818339, -100269, -669998, 1064033, 884257, -1232125, -194462, 895860, 628183, -1217256, -769143, 'Back']
[865129, 2203885, -1633338, -731370, -23441, 836974, -113270, -683251, 1048651, 872321, -1224523, -149434, 942329, 655616, -1152681, -750942, 'Back']
[880042, 2218868, -1634230, -802056, -39709, 815000, -99328, -669720, 1062252, 882484, -1233546, -173333, 898602, 631806, -1210571, -755496, 'Back']
[864353, 2203035, -1630474, -727585, -18299, 839831, -114753, -683362, 1051348, 874816, -1222499, -169510, 938367, 651139, -1160162, -762991, 'Back']
[881296, 2220710, -1637122, -803619, -44318, 814126, -97893, -669746, 1060585, 881546, -1233987, -152195, 903576, 637866, -1201751, -743310, 'Back']
[862573, 2201480, -1628666, -726980, -14526, 842149, -115015, -683291, 1053046, 876680, -1222076, -189245, 932681, 645993, -1169508, -774437, 'Back']
[881895, 2221757, -1639502, -802971, -47852, 813813, -97528, -668922, 1057865, 879540, -1234993, -132611, 909062, 643369, -1192168, -732011, 'Back']
[861920, 2200769, -1626396, -729290, -11327, 842636, -114240, -683107, 1055135, 878454, -1222057, -208398, 926227, 640456, -1179616, -785491, 'Back']
[881397, 2221283, -1641496, -799533, -50075, 813924, -98533, -669497, 1055155, 877183, -1235287, -115940, 915495, 648592, -1181677, -723104, 'Back']
[861904, 2200357, -1624425, -734007, -9392, 841830, -112974, -682218, 1057271, 879751, -1222507, -224263, 919321, 634558, -1190286, -793987, 'Back']
[880450, 2220135, -1642616, -793880, -50386, 814400, -98372, -670994, 1052150, 874460, -1235370, -102609, 922930, 653447, -1171478, -715684, 'Back']
[862117, 2200199, -1624192, -741870, -9643, 838859, -112916, -681591, 1059294, 880819, -1223534, -235780, 913122, 629245, -1200199, -799365, 'Back']
[879219, 2218749, -1643473, -786406, -50234, 815795, -101460, -673407, 1049995, 872166, -1234740, -93479, 929478, 656981, -1162704, -710844, 'Back']
[863984, 2201776, -1623567, -750880, -11292, 836665, -111209, -680668, 1061607, 882492, -1224142, -242298, 906937, 625320, -1209562, -801883, 'Back']
[877655, 2216986, -1642874, -776751, -48235, 818701, -103526, -675369, 1048353, 870756, -1233175, -89351, 935328, 660183, -1154997, -709274, 'Back']
[866673, 2204541, -1623285, -760046, -13800, 833752, -108873, -677415, 1063640, 884190, -1224906, -242653, 901599, 622923, -1216349, -800288, 'Back']
[875746, 2215143, -1641596, -765881, -44308, 822446, -104334, -676161, 1047519, 870514, -1230895, -90855, 940535, 662925, -1148232, -711150, 'Back']
[868637, 2206741, -1624694, -770010, -17500, 829890, -106531, -675619, 1064683, 884988, -1226239, -238396, 897571, 622104, -1220375, -796625, 'Back']
[873096, 2212432, -1640212, -755292, -39835, 826633, -106732, -678131, 1046608, 870204, -1229120, -98239, 943754, 663468, -1145082, -716814, 'Back']
[871254, 2209432, -1626403, -779821, -22535, 826158, -104130, -673822, 1064635, 885084, -1228188, -228241, 894685, 622467, -1222424, -789294, 'Back']
[870297, 2209331, -1638014, -745923, -34603, 830161, -108478, -679837, 1046666, 870051, -1227285, -110551, 944788, 662299, -1144653, -725140, 'Back']
[873884, 2212105, -1627994, -788494, -27242, 822356, -101719, -671435, 1064749, 884686, -1229808, -215367, 894063, 623839, -1221339, -781037, 'Back']
[867453, 2206185, -1635522, -737443, -28914, 834133, -111089, -681141, 1046966, 870341, -1225958, -127494, 945004, 659574, -1146506, -736310, 'Back']
[876055, 2214290, -1630676, -795696, -32747, 819006, -100630, -670777, 1063897, 883784, -1231560, -198039, 895777, 626966, -1217386, -770306, 'Back']
[864930, 2203348, -1633259, -731614, -23599, 836650, -113437, -682891, 1047923, 871297, -1224740, -146579, 942842, 655781, -1151547, -748314, 'Back']
[878512, 2216804, -1633020, -801087, -38072, 815452, -99433, -669670, 1062295, 882239, -1233041, -177984, 898362, 630852, -1211378, -758028, 'Back']
[863306, 2201362, -1629929, -727928, -18146, 839050, -113255, -682909, 1050143, 873159, -1223040, -167120, 939207, 651179, -1158241, -760885, 'Back']
[880043, 2218547, -1635607, -803582, -42745, 813518, -98245, -669034, 1060424, 880609, -1234218, -157228, 902912, 635889, -1202951, -745686, 'Back']
[861910, 2199856, -1627929, -726546, -14301, 840484, -114995, -683763, 1052360, 874926, -1222551, -187183, 934103, 645938, -1167531, -772714, 'Back']
[880883, 2219916, -1638655, -802726, -46936, 812121, -98695, -669421, 1058056, 878840, -1235141, -136087, 908595, 641831, -1193824, -733078, 'Back']
[861051, 2199200, -1626521, -728072, -11511, 841074, -115386, -683741, 1054476, 877373, -1222315, -205623, 927656, 640726, -1177842, -782417, 'Back']
[881059, 2220274, -1640854, -799230, -49280, 812330, -98341, -669756, 1055155, 876904, -1235683, -118283, 914501, 647510, -1183507, -722370, 'Back']
[861218, 2198942, -1624508, -732037, -9393, 840801, -114358, -682397, 1057032, 879513, -1222264, -221366, 920549, 635585, -1188115, -790861, 'Back']
[879907, 2219037, -1642517, -794211, -50495, 813152, -99733, -670549, 1052297, 874397, -1235737, -104251, 921260, 652591, -1173134, -714397, 'Back']
[861289, 2199021, -1624031, -739737, -9391, 838396, -114134, -682235, 1058751, 880474, -1223572, -234830, 913390, 630032, -1198521, -797009, 'Back']
[879553, 2218837, -1642377, -786638, -49563, 814269, -100479, -672637, 1050350, 872598, -1234842, -95681, 928226, 656452, -1163839, -710117, 'Back']
[863530, 2201133, -1622295, -747734, -9591, 836657, -111785, -679696, 1061850, 882518, -1223491, -242736, 908006, 626406, -1207273, -800987, 'Back']
[877348, 2216402, -1642128, -777871, -47463, 817403, -101995, -674020, 1049133, 871154, -1233147, -90828, 935029, 660548, -1155062, -708790, 'Back']
[865106, 2202579, -1622891, -758092, -12098, 833109, -109588, -678548, 1063282, 883352, -1225402, -245752, 902284, 622870, -1214589, -801376, 'Back']
[874784, 2213803, -1642032, -767537, -44534, 820692, -105524, -676927, 1047066, 869819, -1232379, -91522, 939689, 662282, -1148828, -710755, 'Back']
[867211, 2204764, -1624750, -767714, -16516, 829333, -109192, -677664, 1063712, 883846, -1227598, -241388, 897188, 620920, -1220222, -797444, 'Back']
[873204, 2212023, -1640423, -756361, -40202, 824473, -106774, -678333, 1046488, 869574, -1230230, -95926, 943097, 663001, -1145307, -714187, 'Back']
[870279, 2207869, -1626062, -777825, -21189, 825542, -106284, -675207, 1065114, 884989, -1228270, -231465, 894900, 621177, -1222292, -790738, 'Back']
[870097, 2208715, -1639123, -746776, -35581, 828237, -110434, -680246, 1045911, 869390, -1228749, -106622, 944951, 662200, -1144216, -721705, 'Back']
[873310, 2211009, -1628461, -787291, -26321, 822131, -102941, -672795, 1064250, 884272, -1230906, -217205, 893245, 622708, -1222107, -780559, 'Back']
[867570, 2205859, -1636900, -738811, -29733, 832299, -111226, -682045, 1046716, 870391, -1226853, -122539, 945257, 660714, -1145483, -731884, 'Back']
[875822, 2213496, -1631025, -795908, -31966, 818115, -101326, -671728, 1063868, 883400, -1232509, -200726, 894663, 625434, -1218828, -770489, 'Back']
[864730, 2202754, -1634549, -732769, -24895, 835223, -114222, -683543, 1047369, 870589, -1225718, -142065, 943275, 656307, -1150273, -744191, 'Back']
[877826, 2215991, -1633235, -801269, -37286, 815277, -100078, -669853, 1062011, 882025, -1234092, -180665, 897029, 629114, -1212830, -757608, 'Back']
[863109, 2201292, -1630807, -728026, -18702, 838340, -114099, -683863, 1049103, 872590, -1224203, -162408, 939832, 652142, -1156558, -756352, 'Back']
[879258, 2217719, -1635221, -803628, -41674, 813029, -98883, -669430, 1060407, 880844, -1234753, -159590, 901850, 634949, -1204217, -745406, 'Back']
[861023, 2198961, -1627992, -725882, -14264, 839940, -115663, -684527, 1051227, 874273, -1223196, -182823, 935302, 646983, -1164974, -768417, 'Back']
[879968, 2218592, -1637772, -803361, -46152, 811930, -98592, -670004, 1057796, 878522, -1235837, -137718, 907803, 640690, -1194731, -732023, 'Back']
[860798, 2198468, -1625870, -727115, -11504, 840382, -116080, -685020, 1053507, 876230, -1222860, -200713, 929116, 641491, -1175278, -777818, 'Back']
[881273, 2219870, -1639751, -801289, -49030, 811244, -99363, -670812, 1056107, 877147, -1235512, -118665, 914266, 646137, -1184789, -721309, 'Back']
[860938, 2198194, -1624174, -731808, -9427, 839902, -115598, -684440, 1056941, 878846, -1222026, -218030, 922701, 635711, -1186254, -787916, 'Back']
[880227, 2218567, -1641867, -796832, -50653, 811170, -99816, -672027, 1053099, 874285, -1235785, -103830, 921141, 650946, -1174582, -713517, 'Back']
[861231, 2198028, -1623529, -739057, -9066, 838165, -114380, -682597, 1058832, 879711, -1223325, -231441, 915506, 630082, -1196817, -794699, 'Back']
[879585, 2218020, -1642602, -789991, -50333, 813613, -101188, -673043, 1050724, 872390, -1235495, -93519, 927630, 655585, -1165229, -708268, 'Back']
[862429, 2199203, -1622840, -747610, -9927, 836474, -112753, -681278, 1061047, 881849, -1224214, -240595, 909057, 626065, -1206327, -799236, 'Back']
[877033, 2215318, -1642523, -780548, -48666, 816255, -102988, -674648, 1048514, 870560, -1234606, -88270, 933830, 659504, -1156454, -706108, 'Back']
[864032, 2200725, -1622674, -757003, -12551, 832897, -111317, -680015, 1062068, 882088, -1226307, -242826, 902586, 623008, -1213667, -797891, 'Back']
[875979, 2214161, -1640713, -769939, -45351, 819575, -105019, -676558, 1047540, 869896, -1232446, -87932, 939372, 662469, -1149466, -706255, 'Back']
[867450, 2204081, -1622946, -767419, -15729, 829461, -109235, -677616, 1064460, 884208, -1226487, -240890, 898983, 621810, -1218645, -795940, 'Back']
[873187, 2211108, -1640392, -760138, -41719, 822958, -107784, -678992, 1046575, 869432, -1230634, -93734, 943453, 663758, -1145090, -711509, 'Back']
[869606, 2206215, -1625883, -778438, -21210, 825015, -106481, -676279, 1064376, 883953, -1229039, -232326, 895195, 621446, -1222049, -789161, 'Back']
[870609, 2208466, -1639220, -750754, -36996, 826628, -110260, -681238, 1046004, 869129, -1229222, -103804, 945038, 662852, -1144235, -717581, 'Back']
[872582, 2209657, -1627626, -788060, -26048, 821449, -104606, -674166, 1064648, 884452, -1230448, -219827, 893789, 622482, -1222545, -780279, 'Back']
[868157, 2205948, -1636506, -741646, -31138, 830637, -111830, -682317, 1046791, 870193, -1227220, -119498, 945691, 661223, -1145489, -728018, 'Back']
[874738, 2211940, -1630306, -795822, -32104, 818008, -103408, -672882, 1064085, 883865, -1232338, -203042, 894395, 625424, -1219806, -770187, 'Back']
[865129, 2202593, -1634322, -734778, -26125, 834195, -114446, -684931, 1046999, 870528, -1226485, -137492, 943417, 657640, -1149979, -739532, 'Back']
[877174, 2214258, -1632577, -801666, -37209, 814895, -101196, -671584, 1062434, 882166, -1234176, -183351, 896566, 629197, -1214341, -757792, 'Back']
[862974, 2199868, -1631114, -729790, -20358, 836925, -115882, -684424, 1048738, 871781, -1224846, -158478, 940385, 653329, -1156096, -752120, 'Back']
[879169, 2216253, -1634344, -804558, -41693, 813066, -98335, -669980, 1060621, 880264, -1235282, -163052, 900560, 634026, -1206330, -745415, 'Back']
[861502, 2198001, -1628086, -727209, -15508, 839664, -116050, -685342, 1051147, 873419, -1223341, -179755, 935927, 648145, -1163781, -765013, 'Back']
[880561, 2217742, -1636903, -805337, -45878, 811400, -99034, -670133, 1058356, 878153, -1235961, -141816, 906423, 639375, -1196778, -732496, 'Back']
[861412, 2197580, -1625730, -728870, -11783, 840229, -116096, -684728, 1054000, 875771, -1222426, -199549, 930288, 642338, -1173831, -775881, 'Back']
[881164, 2218209, -1639953, -804356, -49244, 810820, -99896, -671316, 1056190, 876459, -1235906, -123781, 912721, 645104, -1186964, -722379, 'Back']
[861174, 2197072, -1625064, -733713, -10148, 839749, -116568, -685122, 1055963, 877518, -1222657, -218016, 923327, 636322, -1185366, -785743, 'Back']
[880901, 2218268, -1642155, -800415, -50895, 811278, -100740, -672563, 1053446, 874657, -1236020, -109351, 919474, 650305, -1177212, -714098, 'Back']
[861166, 2197210, -1624090, -739758, -9406, 839121, -115333, -683773, 1058095, 879776, -1223303, -232703, 916483, 631685, -1195906, -793579, 'Back']
[879630, 2217258, -1642875, -792623, -50904, 813901, -101760, -673437, 1050483, 872640, -1235690, -97621, 926249, 655699, -1167134, -708263, 'Back']
[862066, 2198092, -1622974, -747279, -10083, 837657, -114004, -682425, 1059590, 881133, -1224216, -241158, 909739, 627685, -1205269, -797262, 'Back']
[878168, 2215692, -1642109, -783565, -49028, 816554, -102694, -674951, 1048050, 870684, -1234148, -90137, 932485, 659813, -1157969, -704353, 'Back']
[864625, 2200466, -1621749, -756678, -11415, 834488, -110657, -679961, 1062011, 882759, -1224062, -244270, 904103, 624320, -1212501, -797782, 'Back']
[876291, 2213567, -1641055, -773505, -45931, 819565, -104095, -676490, 1046865, 869985, -1231451, -88662, 938666, 662289, -1150134, -705310, 'Back']
[867253, 2202649, -1622747, -767055, -14903, 830957, -108452, -677849, 1063364, 883808, -1225050, -242168, 899328, 622216, -1218483, -795329, 'Back']
[874127, 2210633, -1640540, -763638, -42107, 823032, -106723, -678736, 1045918, 868889, -1229397, -93099, 942933, 663793, -1145928, -708778, 'Back']
[869697, 2204828, -1625135, -778438, -19950, 826452, -107221, -676538, 1064443, 884015, -1226331, -235272, 896159, 621506, -1222834, -789794, 'Back']
[870998, 2207358, -1639549, -754580, -38038, 826097, -109579, -680959, 1045464, 868441, -1227873, -103305, 945021, 662726, -1145663, -716105, 'Back']
[872348, 2207639, -1627105, -788221, -25459, 821798, -105351, -675167, 1063770, 883155, -1228785, -223086, 894425, 621671, -1224472, -781287, 'Back']
[868603, 2204701, -1636523, -745163, -32672, 829374, -111604, -683724, 1046168, 869009, -1225495, -117691, 946695, 661014, -1146598, -725625, 'Back']
[875387, 2210782, -1628633, -795948, -30815, 818362, -102404, -672995, 1063907, 883193, -1229691, -206950, 895386, 624361, -1221623, -770952, 'Back']
[866194, 2201897, -1633616, -737185, -26844, 833511, -112970, -683842, 1047333, 870314, -1223598, -135868, 945753, 658117, -1149409, -737471, 'Back']
[876820, 2212123, -1631557, -801581, -36227, 815264, -101095, -672019, 1062201, 881663, -1231686, -188172, 897414, 628132, -1215755, -759475, 'Back']
[863032, 2198243, -1631659, -731657, -21608, 836020, -114567, -684858, 1048008, 870954, -1223044, -156128, 942353, 653865, -1154900, -749317, 'Back']
[878919, 2214067, -1634872, -805291, -41097, 812377, -99290, -671404, 1060119, 879885, -1233474, -167299, 900827, 632880, -1208028, -745876, 'Back']
[862095, 2196664, -1629827, -729467, -16788, 837626, -115751, -685922, 1050271, 872901, -1221897, -176890, 937632, 648803, -1163014, -761306, 'Back']
[880095, 2215383, -1638356, -806999, -45667, 810515, -100188, -670966, 1057962, 878237, -1234492, -146429, 906024, 638322, -1199161, -733745, 'Back']
[860940, 2195496, -1627889, -730045, -13296, 839234, -116674, -685513, 1052074, 874664, -1222056, -196381, 931866, 643444, -1172881, -772389, 'Back']
[880683, 2216301, -1640549, -805312, -48989, 810434, -99492, -671963, 1055510, 876463, -1235038, -126647, 912447, 644554, -1188974, -722315, 'Back']
[860653, 2195126, -1625789, -733195, -11224, 839642, -116935, -685781, 1054800, 877167, -1221387, -213788, 925380, 638028, -1183267, -781996, 'Back']
[880979, 2216790, -1641478, -801101, -50900, 811090, -100011, -671873, 1053156, 874664, -1234698, -109114, 919109, 649974, -1178844, -712323, 'Back']
[861173, 2195531, -1623444, -739307, -9832, 838553, -115167, -684351, 1057451, 879064, -1221592, -227205, 918671, 632880, -1193700, -788722, 'Back']
[879731, 2215504, -1641962, -795030, -50862, 812617, -101301, -673421, 1050863, 872406, -1234233, -96420, 926129, 654916, -1168586, -705839, 'Back']
[862095, 2195902, -1622302, -747156, -9822, 836322, -113629, -682623, 1059343, 880251, -1222676, -236836, 911869, 628290, -1203407, -793074, 'Back']
[878772, 2213922, -1641684, -786816, -49055, 815023, -101640, -674824, 1049093, 870799, -1232974, -88979, 933011, 659229, -1159155, -702300, 'Back']
[863775, 2197222, -1622331, -756968, -11556, 834350, -111985, -680967, 1061685, 881594, -1223394, -242273, 905907, 624924, -1211345, -795352, 'Back']
[875898, 2211020, -1642230, -777783, -47235, 818184, -104884, -677478, 1046875, 868638, -1232136, -87304, 938333, 661747, -1152081, -702479, 'Back']
[866034, 2199864, -1623236, -767673, -15145, 830863, -109941, -678431, 1062932, 882532, -1225246, -241672, 900732, 622192, -1217958, -793491, 'Back']
[873488, 2208906, -1641423, -767661, -44268, 821450, -107926, -679568, 1045328, 867944, -1230845, -90733, 942417, 663037, -1147321, -705463, 'Back']
[868591, 2202632, -1624727, -778223, -20139, 826724, -108649, -677890, 1063632, 883034, -1227049, -234511, 896857, 621246, -1222484, -787606, 'Back']
[871660, 2206901, -1638971, -757300, -38983, 825644, -108682, -681139, 1045462, 868207, -1228233, -98595, 945616, 662973, -1145181, -710987, 'Back']
[872053, 2205987, -1625987, -787764, -24350, 823150, -104912, -675677, 1064087, 883480, -1228208, -222200, 895563, 622290, -1222898, -778963, 'Back']
[868896, 2203616, -1636725, -748006, -33434, 829747, -111773, -682594, 1045812, 868433, -1226254, -111676, 947141, 661712, -1145067, -719340, 'Back']
[874133, 2208118, -1628238, -795816, -29945, 819613, -103135, -673828, 1063532, 882527, -1229968, -205975, 895907, 624363, -1221169, -767539, 'Back']
[866257, 2200611, -1633921, -739941, -27740, 833381, -112963, -684125, 1046196, 869103, -1224679, -128001, 946512, 658791, -1147805, -728587, 'Back']
[877179, 2211183, -1630387, -802240, -34896, 816546, -100824, -672056, 1062375, 881785, -1231437, -186983, 897958, 627685, -1216153, -754989, 'Back']
[864259, 2198261, -1631042, -734360, -21624, 836603, -114675, -685030, 1048270, 871088, -1222616, -148689, 944568, 655131, -1153069, -741691, 'Back']
[878360, 2212544, -1633553, -807098, -39923, 813621, -100352, -671093, 1060719, 880127, -1232776, -167256, 901577, 632461, -1209044, -743156, 'Back']
[862591, 2196376, -1628775, -732476, -16523, 838469, -115011, -685156, 1049799, 872173, -1221961, -169859, 939585, 649338, -1161259, -754067, 'Back']
[879841, 2214223, -1636366, -809542, -43969, 811635, -98610, -671048, 1058662, 878518, -1233586, -147333, 906414, 637242, -1200417, -731674, 'Back']
[860824, 2194360, -1627174, -733201, -13144, 839534, -116377, -686359, 1051413, 873536, -1221810, -191002, 933867, 643629, -1170930, -766649, 'Back']
[880592, 2215020, -1638896, -809335, -48018, 810329, -99416, -671290, 1056114, 876302, -1234557, -128784, 912003, 642252, -1191113, -720914, 'Back']
