[1750377, 1217837, 2042485, 1067743, 2027069, 1421077, 819042, 633525, 861513, 1250944, 413107, 756393, 1467054, 1281117, 2153960, 1013338, 'Back']
[1750094, 1216006, 2041975, 1071149, 2029553, 1422988, 818990, 634701, 863316, 1252059, 401257, 732674, 1455087, 1276330, 2121948, 982476, 'Back']
[1750284, 1217425, 2044585, 1069759, 2027512, 1421631, 818912, 633458, 861542, 1251201, 414951, 755332, 1467643, 1281891, 2153607, 1011906, 'Back']
[1750301, 1216229, 2040064, 1069501, 2030027, 1422362, 818816, 633933, 863115, 1251836, 399845, 733550, 1454814, 1276160, 2122981, 984576, 'Back']
[1749854, 1216732, 2046670, 1070695, 2027657, 1421292, 818310, 633476, 861440, 1250793, 416107, 754173, 1467858, 1281680, 2152236, 1009603, 'Back']
[1750922, 1217139, 2038392, 1067714, 2029793, 1422063, 819189, 634480, 863051, 1251569, 398977, 734976, 1454858, 1275831, 2123980, 986891, 'Back']
[1750025, 1216869, 2048616, 1071532, 2027788, 1421129, 818014, 633433, 861857, 1251149, 417031, 751733, 1467588, 1281898, 2148895, 1006029, 'Back']
[1750889, 1217136, 2037189, 1065709, 2028835, 1421104, 818722, 633647, 863237, 1251174, 398712, 736549, 1455224, 1275660, 2125463, 989610, 'Back']
[1749565, 1216303, 2050606, 1072616, 2027786, 1421085, 817620, 632828, 861956, 1250636, 415433, 749027, 1466951, 1280937, 2145554, 1002612, 'Back']
[1750959, 1217543, 2035401, 1064943, 2028164, 1421315, 819133, 633990, 863278, 1251349, 397634, 739347, 1456500, 1276324, 2128598, 993793, 'Back']
[1749241, 1215932, 2050232, 1074246, 2028035, 1422297, 818321, 634207, 862130, 1251134, 413366, 745207, 1465363, 1280659, 2140876, 997884, 'Back']
[1750749, 1217420, 2033699, 1064481, 2028139, 1421648, 820012, 634419, 862980, 1251641, 398381, 742507, 1457486, 1277267, 2132496, 998095, 'Back']
[1749052, 1215260, 2050612, 1075847, 2029002, 1422963, 818754, 634380, 862507, 1251671, 412343, 741835, 1464014, 1280520, 2137276, 993814, 'Back']
[1750261, 1217549, 2033084, 1064174, 2027943, 1421399, 820260, 634867, 862454, 1251775, 400386, 745795, 1459441, 1278304, 2137393, 1002633, 'Back']
[1748559, 1214758, 2050755, 1076442, 2029479, 1422616, 818024, 634217, 862477, 1251810, 410852, 738371, 1462376, 1279558, 2133103, 989560, 'Back']
[1749870, 1217611, 2033852, 1063801, 2027832, 1420653, 819583, 633732, 862225, 1251579, 402696, 748510, 1461309, 1278785, 2141383, 1006065, 'Back']
[1749195, 1215335, 2050632, 1076572, 2030128, 1423212, 818493, 634378, 862835, 1251891, 409568, 736080, 1461402, 1278716, 2129537, 986248, 'Back']
[1750192, 1217883, 2035492, 1063553, 2027477, 1420677, 820035, 633501, 862124, 1251592, 405468, 750994, 1463230, 1279746, 2145164, 1008955, 'Back']
[1749222, 1214810, 2050130, 1075406, 2029853, 1423008, 818075, 634214, 862804, 1251660, 407795, 734538, 1459876, 1278231, 2126564, 984087, 'Back']
[1750241, 1217866, 2037525, 1063506, 2027148, 1420315, 819346, 633315, 861389, 1250746, 407118, 753390, 1464540, 1280009, 2148570, 1012031, 'Back']
[1749839, 1215656, 2048252, 1074255, 2030123, 1422721, 818212, 633673, 862899, 1251803, 405363, 733520, 1458308, 1277276, 2124047, 982965, 'Back']
[1750535, 1218805, 2038401, 1065001, 2026881, 1420856, 819851, 633643, 862023, 1251495, 409352, 754080, 1465700, 1281001, 2150251, 1012691, 'Back']
[1749371, 1215849, 2045226, 1073352, 2029723, 1423105, 818326, 634127, 863247, 1252013, 403708, 731535, 1456792, 1277416, 2121523, 981119, 'Back']
[1749320, 1218057, 2040283, 1066478, 2027047, 1420865, 818749, 632717, 861172, 1250314, 411193, 754611, 1466510, 1280941, 2151592, 1012981, 'Back']
[1748971, 1216468, 2043188, 1072205, 2029721, 1422991, 818603, 633451, 863182, 1251363, 401621, 731622, 1455860, 1276539, 2120673, 981857, 'Back']
[1749435, 1218221, 2042906, 1068830, 2026965, 1421837, 819291, 633924, 861493, 1250627, 413402, 754729, 1467576, 1281498, 2152365, 1012518, 'Back']
[1749357, 1216741, 2041263, 1070519, 2029765, 1422650, 819064, 633978, 863296, 1251196, 399981, 731943, 1455079, 1275973, 2121227, 983039, 'Back']
[1749338, 1217873, 2045750, 1070041, 2027899, 1421368, 819285, 633050, 861815, 1250164, 415047, 754335, 1468111, 1281317, 2152559, 1011088, 'Back']
[1750011, 1217141, 2040091, 1068944, 2029871, 1422237, 819632, 633929, 863749, 1251307, 399239, 733207, 1455298, 1275961, 2122881, 985133, 'Back']
[1749293, 1217255, 2048509, 1071075, 2027616, 1421293, 818803, 633607, 861818, 1250216, 415967, 753088, 1468338, 1281242, 2151336, 1008708, 'Back']
[1750271, 1217421, 2039310, 1066965, 2029345, 1421774, 819433, 633649, 863604, 1251077, 398470, 736236, 1455782, 1275532, 2125633, 988940, 'Back']
[1748924, 1216981, 2049468, 1071645, 2028238, 1421298, 817875, 632720, 862005, 1250471, 415957, 751455, 1467642, 1280893, 2148820, 1005666, 'Back']
[1750137, 1217826, 2036161, 1065321, 2028832, 1421393, 818743, 632967, 863310, 1250812, 397899, 737449, 1455742, 1275397, 2127077, 990972, 'Back']
[1748375, 1216788, 2050529, 1073183, 2027947, 1421764, 817328, 632496, 861952, 1250349, 415211, 747589, 1466347, 1280603, 2144295, 1000556, 'Back']
[1749996, 1218192, 2035339, 1064572, 2028760, 1421353, 818777, 633356, 862733, 1250743, 398571, 740954, 1456728, 1276442, 2131011, 995596, 'Back']
[1748761, 1216742, 2051954, 1074762, 2028956, 1422594, 817799, 633491, 861890, 1250461, 413867, 744430, 1464945, 1280342, 2140741, 996755, 'Back']
[1750143, 1218610, 2035198, 1064141, 2028599, 1421550, 819278, 633739, 862832, 1250959, 400302, 744748, 1458653, 1277675, 2135918, 1000789, 'Back']
[1748136, 1216033, 2051643, 1075183, 2029185, 1422247, 817576, 632868, 862344, 1250593, 412144, 740617, 1463435, 1279390, 2136323, 992252, 'Back']
[1749533, 1218469, 2035404, 1063640, 2027564, 1421518, 819877, 634446, 862215, 1250667, 401547, 747176, 1460162, 1278067, 2139888, 1004364, 'Back']
[1748416, 1215787, 2052128, 1075710, 2029764, 1423108, 818506, 634344, 862593, 1251121, 410185, 738342, 1462160, 1278960, 2133221, 989555, 'Back']
[1749604, 1218353, 2035919, 1063390, 2028006, 1421304, 820096, 634315, 862464, 1251037, 403467, 749550, 1462154, 1278828, 2143809, 1007871, 'Back']
[1748419, 1215713, 2051448, 1075960, 2030359, 1423271, 818416, 634007, 862963, 1251168, 408606, 736173, 1461150, 1278214, 2129818, 986557, 'Back']
[1749147, 1218218, 2036351, 1063590, 2027308, 1420883, 819356, 633453, 862017, 1250642, 405495, 751778, 1463657, 1279309, 2147200, 1010453, 'Back']
[1748528, 1215555, 2049101, 1075380, 2029925, 1423656, 818342, 634321, 862979, 1251258, 406243, 734145, 1459205, 1277541, 2126196, 983970, 'Back']
[1748776, 1217842, 2036974, 1064094, 2027187, 1420969, 819241, 633147, 861855, 1250840, 407312, 752751, 1464739, 1280426, 2149435, 1011906, 'Back']
[1748252, 1215144, 2046984, 1074071, 2030186, 1423167, 817962, 633982, 862627, 1250899, 403992, 732477, 1457843, 1276981, 2123936, 982384, 'Back']
[1748743, 1217754, 2039591, 1065458, 2027173, 1420948, 819418, 633548, 861295, 1250352, 409567, 754554, 1466201, 1280917, 2152555, 1013661, 'Back']
[1748285, 1215222, 2045064, 1072673, 2030048, 1423109, 818816, 634525, 862915, 1251253, 402294, 731801, 1456354, 1276942, 2122652, 981985, 'Back']
[1748708, 1216909, 2042238, 1066769, 2027473, 1421063, 819445, 634221, 860909, 1250098, 411766, 755166, 1467216, 1281517, 2154061, 1014043, 'Back']
[1747885, 1214803, 2042888, 1070324, 2030420, 1422219, 818317, 633597, 862731, 1250672, 400386, 731972, 1455738, 1276138, 2122315, 983226, 'Back']
[1747763, 1216769, 2044292, 1067834, 2027917, 1421097, 819096, 633430, 860827, 1249389, 412991, 755023, 1467761, 1280863, 2153606, 1013171, 'Back']
[1748259, 1215876, 2040680, 1068866, 2030364, 1422850, 819387, 634605, 863118, 1250962, 398903, 732002, 1455168, 1275951, 2122018, 984027, 'Back']
[1748103, 1216711, 2046377, 1069271, 2028281, 1421715, 819192, 633771, 860974, 1249722, 414704, 753545, 1468472, 1281470, 2152428, 1010517, 'Back']
[1748734, 1216511, 2038480, 1067230, 2029844, 1422503, 819548, 634025, 863245, 1251083, 398581, 732894, 1455448, 1275839, 2123327, 985852, 'Back']
[1747909, 1216399, 2048163, 1070734, 2027413, 1421892, 818318, 633463, 861246, 1250146, 416069, 751431, 1468223, 1281572, 2149869, 1007106, 'Back']
[1749056, 1216959, 2036657, 1065833, 2029063, 1421967, 819290, 633750, 862578, 1250643, 398042, 735335, 1455372, 1275669, 2124955, 988938, 'Back']
[1748462, 1216701, 2049409, 1072240, 2027975, 1422050, 818455, 633195, 861603, 1250304, 416111, 748758, 1467074, 1281106, 2146199, 1003091, 'Back']
[1750216, 1218015, 2035509, 1065263, 2028549, 1422408, 819972, 634215, 863265, 1251434, 399151, 738248, 1456095, 1276646, 2128114, 992494, 'Back']
[1748109, 1215776, 2050505, 1073215, 2027966, 1422025, 818019, 633226, 862074, 1250926, 415681, 745592, 1465944, 1281299, 2142355, 998579, 'Back']
[1749070, 1216957, 2034298, 1062817, 2027879, 1420570, 818996, 633202, 861939, 1250067, 399307, 741740, 1457315, 1276172, 2132001, 997116, 'Back']
[1748027, 1215595, 2050929, 1073537, 2028641, 1422302, 818186, 634004, 861491, 1250135, 413513, 742685, 1464230, 1279656, 2138349, 994787, 'Back']
[1749379, 1217482, 2033700, 1061988, 2027663, 1420856, 819684, 633793, 861829, 1250544, 400696, 745104, 1458814, 1277623, 2136518, 1001299, 'Back']
[1747878, 1215149, 2051059, 1073955, 2029439, 1422652, 818129, 634195, 861487, 1250152, 411457, 739228, 1462640, 1278951, 2134443, 990281, 'Back']
[1749176, 1217622, 2033993, 1061480, 2027777, 1420624, 819554, 634085, 861762, 1250375, 402378, 747499, 1460577, 1278203, 2140481, 1004519, 'Back']
[1747978, 1215062, 2050283, 1073639, 2029659, 1422271, 817941, 633777, 861802, 1250124, 409690, 735969, 1461174, 1278067, 2130215, 986083, 'Back']
[1749031, 1217575, 2034855, 1061161, 2026977, 1420157, 819220, 633625, 861450, 1250036, 404595, 748876, 1462114, 1278812, 2143372, 1006624, 'Back']
[1748429, 1215019, 2050602, 1073960, 2029644, 1422412, 817665, 633806, 862142, 1250159, 408262, 734719, 1459979, 1277563, 2127358, 984130, 'Back']
[1749381, 1218148, 2037025, 1062252, 2026864, 1420083, 819228, 633626, 861486, 1250022, 407183, 753010, 1463833, 1279836, 2148219, 1011347, 'Back']
[1748352, 1215179, 2048750, 1073399, 2029272, 1422348, 817532, 633912, 862771, 1250742, 406540, 733580, 1458106, 1277443, 2124913, 982856, 'Back']
[1749059, 1217959, 2038564, 1063060, 2026394, 1419879, 818707, 633174, 860999, 1249850, 409214, 754373, 1464728, 1280066, 2150896, 1013144, 'Back']
[1748901, 1215944, 2046591, 1072335, 2030073, 1422881, 818213, 634435, 862889, 1251056, 404825, 732512, 1456653, 1276775, 2122815, 981914, 'Back']
[1749258, 1218223, 2040744, 1064594, 2027326, 1420307, 819247, 633232, 861575, 1250530, 411788, 755142, 1466580, 1281305, 2152282, 1013585, 'Back']
[1748357, 1215444, 2043841, 1069988, 2030098, 1421859, 818066, 633959, 862704, 1250756, 402485, 731569, 1455876, 1276005, 2121181, 981592, 'Back']
[1748411, 1217116, 2042411, 1065286, 2027024, 1420231, 818961, 633513, 860680, 1249775, 412879, 754350, 1467379, 1280743, 2152299, 1012687, 'Back']
[1747854, 1215079, 2041672, 1067888, 2029750, 1421621, 818567, 633904, 862319, 1250504, 400160, 731314, 1455378, 1275506, 2120458, 982506, 'Back']
[1747144, 1215980, 2044494, 1066099, 2026495, 1419690, 817976, 632323, 860151, 1249018, 413778, 754262, 1467907, 1280671, 2152014, 1012053, 'Back']
[1747401, 1215673, 2038597, 1066322, 2029015, 1421640, 818590, 633903, 862015, 1250250, 398021, 731398, 1454302, 1274675, 2120155, 983792, 'Back']
[1747367, 1216141, 2045973, 1068546, 2026482, 1420631, 817795, 632912, 860621, 1249686, 415291, 752452, 1467574, 1281258, 2149663, 1008835, 'Back']
[1748613, 1216348, 2036281, 1065202, 2028397, 1421297, 818285, 633517, 862251, 1250465, 397794, 733645, 1454095, 1275520, 2121906, 986623, 'Back']
[1748054, 1216385, 2047420, 1070366, 2026823, 1421286, 817937, 633342, 861100, 1250310, 416167, 750197, 1466888, 1281616, 2146596, 1005097, 'Back']
[1749215, 1217070, 2035139, 1064376, 2028420, 1421317, 819254, 634137, 862487, 1251084, 398652, 736661, 1455083, 1276244, 2124619, 990464, 'Back']
[1747565, 1215652, 2048818, 1071020, 2027422, 1420736, 817658, 632719, 861076, 1250604, 416184, 748127, 1466283, 1281291, 2143451, 1001801, 'Back']
[1748921, 1216861, 2033824, 1062585, 2028484, 1420688, 819501, 634234, 862089, 1250716, 398949, 739693, 1455891, 1276199, 2127809, 994325, 'Back']
[1747132, 1214820, 2049974, 1071562, 2028684, 1420846, 818133, 633274, 861280, 1250215, 414916, 744616, 1465130, 1280168, 2139225, 997205, 'Back']
[1748180, 1216158, 2033606, 1060776, 2027969, 1419702, 819299, 633065, 861748, 1249920, 399983, 743087, 1457788, 1276131, 2131935, 998753, 'Back']
[1746688, 1214223, 2050564, 1071732, 2028660, 1421255, 818028, 633428, 860761, 1249375, 412947, 741679, 1463512, 1278735, 2135189, 993435, 'Back']
[1747740, 1216253, 2032923, 1060021, 2027402, 1419568, 819028, 632887, 861198, 1249709, 401447, 746114, 1459183, 1277067, 2135763, 1002709, 'Back']
[1746448, 1213838, 2050713, 1072820, 2029256, 1421531, 817966, 633386, 860900, 1249484, 410827, 738256, 1461825, 1277953, 2130611, 989173, 'Back']
[1747868, 1216386, 2034297, 1060447, 2027671, 1419522, 819228, 633157, 860919, 1249641, 403332, 749225, 1461312, 1278036, 2140134, 1006852, 'Back']
[1746828, 1214062, 2050447, 1073142, 2029803, 1421582, 817726, 632975, 861401, 1249615, 409422, 736868, 1461018, 1277572, 2127783, 987038, 'Back']
[1748526, 1217822, 2034903, 1061260, 2027144, 1420134, 819904, 634083, 860971, 1250205, 406007, 751568, 1462962, 1279083, 2143656, 1009838, 'Back']
[1747795, 1215087, 2048811, 1073398, 2029834, 1422335, 818648, 634693, 862384, 1251133, 408594, 734327, 1459352, 1277781, 2124029, 983663, 'Back']
[1748647, 1218045, 2036203, 1062007, 2026825, 1419840, 819977, 634048, 861315, 1250545, 408834, 752981, 1464591, 1280250, 2146410, 1011299, 'Back']
[1747842, 1215082, 2046478, 1072085, 2029026, 1421696, 818140, 633998, 862797, 1251247, 406712, 732582, 1457794, 1277245, 2121198, 981449, 'Back']
[1748390, 1217322, 2038246, 1062357, 2026358, 1418931, 818908, 632978, 860948, 1250090, 410643, 754303, 1465555, 1280429, 2148584, 1012132, 'Back']
[1747559, 1214614, 2044574, 1069852, 2029301, 1420988, 817780, 632951, 862312, 1250403, 404038, 732211, 1456536, 1275944, 2119466, 980986, 'Back']
[1747529, 1216508, 2040502, 1063244, 2027065, 1419186, 818725, 632883, 860319, 1249102, 412138, 755000, 1466753, 1280113, 2149778, 1012605, 'Back']
[1747407, 1214715, 2042280, 1068179, 2029808, 1421280, 818207, 633227, 862013, 1249867, 401726, 731728, 1455911, 1275212, 2118584, 981373, 'Back']
[1747832, 1216765, 2042759, 1065357, 2026927, 1420352, 818865, 633532, 860368, 1249017, 414124, 755001, 1467987, 1280634, 2150247, 1012186, 'Back']
[1747782, 1215472, 2040198, 1067186, 2029166, 1421822, 818533, 633868, 862309, 1250333, 400564, 731887, 1455386, 1275749, 2118307, 982557, 'Back']
[1747200, 1215895, 2044519, 1066652, 2026859, 1419955, 817829, 632374, 860190, 1248966, 415307, 754004, 1468079, 1281215, 2149014, 1010186, 'Back']
[1748190, 1215825, 2038107, 1065627, 2029026, 1421478, 818571, 633799, 862130, 1249847, 399187, 732650, 1454872, 1275250, 2118895, 984454, 'Back']
[1747617, 1216013, 2046252, 1068296, 2027030, 1420332, 817910, 632639, 860567, 1249184, 416728, 752199, 1467966, 1281175, 2147009, 1007581, 'Back']
[1748580, 1216415, 2035861, 1063924, 2028735, 1420577, 818483, 633391, 862111, 1249937, 399052, 734914, 1455092, 1275174, 2121080, 987844, 'Back']
[1747865, 1216109, 2047537, 1069675, 2027453, 1420351, 817457, 632835, 861226, 1249700, 417149, 749570, 1467339, 1280953, 2143570, 1003788, 'Back']
[1749003, 1216730, 2034426, 1062568, 2028135, 1419930, 818414, 633063, 862383, 1249995, 399592, 738107, 1456098, 1275393, 2124275, 992051, 'Back']
[1747932, 1215835, 2048872, 1070692, 2027514, 1420111, 817578, 632767, 861451, 1249926, 416686, 747518, 1466403, 1280195, 2140476, 1000704, 'Back']
[1749244, 1216936, 2032709, 1061104, 2027805, 1419026, 818633, 632711, 862170, 1250035, 400191, 741290, 1457056, 1275684, 2127724, 996235, 'Back']
[1747581, 1215193, 2049294, 1071370, 2028179, 1420275, 817726, 632892, 861526, 1249494, 415306, 743781, 1464923, 1279146, 2136291, 995930, 'Back']
[1748761, 1217100, 2032211, 1060488, 2027424, 1419446, 819343, 633619, 861837, 1249624, 401918, 744745, 1458615, 1276333, 2132388, 1000674, 'Back']
[1747231, 1214861, 2048873, 1072108, 2028578, 1421109, 817760, 633772, 861657, 1249712, 413613, 740008, 1462990, 1278800, 2132011, 991215, 'Back']
[1748219, 1216965, 2032030, 1059803, 2027553, 1419160, 819171, 633415, 861407, 1249327, 403183, 746510, 1459807, 1277438, 2135790, 1003397, 'Back']
[1747123, 1214713, 2048578, 1072304, 2029326, 1421167, 817826, 633554, 861391, 1249469, 411151, 736659, 1461347, 1277971, 2127665, 987086, 'Back']
[1748276, 1217291, 2032792, 1059708, 2026745, 1419196, 819047, 633298, 861018, 1249358, 404974, 748921, 1461520, 1278349, 2139627, 1006705, 'Back']
[1747401, 1214579, 2048603, 1072123, 2029257, 1421109, 817502, 633246, 861624, 1249675, 409580, 735380, 1460107, 1277779, 2124825, 985245, 'Back']
[1748444, 1217525, 2034417, 1059873, 2026169, 1418383, 818723, 632877, 860990, 1249261, 407060, 751835, 1463130, 1279161, 2142917, 1010390, 'Back']
[1747987, 1215278, 2047284, 1071669, 2029371, 1420860, 817621, 633319, 862302, 1250020, 407853, 733628, 1458534, 1276933, 2121132, 983124, 'Back']
[1748983, 1218160, 2036636, 1061143, 2026446, 1418813, 819549, 633250, 861283, 1250076, 410013, 753501, 1464941, 1280173, 2145745, 1012099, 'Back']
[1748126, 1215479, 2045385, 1070145, 2029071, 1420906, 817869, 633689, 862528, 1250631, 406183, 733013, 1457263, 1276618, 2119302, 982241, 'Back']
[1748702, 1217959, 2038257, 1061845, 2026399, 1418378, 818851, 632543, 860984, 1250179, 411623, 754037, 1465448, 1280397, 2147038, 1012579, 'Back']
[1748388, 1216082, 2042999, 1068957, 2029939, 1420818, 818462, 633658, 862745, 1250825, 403972, 731381, 1455934, 1276065, 2117135, 981002, 'Back']
[1748417, 1218021, 2040778, 1064001, 2026783, 1419083, 818961, 633287, 861196, 1250029, 413927, 754679, 1467226, 1281299, 2148414, 1012687, 'Back']
[1747944, 1216325, 2040778, 1067460, 2029016, 1420624, 818173, 633291, 862603, 1250433, 401902, 731841, 1455280, 1275688, 2116888, 982221, 'Back']
[1747863, 1217724, 2042641, 1065543, 2026695, 1419610, 818539, 632945, 860966, 1249390, 415166, 754624, 1467606, 1281069, 2148239, 1011844, 'Back']
[1748006, 1216905, 2038629, 1066176, 2029469, 1421173, 818983, 633631, 862861, 1249973, 400493, 732588, 1454824, 1275219, 2117475, 983915, 'Back']
[1747560, 1217355, 2044625, 1067340, 2027104, 1420323, 818585, 632742, 861026, 1249037, 416415, 753225, 1467623, 1280997, 2147362, 1009409, 'Back']
[1748657, 1217588, 2036445, 1065373, 2029012, 1421370, 819637, 634248, 862808, 1249807, 399433, 733180, 1454439, 1275143, 2118980, 985555, 'Back']
[1748453, 1217977, 2046846, 1070134, 2027334, 1421387, 819267, 633990, 861729, 1249885, 417977, 751462, 1467748, 1281755, 2145776, 1006487, 'Back']
[1749028, 1217911, 2035391, 1064281, 2028925, 1420644, 819106, 633410, 862830, 1250141, 399978, 736530, 1455180, 1275643, 2122459, 989837, 'Back']
[1748160, 1217616, 2048025, 1071190, 2028669, 1421229, 818541, 633153, 861634, 1249624, 417341, 748866, 1466794, 1280825, 2142703, 1002642, 'Back']
[1749388, 1218600, 2033737, 1063304, 2028566, 1420639, 819134, 632824, 863061, 1250661, 400791, 739077, 1456419, 1276435, 2125721, 993084, 'Back']
[1747307, 1216632, 2048571, 1071297, 2027932, 1420584, 817358, 632503, 861511, 1249407, 416671, 745786, 1465241, 1279884, 2138774, 998087, 'Back']
[1749255, 1218771, 2033137, 1062293, 2027787, 1420584, 819141, 633576, 862352, 1250000, 401370, 742744, 1457240, 1276516, 2129455, 997284, 'Back']
[1747482, 1216616, 2049790, 1072699, 2028076, 1421358, 816992, 632516, 861989, 1249826, 415520, 743438, 1464129, 1279955, 2135118, 994506, 'Back']
[1748939, 1218740, 2032741, 1061497, 2026822, 1420396, 818823, 633269, 862041, 1249836, 402908, 746568, 1458861, 1277321, 2133531, 1001926, 'Back']
[1747843, 1216711, 2050119, 1073770, 2028503, 1422514, 818040, 633642, 862116, 1249997, 413819, 741024, 1462301, 1279215, 2130977, 991044, 'Back']
[1748687, 1218597, 2033067, 1061056, 2026974, 1420263, 819090, 633273, 861795, 1250007, 405059, 749549, 1460274, 1278503, 2137534, 1005857, 'Back']
[1747320, 1215757, 2049991, 1073512, 2029494, 1421869, 817548, 633056, 861780, 1249536, 411670, 738382, 1460878, 1278132, 2127081, 987679, 'Back']
[1748760, 1219007, 2034403, 1061237, 2027569, 1420262, 819638, 633490, 861783, 1249826, 407013, 752493, 1462548, 1279158, 2141675, 1009889, 'Back']
[1747381, 1216142, 2048945, 1073466, 2030127, 1422519, 818233, 633993, 862551, 1250206, 410340, 736666, 1459690, 1277679, 2124098, 985767, 'Back']
[1748245, 1218794, 2035602, 1061648, 2027085, 1420001, 819812, 633407, 861689, 1249909, 409293, 753855, 1463779, 1279863, 2144671, 1011995, 'Back']
[1747465, 1215686, 2047078, 1072161, 2030113, 1422051, 817931, 633119, 862525, 1249991, 408019, 735057, 1458311, 1277027, 2121675, 983964, 'Back']
[1748149, 1218345, 2037376, 1062421, 2027625, 1420141, 819474, 633878, 861045, 1249241, 410945, 755327, 1465491, 1280090, 2147649, 1013712, 'Back']
[1747646, 1215894, 2044828, 1071105, 2030669, 1422263, 818408, 634005, 862857, 1250062, 406016, 733543, 1457184, 1276669, 2119536, 982865, 'Back']
[1747827, 1217730, 2039265, 1063694, 2027474, 1420025, 818824, 632938, 861191, 1249107, 413035, 755647, 1466687, 1280726, 2149068, 1014011, 'Back']
[1747164, 1215425, 2041965, 1068881, 2030239, 1421634, 817940, 633260, 862537, 1249522, 403563, 732887, 1455967, 1275987, 2118382, 982671, 'Back']
[1747425, 1217196, 2041456, 1064910, 2027309, 1419721, 818359, 632372, 860599, 1248613, 414685, 755558, 1467428, 1280796, 2149185, 1012985, 'Back']
[1747770, 1216221, 2040055, 1067818, 2030156, 1421616, 818621, 633337, 862707, 1250149, 402227, 732671, 1455353, 1275692, 2117694, 983022, 'Back']
[1747765, 1217435, 2044213, 1067386, 2027377, 1420659, 818652, 633413, 861237, 1249648, 417001, 755466, 1468277, 1281683, 2149195, 1012008, 'Back']
[1747787, 1216302, 2038685, 1066498, 2029350, 1421750, 818849, 633951, 862810, 1250376, 401087, 734230, 1455086, 1276188, 2119124, 985881, 'Back']
[1746909, 1216395, 2046033, 1068321, 2027663, 1420422, 818628, 633031, 860867, 1249283, 417342, 754045, 1468026, 1281956, 2147905, 1009943, 'Back']
[1747487, 1216498, 2036596, 1064918, 2029574, 1421141, 819342, 633994, 862263, 1249913, 399733, 735426, 1455181, 1275808, 2120967, 988545, 'Back']
[1746033, 1215919, 2047584, 1069523, 2028369, 1420556, 818002, 633000, 860548, 1249140, 417555, 752005, 1467988, 1281304, 2145677, 1007078, 'Back']
[1747195, 1216621, 2034786, 1063000, 2029333, 1420320, 818903, 633003, 861759, 1249412, 399578, 738233, 1456055, 1275461, 2123844, 992554, 'Back']
[1746080, 1215942, 2047829, 1070636, 2028783, 1421292, 818187, 633662, 860922, 1249122, 416993, 747944, 1466779, 1280702, 2141159, 1002194, 'Back']
[1747520, 1217175, 2033481, 1062281, 2028870, 1420778, 819516, 633797, 861905, 1249561, 400625, 739911, 1457112, 1276247, 2126268, 995419, 'Back']
[1746321, 1215818, 2049701, 1071981, 2029089, 1421396, 818430, 633447, 861126, 1249332, 416837, 745251, 1465986, 1280343, 2137432, 998316, 'Back']
[1747456, 1217384, 2032799, 1061227, 2028073, 1420275, 819437, 633710, 861896, 1249623, 402481, 744046, 1458643, 1277065, 2130492, 1000303, 'Back']
[1746412, 1215612, 2049685, 1072524, 2029657, 1421468, 818270, 633007, 861410, 1249343, 415153, 741422, 1463859, 1279286, 2132500, 993505, 'Back']
[1747933, 1217940, 2032525, 1060885, 2028447, 1420066, 819836, 633852, 862152, 1249942, 404450, 746178, 1460254, 1278119, 2133924, 1003234, 'Back']
[1746642, 1215350, 2050677, 1073915, 2029867, 1421969, 818348, 633691, 861986, 1249786, 414152, 738618, 1463265, 1279033, 2128873, 989819, 'Back']
[1747636, 1218087, 2033393, 1061021, 2028031, 1420084, 820079, 633739, 862235, 1249888, 406842, 750569, 1462721, 1278956, 2139116, 1008374, 'Back']
[1745976, 1214591, 2049277, 1073252, 2029978, 1421725, 817588, 633101, 862247, 1249361, 411942, 735630, 1461381, 1277932, 2124343, 985907, 'Back']
[1746706, 1217420, 2033603, 1060039, 2027409, 1419161, 819305, 632961, 861115, 1248566, 407895, 751671, 1463666, 1278734, 2141268, 1009850, 'Back']
[1746649, 1214875, 2047803, 1072771, 2029956, 1422166, 818154, 633944, 862280, 1249218, 409406, 732744, 1459366, 1277119, 2120652, 982626, 'Back']
[1746882, 1217374, 2035453, 1060898, 2026639, 1419583, 819523, 633406, 861152, 1248741, 410412, 753407, 1465044, 1279910, 2144322, 1011541, 'Back']
[1746401, 1214562, 2046465, 1071267, 2029746, 1421761, 817907, 633549, 861776, 1248766, 407060, 732061, 1457709, 1276389, 2118501, 981862, 'Back']
[1746937, 1217522, 2038107, 1061631, 2027166, 1419380, 819111, 632879, 860825, 1248478, 412366, 756497, 1466935, 1280515, 2147384, 1014186, 'Back']
[1746328, 1214871, 2044193, 1069715, 2030064, 1421565, 817736, 633222, 862121, 1249075, 404805, 731783, 1456781, 1276133, 2116750, 981650, 'Back']
[1746674, 1217630, 2040042, 1063437, 2026977, 1419999, 818992, 633279, 860090, 1248236, 414029, 757148, 1467623, 1280888, 2147990, 1014044, 'Back']
[1747259, 1216307, 2041442, 1069035, 2030535, 1422537, 818981, 634424, 862540, 1250070, 402983, 730826, 1455503, 1276498, 2115279, 981061, 'Back']
[1746502, 1217203, 2042228, 1065301, 2027147, 1420005, 818064, 632948, 860724, 1248725, 416508, 756846, 1468788, 1282115, 2148237, 1012789, 'Back']
[1746705, 1216161, 2038483, 1066424, 2029403, 1421243, 817762, 633398, 862064, 1249192, 400928, 731637, 1454880, 1275399, 2115157, 982556, 'Back']
[1746524, 1217104, 2044326, 1066756, 2027115, 1420092, 817828, 633080, 860294, 1248478, 417554, 756028, 1468956, 1281744, 2146912, 1011179, 'Back']
[1747047, 1216835, 2036580, 1064977, 2029878, 1421327, 818425, 633867, 862527, 1249348, 399919, 733600, 1454946, 1275138, 2116651, 985313, 'Back']
[1745989, 1216473, 2046143, 1067994, 2027606, 1420370, 817559, 633014, 860841, 1248723, 418473, 753966, 1468473, 1281662, 2145041, 1008153, 'Back']
[1746537, 1216301, 2034627, 1062869, 2029282, 1420396, 818464, 633593, 861970, 1248749, 399059, 735437, 1454790, 1274912, 2119010, 988322, 'Back']
[1745894, 1215854, 2047550, 1069005, 2028011, 1420283, 817651, 633376, 860913, 1248530, 418051, 750700, 1467545, 1281136, 2141952, 1004130, 'Back']
[1746761, 1216402, 2033706, 1061168, 2028728, 1419628, 818230, 632923, 861733, 1248768, 399696, 738874, 1455994, 1275423, 2122729, 992531, 'Back']
[1745459, 1215183, 2048665, 1069632, 2028453, 1419984, 817208, 632367, 860605, 1248310, 417170, 747405, 1466472, 1280017, 2138126, 1000024, 'Back']
[1746721, 1216714, 2032397, 1060414, 2028531, 1419718, 818817, 633334, 861653, 1248775, 400930, 741291, 1457168, 1276077, 2125827, 996147, 'Back']
[1745599, 1214759, 2050546, 1071394, 2028979, 1420856, 817440, 633023, 861054, 1248660, 416418, 743651, 1464885, 1279953, 2134132, 995616, 'Back']
[1747659, 1217733, 2033034, 1060487, 2028408, 1420481, 819990, 634105, 861641, 1249473, 403118, 746150, 1459191, 1277316, 2131750, 1002166, 'Back']
[1745865, 1214619, 2050464, 1072243, 2029237, 1421707, 818092, 633768, 861564, 1249657, 415158, 740527, 1463386, 1279727, 2130639, 991946, 'Back']
[1746444, 1216442, 2033011, 1058987, 2027404, 1419070, 819057, 632927, 861012, 1248685, 404690, 748320, 1460312, 1277758, 2135570, 1005472, 'Back']
[1745385, 1213893, 2050605, 1072057, 2029369, 1421083, 817671, 633238, 861083, 1248584, 412630, 738099, 1461454, 1277856, 2127264, 989099, 'Back']
[1746415, 1216814, 2033959, 1059024, 2027122, 1418824, 819306, 633207, 860945, 1248813, 406795, 751580, 1461967, 1278306, 2139910, 1009632, 'Back']
[1746002, 1214474, 2050025, 1072385, 2030123, 1421396, 818205, 633433, 861694, 1249284, 411180, 736292, 1460258, 1277461, 2123894, 986605, 'Back']
[1746598, 1217484, 2035045, 1059709, 2027086, 1418922, 819612, 633054, 861219, 1249264, 409310, 753957, 1463921, 1279211, 2143233, 1012453, 'Back']
[1746068, 1214434, 2047994, 1071566, 2030164, 1421380, 818378, 633628, 862098, 1249554, 408857, 733354, 1458680, 1276719, 2119875, 983508, 'Back']
[1746197, 1216948, 2036643, 1060547, 2026962, 1418935, 819404, 633202, 861116, 1249160, 411363, 754900, 1465583, 1279992, 2145050, 1013418, 'Back']
[1746009, 1214458, 2045801, 1070452, 2030624, 1421456, 818496, 633810, 861966, 1249537, 406549, 731846, 1457360, 1276157, 2117273, 981966, 'Back']
[1745902, 1216607, 2039004, 1061928, 2027019, 1419081, 819427, 633361, 860381, 1249036, 413576, 756316, 1466859, 1280690, 2147286, 1014448, 'Back']
[1745524, 1214263, 2043037, 1068692, 2030429, 1420906, 818331, 633418, 861552, 1249283, 404216, 731012, 1455686, 1275708, 2115916, 981561, 'Back']
[1745933, 1216279, 2040917, 1063434, 2026898, 1418980, 819177, 632786, 860155, 1248670, 415389, 756656, 1467633, 1280918, 2147830, 1013726, 'Back']
[1746191, 1214929, 2040142, 1067170, 2030018, 1421145, 818819, 633920, 862207, 1249813, 402321, 730533, 1454753, 1275625, 2114746, 981639, 'Back']
[1745595, 1215856, 2043383, 1064971, 2027221, 1419161, 818458, 633070, 860048, 1248778, 417421, 756833, 1468496, 1281589, 2147793, 1012807, 'Back']
[1746213, 1215304, 2038207, 1065313, 2029546, 1420728, 819003, 633811, 861737, 1249563, 400622, 731834, 1454244, 1275297, 2115488, 983819, 'Back']
[1745671, 1215712, 2045842, 1066621, 2027561, 1419308, 818420, 632637, 860337, 1248794, 418986, 756223, 1468952, 1281904, 2146725, 1010877, 'Back']
[1746071, 1215383, 2036467, 1063559, 2029314, 1420213, 818619, 633621, 861874, 1249261, 399807, 733537, 1454668, 1274981, 2116841, 986013, 'Back']
[1745961, 1215930, 2048153, 1068797, 2027997, 1419793, 817964, 632916, 860558, 1248823, 419646, 753955, 1468980, 1281772, 2144077, 1007450, 'Back']
[1746703, 1216410, 2034628, 1062257, 2028600, 1419816, 818779, 633585, 862052, 1249517, 400285, 737071, 1455630, 1275593, 2119817, 990023, 'Back']
[1745971, 1215468, 2049344, 1069788, 2027679, 1419772, 817519, 632393, 860856, 1248933, 419709, 750458, 1467668, 1281122, 2139967, 1003055, 'Back']
[1746948, 1216852, 2032715, 1060642, 2028452, 1419543, 819150, 633196, 861853, 1248951, 400741, 740507, 1456344, 1275309, 2122828, 994140, 'Back']
[1746100, 1215025, 2050523, 1071020, 2028823, 1420152, 818004, 633322, 860919, 1248966, 418861, 746327, 1466061, 1280546, 2135783, 998430, 'Back']
[1746864, 1216507, 2031698, 1059096, 2028069, 1419013, 819459, 633673, 861408, 1248962, 402309, 744416, 1457755, 1276187, 2127304, 998794, 'Back']
[1746249, 1214505, 2050992, 1071784, 2028628, 1420665, 818293, 633590, 860823, 1248885, 416836, 742503, 1464145, 1279642, 2131498, 994090, 'Back']
[1746410, 1216480, 2031025, 1057859, 2026695, 1418807, 819550, 633274, 860793, 1248949, 403923, 748723, 1459300, 1277288, 2131804, 1003953, 'Back']
[1744985, 1213186, 2050053, 1071311, 2028906, 1420386, 817316, 632900, 860148, 1248078, 413788, 738222, 1461679, 1278119, 2126185, 989617, 'Back']
[1745787, 1216613, 2030795, 1057224, 2026872, 1418596, 819476, 632983, 860229, 1248026, 405212, 751763, 1461011, 1277538, 2135381, 1007971, 'Back']
[1745162, 1213392, 2048979, 1071593, 2028746, 1420845, 817634, 633416, 860613, 1248325, 411555, 734779, 1459888, 1277457, 2121664, 985772, 'Back']
[1745684, 1216812, 2032478, 1057915, 2026182, 1418631, 819743, 633665, 860277, 1248433, 407771, 754155, 1462945, 1278796, 2138772, 1010799, 'Back']
[1745733, 1214022, 2047808, 1071614, 2029034, 1420834, 818029, 633170, 861367, 1249045, 409924, 732610, 1458552, 1277221, 2118008, 983166, 'Back']
[1746062, 1216948, 2034527, 1058709, 2026461, 1417884, 819473, 632323, 860320, 1248543, 410714, 756042, 1464840, 1279510, 2141621, 1012851, 'Back']
[1746374, 1214411, 2046558, 1071040, 2029861, 1420998, 818573, 634055, 861753, 1249308, 408029, 731412, 1457585, 1276272, 2115332, 981787, 'Back']
[1746412, 1217106, 2036977, 1060410, 2026149, 1418244, 819747, 633492, 860757, 1249031, 413553, 758115, 1466803, 1280705, 2144398, 1015051, 'Back']
[1746061, 1214061, 2044056, 1069226, 2029438, 1420185, 818371, 633801, 862064, 1249545, 405937, 730769, 1456142, 1276121, 2113654, 981587, 'Back']
[1745896, 1216168, 2038952, 1061186, 2026436, 1417566, 818876, 632613, 859961, 1248294, 415121, 758572, 1467450, 1280513, 2145924, 1015553, 'Back']
[1746361, 1215122, 2041293, 1067326, 2029201, 1420557, 819090, 634095, 861852, 1249416, 403505, 730664, 1454926, 1275463, 2112983, 981946, 'Back']
[1746270, 1216830, 2041456, 1062980, 2026498, 1417968, 818699, 632695, 860169, 1248745, 417545, 758838, 1468258, 1281371, 2146681, 1015154, 'Back']
[1746502, 1215950, 2038144, 1065438, 2030012, 1420172, 819083, 633694, 862115, 1249363, 402127, 731010, 1454274, 1274809, 2112699, 982449, 'Back']
[1746421, 1217275, 2043633, 1065717, 2027399, 1419245, 819097, 632979, 860588, 1248828, 419572, 756934, 1469079, 1281930, 2145780, 1012023, 'Back']
[1746677, 1216782, 2036361, 1064667, 2029548, 1420567, 819715, 634034, 862130, 1249344, 401184, 732122, 1454422, 1275159, 2114338, 984061, 'Back']
[1745975, 1216842, 2046422, 1067698, 2026973, 1419490, 818582, 632652, 860521, 1248837, 420422, 755124, 1469356, 1282196, 2145211, 1009550, 'Back']
[1746569, 1216926, 2035028, 1063018, 2029476, 1419835, 819502, 633426, 861643, 1248787, 400358, 735366, 1455164, 1274779, 2118047, 988106, 'Back']
[1746160, 1216653, 2048117, 1069176, 2028033, 1419867, 818824, 633151, 860660, 1248503, 420515, 752419, 1468550, 1281389, 2142817, 1006029, 'Back']
[1746836, 1217341, 2033859, 1061723, 2028827, 1419635, 819436, 633036, 861746, 1248864, 401180, 738735, 1455830, 1275325, 2121551, 992348, 'Back']
[1745915, 1216700, 2049209, 1070342, 2028111, 1420564, 818289, 633320, 860683, 1248743, 419524, 749146, 1466768, 1281008, 2138762, 1002091, 'Back']
[1746882, 1217971, 2032279, 1060703, 2028334, 1419800, 819410, 633444, 861658, 1249031, 401990, 741619, 1456684, 1276273, 2124294, 996307, 'Back']
[1745641, 1216193, 2049326, 1071039, 2028648, 1420789, 818185, 633467, 861187, 1248807, 418260, 744363, 1465062, 1280559, 2133145, 996552, 'Back']
[1747465, 1218389, 2031879, 1060101, 2028230, 1419966, 820001, 633650, 861689, 1248774, 403903, 744281, 1458273, 1277377, 2127560, 999979, 'Back']
[1745627, 1215449, 2049527, 1071413, 2028668, 1420577, 817780, 632959, 861454, 1248586, 416873, 740848, 1463738, 1279936, 2129155, 992642, 'Back']
[1746442, 1217544, 2031231, 1058418, 2026941, 1418331, 818721, 632214, 860737, 1247650, 404988, 746768, 1459337, 1277046, 2131338, 1003695, 'Back']
[1745511, 1215156, 2049227, 1071674, 2029031, 1420643, 817731, 633118, 860964, 1248129, 414256, 737269, 1461375, 1278129, 2124236, 988182, 'Back']
[1746442, 1217902, 2032729, 1058684, 2027236, 1418573, 819441, 632795, 860703, 1247981, 407635, 750126, 1461363, 1278070, 2135905, 1007960, 'Back']
[1745790, 1215124, 2048508, 1071653, 2029790, 1421124, 818367, 633397, 861802, 1248798, 412673, 734871, 1459974, 1277673, 2120921, 985387, 'Back']
[1746506, 1217746, 2033684, 1059138, 2027230, 1418840, 820158, 633270, 860822, 1248074, 409685, 751678, 1463303, 1279069, 2139307, 1010418, 'Back']
[1745765, 1214848, 2046993, 1071175, 2029763, 1421368, 818589, 633967, 861799, 1248474, 410310, 732817, 1458875, 1276954, 2117808, 983246, 'Back']
[1746344, 1217696, 2035076, 1059928, 2026617, 1418833, 819774, 633187, 860570, 1248366, 411723, 753076, 1464686, 1279848, 2141810, 1012188, 'Back']
[1745831, 1215078, 2044941, 1070129, 2029937, 1421110, 818571, 633614, 861902, 1249130, 408451, 732009, 1457548, 1276699, 2115439, 982013, 'Back']
[1746016, 1217277, 2037784, 1061232, 2026460, 1418256, 818934, 632895, 860606, 1248452, 414132, 754431, 1466203, 1280288, 2143424, 1012907, 'Back']
[1745686, 1215074, 2043008, 1068103, 2030046, 1420051, 817984, 632908, 862047, 1248844, 406454, 731796, 1456636, 1275574, 2113880, 981794, 'Back']
[1746012, 1217083, 2039865, 1062239, 2026792, 1418056, 818399, 631888, 860539, 1248295, 416022, 755201, 1467714, 1280537, 2144605, 1013032, 'Back']
[1745694, 1214972, 2040178, 1066110, 2029375, 1419449, 817846, 632672, 861810, 1248937, 404157, 731096, 1455490, 1275105, 2112267, 981402, 'Back']
[1746180, 1216874, 2041996, 1064281, 2026589, 1418861, 819155, 633595, 860411, 1248364, 417382, 754308, 1467873, 1281031, 2143860, 1011292, 'Back']
[1746159, 1215484, 2038615, 1065012, 2028536, 1419740, 818798, 633446, 862152, 1249585, 403286, 731828, 1454902, 1275810, 2112985, 983195, 'Back']
[1745859, 1216153, 2044324, 1065231, 2027338, 1418284, 818439, 632536, 860110, 1248448, 419003, 753903, 1468035, 1281218, 2143725, 1010054, 'Back']
[1746618, 1215983, 2036008, 1063191, 2029587, 1419540, 819258, 634089, 862040, 1249395, 401775, 732755, 1454954, 1275239, 2114311, 985058, 'Back']
[1745449, 1215743, 2045597, 1066849, 2027308, 1418875, 817978, 632839, 860263, 1248523, 419419, 751187, 1467971, 1281254, 2141051, 1006159, 'Back']
[1746267, 1215988, 2034327, 1061642, 2028764, 1418822, 818454, 633066, 861224, 1248554, 400992, 735377, 1455187, 1275127, 2116860, 988663, 'Back']
