[4855620, 3268230, 632351, 734555, 1845759, 2321386, 857143, 771938, 2365174, 1529861, 1123093, 2510058, 2107608, 1202307, 507290, 1843348, 'Back']
[4915593, 3267233, 636972, 734207, 1846328, 2323631, 855901, 770093, 2365084, 1532802, 1137637, 2543881, 2122026, 1206094, 515981, 1862687, 'Back']
[4851639, 3267297, 630968, 733633, 1844869, 2319982, 856602, 771895, 2364779, 1529318, 1123541, 2517947, 2108792, 1202023, 507955, 1846622, 'Back']
[4919435, 3267951, 638120, 735068, 1847140, 2324369, 855734, 770320, 2365185, 1533019, 1136807, 2535280, 2120483, 1206124, 515956, 1859558, 'Back']
[4851832, 3267097, 629765, 733395, 1844301, 2319033, 856141, 771348, 2364834, 1529829, 1124870, 2527249, 2110599, 1202360, 509150, 1849593, 'Back']
[4920552, 3267991, 638641, 735616, 1847972, 2325860, 856099, 770214, 2365341, 1532920, 1135558, 2525932, 2119284, 1206066, 515538, 1855501, 'Back']
[4854616, 3266735, 628396, 732940, 1843781, 2318730, 856380, 772119, 2364422, 1529828, 1126239, 2536370, 2112459, 1202531, 510138, 1853398, 'Back']
[4919809, 3268837, 638812, 735863, 1848345, 2326389, 856060, 770627, 2365526, 1533121, 1134026, 2517077, 2117219, 1206181, 514546, 1852130, 'Back']
[4857644, 3266784, 627808, 732351, 1843080, 2318300, 855704, 771835, 2364715, 1530624, 1128233, 2545653, 2114635, 1203106, 511191, 1857103, 'Back']
[4914025, 3269587, 639234, 736281, 1848301, 2326473, 855514, 770127, 2365763, 1533130, 1132121, 2509527, 2115344, 1205742, 512980, 1848199, 'Back']
[4862088, 3266969, 628294, 732413, 1842859, 2317397, 855108, 771048, 2365048, 1531444, 1130653, 2553538, 2116787, 1203567, 512148, 1860044, 'Back']
[4908933, 3269578, 639296, 736481, 1848788, 2326913, 856211, 771096, 2366020, 1532767, 1130497, 2502898, 2113703, 1205395, 512121, 1845029, 'Back']
[4871576, 3266120, 628576, 732042, 1842915, 2318340, 855165, 771255, 2364596, 1531451, 1132234, 2559647, 2119069, 1203987, 513656, 1863335, 'Back']
[4902801, 3269244, 638691, 736375, 1848537, 2326470, 856222, 770653, 2365328, 1531944, 1127734, 2497426, 2111395, 1204765, 510908, 1842375, 'Back']
[4878017, 3265580, 629603, 732144, 1843503, 2318549, 856149, 771495, 2364875, 1531854, 1133922, 2562803, 2120720, 1204590, 515137, 1865469, 'Back']
[4891415, 3268479, 637978, 736068, 1848757, 2325406, 856079, 770115, 2365563, 1531017, 1125702, 2493938, 2109776, 1203875, 510121, 1840371, 'Back']
[4885787, 3265298, 630461, 732342, 1843528, 2319170, 855330, 771319, 2364374, 1531352, 1134918, 2564566, 2121813, 1204450, 515395, 1867040, 'Back']
[4882391, 3268625, 636638, 736235, 1848107, 2325683, 857147, 771726, 2365494, 1530727, 1124114, 2493187, 2108437, 1203906, 509127, 1839508, 'Back']
[4894805, 3265547, 631220, 732686, 1843675, 2320115, 855286, 770986, 2364479, 1532190, 1136326, 2563890, 2122855, 1205396, 516299, 1868246, 'Back']
[4873891, 3268455, 635021, 735538, 1847293, 2324386, 856398, 771380, 2365034, 1530334, 1122921, 2495693, 2107488, 1203146, 507904, 1839150, 'Back']
[4902416, 3266197, 632724, 733011, 1844412, 2321239, 855220, 771153, 2364688, 1532788, 1137538, 2561198, 2123557, 1205797, 516441, 1867282, 'Back']
[4866328, 3268135, 633765, 735041, 1846656, 2323113, 856654, 770872, 2365249, 1530170, 1122876, 2499822, 2107446, 1202722, 507563, 1839681, 'Back']
[4908898, 3266721, 634555, 733773, 1844781, 2321999, 854900, 770082, 2365016, 1532990, 1138272, 2555902, 2123596, 1205880, 516592, 1865619, 'Back']
[4858672, 3268175, 632989, 735032, 1846036, 2321989, 857081, 771748, 2365375, 1530192, 1123212, 2506361, 2108199, 1202535, 507875, 1841641, 'Back']
[4914851, 3267215, 636094, 734561, 1845954, 2323238, 855163, 770406, 2365260, 1533563, 1138492, 2549047, 2123200, 1206386, 517205, 1863695, 'Back']
[4853953, 3267534, 631216, 734244, 1845349, 2320741, 856491, 771601, 2364961, 1530107, 1123433, 2514298, 2108721, 1202477, 508217, 1844377, 'Back']
[4918202, 3266810, 636832, 734436, 1846452, 2323628, 855704, 769086, 2364968, 1533004, 1137092, 2540249, 2121673, 1205923, 516456, 1860284, 'Back']
[4852413, 3266828, 629993, 733731, 1844419, 2319921, 856392, 772359, 2364545, 1529638, 1123888, 2523048, 2109594, 1202130, 509096, 1847502, 'Back']
[4919745, 3267737, 638380, 735574, 1847542, 2325535, 856066, 771099, 2365315, 1533338, 1136518, 2531603, 2120067, 1206393, 516433, 1857876, 'Back']
[4851284, 3266435, 628971, 733225, 1843817, 2319251, 855877, 772002, 2364675, 1530059, 1125724, 2532646, 2111443, 1202659, 510357, 1851826, 'Back']
[4917489, 3267747, 638678, 735802, 1847893, 2326378, 855864, 770645, 2365191, 1532949, 1134589, 2522360, 2118278, 1206194, 515245, 1853986, 'Back']
[4852347, 3265942, 628116, 732823, 1843223, 2318808, 856081, 771597, 2364341, 1530183, 1126870, 2541319, 2113230, 1203051, 510709, 1854947, 'Back']
[4915612, 3268029, 638836, 735922, 1847858, 2326315, 855349, 769549, 2365531, 1532701, 1132961, 2513216, 2116243, 1205900, 513620, 1849666, 'Back']
[4858618, 3266001, 627848, 732619, 1842573, 2318092, 855465, 772046, 2364492, 1530529, 1129073, 2549540, 2115018, 1203047, 511375, 1857982, 'Back']
[4911508, 3269169, 639232, 736705, 1848558, 2326770, 856038, 770117, 2366129, 1532874, 1131692, 2505481, 2113790, 1205688, 512625, 1845970, 'Back']
[4865818, 3266129, 628379, 732599, 1842597, 2317938, 855599, 771398, 2365022, 1531385, 1131769, 2556611, 2117178, 1203700, 513157, 1861356, 'Back']
[4905064, 3268970, 638979, 736567, 1848551, 2326410, 855775, 770728, 2366072, 1532547, 1129506, 2499946, 2111845, 1205223, 512009, 1843214, 'Back']
[4872140, 3265499, 628805, 732245, 1842774, 2318163, 854620, 771306, 2364408, 1531541, 1133063, 2561692, 2118969, 1204189, 514449, 1864225, 'Back']
[4894558, 3268593, 638133, 736232, 1848508, 2326126, 855855, 770979, 2365373, 1531658, 1126905, 2495745, 2109891, 1204585, 510971, 1841195, 'Back']
[4879186, 3265017, 629487, 731869, 1843083, 2318395, 855081, 771227, 2364268, 1531406, 1134482, 2564150, 2120566, 1204225, 515737, 1866058, 'Back']
[4883650, 3268229, 637434, 735838, 1848306, 2325219, 856102, 771256, 2365564, 1530803, 1125146, 2493237, 2108748, 1203589, 510502, 1839304, 'Back']
[4886180, 3264603, 630644, 731868, 1843196, 2318834, 854514, 770833, 2364558, 1531545, 1135982, 2564160, 2122191, 1204522, 516843, 1867439, 'Back']
[4874737, 3267696, 635905, 735472, 1847972, 2324507, 856814, 771664, 2365012, 1530040, 1123367, 2493837, 2107493, 1202804, 509594, 1839193, 'Back']
[4895231, 3265267, 631905, 732619, 1844374, 2320543, 855495, 771762, 2364275, 1532048, 1136780, 2562278, 2122705, 1205068, 517719, 1867831, 'Back']
[4867948, 3267546, 634114, 735062, 1846999, 2323735, 856119, 771798, 2364943, 1530012, 1122557, 2496713, 2106915, 1202763, 509202, 1839565, 'Back']
[4904346, 3265492, 633121, 733120, 1844273, 2321599, 854697, 770409, 2364356, 1532567, 1137305, 2557749, 2122821, 1205577, 517676, 1866038, 'Back']
[4861209, 3267144, 632536, 734644, 1845723, 2322243, 855689, 771090, 2364619, 1529648, 1121871, 2502103, 2106726, 1202085, 508673, 1840248, 'Back']
[4911166, 3265885, 634634, 733724, 1844713, 2322746, 854453, 770780, 2364357, 1532716, 1137187, 2551974, 2122287, 1205597, 517426, 1864641, 'Back']
[4856338, 3267394, 631618, 734656, 1845058, 2321903, 855524, 771802, 2364728, 1529986, 1122372, 2509678, 2107083, 1202205, 508565, 1843058, 'Back']
[4917026, 3266364, 636229, 734272, 1845472, 2324062, 854525, 769743, 2364864, 1533299, 1137192, 2544274, 2121302, 1206013, 517014, 1862053, 'Back']
[4852883, 3266339, 630353, 733704, 1844261, 2320543, 856034, 772299, 2364269, 1529571, 1122852, 2517939, 2108153, 1201958, 508994, 1845493, 'Back']
[4919721, 3266003, 637338, 734476, 1846326, 2324807, 854920, 771029, 2364630, 1532847, 1135869, 2535786, 2120112, 1205713, 516839, 1858948, 'Back']
[4851718, 3265056, 628973, 732697, 1843626, 2319096, 855419, 771439, 2364017, 1528907, 1123321, 2526738, 2109692, 1201591, 509675, 1848806, 'Back']
[4920771, 3266298, 638194, 735087, 1847304, 2325538, 855128, 770395, 2364442, 1532190, 1134005, 2526182, 2118595, 1205384, 515906, 1854882, 'Back']
[4853437, 3264925, 628320, 732604, 1843512, 2318843, 856042, 772913, 2364089, 1529496, 1124905, 2535973, 2111664, 1202298, 510793, 1852427, 'Back']
[4918018, 3266595, 638561, 735420, 1847580, 2326197, 854697, 770343, 2364928, 1532167, 1132426, 2517027, 2116513, 1205381, 515082, 1851424, 'Back']
[4855006, 3264486, 627843, 732100, 1842715, 2317825, 854592, 771735, 2364011, 1529462, 1126645, 2544506, 2113372, 1202149, 511497, 1855989, 'Back']
[4911961, 3267141, 639003, 735857, 1848132, 2326160, 855372, 769681, 2365344, 1531867, 1130959, 2508870, 2114389, 1204748, 513952, 1847781, 'Back']
[4859570, 3264591, 628024, 732129, 1842683, 2317407, 855791, 772174, 2364373, 1530071, 1129147, 2552450, 2115662, 1202501, 513235, 1859513, 'Back']
[4906640, 3267492, 639096, 736033, 1848378, 2325554, 855318, 770360, 2365516, 1531335, 1129256, 2502158, 2112770, 1204006, 512924, 1844619, 'Back']
[4867460, 3264592, 628834, 732094, 1842614, 2317382, 854500, 771576, 2364514, 1530187, 1131449, 2558913, 2118003, 1202654, 514327, 1862871, 'Back']
[4899828, 3267965, 638836, 736276, 1848270, 2325770, 855035, 770200, 2365512, 1530991, 1127470, 2497380, 2110690, 1203490, 511899, 1841960, 'Back']
[4877146, 3264749, 629298, 731945, 1842583, 2317408, 853495, 770431, 2364545, 1530855, 1133502, 2562856, 2119601, 1203212, 515547, 1864717, 'Back']
[4893926, 3268167, 637966, 736305, 1848438, 2325643, 855806, 770845, 2365606, 1530953, 1125830, 2494446, 2109358, 1203350, 511154, 1839974, 'Back']
[4886895, 3264769, 630150, 732275, 1843266, 2318670, 854225, 770892, 2364283, 1531507, 1135068, 2565110, 2121479, 1204109, 517247, 1867258, 'Back']
[4881932, 3267347, 636182, 735558, 1847667, 2324268, 854899, 770780, 2365154, 1530431, 1123919, 2493568, 2107991, 1202870, 510414, 1839276, 'Back']
[4892247, 3263795, 630445, 731643, 1843275, 2318688, 854259, 769873, 2363658, 1531086, 1135283, 2563655, 2122082, 1203813, 517196, 1867494, 'Back']
[4873170, 3266462, 634311, 734751, 1846961, 2323204, 855664, 771025, 2364580, 1529275, 1121665, 2494982, 2107032, 1201926, 509289, 1838937, 'Back']
[4900581, 3263985, 631888, 732084, 1844155, 2320185, 854055, 771153, 2363991, 1531445, 1135830, 2560252, 2122872, 1204496, 517638, 1867228, 'Back']
[4864100, 3266332, 633116, 734698, 1846655, 2322769, 855755, 771942, 2364557, 1529026, 1121099, 2498966, 2106793, 1201699, 508830, 1840381, 'Back']
[4906285, 3264746, 633736, 733103, 1844903, 2321497, 854283, 770281, 2364564, 1532239, 1136815, 2554897, 2122897, 1205225, 517710, 1866352, 'Back']
[4857097, 3265801, 631854, 733770, 1845674, 2320716, 855325, 771094, 2364680, 1528939, 1121367, 2505056, 2107138, 1201538, 508558, 1841882, 'Back']
[4913341, 3264908, 635108, 733233, 1845457, 2321786, 853732, 769385, 2364610, 1531964, 1136686, 2548423, 2122372, 1204718, 517031, 1863919, 'Back']
[4853941, 3265817, 630726, 733264, 1845109, 2319684, 855019, 771024, 2364607, 1528884, 1121957, 2513195, 2108232, 1201032, 508533, 1844372, 'Back']
[4918329, 3265685, 636599, 733969, 1846242, 2323714, 854027, 769809, 2364915, 1532650, 1136251, 2540531, 2121553, 1205312, 516830, 1860963, 'Back']
[4851027, 3265184, 629258, 732611, 1844007, 2318795, 854670, 770698, 2364245, 1529049, 1122755, 2522227, 2109299, 1201496, 509202, 1847366, 'Back']
[4919277, 3266040, 637203, 734233, 1846963, 2324057, 854485, 769382, 2364873, 1532246, 1134998, 2531212, 2119622, 1205080, 516182, 1856970, 'Back']
[4851020, 3265122, 628289, 732348, 1843601, 2318476, 855246, 772135, 2364099, 1529275, 1124175, 2531358, 2110840, 1201539, 509991, 1850509, 'Back']
[4918569, 3266352, 637992, 734905, 1847553, 2325858, 854135, 769840, 2364993, 1532417, 1133571, 2522392, 2118111, 1205363, 515554, 1853800, 'Back']
[4851948, 3264439, 627394, 731633, 1842959, 2317927, 854148, 771528, 2363869, 1529438, 1125556, 2540434, 2112585, 1201739, 510893, 1854395, 'Back']
[4914702, 3266594, 638264, 734852, 1847842, 2325658, 854664, 769647, 2364923, 1532035, 1131447, 2513245, 2115956, 1204658, 514168, 1849783, 'Back']
[4857395, 3263946, 627122, 731117, 1842374, 2317088, 854283, 771071, 2363615, 1529444, 1127152, 2549126, 2114719, 1201630, 512196, 1858132, 'Back']
[4910799, 3266813, 638399, 735012, 1848130, 2325557, 854580, 770029, 2364793, 1531373, 1129449, 2506041, 2113870, 1204007, 513564, 1846809, 'Back']
[4865362, 3263870, 627324, 730987, 1842552, 2317047, 853941, 769962, 2363841, 1529951, 1129425, 2556032, 2116849, 1202147, 513579, 1861347, 'Back']
[4906299, 3267196, 638261, 735750, 1848539, 2326101, 854626, 770729, 2365015, 1531436, 1127765, 2500222, 2111923, 1203927, 512557, 1843681, 'Back']
[4873491, 3263978, 628120, 731630, 1842737, 2317644, 854267, 770906, 2363755, 1530912, 1131670, 2561926, 2118993, 1203088, 515044, 1864700, 'Back']
[4897150, 3267038, 637560, 735625, 1848388, 2325518, 855124, 770298, 2365292, 1531277, 1125860, 2495928, 2109925, 1203549, 511413, 1841241, 'Back']
[4881927, 3263429, 628626, 731219, 1842620, 2318075, 853443, 770885, 2363672, 1530974, 1133000, 2564627, 2120235, 1203264, 515908, 1866341, 'Back']
[4888091, 3266977, 636745, 735593, 1847914, 2325126, 854641, 770432, 2364571, 1530392, 1123428, 2493852, 2107791, 1202610, 510250, 1839588, 'Back']
[4888435, 3263708, 630155, 731961, 1842989, 2318897, 853176, 769868, 2363741, 1531493, 1134442, 2564913, 2121164, 1203712, 516740, 1867223, 'Back']
[4876967, 3266211, 635347, 735042, 1847174, 2323829, 854376, 769790, 2364143, 1529612, 1121881, 2494243, 2106654, 1201688, 509406, 1838761, 'Back']
[4895108, 3263750, 631393, 732278, 1843961, 2319861, 853669, 770816, 2363340, 1531650, 1135196, 2563512, 2122080, 1204086, 517550, 1867645, 'Back']
[4866518, 3266046, 633810, 734593, 1847015, 2322763, 854896, 770868, 2364370, 1529389, 1120839, 2497024, 2106307, 1201742, 509141, 1839067, 'Back']
[4901424, 3263682, 632536, 732340, 1844564, 2320245, 853924, 769137, 2363744, 1531724, 1135551, 2558789, 2122351, 1204420, 517926, 1866251, 'Back']
[4858388, 3265722, 632300, 734458, 1846266, 2321811, 855022, 771201, 2364344, 1528905, 1120316, 2502117, 2106404, 1201287, 508935, 1840204, 'Back']
[4907949, 3264417, 633872, 733444, 1845165, 2322175, 854022, 770326, 2364230, 1532097, 1135897, 2552491, 2122217, 1204968, 518086, 1864903, 'Back']
[4854231, 3265794, 630658, 734320, 1845154, 2321208, 855520, 770912, 2364306, 1529376, 1120959, 2509042, 2106939, 1201572, 509251, 1842898, 'Back']
[4915743, 3265147, 634944, 734061, 1845320, 2322893, 854163, 768176, 2363987, 1532641, 1136005, 2545281, 2121213, 1205185, 517573, 1862375, 'Back']
[4853173, 3265826, 629505, 734106, 1844119, 2320229, 855563, 771451, 2363802, 1529540, 1122247, 2517747, 2107514, 1201432, 509185, 1845410, 'Back']
[4920031, 3266128, 636665, 734919, 1845726, 2324987, 854837, 769128, 2364047, 1533167, 1136151, 2536849, 2119686, 1205550, 516886, 1859586, 'Back']
[4851503, 3265966, 628983, 733573, 1843276, 2320157, 856731, 771784, 2363480, 1529916, 1124158, 2527352, 2109039, 1201792, 509683, 1849396, 'Back']
[4919739, 3266872, 638236, 735100, 1846589, 2325527, 855837, 769332, 2364341, 1533239, 1135662, 2527453, 2118111, 1205521, 515931, 1855972, 'Back']
[4852651, 3265546, 628651, 732517, 1842739, 2318642, 856221, 770817, 2363297, 1529826, 1126095, 2536255, 2110880, 1201725, 510173, 1853082, 'Back']
[4919058, 3267584, 639384, 735422, 1847257, 2326092, 855684, 768781, 2364557, 1532923, 1134339, 2518669, 2116470, 1205297, 514655, 1852799, 'Back']
[4856156, 3265326, 628683, 732063, 1842587, 2318204, 856381, 771069, 2363832, 1530416, 1128363, 2544730, 2113046, 1202302, 510966, 1856616, 'Back']
[4915961, 3267377, 639935, 735237, 1847621, 2326764, 856339, 769842, 2364825, 1532531, 1132687, 2509925, 2114534, 1204864, 513386, 1849087, 'Back']
[4863998, 3264480, 628560, 731034, 1841987, 2317397, 855468, 769985, 2363569, 1530084, 1130381, 2552319, 2115482, 1202023, 511976, 1860088, 'Back']
[4911741, 3267464, 639547, 734971, 1847841, 2325769, 856158, 768584, 2364725, 1531652, 1130787, 2502737, 2112624, 1204010, 511860, 1845022, 'Back']
[4870475, 3264508, 628733, 731031, 1841882, 2317440, 855349, 770108, 2363524, 1530479, 1132470, 2558694, 2117334, 1202477, 512938, 1862600, 'Back']
[4901929, 3267537, 638727, 735221, 1847421, 2326093, 855747, 769521, 2364722, 1531512, 1128783, 2497367, 2110458, 1203905, 510818, 1842340, 'Back']
[4876104, 3264579, 629440, 731579, 1841795, 2318001, 854645, 770121, 2363517, 1531149, 1134418, 2562677, 2119121, 1203309, 514251, 1864944, 'Back']
[4892144, 3268148, 638334, 736165, 1847503, 2325647, 856352, 770476, 2364699, 1531507, 1127415, 2494830, 2109037, 1203625, 509976, 1840480, 'Back']
[4883908, 3265080, 630716, 732340, 1842507, 2318965, 854919, 770173, 2364054, 1532432, 1136875, 2565083, 2120811, 1204582, 515962, 1867138, 'Back']
[4882666, 3267623, 636763, 735430, 1847080, 2324589, 855677, 770053, 2364984, 1531373, 1126146, 2494145, 2107427, 1203441, 509598, 1839289, 'Back']
[4892159, 3264189, 631277, 731853, 1843080, 2319462, 855149, 770419, 2363684, 1532158, 1137883, 2564475, 2121515, 1204545, 516699, 1867559, 'Back']
[4873549, 3266872, 635003, 734859, 1847024, 2324224, 856900, 771279, 2364459, 1530261, 1124593, 2495434, 2106583, 1202659, 509175, 1839355, 'Back']
[4900371, 3264297, 631929, 731735, 1843960, 2320650, 855201, 769834, 2363792, 1532546, 1138502, 2561211, 2122590, 1205262, 517615, 1867755, 'Back']
[4864975, 3265934, 632748, 733365, 1846039, 2322378, 855775, 770185, 2363998, 1529797, 1123209, 2499013, 2106643, 1201989, 508429, 1840250, 'Back']
[4907416, 3264015, 632741, 731594, 1843798, 2320931, 853572, 768500, 2363311, 1532159, 1138000, 2556045, 2122158, 1204699, 516864, 1866147, 'Back']
[4857607, 3265748, 631460, 733422, 1845336, 2321638, 856342, 770879, 2363496, 1529398, 1122853, 2505523, 2106416, 1201341, 508246, 1842084, 'Back']
[4911083, 3264529, 634500, 732754, 1845098, 2322860, 854934, 770675, 2363303, 1532762, 1138241, 2549563, 2121469, 1205425, 517755, 1864939, 'Back']
[4850660, 3265515, 630616, 733292, 1844994, 2320837, 856668, 772164, 2363269, 1529523, 1123207, 2513573, 2107002, 1201724, 509240, 1845565, 'Back']
[4913935, 3265412, 636903, 733917, 1846192, 2323774, 854937, 770077, 2364117, 1533125, 1137848, 2541504, 2120527, 1205809, 517654, 1862647, 'Back']
[4847325, 3265159, 630057, 732693, 1844291, 2319261, 855813, 770797, 2364031, 1529769, 1124741, 2521980, 2108386, 1201662, 509746, 1848398, 'Back']
[4916650, 3265888, 638142, 734307, 1847038, 2324691, 854962, 769774, 2364479, 1532956, 1137064, 2532429, 2119267, 1205249, 516862, 1858654, 'Back']
[4848901, 3265065, 629367, 732614, 1843916, 2318877, 855745, 771380, 2364298, 1530045, 1126320, 2531712, 2110347, 1201885, 510660, 1851840, 'Back']
[4916823, 3265883, 638884, 734417, 1847646, 2325209, 854698, 768713, 2364694, 1532916, 1135787, 2523630, 2117803, 1205380, 516105, 1855238, 'Back']
[4849859, 3263792, 627895, 731226, 1843217, 2317316, 855200, 769560, 2363554, 1529570, 1127208, 2540368, 2111931, 1201522, 511240, 1855122, 'Back']
[4912537, 3265590, 638434, 734314, 1848052, 2325932, 855538, 769547, 2364244, 1531911, 1133141, 2513494, 2115306, 1204536, 514707, 1850738, 'Back']
[4854558, 3262861, 627142, 730467, 1842470, 2317864, 855040, 771340, 2362696, 1529446, 1128462, 2547778, 2113968, 1201710, 512399, 1858910, 'Back']
[4908598, 3265549, 638090, 734447, 1848077, 2326762, 855034, 769719, 2363545, 1531262, 1130397, 2505817, 2113011, 1203977, 513294, 1847795, 'Back']
[4860963, 3262920, 627124, 730661, 1842389, 2318093, 854835, 770762, 2362734, 1529872, 1130238, 2554932, 2115934, 1202279, 513404, 1862289, 'Back']
[4901301, 3266036, 637856, 734682, 1848085, 2326196, 855426, 769488, 2363904, 1531037, 1128657, 2499119, 2110939, 1203476, 511900, 1844287, 'Back']
[4868386, 3263072, 628030, 730673, 1842346, 2317820, 854959, 770589, 2362809, 1530454, 1132494, 2559899, 2117695, 1202711, 514416, 1864772, 'Back']
[4893315, 3266485, 637918, 735139, 1848090, 2326160, 856022, 769851, 2364146, 1530870, 1127198, 2495335, 2109159, 1203314, 511129, 1842516, 'Back']
[4875310, 3263527, 629435, 731154, 1842824, 2318995, 854936, 770757, 2363323, 1531298, 1135139, 2563737, 2119850, 1203684, 515831, 1867372, 'Back']
[4882974, 3266883, 637147, 735138, 1847988, 2325529, 856451, 770971, 2364383, 1530880, 1126096, 2494069, 2107912, 1203178, 510382, 1841025, 'Back']
[4883394, 3263830, 630577, 731456, 1843077, 2319045, 854508, 770123, 2363594, 1531881, 1136682, 2564372, 2120753, 1204004, 516651, 1868057, 'Back']
[4874297, 3266898, 636146, 734988, 1847395, 2324717, 855873, 770401, 2364414, 1530444, 1124774, 2493730, 2106490, 1202425, 509387, 1839748, 'Back']
[4892365, 3264244, 631832, 731933, 1843538, 2320264, 854424, 770337, 2363680, 1532364, 1137976, 2563054, 2121635, 1204448, 517217, 1868455, 'Back']
[4865707, 3266303, 634179, 734047, 1846748, 2323169, 855429, 769888, 2364525, 1530205, 1123710, 2496396, 2105953, 1202044, 508873, 1839853, 'Back']
[4900147, 3263758, 632658, 731381, 1844090, 2320512, 854114, 769261, 2363701, 1532164, 1138016, 2558379, 2121893, 1204366, 517341, 1867273, 'Back']
[4857730, 3265494, 632303, 732984, 1845889, 2321862, 855405, 770638, 2363838, 1529448, 1122506, 2501058, 2105808, 1201019, 508048, 1840794, 'Back']
[4906998, 3263785, 633817, 731706, 1844776, 2321860, 853531, 769333, 2363861, 1532262, 1137866, 2552076, 2121523, 1204358, 517061, 1865090, 'Back']
[4852037, 3264867, 631117, 732729, 1845424, 2321124, 855161, 771014, 2363687, 1528971, 1122525, 2508070, 2106031, 1200841, 508366, 1843042, 'Back']
[4909081, 3264331, 635608, 732868, 1845951, 2323353, 854653, 770401, 2363729, 1532456, 1137486, 2544802, 2120641, 1204888, 517348, 1863222, 'Back']
[4844931, 3264597, 629958, 732668, 1844803, 2319929, 855500, 771325, 2363496, 1529317, 1123101, 2516045, 2107177, 1201186, 509108, 1846228, 'Back']
[4911572, 3264470, 636705, 733647, 1846351, 2324155, 853346, 769157, 2363638, 1532296, 1136530, 2535912, 2119458, 1204803, 517067, 1860829, 'Back']
[4844443, 3264303, 629129, 732714, 1844096, 2319673, 855330, 771500, 2363336, 1529424, 1124222, 2525219, 2108666, 1201364, 510126, 1850677, 'Back']
[4912866, 3265120, 637871, 734128, 1847231, 2325499, 854367, 769541, 2364158, 1532702, 1135546, 2526740, 2117818, 1205105, 516821, 1857656, 'Back']
[4845509, 3263926, 628007, 731560, 1843552, 2318019, 855427, 771834, 2363317, 1529392, 1125812, 2534715, 2110361, 1201058, 511316, 1854070, 'Back']
[4911812, 3265607, 638265, 734259, 1847551, 2325342, 854357, 769664, 2364252, 1532433, 1133938, 2517838, 2115915, 1204289, 515574, 1853429, 'Back']
[4848720, 3263599, 627444, 731248, 1842688, 2317627, 854680, 770988, 2363226, 1529567, 1127436, 2543544, 2112356, 1201158, 511766, 1857231, 'Back']
[4908398, 3265878, 638607, 734866, 1848297, 2326312, 854381, 770036, 2364442, 1532158, 1132005, 2509510, 2113985, 1204419, 514577, 1849673, 'Back']
[4854310, 3263236, 627629, 730993, 1842997, 2317478, 854508, 771410, 2363458, 1530054, 1129452, 2551111, 2114729, 1202032, 513171, 1860806, 'Back']
[4901409, 3265766, 638581, 734917, 1848550, 2325978, 854811, 770825, 2364439, 1531538, 1129757, 2502230, 2112207, 1203867, 513375, 1846679, 'Back']
[4860526, 3262372, 627780, 730637, 1842892, 2317291, 854451, 771093, 2363027, 1530130, 1130956, 2557174, 2116599, 1202237, 514132, 1864056, 'Back']
[4894668, 3265592, 638364, 735080, 1848892, 2325939, 855858, 770829, 2364180, 1530749, 1127495, 2496531, 2109927, 1203100, 512082, 1843792, 'Back']
[4868093, 3262230, 628808, 731050, 1843284, 2317862, 854482, 771265, 2363295, 1530373, 1132861, 2561092, 2118713, 1202796, 515577, 1866745, 'Back']
[4886105, 3265347, 637912, 735084, 1848872, 2325434, 855783, 770849, 2364289, 1530195, 1125506, 2493112, 2108643, 1202856, 511286, 1841962, 'Back']
[4877031, 3262144, 630026, 730952, 1843661, 2318324, 854005, 770241, 2363328, 1530665, 1134356, 2563232, 2120248, 1203104, 516409, 1868454, 'Back']
[4876122, 3265378, 636529, 734672, 1848476, 2324877, 855362, 770769, 2364422, 1529786, 1124011, 2492342, 2107348, 1202183, 509986, 1840847, 'Back']
[4884096, 3262361, 630792, 730892, 1843813, 2319278, 853598, 770390, 2363649, 1531136, 1135898, 2562638, 2121531, 1203579, 516700, 1868481, 'Back']
[4866347, 3265289, 635094, 734083, 1847830, 2323906, 855513, 771059, 2364195, 1529195, 1122775, 2493906, 2106323, 1201367, 509053, 1839970, 'Back']
[4892626, 3262804, 632355, 731400, 1844457, 2320152, 853795, 770544, 2363843, 1531870, 1136967, 2560201, 2121859, 1204230, 517777, 1868101, 'Back']
[4859235, 3264922, 633413, 733598, 1846973, 2322168, 854940, 770761, 2364183, 1529295, 1122017, 2498121, 2105658, 1201110, 508928, 1840539, 'Back']
[4900668, 3262826, 633214, 731881, 1845062, 2320987, 853709, 770617, 2363829, 1531953, 1137162, 2555236, 2121451, 1204234, 517874, 1867165, 'Back']
[4852603, 3263834, 631659, 733019, 1846347, 2321605, 855358, 771232, 2363653, 1528640, 1121553, 2503544, 2105783, 1200675, 509045, 1842486, 'Back']
[4906560, 3262349, 634326, 732125, 1845837, 2322364, 853221, 769538, 2363372, 1531401, 1136474, 2547913, 2120941, 1204103, 517862, 1864719, 'Back']
[4848303, 3262801, 630116, 732406, 1845417, 2320053, 854728, 771053, 2362965, 1527872, 1121179, 2510464, 2106275, 1200048, 508991, 1844736, 'Back']
[4910151, 3262014, 635328, 732508, 1846322, 2323046, 853345, 769654, 2362954, 1531172, 1135377, 2539468, 2120009, 1204056, 517313, 1861924, 'Back']
[4844465, 3261706, 628551, 731553, 1844690, 2318821, 854105, 770868, 2362476, 1527412, 1121506, 2518727, 2107582, 1199875, 509460, 1847353, 'Back']
[4912088, 3261481, 636172, 732515, 1846853, 2323557, 853147, 768927, 2362567, 1530457, 1133890, 2530091, 2118751, 1203353, 516616, 1858085, 'Back']
[4843638, 3260351, 627511, 730764, 1843832, 2317669, 854485, 770407, 2361521, 1526746, 1122348, 2527844, 2109224, 1199388, 509813, 1850679, 'Back']
[4911198, 3261612, 637501, 733560, 1847702, 2324860, 853732, 770224, 2362614, 1530274, 1132393, 2520589, 2116846, 1203459, 515645, 1854476, 'Back']
[4844513, 3259464, 627351, 730703, 1843351, 2317763, 854099, 771637, 2361554, 1527300, 1124119, 2536475, 2111192, 1200320, 511088, 1854759, 'Back']
[4906976, 3260745, 637963, 733638, 1848178, 2325209, 853889, 769915, 2362112, 1529471, 1130265, 2511554, 2114674, 1203046, 514331, 1851208, 'Back']
[4847418, 3257823, 626931, 729796, 1842856, 2316409, 853456, 770685, 2361013, 1526746, 1125556, 2544539, 2112978, 1200072, 511800, 1858308, 'Back']
[4900721, 3260193, 637953, 733880, 1848446, 2325085, 853733, 769475, 2361550, 1528496, 1127860, 2503601, 2112202, 1202336, 513053, 1847358, 'Back']
[4852407, 3256867, 627166, 730094, 1843140, 2316627, 853666, 771206, 2360497, 1526737, 1127056, 2551113, 2114627, 1200667, 513085, 1860939, 'Back']
[4894244, 3259081, 637683, 734012, 1848841, 2324898, 854396, 770026, 2361447, 1527720, 1125540, 2496433, 2110206, 1202464, 512409, 1843813, 'Back']
[4859573, 3255548, 627022, 729672, 1842981, 2316201, 853524, 770576, 2359898, 1526216, 1128330, 2555737, 2116203, 1200771, 514234, 1863576, 'Back']
[4886022, 3258855, 636641, 734094, 1848771, 2324544, 855136, 769863, 2360838, 1526668, 1122954, 2491382, 2107850, 1201426, 511213, 1841318, 'Back']
[4867160, 3255825, 627850, 730088, 1843466, 2317566, 854229, 771273, 2359970, 1527032, 1130200, 2558668, 2117919, 1201780, 515733, 1866107, 'Back']
[4875828, 3258351, 634914, 733112, 1848375, 2323971, 854372, 770717, 2360568, 1526147, 1120886, 2489010, 2106158, 1200951, 510252, 1839755, 'Back']
[4875208, 3255374, 628021, 729186, 1843312, 2317930, 852742, 770448, 2359276, 1526816, 1131002, 2559685, 2118803, 1201594, 516069, 1866968, 'Back']
[4867021, 3258652, 634172, 732767, 1847898, 2323215, 854414, 770198, 2360594, 1525644, 1119527, 2489245, 2104622, 1200270, 508888, 1838800, 'Back']
[4884727, 3256046, 630028, 729635, 1843979, 2318680, 852299, 769815, 2360168, 1527702, 1133022, 2558388, 2119959, 1202492, 516726, 1867446, 'Back']
[4859531, 3259147, 633299, 732841, 1847496, 2322090, 854932, 770495, 2361031, 1525579, 1119344, 2492655, 2104552, 1199943, 508471, 1839534, 'Back']
[4892302, 3257499, 632163, 730920, 1844850, 2319538, 853498, 770137, 2361280, 1529110, 1134759, 2554834, 2120493, 1203539, 517494, 1866673, 'Back']
[4852834, 3259622, 632276, 732983, 1846793, 2321312, 855388, 771851, 2361481, 1526186, 1119329, 2498021, 2104609, 1200352, 508812, 1840768, 'Back']
[4901612, 3258234, 633621, 731714, 1845542, 2320807, 852790, 769368, 2361558, 1529450, 1134803, 2549801, 2120599, 1203978, 518258, 1865486, 'Back']
[4847804, 3259565, 630835, 732803, 1846221, 2320279, 855483, 771219, 2361189, 1526079, 1119158, 2505234, 2105164, 1199996, 509413, 1843306, 'Back']
[4906138, 3259190, 634932, 732808, 1846610, 2322262, 853527, 770571, 2361395, 1529902, 1134311, 2542709, 2119969, 1204251, 518734, 1863393, 'Back']
[4844482, 3259494, 629031, 732496, 1845604, 2319373, 854393, 771560, 2361196, 1526732, 1119972, 2513497, 2106245, 1200446, 510455, 1845933, 'Back']
[4910587, 3259350, 635349, 732886, 1847296, 2323388, 852996, 769571, 2361478, 1529895, 1133443, 2534181, 2118550, 1204118, 518089, 1859998, 'Back']
[4843827, 3259101, 627332, 731231, 1845001, 2318466, 853885, 771587, 2361172, 1526499, 1120874, 2522390, 2107638, 1200017, 510973, 1848978, 'Back']
[4910771, 3259764, 635573, 732429, 1847823, 2323490, 853192, 768688, 2361765, 1529601, 1131950, 2524903, 2117145, 1203686, 517317, 1856225, 'Back']
[4843210, 3259112, 626625, 730604, 1844292, 2317949, 854650, 772700, 2361105, 1526648, 1121968, 2531470, 2109589, 1199875, 511471, 1852184, 'Back']
[4909662, 3261128, 637123, 733439, 1848541, 2325050, 854264, 770944, 2362205, 1530160, 1130555, 2516426, 2115400, 1203907, 516645, 1853200, 'Back']
[4847923, 3259099, 626366, 730078, 1843396, 2316567, 853817, 771321, 2361357, 1527442, 1124035, 2540811, 2111412, 1200488, 512621, 1856299, 'Back']
[4906940, 3261880, 637671, 733931, 1848621, 2324941, 853206, 769543, 2362505, 1529909, 1128525, 2508308, 2112873, 1203209, 514761, 1848755, 'Back']
[4852794, 3259341, 627018, 730595, 1842924, 2316118, 852756, 770351, 2361875, 1528197, 1126135, 2549190, 2113356, 1200950, 513110, 1858978, 'Back']
[4901204, 3262258, 638139, 734810, 1848800, 2324841, 853903, 770173, 2363013, 1529893, 1127114, 2501769, 2111128, 1203120, 513366, 1845599, 'Back']
[4859758, 3258988, 627116, 730342, 1843377, 2316393, 853006, 771028, 2361966, 1528336, 1128288, 2555516, 2115579, 1201400, 514092, 1862438, 'Back']
[4895415, 3262315, 637132, 734182, 1849377, 2324821, 853760, 769349, 2363034, 1529118, 1124779, 2496063, 2109360, 1202602, 511990, 1842946, 'Back']
[4868735, 3259479, 627547, 729810, 1843714, 2316971, 853493, 770902, 2362212, 1528793, 1129918, 2559751, 2117634, 1202112, 514966, 1864912, 'Back']
[4887355, 3263253, 636376, 734152, 1849279, 2324456, 854798, 770531, 2363785, 1529022, 1123180, 2492684, 2107815, 1202301, 510695, 1840421, 'Back']
[4876282, 3260409, 628520, 730483, 1844283, 2317650, 853324, 770489, 2363514, 1529826, 1132376, 2562370, 2119476, 1202983, 516133, 1866355, 'Back']
[4877514, 3263918, 635607, 734652, 1849183, 2324434, 855012, 770778, 2364717, 1529260, 1122261, 2491827, 2107057, 1202189, 510247, 1839196, 'Back']
[4886322, 3260885, 630121, 731122, 1844717, 2318863, 853529, 770080, 2363838, 1530627, 1134416, 2562687, 2121235, 1203728, 517819, 1867658, 'Back']
[4870269, 3264234, 634789, 734482, 1848538, 2323436, 855607, 770319, 2364510, 1529231, 1121860, 2493964, 2106374, 1201894, 510278, 1839077, 'Back']
[4896349, 3261824, 631608, 731784, 1844796, 2319985, 854251, 770627, 2363713, 1531698, 1136109, 2560149, 2121866, 1204281, 518302, 1866620, 'Back']
[4864406, 3264402, 633447, 734224, 1847098, 2322875, 855684, 771369, 2364298, 1529476, 1121906, 2497640, 2105745, 1201556, 509362, 1839019, 'Back']
[4904503, 3262626, 633496, 732426, 1844905, 2321519, 854025, 769383, 2363723, 1532305, 1137450, 2556277, 2121395, 1204616, 517793, 1865600, 'Back']
[4857437, 3264361, 632605, 733964, 1846332, 2322043, 856019, 769759, 2364102, 1529463, 1122458, 2503875, 2105387, 1201484, 508407, 1840432, 'Back']
[4910325, 3263108, 635046, 732912, 1845695, 2322598, 854652, 769631, 2364033, 1532862, 1137963, 2549493, 2120725, 1205207, 517474, 1863294, 'Back']
[4852291, 3263917, 630723, 732684, 1845230, 2320878, 855882, 770888, 2363924, 1529522, 1123034, 2511156, 2106325, 1201431, 508332, 1842924, 'Back']
[4914342, 3263572, 635959, 732489, 1846087, 2323286, 854174, 768908, 2363792, 1532880, 1137365, 2541491, 2119859, 1205073, 516330, 1860557, 'Back']
[4848767, 3263527, 629232, 731439, 1844255, 2319278, 855482, 769898, 2363506, 1529143, 1124055, 2519924, 2107340, 1200794, 508223, 1845439, 'Back']
[4916191, 3264299, 636841, 733013, 1846849, 2324756, 854504, 769114, 2364291, 1532804, 1137045, 2532400, 2118315, 1204801, 515891, 1856899, 'Back']
[4847966, 3262834, 627726, 730768, 1843653, 2318998, 855459, 770327, 2363312, 1529411, 1125543, 2528827, 2108562, 1201172, 509352, 1849496, 'Back']
[4914600, 3264136, 637067, 733357, 1847447, 2325827, 854841, 768697, 2363651, 1532300, 1135133, 2522991, 2116283, 1204615, 514991, 1854010, 'Back']
[4847047, 3262628, 626927, 730652, 1843494, 2318621, 855254, 770884, 2363203, 1529536, 1127051, 2537841, 2110490, 1201462, 510245, 1853696, 'Back']
[4910556, 3264388, 637378, 733702, 1848209, 2326589, 855185, 769748, 2363751, 1532068, 1133406, 2514072, 2114560, 1204565, 514282, 1850678, 'Back']
[4850250, 3262407, 626432, 730619, 1843128, 2318457, 855251, 771458, 2362965, 1529950, 1128807, 2546320, 2112552, 1201988, 511655, 1857346, 'Back']
[4905089, 3264629, 637694, 734197, 1848548, 2326312, 855136, 769310, 2364103, 1532072, 1131760, 2506089, 2112648, 1204397, 513531, 1846917, 'Back']
[4855602, 3261557, 626470, 730011, 1842648, 2317756, 854830, 770286, 2362925, 1529942, 1130722, 2553659, 2114968, 1201827, 513427, 1860384, 'Back']
[4897914, 3264598, 636901, 734074, 1848698, 2326438, 855050, 768981, 2363877, 1531220, 1129427, 2499663, 2110742, 1203390, 512568, 1843476, 'Back']
[4862478, 3261464, 626001, 729758, 1842742, 2318109, 854173, 770130, 2362577, 1530547, 1132265, 2558918, 2116869, 1202470, 514365, 1862957, 'Back']
[4888851, 3264607, 635304, 733790, 1848184, 2326089, 854978, 769398, 2363494, 1530870, 1127079, 2494747, 2108361, 1202999, 511190, 1840977, 'Back']
[4868321, 3261020, 626412, 729633, 1842436, 2318156, 853670, 769957, 2362368, 1530702, 1133806, 2562040, 2117940, 1202831, 515104, 1865409, 'Back']
[4878334, 3264189, 634634, 733685, 1847745, 2324667, 854972, 770566, 2363043, 1530121, 1124986, 2492252, 2106387, 1202336, 509922, 1839694, 'Back']
[4876853, 3261192, 627937, 729769, 1843042, 2318243, 854288, 769831, 2362341, 1530911, 1135379, 2562939, 2119656, 1203209, 516036, 1866944, 'Back']
[4872120, 3263976, 634072, 733414, 1847789, 2324400, 856081, 770527, 2363283, 1529528, 1123843, 2492472, 2105690, 1201891, 509123, 1838845, 'Back']
[4889583, 3261094, 629759, 730342, 1844013, 2319449, 854791, 770079, 2362718, 1531419, 1136713, 2562277, 2120573, 1203965, 517023, 1867418, 'Back']
[4865284, 3263005, 632953, 732652, 1847154, 2322708, 855443, 769813, 2363198, 1528799, 1122477, 2494931, 2105199, 1201199, 508644, 1838761, 'Back']
[4896507, 3260870, 631682, 730756, 1844982, 2320182, 853725, 769416, 2362856, 1531010, 1137002, 2558018, 2121239, 1203650, 516961, 1866138, 'Back']
[4856065, 3263044, 632253, 733017, 1846974, 2321677, 855119, 771196, 2363421, 1528395, 1121973, 2499205, 2105303, 1200719, 508544, 1839750, 'Back']
[4902822, 3261972, 633783, 732268, 1845829, 2321033, 854654, 769957, 2363477, 1531916, 1137782, 2552056, 2121222, 1204390, 517933, 1864670, 'Back']
[4851981, 3263335, 631467, 733317, 1846237, 2320725, 855948, 771139, 2363887, 1529173, 1122911, 2505985, 2105753, 1200922, 509589, 1842030, 'Back']
[4911087, 3262420, 634883, 732803, 1845800, 2322320, 853721, 769249, 2363488, 1532436, 1137819, 2545432, 2120188, 1204534, 518025, 1862678, 'Back']
[4849004, 3262632, 629352, 732294, 1844474, 2319120, 854628, 770475, 2362708, 1528929, 1122996, 2514496, 2105931, 1200513, 509195, 1844611, 'Back']
[4915506, 3262687, 635960, 733064, 1846380, 2323289, 854175, 768785, 2363125, 1532219, 1136908, 2536846, 2118289, 1204343, 517077, 1859148, 'Back']
[4848956, 3262227, 628363, 731780, 1844127, 2318310, 854914, 769935, 2362678, 1528828, 1124258, 2523612, 2107203, 1200581, 509699, 1847501, 'Back']
[4915629, 3263010, 636720, 733493, 1847157, 2323931, 854203, 769923, 2363481, 1532271, 1135828, 2527340, 2117080, 1204539, 516280, 1855469, 'Back']
[4846314, 3261802, 627250, 731087, 1843470, 2317361, 854428, 771266, 2362815, 1529037, 1125680, 2532128, 2109256, 1200831, 510439, 1850867, 'Back']
[4912789, 3263471, 637677, 733957, 1848025, 2324827, 854319, 770218, 2363885, 1531932, 1134367, 2517724, 2115448, 1204161, 515178, 1851391, 'Back']
[4849748, 3261494, 627248, 730981, 1843577, 2317272, 854598, 771654, 2363031, 1529332, 1127798, 2541061, 2111632, 1201286, 511855, 1854636, 'Back']
[4911705, 3263756, 638414, 734413, 1848714, 2325101, 854798, 769225, 2364140, 1531816, 1132896, 2509614, 2113741, 1204270, 514747, 1848071, 'Back']
