[513181, 175429, -2476205, -1601711, 44661, 77354, 64497, -878756, 92531, 732284, -872053, 24942, 483580, 292913, -2023484, -1539949, 'Back']
[517399, 179250, -2468869, -1591842, 39766, 88548, 71041, -866839, 124646, 753374, -969424, -83072, 405671, 286847, -2049084, -1594890, 'Back']
[508208, 170147, -2480534, -1601775, 54199, 75482, 60584, -880533, 92884, 733234, -872752, 10072, 481538, 293604, -2021092, -1549365, 'Back']
[520919, 182651, -2466446, -1594030, 30389, 89013, 74500, -865031, 122555, 751000, -968268, -66653, 407899, 285512, -2051723, -1582911, 'Back']
[505135, 166891, -2482863, -1601363, 63301, 74756, 57266, -882325, 95153, 735158, -876761, -7688, 477113, 294160, -2019922, -1559754, 'Back']
[525143, 186999, -2462728, -1594421, 22502, 89794, 77077, -863855, 121371, 749316, -962107, -48483, 413327, 285231, -2051732, -1571595, 'Back']
[502197, 164014, -2484725, -1599974, 70730, 74140, 53959, -883592, 97654, 737389, -883262, -27492, 470576, 293981, -2020004, -1571958, 'Back']
[527325, 189429, -2460803, -1595829, 15693, 89424, 80131, -863892, 117899, 746827, -953487, -28496, 421108, 284940, -2051226, -1559382, 'Back']
[499978, 161731, -2485467, -1598384, 76668, 74522, 52059, -883866, 101175, 740541, -893052, -47144, 461994, 294205, -2020753, -1582973, 'Back']
[528932, 190877, -2459323, -1597648, 11595, 88901, 80341, -864259, 114152, 744582, -942782, -8665, 429966, 285817, -2049467, -1547668, 'Back']
[498994, 160240, -2485223, -1597562, 80587, 75557, 51586, -883110, 104374, 743136, -905092, -65634, 451801, 293713, -2023590, -1592493, 'Back']
[530014, 191616, -2458409, -1599156, 9541, 87956, 81383, -864723, 109813, 741753, -930755, 9202, 440002, 286720, -2047390, -1537199, 'Back']
[498815, 159864, -2484866, -1596292, 81376, 76479, 51068, -882081, 108997, 746531, -917656, -82303, 441689, 293830, -2026602, -1601064, 'Back']
[529533, 191317, -2459740, -1600355, 10070, 85971, 80760, -866467, 105781, 739097, -917872, 24002, 450481, 287536, -2044241, -1529265, 'Back']
[499304, 160650, -2484708, -1595663, 78716, 77106, 51177, -881066, 112460, 748332, -931261, -94863, 430885, 292359, -2030843, -1606483, 'Back']
[527577, 189855, -2462637, -1601996, 11674, 83549, 77240, -869650, 101520, 736539, -905783, 34548, 459629, 288338, -2040704, -1523768, 'Back']
[501161, 162692, -2482899, -1594879, 74208, 78646, 53172, -879065, 116760, 751054, -944079, -104228, 421251, 291492, -2034984, -1610230, 'Back']
[524920, 187012, -2465044, -1603375, 16824, 80789, 74610, -872144, 97861, 734090, -894339, 40329, 468280, 289315, -2036324, -1521623, 'Back']
[504526, 165742, -2479569, -1594547, 67717, 80480, 55935, -877394, 119815, 752083, -954771, -107370, 413320, 289644, -2039140, -1609876, 'Back']
[522119, 183938, -2467913, -1604533, 24107, 79285, 71414, -874736, 95297, 732700, -884416, 41022, 474951, 290252, -2031885, -1522357, 'Back']
[508107, 169356, -2476580, -1594937, 59921, 82666, 59587, -874203, 122295, 753222, -963234, -105630, 407552, 288609, -2043014, -1606585, 'Back']
[517922, 179747, -2471594, -1605294, 32813, 77047, 67116, -877593, 93165, 732243, -877531, 36433, 479389, 291371, -2028140, -1526185, 'Back']
[511436, 172703, -2473265, -1595592, 50745, 84050, 62594, -872150, 123131, 753085, -969011, -98671, 403698, 287523, -2047135, -1600200, 'Back']
[514810, 176537, -2473696, -1604261, 43015, 76215, 64507, -879519, 92457, 732499, -873739, 27052, 480806, 292529, -2024907, -1532436, 'Back']
[516629, 178010, -2468365, -1594648, 42057, 86667, 67130, -868997, 124489, 754181, -969989, -86944, 403343, 287332, -2048885, -1591985, 'Back']
[510088, 171794, -2477330, -1603929, 51610, 74429, 59005, -882589, 92612, 734089, -872783, 13721, 479796, 293803, -2022213, -1541566, 'Back']
[521198, 182579, -2464043, -1594524, 32513, 87946, 70683, -867497, 123601, 753143, -968532, -70770, 404970, 286624, -2050734, -1580894, 'Back']
[505969, 167318, -2480289, -1603021, 61087, 72739, 55244, -884159, 93938, 735312, -875406, -3106, 475877, 294265, -2020348, -1552170, 'Back']
[523898, 185196, -2462017, -1596021, 23772, 87137, 73887, -866586, 121035, 750155, -963701, -52165, 409417, 285353, -2051469, -1568496, 'Back']
[502742, 164015, -2482754, -1601879, 68291, 71663, 51962, -885394, 96150, 736969, -881907, -22169, 469318, 293739, -2019778, -1563020, 'Back']
[526905, 188354, -2459986, -1597092, 16318, 86919, 76089, -866217, 117940, 747691, -956123, -32389, 416335, 284846, -2051095, -1556146, 'Back']
[499873, 161058, -2484978, -1600895, 74523, 71560, 50185, -885984, 99294, 739564, -891432, -42341, 461393, 293592, -2020290, -1574602, 'Back']
[528756, 190286, -2458948, -1598433, 11475, 87010, 78420, -865385, 114465, 744946, -946159, -12845, 425459, 284981, -2049565, -1544354, 'Back']
[498214, 159381, -2485933, -1600017, 78315, 72691, 48017, -886099, 103239, 742356, -902937, -61743, 451552, 293229, -2022443, -1585065, 'Back']
[529148, 190778, -2458896, -1600559, 8116, 85864, 77938, -866874, 109886, 741634, -934875, 4906, 434541, 285344, -2048095, -1533834, 'Back']
[497262, 158260, -2485925, -1599000, 79143, 73456, 47478, -884830, 106795, 744789, -916051, -79270, 441303, 292945, -2025835, -1593678, 'Back']
[528823, 190420, -2459049, -1601639, 7653, 84016, 77641, -867633, 105668, 738653, -922026, 20259, 445167, 286175, -2044984, -1524803, 'Back']
[498056, 159117, -2484067, -1597196, 77618, 74460, 48120, -882819, 111053, 747609, -928931, -92934, 430714, 292058, -2029193, -1599649, 'Back']
[528254, 190033, -2459847, -1602002, 9910, 82475, 75443, -869289, 101655, 736627, -909086, 32487, 454244, 287370, -2041087, -1518331, 'Back']
[500823, 161852, -2481057, -1595221, 74650, 77122, 50750, -879937, 115920, 751139, -940668, -102232, 420604, 291973, -2032686, -1603758, 'Back']
[525474, 187220, -2462006, -1603338, 14936, 80095, 73812, -871606, 98061, 734630, -896611, 39742, 463205, 288958, -2036089, -1515704, 'Back']
[503435, 164566, -2477920, -1594729, 68946, 78468, 53219, -877806, 118724, 752182, -952244, -106690, 412103, 290276, -2036707, -1603956, 'Back']
[523102, 184961, -2464129, -1603541, 22199, 78287, 70274, -874096, 95516, 733721, -886309, 41686, 471085, 290634, -2031740, -1515786, 'Back']
[507606, 168776, -2474157, -1593971, 61532, 80895, 57462, -875005, 122213, 754579, -960590, -106231, 406411, 289912, -2040515, -1602305, 'Back']
[517428, 179025, -2469240, -1605683, 29690, 74646, 65080, -877878, 92868, 732423, -878584, 38166, 476121, 291361, -2028114, -1519669, 'Back']
[510392, 171292, -2471566, -1595156, 51770, 81164, 59896, -873228, 121877, 752644, -968300, -100247, 401067, 286829, -2046030, -1595644, 'Back']
[514583, 175931, -2471686, -1604713, 39184, 73959, 62106, -879627, 92265, 732524, -874222, 29235, 477740, 292313, -2024732, -1525771, 'Back']
[514860, 175890, -2467980, -1594741, 42637, 83890, 63964, -870165, 123379, 753352, -970548, -90175, 399985, 287011, -2048063, -1588647, 'Back']
[509467, 170898, -2476370, -1605059, 47921, 71813, 56526, -883094, 91476, 732712, -873354, 16752, 477129, 293053, -2022349, -1534047, 'Back']
[518554, 179656, -2464869, -1595643, 32348, 84597, 66857, -869220, 122343, 751802, -970433, -74839, 400823, 285276, -2051006, -1577526, 'Back']
[506498, 167706, -2478216, -1603589, 57354, 71192, 53464, -884164, 93018, 734305, -875416, 625, 473459, 293436, -2020803, -1543935, 'Back']
[522421, 183545, -2461085, -1596431, 24384, 85286, 70639, -866454, 121345, 750809, -965467, -57196, 405592, 285377, -2051476, -1566336, 'Back']
[502788, 163773, -2480357, -1602923, 65871, 69794, 50237, -884878, 95328, 736657, -880582, -18110, 468745, 293891, -2020275, -1555453, 'Back']
[525186, 186326, -2458852, -1598042, 17158, 84602, 72794, -865882, 118166, 748281, -958525, -37417, 412115, 285038, -2052182, -1553880, 'Back']
[499577, 160492, -2483066, -1602596, 71972, 69102, 46736, -886657, 97400, 738448, -889500, -37656, 460352, 293415, -2021715, -1565940, 'Back']
[528455, 189682, -2457065, -1598751, 11727, 85275, 75336, -865284, 115371, 746066, -948510, -17748, 420214, 285154, -2050805, -1541492, 'Back']
[498747, 159621, -2483629, -1600326, 76606, 70494, 45674, -886069, 102267, 742012, -899548, -57515, 451511, 293730, -2022360, -1577541, 'Back']
[529026, 190295, -2456842, -1600232, 7868, 84033, 74977, -866847, 111139, 742946, -936472, 975, 430358, 285692, -2048208, -1531020, 'Back']
[497563, 158302, -2483622, -1599064, 78241, 71129, 44346, -885726, 105720, 744443, -911958, -74857, 441170, 292784, -2024797, -1586130, 'Back']
[528480, 189725, -2457424, -1601980, 6700, 81818, 73836, -868965, 106127, 739392, -924065, 17674, 440038, 285789, -2045514, -1520888, 'Back']
[498402, 158973, -2482315, -1597538, 77791, 72330, 44597, -884526, 109395, 746726, -925160, -89072, 430205, 291480, -2028565, -1592132, 'Back']
[527892, 188839, -2458283, -1602931, 9006, 80286, 73134, -870488, 102913, 737885, -910705, 30243, 450663, 287377, -2041397, -1514567, 'Back']
[499439, 159626, -2480773, -1597204, 74683, 73269, 46095, -882997, 113499, 749338, -938043, -100159, 420731, 290610, -2032535, -1597094, 'Back']
[526043, 186978, -2460415, -1604199, 12689, 78079, 70849, -872868, 98163, 734972, -899177, 38440, 459448, 288007, -2038159, -1510437, 'Back']
[502719, 163108, -2478344, -1595734, 69180, 75909, 49577, -880026, 117387, 752093, -949307, -106334, 412342, 290031, -2036434, -1598886, 'Back']
[522883, 184105, -2464684, -1604671, 18642, 76220, 67375, -875752, 95089, 733745, -888186, 41342, 467892, 289346, -2033258, -1510466, 'Back']
[504998, 165702, -2477383, -1595580, 61408, 77728, 52177, -878092, 119597, 752952, -959139, -107143, 405321, 288124, -2040166, -1597434, 'Back']
[518945, 180222, -2469257, -1605199, 26140, 74425, 64001, -878460, 92156, 731916, -880374, 39510, 472871, 289284, -2028351, -1512446, 'Back']
[509610, 170427, -2473889, -1594606, 52679, 80728, 56406, -875143, 121847, 753371, -966176, -102386, 400425, 286700, -2042504, -1592230, 'Back']
[515495, 176957, -2472502, -1604582, 35212, 73903, 60510, -881160, 91649, 732396, -874205, 32337, 476237, 291158, -2022875, -1517981, 'Back']
[514200, 175224, -2470025, -1594622, 43039, 83023, 59842, -872549, 123086, 753767, -969071, -92512, 398785, 286571, -2044568, -1584600, 'Back']
[511404, 172638, -2476096, -1604828, 44377, 71949, 55383, -884225, 91368, 732976, -871803, 20498, 476693, 292620, -2019687, -1526219, 'Back']
[518485, 179191, -2466356, -1595549, 33556, 83909, 64096, -871822, 122730, 752599, -969148, -78557, 399896, 285469, -2046668, -1574858, 'Back']
[507361, 168108, -2479103, -1604564, 53679, 70502, 51287, -886336, 92762, 734258, -872888, 4951, 474703, 293130, -2017082, -1536155, 'Back']
[522072, 182636, -2463235, -1596944, 24623, 84380, 66781, -870447, 121180, 750579, -965717, -61257, 403514, 284461, -2048121, -1563333, 'Back']
[503591, 164102, -2482012, -1604365, 61847, 69362, 47287, -889000, 94022, 735413, -877811, -13254, 469287, 292685, -2017164, -1546751, 'Back']
[525464, 186023, -2460807, -1598190, 16642, 85156, 69352, -869873, 118739, 748358, -959086, -42093, 409710, 283782, -2049127, -1550753, 'Back']
[501404, 161949, -2483411, -1602690, 68859, 69754, 44830, -889532, 97381, 738207, -885040, -33177, 462294, 292769, -2017803, -1558373, 'Back']
[527720, 188557, -2459053, -1599292, 10413, 84365, 71616, -869876, 115544, 746142, -949201, -22467, 418041, 283904, -2048368, -1539417, 'Back']
[498932, 159319, -2484810, -1601514, 73534, 68669, 42626, -890112, 100638, 740801, -895279, -52982, 453557, 292265, -2019575, -1569821, 'Back']
[528883, 189649, -2458076, -1600301, 6979, 82074, 72427, -870488, 111598, 743214, -938058, -3625, 427697, 283811, -2046590, -1528428, 'Back']
[498035, 158348, -2484509, -1599294, 77250, 69260, 42735, -888712, 104936, 744094, -907343, -71473, 443765, 291926, -2021357, -1579920, 'Back']
[528796, 189581, -2458493, -1601655, 6074, 80843, 71818, -871893, 107238, 740546, -925515, 13398, 438111, 284712, -2043698, -1519165, 'Back']
[498271, 158482, -2483940, -1597719, 77738, 70985, 43830, -887242, 108935, 746998, -920442, -86722, 433223, 290989, -2025212, -1587506, 'Back']
[527326, 188178, -2460394, -1603124, 7005, 78859, 71070, -873563, 103045, 738030, -912540, 27057, 448463, 285601, -2040638, -1511994, 'Back']
[497938, 157967, -2484085, -1598114, 73596, 70834, 42597, -887265, 111987, 748388, -934023, -98407, 422497, 289093, -2030269, -1591987, 'Back']
[525314, 186114, -2462667, -1604772, 9442, 76438, 68280, -876170, 97740, 733941, -901537, 36456, 456555, 284986, -2038660, -1506319, 'Back']
[501177, 161251, -2480430, -1596075, 69217, 74191, 46144, -883428, 116035, 751039, -946023, -106009, 413480, 288638, -2034518, -1594417, 'Back']
[522469, 183006, -2464868, -1605378, 15549, 74738, 65187, -878383, 95353, 733152, -889737, 40375, 465589, 287433, -2033667, -1506201, 'Back']
[504123, 163907, -2477325, -1595986, 62157, 75327, 48398, -881251, 118675, 751853, -956502, -107982, 406387, 286865, -2039388, -1593767, 'Back']
[519433, 179955, -2467089, -1605629, 23653, 72651, 62235, -880465, 92673, 732312, -881110, 39631, 472104, 288643, -2029944, -1508085, 'Back']
[508186, 167989, -2472861, -1595219, 54567, 77432, 53016, -877953, 120772, 753356, -963982, -104471, 401625, 286216, -2042919, -1589782, 'Back']
[515421, 175789, -2470182, -1605143, 33186, 71172, 58346, -882317, 91254, 732410, -874634, 33771, 475865, 290348, -2025595, -1513139, 'Back']
[511877, 171819, -2469504, -1594643, 45681, 79466, 56421, -875273, 122102, 753487, -968380, -95905, 399127, 285555, -2045902, -1583045, 'Back']
[510674, 171136, -2474414, -1604820, 42060, 69258, 53552, -885122, 90284, 732083, -872238, 23053, 476806, 290954, -2022653, -1520467, 'Back']
[515657, 175895, -2466844, -1595070, 35349, 80930, 60389, -873069, 121931, 752571, -969740, -82825, 399188, 284479, -2048454, -1573817, 'Back']
[506660, 167203, -2478390, -1604076, 50238, 67802, 49844, -887284, 90778, 733061, -873070, 8744, 474693, 291581, -2020728, -1529598, 'Back']
[520154, 180567, -2463642, -1595079, 25214, 82316, 63344, -871131, 121061, 751399, -967271, -66378, 401524, 284184, -2050285, -1562871, 'Back']
[503684, 164221, -2480707, -1602490, 58774, 67664, 46104, -888417, 93205, 735730, -876626, -9868, 469949, 293065, -2019208, -1541842, 'Back']
[523217, 183710, -2461418, -1596793, 16499, 82014, 65502, -870909, 117929, 748856, -961487, -47201, 407109, 283494, -2050750, -1551159, 'Back']
[501523, 161762, -2482132, -1601407, 65989, 67327, 43152, -890003, 95713, 738058, -883513, -28469, 463006, 292610, -2019194, -1552508, 'Back']
[526452, 186859, -2458750, -1597947, 10669, 82157, 68706, -869905, 116049, 747524, -951753, -27239, 415138, 284028, -2049207, -1539106, 'Back']
[498809, 158880, -2483531, -1600821, 71413, 67042, 40942, -890251, 98846, 740471, -893326, -47879, 454452, 292176, -2020048, -1563259, 'Back']
[528134, 188544, -2457044, -1599407, 6423, 81240, 70061, -870596, 111848, 744266, -941191, -7404, 423856, 283733, -2047857, -1526868, 'Back']
[497210, 157128, -2483670, -1599444, 75307, 67487, 40382, -889760, 103054, 743644, -904566, -66307, 444562, 291832, -2021730, -1573154, 'Back']
[528446, 188976, -2456619, -1600670, 4741, 80191, 70553, -871505, 107280, 741001, -928808, 10723, 433656, 284455, -2045226, -1516193, 'Back']
[497287, 157256, -2482785, -1598919, 75970, 68954, 40622, -888567, 107259, 746462, -917415, -82479, 433683, 291664, -2024589, -1581077, 'Back']
[527567, 188176, -2457885, -1603714, 4916, 78686, 69025, -873328, 103024, 738449, -916304, 24709, 443637, 285521, -2041973, -1508578, 'Back']
[498425, 158268, -2481419, -1598173, 74037, 71042, 40963, -887405, 111186, 749047, -930663, -95345, 423412, 290977, -2028488, -1586828, 'Back']
[525630, 186065, -2459995, -1604836, 7712, 76649, 66781, -875491, 99040, 736235, -903408, 35194, 453561, 286910, -2038134, -1503515, 'Back']
[499871, 159544, -2479720, -1597569, 68824, 72046, 42908, -885299, 113918, 750430, -943411, -103139, 414158, 289191, -2033243, -1588863, 'Back']
[523514, 183797, -2461807, -1605263, 12870, 74676, 64320, -878132, 95509, 734402, -892072, 41127, 461962, 288030, -2034160, -1500633, 'Back']
[503489, 163031, -2475668, -1596228, 63071, 74245, 46152, -882870, 117884, 752883, -953298, -106534, 406226, 288506, -2036874, -1588899, 'Back']
[520288, 180535, -2464154, -1605836, 20487, 72391, 61214, -880785, 92566, 733011, -882218, 41762, 468452, 289174, -2029765, -1501656, 'Back']
[507271, 166952, -2471583, -1595563, 55567, 76673, 50203, -879391, 120370, 754242, -961363, -104315, 400719, 287579, -2040188, -1585849, 'Back']
[515997, 176178, -2467704, -1606488, 28934, 70040, 56682, -883915, 90710, 732711, -875303, 36676, 473278, 290355, -2025461, -1506552, 'Back']
[511321, 170960, -2467993, -1595814, 46212, 77754, 53426, -877838, 121460, 754203, -966701, -97207, 397709, 285797, -2043791, -1580049, 'Back']
[512443, 172596, -2470563, -1605886, 38107, 68137, 53337, -886274, 90510, 733331, -870985, 26821, 475239, 291167, -2021921, -1514053, 'Back']
[514238, 174062, -2465525, -1596947, 35877, 78065, 56528, -876635, 121053, 753139, -968633, -85248, 397303, 284361, -2046717, -1571216, 'Back']
[507908, 167917, -2474560, -1605913, 47248, 66528, 48067, -889373, 89800, 733307, -872065, 13397, 473319, 291068, -2020468, -1521576, 'Back']
[518489, 178272, -2462192, -1597268, 26651, 79434, 60391, -874516, 119877, 751719, -967971, -69540, 399033, 283714, -2049202, -1559898, 'Back']
[503934, 163753, -2477866, -1604788, 56084, 65428, 44351, -890736, 91557, 735376, -875312, -3999, 469819, 292566, -2018849, -1532576, 'Back']
[522213, 181961, -2459395, -1597898, 18421, 79689, 63563, -873201, 117942, 749727, -963052, -51220, 404035, 283783, -2049882, -1547912, 'Back']
[500961, 160636, -2479987, -1603487, 64132, 64835, 41518, -891907, 94020, 737362, -881610, -23283, 463604, 292633, -2018380, -1544035, 'Back']
[525041, 184859, -2457191, -1599262, 11116, 79799, 65676, -872709, 115243, 747512, -954791, -31325, 411414, 283717, -2049477, -1535728, 'Back']
[498363, 157807, -2481746, -1602991, 68999, 64343, 38638, -892595, 96833, 739572, -890972, -42803, 455093, 292088, -2019722, -1554890, 'Back']
[526995, 186671, -2455768, -1601170, 5543, 78608, 66371, -873066, 111661, 744607, -944442, -12210, 419695, 283336, -2048696, -1524195, 'Back']
[497581, 156826, -2481417, -1601463, 73506, 65047, 38147, -892246, 101373, 742912, -901953, -62486, 445396, 291624, -2021479, -1565890, 'Back']
[528270, 187922, -2454845, -1602267, 3496, 77704, 68035, -873887, 108004, 742283, -931889, 5813, 429996, 283779, -2045975, -1514007, 'Back']
[496744, 155708, -2481910, -1600696, 74129, 65437, 36939, -891853, 104983, 745275, -914730, -79279, 435485, 290544, -2024804, -1574504, 'Back']
[527221, 186770, -2456701, -1604320, 2658, 75293, 65724, -875927, 103426, 739048, -919752, 21365, 440183, 284175, -2043748, -1505227, 'Back']
[497928, 156816, -2480676, -1598903, 72591, 67027, 38086, -890270, 108937, 747489, -928276, -92711, 424440, 289264, -2029086, -1580219, 'Back']
[526412, 186041, -2457928, -1604175, 5622, 74035, 65086, -877275, 99807, 736926, -906436, 32843, 450302, 285960, -2039608, -1499493, 'Back']
[499377, 158237, -2478809, -1597220, 69153, 68482, 39427, -888189, 113140, 750339, -940140, -102151, 415169, 288887, -2032343, -1584042, 'Back']
[524151, 183604, -2459659, -1604713, 10277, 72114, 62459, -879915, 95969, 734539, -894830, 39776, 459170, 286622, -2035471, -1496406, 'Back']
[502344, 161029, -2475414, -1596077, 63793, 70856, 42729, -885786, 116648, 752264, -950992, -106845, 407392, 287299, -2035815, -1585033, 'Back']
[520952, 180398, -2462592, -1605315, 17541, 69906, 59729, -882144, 92939, 733527, -884733, 41526, 466704, 287502, -2030667, -1496921, 'Back']
[506622, 165549, -2471842, -1594985, 56553, 73165, 46603, -882931, 119442, 754115, -959962, -106013, 401145, 286377, -2039560, -1582670, 'Back']
[517137, 176727, -2466637, -1606011, 25584, 67855, 54804, -885611, 90770, 733175, -877246, 38102, 471594, 288946, -2026815, -1501009, 'Back']
[509895, 169005, -2469168, -1595522, 46829, 74560, 49056, -880829, 120563, 754048, -966592, -99848, 396868, 284835, -2043676, -1577438, 'Back']
[512693, 172326, -2470764, -1605803, 34087, 65617, 49553, -889076, 89484, 732681, -873368, 29580, 473538, 289740, -2023655, -1507021, 'Back']
[514003, 173338, -2466046, -1595140, 37077, 76059, 52932, -879038, 120644, 753483, -969979, -88767, 395235, 283811, -2047029, -1568500, 'Back']
[509372, 168953, -2473319, -1603904, 43668, 64892, 47376, -890876, 89609, 733800, -872392, 16752, 472921, 290877, -2020849, -1515223, 'Back']
[518168, 177459, -2462162, -1594515, 27675, 77910, 56665, -877014, 120587, 753117, -968379, -74268, 397379, 283885, -2048490, -1558931, 'Back']
[505239, 164441, -2476278, -1603102, 52578, 63949, 43142, -892981, 90474, 735223, -874358, 423, 469885, 291670, -2019564, -1525558, 'Back']
[522222, 181000, -2458400, -1595675, 19630, 78509, 60457, -875353, 118986, 751453, -964133, -56011, 402097, 283468, -2049774, -1546978, 'Back']
[501637, 160211, -2478797, -1603099, 61184, 62484, 39443, -894509, 92510, 736974, -880041, -18519, 464756, 291792, -2018960, -1536971, 'Back']
[524903, 183725, -2456873, -1597580, 12334, 77927, 63151, -875325, 115439, 748358, -957451, -36595, 408494, 282508, -2049821, -1534652, 'Back']
[499905, 158805, -2480807, -1600754, 68071, 63723, 38565, -893810, 95841, 739886, -888846, -38620, 456318, 291756, -2018330, -1548916, 'Back']
[526494, 185918, -2457453, -1598541, 6326, 77766, 64033, -875043, 111832, 745789, -947439, -16777, 416690, 282884, -2046818, -1523245, 'Back']
[498039, 157309, -2483241, -1598914, 71415, 64690, 35750, -894118, 99235, 742105, -900031, -57898, 446227, 290941, -2018589, -1559397, 'Back']
[527720, 187671, -2457573, -1599052, 2601, 77640, 65111, -875360, 108334, 743154, -935506, 1763, 425895, 283437, -2043167, -1512744, 'Back']
[497174, 156573, -2483768, -1597193, 72983, 65452, 35424, -893646, 103243, 744728, -911843, -74927, 435612, 290249, -2019924, -1568176, 'Back']
[528033, 187825, -2457848, -1599858, 1757, 76662, 65110, -876474, 104238, 740196, -922927, 18377, 436125, 284071, -2039274, -1502911, 'Back']
[498614, 157559, -2481991, -1595077, 72492, 67540, 36469, -891751, 108205, 747984, -924757, -89186, 425789, 289810, -2022295, -1575030, 'Back']
[527498, 187013, -2458701, -1600365, 3642, 75003, 63475, -878307, 100685, 738207, -909218, 30974, 446852, 285620, -2035181, -1496718, 'Back']
[499961, 158656, -2480411, -1593737, 69149, 67873, 37746, -889722, 112372, 750620, -936405, -100035, 416188, 289559, -2026123, -1579817, 'Back']
[525156, 184426, -2461311, -1601697, 7505, 70890, 60601, -881443, 96538, 735821, -896774, 38827, 455938, 287134, -2032081, -1493129, 'Back']
[502364, 160867, -2478034, -1593588, 63479, 68369, 40253, -888233, 115128, 751824, -948059, -105596, 406853, 287672, -2031855, -1580663, 'Back']
[522373, 181471, -2463820, -1602639, 13929, 68400, 57505, -884284, 93468, 734104, -886542, 41714, 462977, 287818, -2029039, -1492572, 'Back']
[506234, 164702, -2474214, -1592393, 56396, 70470, 42774, -885876, 118566, 753590, -957057, -106183, 400027, 286533, -2036754, -1579384, 'Back']
[518951, 178090, -2466453, -1602056, 22088, 66477, 54230, -886703, 91218, 733090, -877903, 39592, 468231, 288673, -2025636, -1495569, 'Back']
[509845, 168315, -2470177, -1591055, 48039, 72375, 46529, -883385, 120442, 754043, -963886, -101344, 395359, 284988, -2040364, -1574780, 'Back']
[514143, 173032, -2469781, -1601590, 30957, 64175, 49064, -890262, 89582, 732395, -872953, 32371, 471157, 289496, -2022092, -1500941, 'Back']
[513720, 172114, -2466107, -1590545, 38704, 73634, 50179, -881324, 120859, 753541, -967516, -91166, 393340, 283881, -2043687, -1566024, 'Back']
[510198, 169017, -2472513, -1600065, 40764, 62232, 45329, -892017, 89305, 733395, -870909, 20973, 471071, 290337, -2019186, -1507950, 'Back']
[516950, 175530, -2463499, -1590305, 29293, 74331, 53946, -879253, 120068, 752854, -967782, -76953, 394347, 283152, -2046120, -1555670, 'Back']
[506381, 165112, -2476169, -1597794, 50164, 61587, 41997, -893637, 90105, 734842, -873034, 5132, 468676, 291176, -2017394, -1517460, 'Back']
[520367, 179048, -2461409, -1589984, 20084, 75031, 56432, -877750, 118606, 751364, -964866, -60150, 398206, 282897, -2047723, -1544568, 'Back']
[503091, 161884, -2479195, -1595778, 58317, 61238, 39055, -894280, 91931, 737053, -878174, -13563, 462934, 291900, -2016909, -1529038, 'Back']
[523640, 182552, -2459482, -1590646, 12195, 75558, 59711, -876281, 116154, 749834, -958318, -40849, 403949, 283223, -2047825, -1532726, 'Back']
[499966, 158606, -2481829, -1594946, 64692, 60158, 35115, -895964, 94470, 739135, -886472, -33324, 455058, 291371, -2017654, -1540565, 'Back']
[525961, 184620, -2457723, -1592065, 5800, 74221, 61060, -876976, 112409, 746379, -949681, -21253, 411527, 282492, -2047544, -1520637, 'Back']
[497754, 155881, -2482395, -1593558, 69702, 59943, 33491, -896191, 98153, 741480, -896637, -52998, 446204, 290684, -2018873, -1551420, 'Back']
[527305, 185726, -2455992, -1593137, 2460, 73125, 62509, -877154, 108398, 743259, -938332, -1854, 421446, 282237, -2045497, -1508791, 'Back']
[497399, 155199, -2481247, -1591510, 72458, 60734, 33161, -895255, 102122, 744386, -908513, -71088, 436247, 289799, -2021065, -1560753, 'Back']
[527562, 186019, -2455498, -1593776, 1368, 71605, 62854, -878366, 104609, 740776, -925552, 15031, 431888, 283015, -2042187, -1499693, 'Back']
[497480, 155388, -2480463, -1589186, 73057, 62411, 34124, -893350, 106623, 747167, -921388, -86404, 426092, 289074, -2023057, -1568648, 'Back']
[526892, 185576, -2457050, -1593793, 3159, 71296, 61521, -879216, 101108, 738356, -912543, 28050, 442365, 284295, -2037465, -1493347, 'Back']
[498209, 156283, -2480526, -1587862, 70046, 64279, 35017, -891670, 110499, 749328, -934359, -97869, 415709, 288331, -2026884, -1573890, 'Back']
[524518, 183372, -2460448, -1594794, 6014, 69253, 58976, -881877, 96712, 735868, -900816, 37579, 450746, 285488, -2034462, -1488658, 'Back']
[500234, 158449, -2479133, -1586611, 64695, 66263, 36429, -890182, 113698, 751345, -946572, -104692, 405822, 287300, -2032064, -1575951, 'Back']
[521502, 180273, -2463819, -1595521, 11401, 66922, 55713, -884977, 92853, 733815, -890203, 41822, 457840, 286685, -2031178, -1487363, 'Back']
[502421, 160261, -2476573, -1586359, 57302, 67453, 39475, -888024, 116560, 752638, -956470, -106643, 398328, 286269, -2036380, -1575209, 'Back']
[516810, 175148, -2467142, -1596532, 18867, 64411, 51789, -887814, 89793, 731890, -881924, 40688, 464168, 287330, -2027417, -1489164, 'Back']
[505189, 162922, -2472587, -1586149, 49178, 69207, 43400, -884880, 117996, 752643, -964607, -103391, 393291, 284485, -2040335, -1570874, 'Back']
[511739, 169912, -2469727, -1596288, 28336, 62480, 49136, -890115, 87909, 731479, -875899, 34261, 467999, 288486, -2023039, -1494248, 'Back']
[507627, 165172, -2468712, -1586234, 40048, 70691, 47081, -882913, 118589, 752241, -969128, -94829, 391086, 283283, -2043192, -1563814, 'Back']
[506226, 164075, -2472478, -1595996, 37863, 60505, 44524, -892969, 86514, 730643, -873793, 22968, 468347, 288496, -2020040, -1501261, 'Back']
[510905, 168428, -2463664, -1585784, 31117, 72236, 51926, -879830, 118352, 751185, -970379, -82535, 391517, 282080, -2044692, -1554720, 'Back']
[500436, 158233, -2475910, -1595327, 47578, 58565, 40361, -894494, 86973, 731888, -874539, 7120, 467030, 289389, -2016578, -1512006, 'Back']
[512895, 170324, -2462336, -1587528, 21256, 71670, 54136, -879515, 115332, 748439, -969133, -65985, 394021, 280574, -2046906, -1543241, 'Back']
[495732, 153181, -2480270, -1595153, 54720, 56673, 35797, -897597, 87351, 732417, -879902, -10683, 461108, 288818, -2017322, -1521906, 'Back']
[516872, 174440, -2459691, -1587821, 12804, 72308, 56510, -878624, 113322, 746620, -963365, -47433, 398571, 280284, -2048775, -1530849, 'Back']
[493346, 150848, -2482322, -1593111, 62040, 57062, 33268, -897902, 90989, 736137, -886507, -31000, 454198, 290047, -2017733, -1534474, 'Back']
[519123, 176876, -2458202, -1588902, 6028, 72485, 59385, -877659, 109570, 743970, -954919, -27822, 405951, 280264, -2048781, -1519157, 'Back']
[492430, 149880, -2482256, -1590716, 67709, 58205, 32246, -897319, 94641, 738993, -896172, -50600, 445308, 289514, -2018368, -1545445, 'Back']
[520470, 178296, -2457276, -1590457, 1876, 71166, 59841, -878197, 106906, 742281, -942958, -8727, 415641, 281325, -2045752, -1508711, 'Back']
[490183, 147528, -2483822, -1590729, 70264, 57291, 29751, -897914, 96860, 739976, -908496, -68511, 434733, 287477, -2021139, -1554400, 'Back']
[521754, 179704, -2456733, -1591675, 151, 70192, 60571, -878950, 101878, 738105, -931784, 9308, 425308, 280404, -2043551, -1496967, 'Back']
[491648, 148974, -2482028, -1588175, 71598, 59665, 30694, -895154, 102608, 744157, -920660, -84994, 424930, 287673, -2022530, -1562422, 'Back']
[521585, 179346, -2457042, -1592739, 531, 68648, 59874, -880098, 98525, 736261, -918497, 23401, 435866, 281962, -2038835, -1489615, 'Back']
[493184, 150214, -2479987, -1587099, 69071, 60899, 32136, -892828, 106337, 746077, -933799, -97076, 414617, 286157, -2025775, -1567413, 'Back']
[521313, 179006, -2458138, -1593418, 4104, 67074, 58684, -881436, 95217, 734052, -905959, 33497, 445960, 283001, -2034257, -1484581, 'Back']
[496434, 153487, -2477806, -1585785, 65211, 62658, 34886, -890763, 111406, 749144, -945484, -105824, 405881, 285611, -2029226, -1571436, 'Back']
[520119, 177994, -2460931, -1593906, 9279, 64576, 54956, -883935, 92542, 732920, -893796, 39122, 454724, 284377, -2030577, -1483091, 'Back']
[500175, 157399, -2475750, -1585540, 58104, 63896, 36327, -888585, 114947, 751499, -954918, -108050, 398238, 284540, -2034638, -1571333, 'Back']
[516988, 174773, -2464837, -1595360, 15701, 61823, 50829, -887510, 89770, 731730, -884159, 39849, 460432, 285403, -2027747, -1484421, 'Back']
[505169, 162292, -2471381, -1584635, 50051, 66339, 40359, -886091, 117591, 752650, -962830, -105654, 391742, 283183, -2038923, -1568091, 'Back']
[513817, 171627, -2467368, -1595196, 24918, 60125, 46856, -890124, 88594, 732117, -876673, 35095, 464919, 287047, -2023532, -1489213, 'Back']
[508626, 165792, -2468003, -1585414, 40826, 67083, 43334, -884638, 118344, 752705, -968056, -97673, 388791, 282045, -2042869, -1561685, 'Back']
[509838, 167344, -2470441, -1595163, 34482, 58327, 43271, -892808, 87729, 732198, -873206, 25396, 466260, 287651, -2020678, -1496028, 'Back']
[513134, 170254, -2463825, -1585265, 31742, 69325, 47597, -881675, 118627, 752194, -969751, -85534, 388569, 280996, -2045491, -1552887, 'Back']
[505470, 162881, -2473469, -1594504, 43858, 56896, 39212, -894977, 87917, 732961, -873397, 11573, 465226, 288857, -2018176, -1505136, 'Back']
[516874, 174166, -2460036, -1585431, 22536, 70277, 51699, -879863, 117696, 750764, -968429, -69398, 391054, 280602, -2046798, -1542011, 'Back']
[501940, 159197, -2476051, -1593018, 52472, 56296, 35836, -895612, 89351, 734530, -876794, -5398, 461080, 289151, -2016541, -1515588, 'Back']
[520210, 177382, -2457677, -1586243, 14373, 71049, 54706, -878129, 115750, 748931, -963364, -50978, 395801, 280173, -2047474, -1529867, 'Back']
[499465, 156424, -2478112, -1591149, 60515, 56273, 33041, -896799, 92141, 736977, -883295, -24666, 454338, 289251, -2016577, -1526760, 'Back']
[523219, 180497, -2456066, -1586822, 7169, 70490, 56290, -878266, 112891, 746786, -954980, -31446, 402684, 280225, -2047550, -1517839, 'Back']
[497787, 154816, -2480034, -1589042, 66061, 56044, 30662, -897106, 95989, 740467, -891817, -44221, 445409, 289527, -2017709, -1538166, 'Back']
[525186, 182544, -2455900, -1588069, 1775, 68908, 56938, -878795, 109667, 744742, -944372, -11622, 411061, 280771, -2046508, -1506350, 'Back']
[495585, 152551, -2481708, -1588119, 68755, 55634, 27822, -897739, 98785, 742453, -903581, -62857, 435156, 288503, -2020242, -1547983, 'Back']
[525684, 183226, -2455508, -1589020, -1084, 67620, 57504, -879126, 104952, 741337, -932852, 6761, 420420, 280804, -2044191, -1495093, 'Back']
[495707, 152649, -2480598, -1585581, 70326, 56821, 29238, -895563, 102580, 745066, -915983, -79031, 424665, 287259, -2022639, -1555245, 'Back']
[526217, 183702, -2454747, -1588813, -86, 67043, 58146, -879780, 101594, 739617, -919342, 22376, 431665, 282310, -2039777, -1486074, 'Back']
[496344, 153084, -2478398, -1583992, 69665, 58297, 29658, -893715, 107574, 748404, -928318, -92862, 415572, 287263, -2025137, -1562304, 'Back']
[524997, 182264, -2455106, -1590006, 2840, 64842, 56753, -881615, 97225, 736559, -906887, 33480, 442131, 283024, -2036283, -1480638, 'Back']
[498648, 154963, -2475737, -1583056, 66205, 60030, 32005, -891691, 111768, 750954, -940428, -101886, 406635, 286417, -2028982, -1565643, 'Back']
[523125, 180147, -2458276, -1590979, 7858, 63220, 54141, -884467, 94240, 735284, -894686, 40298, 450889, 284544, -2032092, -1477592, 'Back']
[502093, 158497, -2474561, -1582003, 59753, 62642, 35497, -889042, 114827, 752816, -951386, -105794, 397763, 285065, -2033559, -1565732, 'Back']
[520552, 177822, -2462958, -1590942, 13842, 62142, 51391, -886697, 91255, 734078, -884529, 42054, 456941, 285916, -2027484, -1478267, 'Back']
[505649, 162504, -2473210, -1580925, 51721, 65087, 38774, -886800, 117755, 754172, -959720, -105126, 391081, 284181, -2036357, -1564049, 'Back']
[516425, 174034, -2467884, -1590896, 21939, 60471, 47246, -889380, 89711, 733542, -876817, 37799, 461612, 287102, -2022358, -1483032, 'Back']
[508668, 165888, -2471045, -1581003, 42345, 67390, 42329, -884913, 119136, 754212, -965873, -98887, 386674, 282761, -2039116, -1559064, 'Back']
[511118, 168664, -2472512, -1591643, 30300, 58336, 42821, -893314, 87648, 732587, -873443, 29725, 462765, 287481, -2018753, -1488438, 'Back']
[513182, 170202, -2466759, -1581186, 32634, 68592, 46105, -882861, 118981, 752951, -969195, -87269, 384612, 280918, -2041539, -1549184, 'Back']
[506464, 163743, -2475839, -1591976, 39928, 56142, 37659, -896053, 87823, 733149, -872057, 16690, 462105, 287855, -2015445, -1496661, 'Back']
[516402, 173333, -2463283, -1582555, 23309, 69130, 49430, -881464, 117492, 751054, -968442, -71976, 386405, 279152, -2043711, -1537714, 'Back']
[504121, 161202, -2476503, -1590230, 49918, 55826, 35935, -896870, 88882, 734735, -874377, 332, 459235, 288043, -2013605, -1505822, 'Back']
[521442, 178305, -2458595, -1582670, 16560, 70602, 53829, -878859, 117664, 751553, -962247, -54487, 392562, 280544, -2042942, -1526876, 'Back']
[500455, 157337, -2479565, -1590362, 57989, 54578, 31452, -898966, 91356, 737228, -879360, -18485, 453956, 288893, -2013418, -1517755, 'Back']
[523599, 180573, -2457722, -1585104, 8311, 69791, 55226, -879289, 114162, 748486, -955312, -34703, 398225, 279420, -2044740, -1514471, 'Back']
[497881, 154552, -2482219, -1589660, 63721, 54590, 28784, -899124, 94227, 739244, -888370, -38087, 444958, 288133, -2015469, -1528797, 'Back']
[526715, 183702, -2456047, -1585712, 2858, 70007, 57354, -879000, 110919, 745797, -945654, -15040, 406013, 279684, -2044785, -1502386, 'Back']
[497099, 153664, -2482327, -1587291, 68306, 55316, 28415, -898516, 98863, 743134, -898219, -57567, 435910, 288640, -2016710, -1540169, 'Back']
[527236, 184169, -2455841, -1587286, -270, 68370, 57189, -880156, 106951, 743223, -933776, 3046, 416079, 280396, -2042529, -1492589, 'Back']
[495667, 151986, -2482577, -1586159, 70072, 55712, 27119, -898250, 102214, 745111, -910879, -75076, 425528, 287276, -2020093, -1549454, 'Back']
[526327, 183277, -2456660, -1589043, -1289, 66536, 56618, -881818, 102034, 739787, -921522, 19246, 426147, 280698, -2040043, -1483163, 'Back']
[496158, 152500, -2481019, -1584603, 69418, 57349, 27871, -896929, 106449, 747996, -924109, -90111, 414543, 286455, -2023520, -1556660, 'Back']
[525150, 182326, -2456848, -1589510, 1330, 65150, 55989, -882842, 97868, 737410, -908866, 31048, 436062, 281746, -2036022, -1477547, 'Back']
