[642892, 1291703, -1458679, -888624, 76743, 605868, -244647, -658262, 852402, 303780, -1204983, -336551, 453964, 362095, -1042493, -125410, 'Back']
[643696, 1294242, -1469564, -879243, 71144, 614756, -247089, -663465, 841217, 295289, -1194215, -218483, 504890, 389328, -982506, -57425, 'Back']
[644415, 1294007, -1462555, -895713, 68617, 600723, -243453, -658558, 852232, 303610, -1207219, -326569, 452551, 361746, -1043621, -118758, 'Back']
[641935, 1292384, -1465818, -872054, 78940, 619910, -248685, -663279, 841361, 296237, -1192374, -230873, 504850, 388865, -982507, -66542, 'Back']
[646065, 1295999, -1466237, -901993, 61102, 596791, -242805, -657362, 851455, 302823, -1208747, -312199, 453794, 363159, -1042329, -109184, 'Back']
[640370, 1290516, -1461593, -866103, 86620, 623705, -249020, -663058, 842032, 296769, -1191164, -245575, 502927, 387337, -985014, -75986, 'Back']
[647368, 1297626, -1469380, -907213, 54318, 593523, -240915, -657465, 850549, 302221, -1209773, -295573, 456581, 365120, -1039086, -98372, 'Back']
[639630, 1289234, -1457305, -861579, 93060, 626577, -248852, -662871, 843112, 297204, -1190212, -262780, 499431, 385141, -989005, -86472, 'Back']
[648843, 1299323, -1472091, -910951, 48908, 591436, -240615, -657484, 850159, 301434, -1209388, -278839, 461193, 367859, -1034221, -88243, 'Back']
[638495, 1287461, -1454350, -858886, 97990, 628183, -250146, -663646, 844203, 297707, -1190475, -280835, 494689, 381836, -995058, -97351, 'Back']
[649718, 1300383, -1474852, -913119, 44798, 590621, -240199, -657225, 848973, 300168, -1209063, -260940, 466786, 370829, -1028123, -77044, 'Back']
[638226, 1286751, -1451386, -857270, 102063, 629374, -249253, -661997, 846128, 299435, -1190807, -298395, 489448, 379089, -1001573, -107636, 'Back']
[649985, 1300658, -1477560, -913523, 42840, 590868, -240331, -658504, 847696, 299418, -1208424, -243484, 473436, 374800, -1020097, -66062, 'Back']
[638019, 1286126, -1450670, -858498, 102954, 627383, -249734, -662276, 847223, 299750, -1192653, -314138, 482285, 375022, -1009555, -116350, 'Back']
[650419, 1301099, -1478702, -911842, 42342, 591798, -241015, -658909, 846269, 298507, -1206897, -229251, 479709, 378349, -1012351, -58592, 'Back']
[638152, 1286028, -1449554, -860728, 102397, 625488, -248859, -660905, 849113, 301150, -1194176, -327731, 475346, 371751, -1016776, -124353, 'Back']
[649841, 1300833, -1479114, -908575, 44262, 594065, -242314, -659717, 844855, 297763, -1204892, -217723, 486214, 381750, -1003889, -52642, 'Back']
[637975, 1286065, -1450460, -865459, 99537, 621627, -248830, -661139, 849646, 301783, -1196901, -338119, 468461, 368172, -1024664, -130473, 'Back']
[648076, 1299282, -1478848, -903752, 47833, 598102, -242407, -659970, 842862, 296092, -1203374, -209973, 491858, 384407, -996716, -49154, 'Back']
[639058, 1287255, -1451658, -871056, 94835, 618005, -247013, -659873, 850208, 301849, -1199818, -343169, 462129, 365292, -1031187, -132030, 'Back']
[647332, 1298423, -1476732, -897801, 53193, 602757, -243999, -660794, 842472, 295481, -1200517, -206685, 497288, 386847, -990598, -48024, 'Back']
[640212, 1288529, -1453652, -877673, 88794, 613774, -245383, -658498, 851503, 302658, -1202021, -344802, 457767, 363303, -1036670, -132368, 'Back']
[645713, 1296327, -1474158, -890962, 59555, 607598, -245412, -662247, 841511, 294677, -1198161, -208036, 501567, 388207, -985938, -49878, 'Back']
[641877, 1290012, -1456287, -884949, 81542, 608495, -244395, -658181, 851745, 302053, -1204546, -341231, 454352, 361382, -1041139, -128808, 'Back']
[644156, 1294426, -1470758, -883617, 67225, 612896, -246580, -663131, 841323, 294272, -1195474, -213705, 504085, 389085, -982901, -54205, 'Back']
[643568, 1291860, -1459456, -892150, 73840, 603400, -244434, -658416, 852137, 302424, -1206437, -332522, 452721, 361314, -1043336, -122357, 'Back']
[642998, 1292640, -1466868, -876480, 75168, 616728, -247588, -663137, 841784, 294191, -1193340, -223374, 505271, 388926, -982259, -60970, 'Back']
[645411, 1294104, -1462534, -898599, 66299, 599073, -241864, -657571, 852660, 302314, -1207525, -321278, 453373, 362301, -1042843, -115192, 'Back']
[641368, 1290910, -1462976, -870252, 82678, 621018, -248287, -663604, 842274, 294578, -1191600, -237056, 504215, 388416, -982860, -70395, 'Back']
[646443, 1295720, -1466722, -905065, 58362, 594596, -242209, -658188, 851907, 301267, -1209286, -306620, 454553, 363483, -1041097, -106024, 'Back']
[639966, 1289224, -1459026, -864504, 89538, 624973, -249210, -663772, 842712, 294878, -1191076, -253182, 501382, 385988, -986595, -80813, 'Back']
[648225, 1297859, -1469743, -909151, 52011, 592809, -240528, -657333, 851022, 300540, -1209736, -289015, 458268, 366016, -1037167, -94738, 'Back']
[639275, 1287798, -1455597, -860413, 95675, 627945, -249923, -663951, 844284, 296565, -1190277, -270327, 497593, 383935, -991312, -91461, 'Back']
[649358, 1299006, -1473141, -912205, 47365, 591300, -240022, -657095, 850052, 300052, -1209722, -271135, 463182, 368837, -1031570, -83639, 'Back']
[638775, 1286705, -1452820, -858187, 100105, 628774, -249732, -663040, 845367, 297366, -1190724, -288122, 492223, 380295, -997209, -101827, 'Back']
[650280, 1300035, -1475782, -913838, 44065, 590444, -240431, -658341, 848884, 299334, -1209039, -253550, 469279, 372144, -1024178, -72977, 'Back']
[638393, 1285722, -1450941, -858016, 102762, 628592, -249495, -662195, 846793, 298705, -1191904, -305241, 486269, 376993, -1003986, -112313, 'Back']
[650529, 1300589, -1477895, -913290, 42488, 591178, -241065, -657778, 847563, 298280, -1207963, -237602, 475832, 375763, -1015989, -64046, 'Back']
[637726, 1285442, -1450060, -859392, 102852, 627180, -249963, -661630, 848638, 300074, -1193081, -320504, 479682, 373725, -1011902, -121619, 'Back']
[649752, 1300547, -1478792, -910654, 42832, 593322, -241212, -659279, 845620, 297515, -1206507, -224260, 482508, 379598, -1008438, -56988, 'Back']
[638245, 1286154, -1449528, -862163, 101280, 625159, -247692, -660293, 849315, 301295, -1195360, -332176, 472614, 370574, -1019713, -127775, 'Back']
[649042, 1300119, -1478770, -906414, 45087, 597098, -242518, -660230, 843921, 296315, -1204086, -213773, 488894, 383234, -1001001, -51379, 'Back']
[639428, 1287527, -1450204, -867007, 97454, 621626, -247579, -659759, 850331, 302214, -1197156, -340099, 466143, 367744, -1027960, -131840, 'Back']
[649123, 1299973, -1477145, -900697, 49902, 601153, -242121, -660187, 843059, 296615, -1200728, -207836, 494866, 386544, -994337, -49306, 'Back']
[640515, 1288315, -1451929, -873083, 92466, 617878, -246306, -658766, 851666, 302876, -1198792, -344069, 461003, 365613, -1034196, -133503, 'Back']
[647552, 1298035, -1475486, -894387, 55809, 605731, -244387, -661469, 842329, 295941, -1197621, -206271, 499802, 388712, -989038, -49007, 'Back']
[642402, 1290289, -1454170, -879752, 86299, 612673, -244419, -657682, 852042, 303013, -1200868, -342491, 456933, 363546, -1039482, -130698, 'Back']
[646716, 1296715, -1472389, -887371, 63357, 610214, -244688, -661571, 842425, 296047, -1194258, -209145, 504190, 390135, -984812, -51639, 'Back']
[643227, 1291145, -1457583, -887639, 78655, 606630, -244652, -658449, 852837, 303240, -1202771, -337691, 454666, 362421, -1043017, -127231, 'Back']
[644332, 1294031, -1469523, -880887, 70153, 613883, -246971, -663849, 841059, 294638, -1193070, -216735, 505246, 389673, -983632, -57264, 'Back']
[645057, 1293499, -1460945, -894670, 70557, 601445, -242361, -657792, 852463, 303048, -1204800, -328101, 452890, 362122, -1044760, -120625, 'Back']
[642973, 1292626, -1465684, -873460, 78092, 618725, -247443, -663036, 841509, 295453, -1190688, -228160, 505265, 389546, -983162, -65119, 'Back']
[646279, 1295021, -1464980, -901188, 62780, 597305, -241988, -657913, 851495, 302633, -1206725, -314700, 453823, 363471, -1043658, -111465, 'Back']
[641538, 1290536, -1461965, -867495, 85476, 622711, -248920, -663655, 842176, 295927, -1189677, -243062, 503773, 388563, -985253, -74649, 'Back']
[648096, 1297038, -1468379, -906195, 55975, 594306, -241060, -656867, 851221, 302312, -1207457, -299332, 456610, 365438, -1040247, -101517, 'Back']
[640071, 1288461, -1458042, -862224, 92246, 626286, -248918, -662756, 843152, 297097, -1188513, -259922, 500995, 386499, -988401, -85539, 'Back']
[648969, 1298308, -1471894, -910350, 50024, 591738, -240070, -657354, 850024, 301395, -1208067, -281503, 461009, 368068, -1034960, -90276, 'Back']
[638622, 1286598, -1455181, -859207, 97656, 628224, -249676, -662999, 844070, 297609, -1188986, -278157, 496328, 383648, -993452, -96755, 'Back']
[649347, 1298874, -1475378, -913042, 45451, 590403, -240840, -657313, 848341, 299706, -1208598, -264450, 465928, 371087, -1028956, -79964, 'Back']
[638453, 1286197, -1452438, -857417, 101346, 628863, -249657, -661896, 845436, 298402, -1189628, -295877, 490455, 380287, -1000210, -107225, 'Back']
[650319, 1300207, -1477308, -913385, 43412, 590862, -240155, -657974, 847429, 299431, -1206984, -247539, 472432, 375210, -1021260, -70561, 'Back']
[638168, 1285484, -1450510, -857964, 103760, 628516, -248565, -661880, 846753, 299531, -1190701, -312085, 484067, 376470, -1007509, -117224, 'Back']
[650463, 1300534, -1478590, -911975, 43209, 592342, -240259, -657762, 846141, 298157, -1205773, -232309, 479211, 378202, -1013100, -61915, 'Back']
[638524, 1285685, -1449871, -859500, 103461, 626736, -248561, -660788, 848196, 300746, -1192370, -325849, 477552, 373420, -1015082, -124874, 'Back']
[650439, 1300156, -1479549, -909027, 44169, 594021, -242218, -659579, 844844, 297587, -1203643, -219486, 485957, 381803, -1005400, -54882, 'Back']
[639418, 1286068, -1450121, -864090, 100678, 623002, -248491, -661046, 849704, 301164, -1194498, -335900, 470876, 369229, -1023417, -129851, 'Back']
[649108, 1299079, -1478584, -904345, 47582, 597540, -242816, -659958, 843796, 296570, -1201422, -211030, 492470, 384737, -997842, -50656, 'Back']
[638949, 1286244, -1451437, -869641, 95995, 618985, -247801, -659433, 850110, 302081, -1197691, -342268, 464536, 366607, -1029940, -132581, 'Back']
[647269, 1297541, -1477561, -898808, 52088, 601938, -244002, -661517, 841746, 295049, -1200269, -206767, 496946, 386863, -991641, -48397, 'Back']
[640777, 1288271, -1453072, -875966, 90349, 614709, -246063, -659442, 851064, 302223, -1200406, -343801, 458800, 364117, -1036117, -131805, 'Back']
[646870, 1297089, -1474167, -891321, 59030, 607265, -245015, -661772, 842185, 295221, -1196682, -207004, 501705, 389338, -986343, -49518, 'Back']
[641704, 1289554, -1455633, -882603, 83506, 610346, -245154, -658691, 851916, 302954, -1202283, -341480, 455816, 363408, -1040276, -129723, 'Back']
[644832, 1294857, -1471586, -884477, 66485, 612369, -245310, -662521, 840667, 294546, -1195225, -211696, 504864, 390258, -983576, -53018, 'Back']
[643454, 1291426, -1459041, -890321, 75944, 604969, -243808, -658787, 852078, 302973, -1204790, -334743, 454389, 362557, -1042956, -124471, 'Back']
[643196, 1292317, -1468306, -877746, 73696, 616319, -247462, -663064, 840996, 294179, -1192976, -221453, 506148, 389984, -982439, -60116, 'Back']
[645080, 1293133, -1462682, -897013, 67777, 600923, -243099, -657472, 851614, 301848, -1206763, -323536, 453558, 362339, -1043958, -116454, 'Back']
[641958, 1290979, -1464000, -870369, 81891, 622267, -247901, -662889, 841018, 294878, -1191123, -233837, 505496, 389417, -983102, -67882, 'Back']
[646720, 1295297, -1466031, -902916, 60662, 597443, -241223, -656576, 851231, 302563, -1207761, -308913, 455706, 364627, -1041532, -106930, 'Back']
[641204, 1289599, -1459786, -864726, 89195, 625557, -248289, -662982, 842243, 296131, -1189652, -249598, 503903, 387874, -985472, -78296, 'Back']
[648882, 1297562, -1469239, -907789, 54106, 593789, -240054, -656583, 851572, 301912, -1207597, -292490, 459558, 366388, -1037832, -97006, 'Back']
[639819, 1287431, -1456353, -860378, 95258, 628160, -249869, -663298, 843837, 296683, -1188562, -266987, 500396, 385073, -990085, -89716, 'Back']
[649291, 1298478, -1472936, -911153, 48422, 591857, -240673, -657301, 849677, 300171, -1208349, -274243, 463565, 369242, -1032828, -85429, 'Back']
[638111, 1285841, -1453856, -857923, 99788, 629034, -249590, -662963, 844070, 297388, -1189717, -284533, 494444, 381879, -996437, -99833, 'Back']
[649494, 1299101, -1475817, -912787, 44741, 591177, -239290, -657473, 847541, 299531, -1208693, -256420, 468844, 372430, -1026007, -74220, 'Back']
[637806, 1285089, -1451241, -857051, 102619, 629543, -249517, -662140, 845697, 298481, -1190680, -302041, 488155, 378545, -1003253, -109818, 'Back']
[649819, 1299319, -1477824, -913082, 42756, 591804, -241058, -658538, 846864, 297974, -1207230, -240651, 475204, 375475, -1018344, -65229, 'Back']
[638209, 1285417, -1449996, -858357, 103725, 628538, -248754, -660827, 847136, 299331, -1191937, -317541, 481382, 374456, -1011128, -118801, 'Back']
[650033, 1300236, -1478628, -910875, 43249, 593658, -240637, -658366, 845291, 297558, -1205461, -226660, 481858, 379723, -1010269, -57672, 'Back']
[637472, 1284841, -1449598, -861229, 102293, 626228, -248472, -659799, 847741, 300571, -1194451, -330334, 474375, 371358, -1018780, -126190, 'Back']
[649157, 1299422, -1478355, -907026, 45334, 596548, -241569, -658687, 843323, 296513, -1204162, -215576, 488153, 382980, -1002410, -51466, 'Back']
[639292, 1286136, -1448955, -865412, 99754, 623034, -246121, -658968, 849851, 301542, -1196005, -339176, 468433, 368382, -1025848, -130447, 'Back']
[649065, 1298896, -1476820, -901627, 49908, 600479, -242677, -660284, 843704, 295898, -1200551, -208765, 495224, 386011, -994634, -48476, 'Back']
[640711, 1287631, -1450435, -871210, 94595, 618716, -247171, -658687, 851513, 302625, -1197884, -343241, 463345, 365789, -1032773, -132174, 'Back']
[648063, 1297909, -1474565, -894895, 55726, 604984, -242922, -660988, 842790, 295746, -1197770, -205844, 500418, 388330, -989070, -48200, 'Back']
[641041, 1288467, -1452725, -877885, 88117, 613555, -245671, -658646, 851790, 303180, -1200711, -343069, 458932, 363587, -1037613, -131258, 'Back']
[645935, 1295710, -1471988, -887944, 62232, 609398, -245296, -661852, 841191, 294914, -1196320, -207788, 504094, 389756, -984773, -50116, 'Back']
[642513, 1290101, -1455619, -885304, 80950, 608361, -244439, -657723, 852286, 302860, -1203528, -338792, 455941, 362892, -1041012, -127385, 'Back']
[644646, 1294079, -1468491, -880727, 70116, 614718, -245649, -661465, 841838, 295261, -1193532, -214988, 506346, 390597, -981713, -55736, 'Back']
[643764, 1291734, -1459296, -892472, 72877, 603689, -243393, -658244, 852041, 302350, -1205456, -329997, 454429, 362521, -1042535, -121303, 'Back']
[642869, 1292018, -1465190, -873672, 77533, 619818, -247411, -661979, 840795, 294240, -1192196, -225246, 506566, 389523, -981659, -62211, 'Back']
[644881, 1293300, -1462957, -899125, 65112, 599873, -242211, -656782, 851456, 302278, -1207309, -317733, 454853, 363351, -1042163, -112902, 'Back']
[640610, 1289289, -1461631, -867950, 85154, 623560, -248671, -663040, 840292, 294214, -1191574, -239645, 505019, 388660, -983159, -71305, 'Back']
[646601, 1295094, -1466747, -905119, 58028, 595670, -241620, -656872, 850696, 301148, -1208731, -302199, 456919, 364974, -1039483, -102266, 'Back']
[639761, 1288059, -1458028, -862857, 92277, 626277, -249056, -663009, 842056, 295001, -1190394, -255978, 502451, 386429, -986278, -81372, 'Back']
[648282, 1297171, -1470348, -909596, 51846, 592090, -240701, -657117, 850422, 300942, -1208914, -285480, 461121, 367249, -1035055, -92194, 'Back']
[638840, 1286569, -1454530, -859237, 97853, 628173, -250077, -663463, 843817, 296477, -1189736, -274450, 498287, 383609, -991818, -93837, 'Back']
[649533, 1298731, -1473184, -912288, 47200, 590582, -240106, -657143, 849264, 299862, -1208926, -267249, 465998, 370276, -1029529, -81274, 'Back']
[638610, 1286094, -1451675, -857484, 101626, 628827, -249494, -662156, 845282, 297606, -1189946, -291907, 492215, 380739, -998352, -104392, 'Back']
[650329, 1299842, -1475598, -913365, 43737, 591008, -240746, -657629, 847895, 298919, -1207839, -250010, 471805, 373829, -1022397, -71355, 'Back']
[638040, 1285412, -1449462, -857138, 104100, 629480, -248357, -661400, 846640, 298635, -1191044, -308325, 485882, 377387, -1005740, -113880, 'Back']
[649778, 1299928, -1476929, -912092, 43404, 592558, -240237, -657778, 846234, 297741, -1206802, -233786, 478914, 377816, -1014001, -61309, 'Back']
[637451, 1284767, -1448115, -859189, 104219, 627700, -248563, -659948, 847667, 299373, -1193032, -322876, 479543, 373515, -1013206, -121734, 'Back']
[649311, 1299437, -1477387, -909649, 44608, 594504, -240842, -658194, 844782, 296188, -1205309, -221373, 485510, 380984, -1005991, -54358, 'Back']
[637543, 1284540, -1448661, -863386, 102181, 624619, -248179, -660078, 848673, 300019, -1195700, -334536, 472724, 369818, -1020900, -128107, 'Back']
[648531, 1298385, -1477728, -905464, 47618, 597670, -242023, -658953, 843235, 295079, -1203818, -212330, 492228, 383936, -998582, -49772, 'Back']
[638488, 1285272, -1450106, -868801, 98041, 620198, -247655, -659551, 850129, 300537, -1198260, -341868, 466791, 366402, -1028386, -131402, 'Back']
[647521, 1297236, -1476709, -900023, 52280, 601868, -243370, -660420, 842243, 294088, -1201416, -207465, 497713, 386492, -992364, -47685, 'Back']
[639910, 1286662, -1451616, -874758, 92886, 616489, -245523, -658238, 851625, 301354, -1200388, -345176, 461925, 364567, -1034475, -132674, 'Back']
[646081, 1295498, -1474314, -893468, 58499, 606294, -244138, -661623, 841637, 293749, -1198825, -207070, 502642, 388333, -986637, -48571, 'Back']
[640977, 1287872, -1454467, -882317, 85276, 610799, -245065, -657498, 851853, 301373, -1203528, -343727, 457737, 361907, -1039130, -130415, 'Back']
[644734, 1293971, -1471374, -886327, 65394, 611331, -245778, -661890, 841243, 293061, -1196819, -211905, 505487, 388866, -983122, -52338, 'Back']
[642346, 1289581, -1457949, -889616, 77544, 605602, -243801, -657321, 852096, 301239, -1206018, -337610, 455107, 361401, -1041728, -125652, 'Back']
[643024, 1291743, -1468239, -879059, 72801, 615652, -247197, -662645, 841003, 292721, -1194842, -220362, 506440, 389019, -981444, -58467, 'Back']
[644223, 1291580, -1461680, -896616, 69279, 600521, -243417, -657212, 851810, 300909, -1208018, -326509, 453941, 361163, -1042852, -117940, 'Back']
[641335, 1289795, -1464455, -872501, 80858, 619672, -247840, -662849, 841110, 292822, -1192880, -232776, 506194, 387620, -982171, -67123, 'Back']
[645352, 1293666, -1464985, -902675, 62201, 596872, -241374, -656832, 851226, 300404, -1209390, -313272, 455558, 362307, -1041510, -109621, 'Back']
[639524, 1288109, -1460548, -866241, 88217, 624468, -249228, -662950, 841572, 293761, -1191761, -247792, 504300, 386747, -984506, -76912, 'Back']
[646451, 1295181, -1468854, -907609, 54834, 593865, -240865, -657304, 849976, 299930, -1210681, -296506, 458384, 364830, -1038601, -98935, 'Back']
[638445, 1286649, -1456694, -861323, 94267, 627368, -249130, -663024, 842287, 295015, -1191410, -264565, 501005, 384561, -988903, -87209, 'Back']
[648654, 1297763, -1471473, -910429, 49428, 592401, -240165, -656803, 849281, 299624, -1210200, -278499, 463320, 368079, -1033169, -87661, 'Back']
[637978, 1285647, -1453275, -857554, 99914, 629850, -248977, -661995, 844049, 296360, -1190513, -282166, 496796, 383001, -993913, -98229, 'Back']
[649054, 1298490, -1474371, -912546, 45434, 591190, -239940, -656959, 848528, 298794, -1209474, -260019, 468974, 372002, -1026344, -76417, 'Back']
[637153, 1284766, -1450587, -856662, 102938, 629519, -249630, -661851, 845260, 297198, -1191430, -299325, 490523, 379012, -1000978, -108301, 'Back']
[650340, 1300218, -1475323, -912097, 43979, 591708, -239189, -656720, 847727, 298226, -1207884, -242982, 475712, 375404, -1018545, -66531, 'Back']
[637995, 1285192, -1448074, -857089, 105141, 629525, -248275, -660620, 847938, 298757, -1191860, -314607, 484863, 376068, -1007939, -117078, 'Back']
[649908, 1299853, -1476617, -910699, 44031, 593630, -240080, -657778, 846569, 297103, -1206174, -228323, 482866, 379460, -1010247, -58271, 'Back']
[637873, 1284874, -1447477, -859683, 104244, 627205, -247734, -659435, 849034, 299115, -1193871, -327651, 477778, 372310, -1015907, -124165, 'Back']
[649544, 1299295, -1477104, -907108, 46112, 596105, -240824, -658097, 845116, 295941, -1204245, -216503, 489465, 382584, -1002516, -51668, 'Back']
[638438, 1284826, -1448427, -864141, 101486, 623754, -246920, -659595, 850505, 300204, -1195886, -337552, 471388, 368686, -1023583, -129326, 'Back']
[648129, 1297524, -1477035, -902739, 49957, 599493, -241965, -659585, 843479, 294411, -1202395, -209066, 495510, 385062, -995226, -47756, 'Back']
[639482, 1285832, -1449962, -870460, 96946, 618920, -246006, -658662, 851153, 300327, -1198869, -343407, 465352, 365281, -1030768, -131788, 'Back']
[647358, 1296699, -1475040, -896640, 55656, 603889, -243091, -660638, 842532, 293596, -1199867, -206292, 500903, 387067, -989562, -47268, 'Back']
[640845, 1287790, -1451736, -876868, 90643, 614682, -244700, -656648, 851952, 301524, -1201328, -343870, 460788, 363466, -1036505, -130667, 'Back']
[645778, 1295876, -1472195, -888977, 61955, 609449, -244532, -660686, 841733, 294013, -1197266, -206951, 505000, 389562, -985329, -48390, 'Back']
[641458, 1289346, -1455036, -884004, 82769, 609961, -244177, -657465, 851886, 302049, -1204210, -339686, 457245, 363072, -1041127, -127082, 'Back']
[643519, 1293821, -1469869, -881666, 68885, 615207, -245405, -660591, 840643, 293721, -1195801, -212802, 506709, 390638, -983266, -52673, 'Back']
[643381, 1291930, -1458248, -890005, 75355, 607005, -241354, -655390, 851448, 302441, -1206598, -330883, 455133, 363361, -1042553, -120079, 'Back']
[642605, 1292491, -1465205, -873665, 77820, 621422, -245218, -660982, 841047, 294710, -1192762, -222204, 508027, 391515, -980923, -58885, 'Back']
[645169, 1293865, -1461654, -897018, 67701, 602363, -240878, -655686, 851495, 301807, -1207500, -319152, 455959, 364249, -1042300, -112095, 'Back']
[641129, 1290540, -1461614, -867600, 85101, 625253, -247286, -662266, 841509, 295062, -1190824, -236070, 507226, 390050, -982779, -68199, 'Back']
[647200, 1296287, -1465206, -902512, 60284, 598729, -238855, -654555, 850959, 301662, -1208099, -303698, 457809, 365816, -1040504, -102064, 'Back']
[640424, 1289044, -1457149, -861745, 92654, 629029, -246458, -661095, 842510, 295927, -1188714, -252066, 505136, 388709, -985296, -78691, 'Back']
[649044, 1298000, -1468126, -907004, 54501, 595739, -238167, -654640, 850571, 301043, -1207613, -286612, 462276, 368311, -1035984, -91435, 'Back']
[640106, 1287771, -1452890, -857907, 99187, 630714, -246110, -660624, 844433, 296776, -1187516, -269651, 501621, 386024, -990474, -89707, 'Back']
[650331, 1299257, -1470506, -910177, 50065, 593549, -237336, -654952, 850005, 300233, -1206867, -269346, 467886, 371246, -1029896, -81255, 'Back']
[638854, 1285809, -1450030, -856244, 103694, 631395, -246375, -660559, 845646, 297452, -1188074, -287841, 496641, 382774, -996098, -100520, 'Back']
[650071, 1298737, -1473873, -912725, 45973, 591982, -237647, -656570, 848414, 297990, -1207013, -251984, 473643, 373679, -1023166, -70252, 'Back']
[638074, 1284198, -1448606, -856911, 105357, 630159, -246902, -660882, 846524, 297218, -1189882, -305263, 489858, 377590, -1003957, -110278, 'Back']
[650544, 1299071, -1475799, -912396, 44675, 592795, -238361, -656808, 846818, 296827, -1205939, -236592, 480337, 376737, -1015233, -61254, 'Back']
[638041, 1283749, -1448061, -858751, 105238, 629271, -247999, -660072, 847632, 298150, -1191543, -320335, 482886, 373974, -1011760, -118635, 'Back']
[650311, 1298976, -1477323, -909835, 44906, 595819, -239040, -656934, 845310, 295750, -1204430, -223215, 486341, 380419, -1007768, -53699, 'Back']
[638826, 1284693, -1447923, -861501, 103582, 627477, -245545, -658632, 849214, 299868, -1193367, -332482, 476033, 371159, -1019290, -125467, 'Back']
[650201, 1299127, -1477158, -905103, 47820, 599333, -240069, -658112, 844254, 295704, -1201762, -213021, 492731, 384209, -999625, -48584, 'Back']
[639373, 1285393, -1448865, -865987, 100054, 624153, -245879, -657656, 850563, 301084, -1195435, -339948, 469526, 368710, -1026780, -129069, 'Back']
[649050, 1298076, -1475871, -899313, 52232, 603697, -240435, -658544, 842624, 294743, -1199972, -206483, 498390, 387268, -993191, -45039, 'Back']
[640653, 1286677, -1450378, -872255, 94555, 618976, -244064, -657043, 851760, 301597, -1197762, -343504, 464022, 366374, -1033216, -129885, 'Back']
[647273, 1295997, -1473825, -893480, 58198, 607174, -241636, -659777, 841957, 294289, -1197500, -205951, 503061, 388806, -987947, -46577, 'Back']
[641067, 1287134, -1452711, -879489, 87959, 613896, -243313, -656739, 851807, 301376, -1201207, -343485, 459606, 363807, -1038258, -129483, 'Back']
[645237, 1293717, -1470832, -886304, 65073, 612466, -244255, -660812, 840897, 293200, -1195691, -209615, 506529, 390014, -983654, -49633, 'Back']
[642354, 1288613, -1455882, -886750, 80204, 608934, -242704, -656809, 851803, 301204, -1203980, -337926, 457042, 362640, -1041727, -124778, 'Back']
[644018, 1291944, -1467438, -878862, 72699, 617203, -246083, -660841, 840893, 293016, -1193517, -216916, 508352, 390240, -981680, -54670, 'Back']
[644323, 1290915, -1459543, -893679, 72340, 604423, -240880, -655261, 852045, 301180, -1205940, -327978, 456142, 362739, -1042835, -117445, 'Back']
[642321, 1290421, -1463819, -871749, 80643, 622277, -245369, -661050, 841246, 293538, -1191374, -228308, 508555, 390296, -981191, -62228, 'Back']
[645915, 1293528, -1463220, -900002, 64655, 600066, -238943, -655098, 851872, 301090, -1207285, -314320, 456957, 363991, -1041574, -108632, 'Back']
[640905, 1288819, -1459768, -865791, 87800, 626172, -246695, -662020, 842118, 294159, -1189861, -242742, 506432, 388546, -983604, -72081, 'Back']
[647386, 1295340, -1466764, -905575, 57032, 596854, -239860, -655304, 851174, 300048, -1208125, -297775, 459389, 365401, -1039343, -98191, 'Back']
[639724, 1287295, -1455646, -860572, 94716, 629676, -246862, -660706, 843032, 294782, -1189040, -259427, 503307, 386376, -987653, -82566, 'Back']
[648541, 1296839, -1469930, -909543, 51384, 594731, -238731, -655762, 849974, 299233, -1208620, -280029, 463638, 368466, -1034226, -86712, 'Back']
[638796, 1285589, -1452389, -857809, 100110, 631393, -247977, -661093, 844211, 295396, -1189079, -277610, 498683, 383106, -993006, -93378, 'Back']
[650030, 1298472, -1472325, -911404, 47755, 593899, -238213, -654919, 849046, 298621, -1207845, -262452, 469313, 371598, -1027179, -75777, 'Back']
[638512, 1285022, -1449193, -855318, 104799, 632976, -247030, -659242, 845964, 297305, -1189024, -294971, 493589, 380708, -998517, -103508, 'Back']
[650523, 1299211, -1474562, -911708, 45847, 594266, -237608, -654835, 848224, 297864, -1206600, -244746, 476438, 375651, -1019131, -64920, 'Back']
[638034, 1284338, -1448041, -856548, 105751, 631091, -247543, -659957, 847570, 298269, -1190371, -311636, 487261, 377163, -1006406, -113215, 'Back']
[650012, 1299043, -1476759, -911060, 44403, 594490, -239166, -657255, 846255, 296479, -1205720, -231063, 482650, 378641, -1012411, -58132, 'Back']
[638040, 1284396, -1447183, -858691, 105145, 629206, -246966, -659321, 848433, 299010, -1192388, -325663, 480213, 373122, -1015201, -121606, 'Back']
[650653, 1299876, -1476117, -907188, 46343, 597494, -239184, -657405, 845336, 295966, -1203027, -217779, 489503, 382440, -1004369, -50650, 'Back']
[639302, 1285563, -1446871, -862517, 102717, 626083, -246352, -658368, 850460, 300821, -1193662, -335091, 473833, 370798, -1022427, -126476, 'Back']
[649720, 1299049, -1475494, -902498, 49760, 600828, -239455, -657397, 844152, 295278, -1200756, -208908, 495703, 385399, -996952, -46287, 'Back']
[639777, 1286177, -1448010, -868002, 98346, 622704, -244555, -656801, 851513, 301113, -1196507, -341333, 467346, 367240, -1029324, -129310, 'Back']
[648324, 1297648, -1473888, -896410, 54990, 605977, -241260, -658167, 842853, 294556, -1198730, -204796, 500879, 388535, -990212, -44334, 'Back']
[641140, 1287655, -1449572, -874255, 92950, 618298, -243003, -655637, 852470, 301950, -1199172, -343012, 462445, 365155, -1034822, -128852, 'Back']
[646894, 1295911, -1471117, -889302, 61978, 611313, -241976, -658842, 842573, 294116, -1196109, -205591, 505650, 390067, -984619, -45928, 'Back']
[642393, 1289136, -1452406, -881172, 86064, 613866, -241461, -654912, 852703, 301974, -1202001, -340168, 459278, 364169, -1038588, -125631, 'Back']
[645629, 1294276, -1468030, -882015, 69627, 616001, -243156, -659702, 842415, 294473, -1193656, -210828, 508735, 391536, -981322, -50069, 'Back']
[643102, 1289783, -1456626, -889038, 77727, 607776, -242432, -655729, 852834, 301703, -1204386, -333569, 457455, 363277, -1041500, -121240, 'Back']
[642693, 1290967, -1465529, -875907, 76428, 619544, -245776, -661261, 841379, 292773, -1192722, -220774, 509105, 390641, -981308, -57029, 'Back']
[643957, 1291303, -1460708, -896706, 69303, 602440, -240313, -655376, 851853, 300356, -1207062, -322312, 456774, 363097, -1042385, -113235, 'Back']
[640697, 1288872, -1461630, -869252, 84210, 624276, -245855, -660785, 841737, 293280, -1191121, -233980, 508340, 389868, -981646, -65627, 'Back']
[644895, 1292800, -1464337, -902765, 61795, 598869, -239032, -655646, 851368, 299849, -1208480, -307880, 457720, 364918, -1040291, -103728, 'Back']
[638202, 1286092, -1457793, -863703, 91388, 628030, -246762, -660530, 842022, 293336, -1190360, -250209, 505559, 387916, -984394, -76255, 'Back']
[645257, 1293571, -1467891, -907478, 54877, 596168, -239272, -655247, 849869, 298359, -1209554, -291540, 460669, 366550, -1036935, -93494, 'Back']
[635991, 1283388, -1454470, -859708, 97224, 630795, -247065, -661055, 842209, 292876, -1190567, -267726, 501158, 384988, -989441, -86765, 'Back']
[645930, 1294549, -1471069, -911049, 49396, 594056, -238547, -655202, 848442, 296965, -1209988, -273806, 465174, 368958, -1031589, -82005, 'Back']
[635104, 1282142, -1451198, -857362, 101842, 631594, -247783, -661100, 843580, 294087, -1190619, -286248, 496322, 381616, -995740, -97995, 'Back']
[646097, 1294983, -1474057, -913023, 45431, 592965, -239170, -656304, 846864, 295672, -1209674, -257243, 471148, 372131, -1025210, -72515, 'Back']
[634087, 1280820, -1449644, -857063, 104006, 631352, -248594, -661181, 844206, 294555, -1192345, -303840, 489471, 377723, -1003442, -108606, 'Back']
[646601, 1295764, -1476317, -912993, 43604, 592683, -240092, -657583, 845154, 294516, -1208924, -240381, 477113, 375530, -1018014, -62621, 'Back']
[634690, 1281168, -1448115, -858042, 105217, 629573, -247397, -659785, 846271, 296487, -1193219, -319316, 482789, 374223, -1011227, -117997, 'Back']
[646785, 1296135, -1477160, -910665, 44260, 594624, -240076, -657562, 844063, 293822, -1207092, -226564, 484202, 379339, -1009955, -55413, 'Back']
[635074, 1281278, -1447622, -861145, 104128, 626942, -246937, -659359, 847813, 297463, -1195134, -331632, 476356, 370946, -1018610, -124599, 'Back']
[646482, 1295823, -1476930, -906803, 46859, 597265, -240336, -658256, 843150, 293305, -1204785, -216044, 490955, 382680, -1001649, -50010, 'Back']
[635744, 1282182, -1448412, -865774, 100761, 623446, -246588, -658715, 848460, 298078, -1197883, -340617, 469488, 367737, -1025947, -129474, 'Back']
[645403, 1294736, -1476042, -901450, 51507, 601058, -241287, -659340, 841582, 292340, -1202776, -209459, 496647, 385307, -994448, -47136, 'Back']
[637177, 1283619, -1449679, -871567, 96100, 619168, -245398, -657675, 849796, 298704, -1200364, -345166, 464283, 364530, -1032135, -131373, 'Back']
[644737, 1293969, -1473959, -894810, 57372, 606702, -243155, -659699, 841266, 292117, -1199845, -206961, 502135, 387908, -988238, -47010, 'Back']
[638081, 1284480, -1452447, -878723, 89291, 614805, -244567, -657547, 850266, 298762, -1203304, -344213, 459760, 362792, -1037506, -129354, 'Back']
[643693, 1292512, -1471496, -888304, 64032, 610913, -244447, -661675, 840484, 290777, -1197977, -208728, 505682, 388636, -984497, -48035, 'Back']
[640924, 1287620, -1455236, -886088, 81852, 609113, -243590, -657009, 851557, 299807, -1205041, -339791, 457219, 361789, -1041402, -125914, 'Back']
[642760, 1291434, -1467960, -880599, 71729, 616085, -245781, -660568, 840709, 291849, -1194975, -216275, 508276, 389781, -982045, -54872, 'Back']
[642817, 1290007, -1458888, -893060, 73781, 604513, -241995, -656316, 851715, 299551, -1206969, -330025, 456076, 361976, -1042901, -119070, 'Back']
[641612, 1290030, -1464473, -873642, 79417, 620531, -246731, -661971, 841290, 292221, -1192788, -226636, 508618, 389543, -981815, -61731, 'Back']
[644671, 1292461, -1462346, -899339, 66129, 600160, -241494, -655812, 851722, 299787, -1208427, -317636, 456553, 362853, -1042354, -111505, 'Back']
[640470, 1288641, -1460135, -866796, 87547, 625431, -247362, -661584, 841752, 293444, -1191293, -240314, 507360, 388668, -982953, -71178, 'Back']
[646808, 1294905, -1465439, -904561, 59267, 596969, -240027, -655821, 851334, 299941, -1208933, -301042, 459128, 365335, -1039414, -100758, 'Back']
[639280, 1286924, -1456161, -861918, 94360, 628567, -248491, -662060, 843015, 294227, -1190091, -257014, 504600, 386918, -986435, -81769, 'Back']
[648104, 1296411, -1468944, -909339, 52955, 594228, -238699, -655231, 850469, 299192, -1209648, -284171, 463041, 367712, -1034788, -90326, 'Back']
[637626, 1284921, -1453209, -858738, 99626, 630590, -248242, -661585, 844080, 294870, -1190282, -275358, 499922, 383986, -991437, -93567, 'Back']
[647923, 1296729, -1472936, -912308, 47393, 592336, -240077, -656686, 848567, 297338, -1210428, -266519, 467596, 370363, -1029293, -79830, 'Back']
[636428, 1283284, -1450975, -857083, 103122, 631262, -249158, -661502, 844570, 295106, -1191666, -293258, 493529, 380465, -998878, -104215, 'Back']
[648093, 1297021, -1475507, -913344, 44621, 592502, -239937, -657403, 847083, 295793, -1209783, -249341, 473873, 373852, -1022178, -69547, 'Back']
[636292, 1282988, -1449332, -857384, 104964, 630810, -248117, -661424, 845613, 295938, -1193019, -309618, 487120, 376331, -1006310, -113177, 'Back']
[648726, 1297937, -1477055, -912289, 43631, 593187, -239957, -658012, 845899, 294899, -1208145, -233873, 480177, 376969, -1014267, -60659, 'Back']
[636638, 1283190, -1447928, -859053, 104714, 628531, -247977, -660005, 847459, 297042, -1194213, -324272, 479911, 372644, -1014034, -121957, 'Back']
[648587, 1297975, -1476795, -908825, 45100, 595768, -240462, -658635, 844677, 294516, -1205847, -220987, 487141, 381144, -1005797, -53847, 'Back']
[637285, 1283496, -1447426, -862532, 102696, 625761, -247609, -659036, 849298, 298244, -1195923, -334958, 473788, 369812, -1021424, -127602, 'Back']
[647876, 1297055, -1476308, -904319, 48491, 599020, -241548, -658741, 843552, 293000, -1203470, -211821, 493977, 384124, -998516, -49082, 'Back']
[638185, 1284393, -1448075, -867443, 99223, 621833, -246209, -658153, 850478, 298953, -1198125, -341754, 467853, 366909, -1028518, -130575, 'Back']
[647031, 1296356, -1474518, -898015, 54001, 603348, -241974, -659180, 842749, 293050, -1200552, -206583, 499897, 387527, -991408, -46753, 'Back']
[639422, 1285820, -1449757, -873597, 93653, 617504, -244900, -657100, 851634, 299908, -1200479, -344709, 462732, 365142, -1034097, -131775, 'Back']
[645345, 1294502, -1472185, -891249, 60281, 609009, -243883, -660617, 841536, 292279, -1198615, -206663, 504140, 389580, -985829, -48174, 'Back']
[640744, 1287556, -1452201, -880571, 86850, 613131, -243063, -655791, 851782, 299740, -1203407, -342178, 458621, 363428, -1038728, -128763, 'Back']
[644445, 1293408, -1468674, -883704, 67859, 613845, -244088, -660121, 841636, 292620, -1195683, -210083, 507339, 390427, -981956, -50652, 'Back']
[642422, 1289173, -1455762, -888350, 78746, 606942, -242249, -656624, 852474, 300276, -1205136, -335098, 456164, 362486, -1041108, -123290, 'Back']
[642512, 1290637, -1465877, -877198, 75027, 617850, -246143, -662057, 841254, 291808, -1193740, -219250, 508022, 390059, -980931, -57378, 'Back']
[644065, 1291031, -1459549, -895531, 70552, 601990, -242009, -655977, 851993, 299419, -1207524, -324362, 455460, 362202, -1042179, -115465, 'Back']
[641289, 1289306, -1461615, -870355, 83414, 622027, -247058, -661588, 841725, 292410, -1191983, -231306, 508003, 388930, -981251, -64942, 'Back']
[646444, 1293708, -1462552, -901474, 63702, 598119, -240078, -654924, 852326, 299996, -1208330, -310277, 457601, 363969, -1040010, -106365, 'Back']
[640293, 1287684, -1457554, -864408, 91312, 626515, -247946, -661539, 843201, 293824, -1190155, -247103, 506832, 388479, -982883, -75607, 'Back']
[647601, 1295476, -1466473, -906466, 57062, 595231, -240084, -655534, 851652, 299876, -1209127, -294136, 461181, 366794, -1036424, -96569, 'Back']
[638459, 1285910, -1454619, -859468, 97494, 629493, -248198, -660978, 843728, 295081, -1190135, -264253, 502920, 386351, -987329, -86590, 'Back']
