[4286183, 3208581, 1155833, 745670, 2207174, 2833748, 1604153, 876091, 2303104, 1663307, 782084, 2206328, 2582170, 1709574, 175681, 2263362, 'Down']
[4349195, 3207414, 1168549, 747191, 2210009, 2845919, 1603064, 874272, 2303451, 1665539, 787521, 2152667, 2586124, 1712378, 178530, 2245912, 'Down']
[4295259, 3207651, 1154578, 744651, 2206505, 2833247, 1602724, 875854, 2302177, 1663497, 785088, 2215897, 2584235, 1710365, 176316, 2268512, 'Down']
[4339705, 3206657, 1166882, 746879, 2210173, 2845822, 1603119, 875246, 2302386, 1664671, 784700, 2144979, 2584102, 1711949, 176970, 2242155, 'Down']
[4305425, 3206845, 1154327, 744724, 2206654, 2833667, 1602297, 876711, 2301513, 1663640, 787588, 2222352, 2586086, 1710853, 177448, 2271025, 'Down']
[4329052, 3205613, 1166016, 746573, 2210136, 2844610, 1602588, 874736, 2302211, 1663689, 782505, 2138971, 2582010, 1711427, 175894, 2238020, 'Down']
[4317691, 3206102, 1155503, 744591, 2206385, 2833585, 1602661, 876770, 2300874, 1663156, 789940, 2226733, 2588109, 1710754, 178950, 2272847, 'Down']
[4317852, 3205937, 1165507, 747145, 2209358, 2843581, 1603102, 875013, 2302812, 1663177, 780567, 2136393, 2580175, 1711173, 175075, 2235657, 'Down']
[4329713, 3206566, 1157318, 745432, 2205874, 2834470, 1602311, 875683, 2302141, 1663905, 792867, 2228129, 2589571, 1711585, 179403, 2274020, 'Down']
[4306674, 3206745, 1164360, 747502, 2209031, 2842062, 1602769, 873691, 2304564, 1663192, 779443, 2136778, 2578757, 1711174, 173740, 2235103, 'Down']
[4339958, 3206898, 1158653, 745068, 2205368, 2835274, 1601177, 874034, 2303127, 1663952, 794949, 2225913, 2591030, 1711679, 179629, 2273873, 'Down']
[4295934, 3206797, 1162442, 746475, 2207544, 2840468, 1601190, 873577, 2305406, 1662713, 778476, 2139632, 2577411, 1710695, 173075, 2235783, 'Down']
[4349108, 3206234, 1159849, 744640, 2204994, 2836483, 1600216, 874102, 2303212, 1663708, 796193, 2220833, 2591177, 1711709, 179909, 2272140, 'Down']
[4287721, 3206686, 1161376, 746244, 2207684, 2839304, 1602539, 874853, 2305839, 1661810, 778319, 2145480, 2576399, 1710392, 173191, 2237406, 'Down']
[4357875, 3205727, 1162333, 744751, 2205939, 2838267, 1600681, 874130, 2303909, 1663558, 797644, 2214108, 2591770, 1712413, 181059, 2270331, 'Down']
[4281423, 3206523, 1159902, 745933, 2207230, 2837333, 1600987, 873956, 2305890, 1661587, 778966, 2154802, 2576406, 1710682, 173211, 2240771, 'Down']
[4362537, 3205412, 1163884, 744891, 2206687, 2839152, 1600945, 873125, 2304134, 1663803, 797690, 2204488, 2591389, 1712723, 180733, 2265647, 'Down']
[4277302, 3206467, 1158609, 745811, 2207074, 2835719, 1601846, 876350, 2305848, 1661241, 779429, 2165032, 2576863, 1710335, 173486, 2243743, 'Down']
[4364763, 3205532, 1165266, 745808, 2206547, 2841622, 1599834, 874094, 2304630, 1664200, 797488, 2193596, 2590747, 1713191, 180746, 2261331, 'Down']
[4275461, 3206889, 1157251, 746175, 2206447, 2835162, 1602676, 875792, 2306018, 1661748, 781048, 2175977, 2577066, 1710788, 173774, 2248098, 'Down']
[4364521, 3205648, 1166865, 746472, 2207262, 2843225, 1600375, 874469, 2305335, 1664837, 797148, 2182298, 2589602, 1713818, 181228, 2256792, 'Down']
[4277500, 3206696, 1155973, 745663, 2205636, 2834059, 1601179, 875452, 2306146, 1661529, 783074, 2188423, 2578052, 1710911, 174428, 2253174, 'Down']
[4361151, 3205893, 1167337, 746669, 2207227, 2844211, 1599216, 872560, 2305781, 1664239, 795268, 2170912, 2587494, 1713701, 179836, 2251516, 'Down']
[4282103, 3207213, 1155033, 745503, 2205667, 2833163, 1600802, 875058, 2306939, 1661936, 785686, 2199984, 2579585, 1711526, 174931, 2258206, 'Down']
[4355290, 3206122, 1167640, 746804, 2208190, 2844440, 1599687, 872673, 2306970, 1664175, 793832, 2160000, 2586148, 1713784, 178878, 2247044, 'Down']
[4290352, 3207125, 1154835, 745261, 2205923, 2832674, 1601110, 874882, 2307205, 1662362, 788730, 2210231, 2581931, 1711863, 175539, 2263146, 'Down']
[4348186, 3206195, 1167560, 746773, 2209241, 2845169, 1601369, 872679, 2307650, 1664261, 792205, 2151365, 2584758, 1713916, 178152, 2243323, 'Down']
[4299534, 3206864, 1154065, 744529, 2205463, 2832602, 1600999, 874080, 2306446, 1662569, 791442, 2219100, 2583693, 1712089, 176557, 2267429, 'Down']
[4337119, 3206330, 1166352, 746690, 2208125, 2844473, 1601051, 873471, 2307030, 1663861, 789806, 2142756, 2581839, 1713441, 176214, 2238257, 'Down']
[4311751, 3207610, 1155179, 745219, 2204709, 2832940, 1602740, 875048, 2305753, 1663501, 794835, 2225504, 2585411, 1712648, 177415, 2270943, 'Down']
[4327290, 3207845, 1166530, 748080, 2208057, 2844486, 1602213, 873337, 2307708, 1664507, 789020, 2140175, 2580209, 1714055, 175108, 2237494, 'Down']
[4322946, 3208492, 1156848, 745815, 2204418, 2834309, 1602624, 874349, 2306832, 1664900, 798450, 2229249, 2587322, 1714015, 177869, 2273443, 'Down']
[4315546, 3208014, 1165342, 747319, 2207562, 2843665, 1602224, 873445, 2308634, 1664381, 787263, 2137991, 2578240, 1713946, 173411, 2235606, 'Down']
[4334511, 3207779, 1157159, 744216, 2203610, 2834805, 1599783, 872316, 2306943, 1664367, 798691, 2229198, 2588400, 1713885, 177112, 2273429, 'Down']
[4304398, 3207945, 1163383, 746326, 2207335, 2841949, 1601828, 872011, 2309085, 1663339, 783933, 2138871, 2576243, 1713087, 170855, 2234566, 'Down']
[4345075, 3207366, 1158644, 743987, 2204372, 2836089, 1600209, 872329, 2307225, 1664351, 799960, 2225882, 2589238, 1714197, 177493, 2273015, 'Down']
[4295172, 3208059, 1161636, 745818, 2207202, 2840570, 1601198, 872217, 2309751, 1662937, 782950, 2143388, 2575231, 1712890, 170411, 2236138, 'Down']
[4354322, 3207223, 1160203, 743817, 2204575, 2837324, 1598962, 872195, 2307802, 1664750, 801101, 2220430, 2589970, 1714735, 177838, 2271143, 'Down']
[4286968, 3208036, 1160159, 745340, 2206411, 2838626, 1600278, 872667, 2310082, 1662604, 782547, 2150119, 2574694, 1712805, 169983, 2237999, 'Down']
[4361057, 3207601, 1162127, 744630, 2205303, 2839175, 1600179, 872481, 2308343, 1665308, 801768, 2212673, 2590329, 1715266, 178375, 2268304, 'Down']
[4281172, 3208376, 1158173, 745470, 2205972, 2837094, 1599733, 872983, 2310234, 1663140, 782803, 2159667, 2574990, 1713200, 170795, 2241247, 'Down']
[4365799, 3207532, 1162881, 745026, 2205090, 2840756, 1598072, 871747, 2308443, 1665553, 801227, 2203022, 2589711, 1715494, 177980, 2264052, 'Down']
[4278763, 3208527, 1156158, 745333, 2205421, 2835956, 1601405, 874010, 2309960, 1663059, 783626, 2170837, 2575227, 1713316, 171101, 2245193, 'Down']
[4367826, 3207280, 1163565, 744772, 2205198, 2842013, 1598653, 872140, 2308607, 1665517, 800428, 2192280, 2588451, 1715610, 178019, 2259514, 'Down']
[4278624, 3208403, 1154464, 744382, 2204735, 2834397, 1600034, 873555, 2309452, 1662890, 784265, 2182298, 2575460, 1713021, 171246, 2249068, 'Down']
[4366342, 3206715, 1164525, 744530, 2205396, 2842787, 1598207, 871655, 2308440, 1665026, 797758, 2180250, 2586724, 1715164, 177436, 2253935, 'Down']
[4281388, 3208043, 1153934, 744316, 2204238, 2833452, 1600619, 875396, 2309445, 1662454, 784936, 2194112, 2576748, 1712801, 172287, 2254071, 'Down']
[4361988, 3206530, 1165459, 745006, 2205305, 2843801, 1598112, 871877, 2309117, 1664848, 795635, 2168755, 2585363, 1715446, 177389, 2249418, 'Down']
[4287294, 3207098, 1152562, 743346, 2202447, 2832009, 1598619, 873497, 2309093, 1662011, 786345, 2204728, 2578277, 1712772, 172521, 2258848, 'Down']
[4354892, 3206227, 1165049, 745100, 2205205, 2843810, 1597724, 872327, 2309143, 1663986, 792017, 2158347, 2583324, 1715120, 175710, 2244462, 'Down']
[4294848, 3207205, 1152667, 743236, 2203325, 2831720, 1600078, 875006, 2309689, 1662473, 788393, 2213779, 2580357, 1713468, 173909, 2262366, 'Down']
[4346432, 3206292, 1165450, 744990, 2206540, 2843555, 1598491, 871744, 2310364, 1664033, 790027, 2149215, 2581942, 1715340, 175721, 2239503, 'Down']
[4305321, 3207270, 1152864, 743064, 2203127, 2831164, 1598732, 874184, 2309938, 1662698, 791065, 2222565, 2582868, 1713780, 174858, 2266112, 'Down']
[4336186, 3206824, 1164666, 745547, 2206111, 2843500, 1598147, 873057, 2311089, 1664062, 787586, 2143592, 2580166, 1715507, 174594, 2235875, 'Down']
[4316406, 3207759, 1153202, 743633, 2202132, 2832323, 1598033, 874190, 2309762, 1663578, 793069, 2228126, 2584582, 1714696, 175677, 2268622, 'Down']
[4324325, 3207529, 1163795, 746239, 2205403, 2843430, 1599925, 872502, 2311419, 1664256, 785272, 2139389, 2577905, 1715592, 173444, 2232825, 'Down']
[4327697, 3207989, 1154711, 744360, 2201447, 2833723, 1598816, 874004, 2309602, 1664374, 795266, 2230217, 2586147, 1715231, 177041, 2270120, 'Down']
[4313449, 3208007, 1162783, 746946, 2204571, 2842565, 1599032, 873556, 2311301, 1663918, 783160, 2139160, 2576325, 1715087, 172764, 2232303, 'Down']
[4339583, 3208102, 1156212, 744865, 2201684, 2835253, 1599159, 873417, 2309427, 1664610, 797359, 2229763, 2587945, 1715607, 178193, 2271018, 'Down']
[4303113, 3208328, 1161498, 746810, 2204460, 2841286, 1599229, 874061, 2311947, 1663287, 781785, 2141337, 2575357, 1714731, 172177, 2232558, 'Down']
[4349095, 3208217, 1157799, 744916, 2201633, 2836004, 1597681, 873783, 2310057, 1664447, 798534, 2225786, 2589064, 1716038, 178702, 2270018, 'Down']
[4292836, 3208619, 1160039, 746368, 2204382, 2839426, 1598668, 873670, 2312520, 1663048, 780855, 2145522, 2574696, 1715016, 171107, 2233002, 'Down']
[4358096, 3207389, 1159268, 744052, 2202013, 2837068, 1597103, 872781, 2310343, 1664441, 799303, 2219211, 2589870, 1716384, 178276, 2267657, 'Down']
[4285904, 3208298, 1157834, 745478, 2203709, 2837102, 1598344, 873814, 2312518, 1662065, 780096, 2153821, 2574289, 1714404, 169762, 2235860, 'Down']
[4364513, 3207399, 1160638, 744022, 2202050, 2838420, 1596560, 872042, 2310574, 1664253, 799030, 2210409, 2589797, 1716568, 177216, 2263426, 'Down']
[4282386, 3208709, 1156465, 745005, 2202947, 2835740, 1598846, 873804, 2312790, 1661762, 780376, 2164343, 2574755, 1714394, 169249, 2239160, 'Down']
[4368947, 3208032, 1162620, 744863, 2202298, 2840229, 1596897, 872793, 2311644, 1664807, 798690, 2200921, 2589564, 1717469, 177219, 2260352, 'Down']
[4281259, 3209598, 1155261, 745376, 2202409, 2834584, 1598212, 873926, 2313353, 1662242, 781345, 2176095, 2575632, 1714979, 169643, 2244527, 'Down']
[4369882, 3209215, 1163785, 745864, 2203112, 2841613, 1596834, 871979, 2312812, 1665666, 797940, 2190058, 2588749, 1718061, 176885, 2255924, 'Down']
[4281721, 3210169, 1153899, 745333, 2202448, 2833375, 1598741, 873814, 2313959, 1663103, 783197, 2187197, 2576863, 1715369, 170427, 2248318, 'Down']
[4367761, 3209018, 1164362, 746022, 2203516, 2842916, 1596786, 872617, 2313246, 1665538, 796303, 2177928, 2587462, 1718107, 176647, 2250384, 'Down']
[4285282, 3209503, 1152091, 744656, 2201518, 2832501, 1597524, 874802, 2313159, 1662822, 784716, 2198830, 2577874, 1715479, 171459, 2253718, 'Down']
[4362486, 3207549, 1163921, 745263, 2203212, 2843304, 1595331, 871610, 2312023, 1664556, 792964, 2165997, 2585052, 1717454, 175868, 2245317, 'Down']
[4291546, 3208725, 1151554, 744087, 2201043, 2831670, 1596747, 874376, 2311919, 1662245, 785503, 2209307, 2579283, 1715301, 172296, 2258251, 'Down']
[4354261, 3207093, 1164382, 745586, 2203729, 2844041, 1595005, 873637, 2311929, 1664086, 790163, 2156101, 2583227, 1717693, 175523, 2241165, 'Down']
[4300175, 3207695, 1151494, 743725, 2200937, 2832108, 1597322, 875178, 2311283, 1662100, 787480, 2218352, 2581276, 1715709, 173772, 2263170, 'Down']
[4343652, 3206574, 1164187, 745718, 2204223, 2843848, 1596640, 872818, 2312183, 1663616, 787537, 2147741, 2581390, 1717752, 174926, 2237179, 'Down']
[4309315, 3206550, 1151765, 743001, 2200398, 2831408, 1596028, 875218, 2310877, 1661542, 789664, 2225024, 2583421, 1715753, 174602, 2266647, 'Down']
[4332090, 3205962, 1163297, 745734, 2204377, 2843128, 1596707, 873637, 2312365, 1662443, 784322, 2141799, 2579220, 1717013, 173283, 2234292, 'Down']
[4319982, 3205805, 1152217, 743207, 2200129, 2832381, 1596058, 874708, 2310466, 1662139, 791373, 2228946, 2585142, 1716790, 175646, 2269143, 'Down']
[4319917, 3205211, 1161741, 745758, 2203432, 2842277, 1596076, 873646, 2312107, 1662242, 780760, 2139050, 2576886, 1717182, 171684, 2232271, 'Down']
[4330476, 3204994, 1153471, 743922, 2200340, 2833133, 1595707, 876019, 2310169, 1662296, 787324, 2230107, 2586253, 1717237, 175743, 2270400, 'Down']
[4308166, 3204373, 1160449, 745734, 2203587, 2840619, 1596056, 873746, 2311991, 1661586, 772954, 2139317, 2575554, 1716948, 170623, 2232318, 'Down']
[4340877, 3203678, 1154483, 743235, 2199884, 2833198, 1594800, 873754, 2309797, 1662097, 786836, 2228149, 2587332, 1717342, 175818, 2270491, 'Down']
[4297531, 3203783, 1158989, 745296, 2202708, 2838665, 1595702, 874045, 2311530, 1660560, 770073, 2142031, 2573697, 1716331, 169262, 2232628, 'Down']
[4350476, 3203196, 1156365, 743267, 2200289, 2834681, 1594314, 873785, 2309647, 1661801, 787246, 2223410, 2588229, 1717575, 176312, 2269712, 'Down']
[4288465, 3203738, 1156972, 744514, 2202325, 2836985, 1595609, 874098, 2311903, 1659816, 769069, 2147557, 2573258, 1715838, 168823, 2234563, 'Down']
[4357435, 3203337, 1157498, 742826, 2200917, 2836189, 1594648, 873707, 2309917, 1661702, 787603, 2215234, 2588699, 1717540, 176348, 2266772, 'Down']
[4281930, 3204794, 1155407, 744121, 2202518, 2835666, 1596548, 875167, 2312402, 1659858, 768997, 2156084, 2573447, 1715822, 168778, 2237693, 'Down']
[4363611, 3204212, 1159307, 743234, 2201137, 2837877, 1594251, 873477, 2310956, 1662370, 787554, 2206486, 2588966, 1718245, 176296, 2263514, 'Down']
[4278850, 3205839, 1154452, 744216, 2202130, 2834309, 1596713, 875518, 2313275, 1660018, 769444, 2166835, 2574281, 1716223, 168631, 2241961, 'Down']
[4367238, 3205119, 1161076, 743494, 2201390, 2839317, 1594064, 873423, 2312157, 1662847, 787196, 2196459, 2588930, 1718966, 176427, 2260322, 'Down']
[4278781, 3206834, 1153096, 743456, 2201086, 2832831, 1595862, 874954, 2314284, 1660571, 770866, 2178425, 2575337, 1716360, 168762, 2246573, 'Down']
[4368647, 3206361, 1162786, 744143, 2202138, 2841084, 1595304, 874235, 2313571, 1663650, 786466, 2185646, 2588279, 1719427, 176262, 2255600, 'Down']
[4282098, 3207909, 1152257, 743539, 2200921, 2831645, 1595898, 875624, 2315160, 1661339, 773430, 2191229, 2577367, 1717244, 170465, 2251823, 'Down']
[4366139, 3206977, 1163324, 744411, 2202181, 2841262, 1594039, 873521, 2314431, 1663569, 785317, 2174110, 2586882, 1719457, 175556, 2250175, 'Down']
[4287603, 3208746, 1151965, 744075, 2200942, 2831328, 1596744, 876669, 2315334, 1661802, 775936, 2202848, 2578842, 1717825, 172375, 2256545, 'Down']
[4360897, 3207446, 1164196, 745270, 2202412, 2842834, 1594112, 873764, 2315083, 1664325, 783717, 2163863, 2585034, 1720245, 176630, 2245016, 'Down']
[4295357, 3208801, 1151289, 744049, 2199680, 2830950, 1595497, 876325, 2314785, 1662218, 777667, 2213953, 2580335, 1717874, 173075, 2261131, 'Down']
[4352157, 3207676, 1163936, 745822, 2202394, 2842997, 1594913, 874138, 2315541, 1664256, 780776, 2154482, 2583117, 1720154, 175021, 2240445, 'Down']
[4304084, 3208172, 1151027, 743428, 2199018, 2830512, 1595354, 876241, 2314717, 1662213, 779406, 2221654, 2582304, 1718019, 173313, 2264603, 'Down']
[4342061, 3207581, 1163370, 745557, 2202468, 2842666, 1594629, 874639, 2315506, 1663234, 777424, 2146726, 2580889, 1719495, 173339, 2236652, 'Down']
[4315533, 3209053, 1152214, 743796, 2199740, 2831403, 1595384, 876470, 2315418, 1662892, 781998, 2227872, 2584696, 1719032, 174758, 2268484, 'Down']
[4331551, 3208466, 1162903, 745766, 2202859, 2841779, 1594986, 875212, 2317316, 1663864, 776040, 2142670, 2579632, 1720249, 173565, 2234910, 'Down']
[4327501, 3209134, 1152876, 743486, 2199320, 2830942, 1594097, 875619, 2315935, 1663311, 784582, 2231562, 2586928, 1719473, 176195, 2270684, 'Down']
[4320982, 3209081, 1161517, 745987, 2202532, 2840293, 1594536, 874191, 2318068, 1663450, 774114, 2140801, 2578031, 1719811, 172368, 2233136, 'Down']
[4339749, 3209326, 1153915, 743829, 2198907, 2832071, 1594212, 875362, 2316095, 1664077, 786772, 2232240, 2588579, 1720228, 176772, 2271512, 'Down']
[4310569, 3209700, 1160228, 745956, 2201955, 2839582, 1595341, 875509, 2318031, 1663631, 772920, 2142312, 2576720, 1720072, 171288, 2232696, 'Down']
[4350693, 3209763, 1155184, 743542, 2198844, 2833758, 1594806, 875608, 2316171, 1664610, 789025, 2229833, 2589906, 1720996, 177726, 2270863, 'Down']
[4301184, 3210425, 1158291, 745224, 2200993, 2838276, 1595376, 875249, 2318185, 1663603, 772540, 2146808, 2575994, 1720266, 171049, 2233937, 'Down']
[4360640, 3210048, 1156682, 743374, 2198323, 2835408, 1594619, 874671, 2315999, 1665154, 790583, 2224376, 2590427, 1721692, 177962, 2270072, 'Down']
[4294294, 3211082, 1157038, 744906, 2200789, 2836922, 1597165, 875163, 2318546, 1663678, 772695, 2154129, 2575281, 1720414, 170315, 2236954, 'Down']
[4368245, 3210323, 1158973, 743438, 2198347, 2836732, 1594995, 874849, 2316842, 1665570, 791523, 2216452, 2591120, 1722226, 177832, 2267055, 'Down']
[4288622, 3211653, 1155788, 744757, 2199884, 2834727, 1596602, 875759, 2318961, 1663325, 773012, 2163190, 2575823, 1720567, 169801, 2240589, 'Down']
[4372745, 3210533, 1160374, 743663, 2198716, 2837440, 1594933, 874019, 2317473, 1665815, 791936, 2206510, 2591038, 1723066, 177833, 2264354, 'Down']
[4285542, 3211762, 1153804, 743967, 2198663, 2832253, 1596191, 874854, 2319076, 1662647, 774351, 2173766, 2576134, 1720337, 169739, 2244841, 'Down']
[4375019, 3210775, 1161587, 743746, 2198621, 2837952, 1593594, 873091, 2317703, 1665335, 791678, 2195903, 2590253, 1723018, 177239, 2259553, 'Down']
[4286183, 3212302, 1152860, 743871, 2198206, 2830881, 1596192, 875379, 2319357, 1663065, 776548, 2186197, 2577548, 1720777, 170390, 2249468, 'Down']
[4374348, 3210967, 1162995, 744071, 2198929, 2839084, 1594129, 873997, 2318312, 1665638, 791089, 2185001, 2589347, 1723498, 177595, 2254951, 'Down']
[4289483, 3212036, 1151893, 743071, 2197197, 2829549, 1594566, 876006, 2319168, 1663123, 778571, 2197864, 2578970, 1720972, 171653, 2253638, 'Down']
[4370247, 3210979, 1163466, 743923, 2198806, 2840009, 1593024, 873686, 2318619, 1665475, 787659, 2173407, 2587703, 1723570, 176686, 2249029, 'Down']
[4295941, 3212218, 1150985, 742476, 2196763, 2828342, 1595111, 876231, 2318820, 1663151, 778517, 2209789, 2580668, 1721095, 172396, 2258955, 'Down']
[4363384, 3210724, 1163453, 743713, 2199058, 2839784, 1593891, 874066, 2319233, 1665520, 785065, 2163203, 2585686, 1723478, 176126, 2244255, 'Down']
[4303105, 3211247, 1150198, 741741, 2196236, 2827766, 1594311, 876287, 2318348, 1663043, 780444, 2218786, 2582290, 1721227, 173466, 2262945, 'Down']
[4354021, 3209832, 1162500, 743300, 2199244, 2839663, 1593096, 874419, 2318677, 1664307, 781457, 2153732, 2583415, 1723394, 174436, 2239888, 'Down']
[4312796, 3210410, 1149931, 741083, 2196131, 2827597, 1593539, 876279, 2317774, 1662639, 781907, 2225585, 2583996, 1721536, 173967, 2266255, 'Down']
[4343792, 3209822, 1161561, 743673, 2199359, 2839355, 1594015, 875596, 2318834, 1663702, 778634, 2146901, 2581397, 1722902, 173764, 2236470, 'Down']
[4323923, 3210278, 1150394, 741636, 2195587, 2828247, 1593950, 876383, 2317664, 1663128, 784088, 2230983, 2586129, 1722100, 175734, 2269335, 'Down']
[4332717, 3209906, 1160723, 744016, 2198879, 2838910, 1594172, 874362, 2319270, 1663241, 776281, 2143038, 2579651, 1722933, 173202, 2233640, 'Down']
[4335818, 3210574, 1151454, 741777, 2194970, 2829032, 1593103, 876067, 2317836, 1663072, 786571, 2233672, 2587951, 1722648, 176719, 2271153, 'Down']
[4322061, 3210576, 1159634, 743894, 2198262, 2837862, 1593177, 874633, 2320109, 1663022, 774639, 2142510, 2577802, 1722810, 172248, 2233242, 'Down']
[4347498, 3210995, 1153498, 741821, 2195610, 2830207, 1593395, 875808, 2318519, 1663926, 788253, 2233343, 2589402, 1723287, 177732, 2271822, 'Down']
[4310896, 3211336, 1158712, 743784, 2198481, 2836399, 1594455, 875997, 2321059, 1663208, 773163, 2145012, 2576878, 1722921, 171724, 2233106, 'Down']
[4357028, 3210846, 1154848, 741744, 2195543, 2830844, 1592465, 875062, 2319358, 1664378, 789743, 2229530, 2590725, 1723813, 178309, 2270093, 'Down']
[4301862, 3211095, 1156824, 743627, 2197584, 2833977, 1593153, 875576, 2321843, 1662604, 772180, 2149939, 2576071, 1722590, 171444, 2233237, 'Down']
[4366785, 3210395, 1156217, 742140, 2195215, 2831389, 1592214, 874907, 2319131, 1664093, 789994, 2224236, 2591100, 1723988, 179177, 2267809, 'Down']
[4295097, 3211288, 1154827, 743565, 2197171, 2831849, 1594082, 875760, 2321261, 1662523, 771250, 2158825, 2575657, 1722534, 171619, 2236100, 'Down']
[4372076, 3210464, 1157292, 742607, 2195526, 2833356, 1592549, 874709, 2319079, 1665024, 789289, 2215174, 2590857, 1724860, 179656, 2264078, 'Down']
[4289971, 3211436, 1153156, 743734, 2196418, 2831187, 1594206, 875918, 2320546, 1662475, 770663, 2168415, 2575528, 1722658, 171713, 2239494, 'Down']
[4376715, 3210559, 1159278, 743202, 2195776, 2835093, 1592802, 874424, 2319212, 1665243, 789055, 2205727, 2590564, 1725288, 179884, 2260789, 'Down']
[4288511, 3211707, 1151890, 743110, 2195746, 2828935, 1594486, 876006, 2320653, 1662629, 772005, 2180094, 2576205, 1722662, 172341, 2244199, 'Down']
[4377172, 3210599, 1160263, 742892, 2195961, 2835455, 1591832, 874009, 2319650, 1664938, 787764, 2194244, 2589525, 1724912, 179159, 2255671, 'Down']
[4289883, 3211923, 1150739, 742755, 2195262, 2827914, 1594407, 876291, 2320977, 1662373, 772956, 2191651, 2577518, 1722743, 172156, 2247937, 'Down']
[4375605, 3211079, 1161624, 743650, 2196819, 2837380, 1592866, 873942, 2320524, 1665295, 786120, 2182883, 2588581, 1725823, 178769, 2249623, 'Down']
[4293035, 3212408, 1150006, 742605, 2195250, 2827176, 1594177, 876516, 2321697, 1663049, 775281, 2202896, 2579454, 1723651, 173484, 2251600, 'Down']
[4370175, 3211717, 1162722, 744237, 2197765, 2838541, 1593345, 874674, 2321809, 1665837, 784841, 2171140, 2587338, 1726511, 178633, 2243898, 'Down']
[4300215, 3212354, 1149757, 742191, 2195094, 2826643, 1594101, 876071, 2321888, 1663423, 777728, 2214076, 2581690, 1724056, 175138, 2256165, 'Down']
[4363443, 3211527, 1162728, 744107, 2197425, 2838237, 1592514, 873897, 2321951, 1665118, 782195, 2161831, 2585417, 1726098, 177807, 2238957, 'Down']
[4309156, 3212184, 1149703, 741982, 2194084, 2825678, 1592829, 875406, 2321714, 1663369, 779649, 2223552, 2583650, 1724222, 175913, 2259987, 'Down']
[4353700, 3211652, 1161965, 744150, 2197160, 2837743, 1592187, 873527, 2322193, 1664736, 779541, 2153758, 2583199, 1725795, 176425, 2234492, 'Down']
[4318955, 3212582, 1150076, 742291, 2193889, 2826163, 1593027, 875624, 2321558, 1663913, 782263, 2230112, 2585401, 1724870, 176519, 2263454, 'Down']
[4343074, 3212220, 1161827, 744927, 2197491, 2838079, 1593242, 874164, 2323014, 1664996, 777578, 2147960, 2581331, 1726378, 175638, 2231640, 'Down']
[4331017, 3212456, 1151034, 742374, 2193963, 2827220, 1592480, 876147, 2321396, 1664227, 784309, 2235206, 2587442, 1725607, 178106, 2266321, 'Down']
[4331695, 3212061, 1160552, 744372, 2197585, 2836703, 1592111, 873848, 2323124, 1664275, 774641, 2145489, 2579576, 1726158, 174970, 2229771, 'Down']
[4342079, 3212233, 1152101, 742007, 2194567, 2827650, 1592031, 874832, 2321625, 1664234, 786088, 2236258, 2589270, 1726059, 178805, 2267670, 'Down']
[4320573, 3212115, 1159378, 744115, 2198366, 2835766, 1592878, 874711, 2324189, 1663952, 773461, 2145271, 2578647, 1726547, 173975, 2229375, 'Down']
[4353525, 3211673, 1153202, 741587, 2195033, 2828653, 1591440, 875011, 2321855, 1664246, 788106, 2234820, 2591105, 1727005, 179646, 2268401, 'Down']
[4310934, 3211843, 1157670, 743664, 2197984, 2834034, 1592995, 874297, 2324229, 1663158, 772068, 2149066, 2577539, 1726500, 173222, 2231135, 'Down']
[4363953, 3211823, 1155129, 742071, 2195529, 2830360, 1591617, 874867, 2322442, 1664719, 789424, 2230668, 2592048, 1727836, 180388, 2268814, 'Down']
[4302665, 3213006, 1156516, 744271, 2198309, 2833426, 1593951, 875842, 2325442, 1663597, 771966, 2155525, 2577373, 1726994, 173175, 2234147, 'Down']
[4371779, 3212137, 1157024, 742676, 2196140, 2832122, 1591495, 874935, 2323653, 1665716, 791064, 2223962, 2593024, 1728950, 181171, 2266679, 'Down']
[4296297, 3212688, 1154667, 743640, 2197083, 2830783, 1593070, 875341, 2325405, 1663063, 772769, 2163931, 2577064, 1726660, 172732, 2236847, 'Down']
[4376555, 3211723, 1158356, 742918, 2195584, 2832533, 1591227, 874320, 2323605, 1665407, 791656, 2213759, 2592551, 1728675, 180591, 2262516, 'Down']
[4291971, 3212750, 1152859, 743648, 2195768, 2828961, 1592264, 875383, 2325432, 1662751, 773360, 2173451, 2577441, 1726452, 172560, 2240531, 'Down']
[4379836, 3211880, 1159502, 743651, 2195374, 2834060, 1591169, 873954, 2323699, 1665500, 790624, 2202963, 2591766, 1728955, 180376, 2258534, 'Down']
[4291472, 3213414, 1151454, 744178, 2194769, 2827845, 1592243, 876304, 2325221, 1663104, 774193, 2185487, 2578165, 1726588, 173099, 2245442, 'Down']
[4380042, 3212011, 1160705, 744153, 2195011, 2835573, 1590464, 873891, 2324114, 1665853, 789423, 2191612, 2590748, 1729574, 179856, 2253650, 'Down']
[4293224, 3213402, 1150587, 743552, 2193772, 2826893, 1592390, 875981, 2325183, 1663175, 775669, 2196734, 2579440, 1727031, 173690, 2249858, 'Down']
[4376391, 3212575, 1162088, 744624, 2195579, 2836636, 1590852, 874393, 2324818, 1665947, 787844, 2179928, 2589342, 1729987, 179646, 2248044, 'Down']
[4297988, 3213413, 1149849, 743066, 2193489, 2825571, 1591726, 876521, 2325400, 1663741, 778224, 2208089, 2581392, 1727854, 174973, 2253306, 'Down']
[4371543, 3211981, 1162092, 743899, 2195582, 2836512, 1590399, 873432, 2325094, 1665569, 785778, 2169458, 2587690, 1730044, 178890, 2242109, 'Down']
[4306065, 3213124, 1149149, 742124, 2192775, 2824475, 1591213, 875834, 2325374, 1663521, 780321, 2218577, 2583053, 1728152, 175820, 2257536, 'Down']
[4363933, 3212524, 1161902, 744235, 2195074, 2836444, 1590566, 874145, 2325744, 1665208, 783649, 2160335, 2585549, 1730109, 177844, 2237834, 'Down']
[4315716, 3213438, 1149159, 742312, 2191901, 2824661, 1590924, 875494, 2325313, 1664099, 783179, 2227160, 2585062, 1728998, 176979, 2261752, 'Down']
[4353742, 3212567, 1160917, 744425, 2194732, 2836435, 1589660, 873146, 2325738, 1665194, 781336, 2152996, 2583379, 1730201, 176582, 2234001, 'Down']
[4326501, 3213433, 1149646, 742535, 2191723, 2825612, 1591515, 875935, 2324608, 1664406, 785563, 2233529, 2586740, 1729367, 178185, 2265066, 'Down']
[4342673, 3213003, 1160454, 745067, 2194608, 2836376, 1590888, 873941, 2325951, 1665258, 779346, 2148252, 2581214, 1730590, 176964, 2231752, 'Down']
[4337660, 3213217, 1150357, 742677, 2190644, 2825714, 1590465, 875415, 2323988, 1664756, 787596, 2236617, 2588116, 1729851, 179308, 2267344, 'Down']
[4331360, 3213101, 1159210, 744982, 2193840, 2835244, 1590600, 874762, 2325649, 1664628, 776964, 2145738, 2578916, 1730156, 175155, 2229578, 'Down']
[4349100, 3213314, 1151622, 742512, 2190430, 2826766, 1589674, 875805, 2323899, 1665025, 789895, 2237010, 2589481, 1730396, 179743, 2267710, 'Down']
[4320877, 3213395, 1157939, 744276, 2193710, 2833594, 1590463, 874437, 2326220, 1664278, 775738, 2147231, 2577702, 1730031, 174079, 2228870, 'Down']
[4360559, 3212916, 1153240, 742109, 2191163, 2827461, 1590102, 875252, 2324511, 1665212, 791607, 2235052, 2591166, 1730994, 180835, 2267665, 'Down']
[4311133, 3213456, 1156623, 744115, 2193949, 2831422, 1590161, 874924, 2326777, 1663672, 774824, 2152213, 2577094, 1729971, 173954, 2230372, 'Down']
[4369664, 3213204, 1155114, 742245, 2191548, 2828324, 1589245, 874199, 2325150, 1665488, 792812, 2229778, 2592045, 1731518, 181193, 2265585, 'Down']
[4302943, 3214271, 1155217, 744058, 2193498, 2830147, 1591136, 875520, 2327645, 1663631, 774320, 2159518, 2576794, 1730035, 173982, 2232476, 'Down']
[4376476, 3213644, 1156991, 742960, 2191855, 2830544, 1588936, 874407, 2326059, 1666048, 793557, 2221920, 2592691, 1732389, 182252, 2263289, 'Down']
[4297940, 3214646, 1153667, 743930, 2193041, 2829227, 1589825, 874736, 2328483, 1663946, 775329, 2168322, 2577169, 1730656, 174249, 2236528, 'Down']
[4382648, 3213690, 1158556, 743250, 2192949, 2832226, 1589647, 874657, 2326615, 1666320, 794389, 2213094, 2592517, 1733117, 182490, 2260935, 'Down']
[4295441, 3214461, 1151867, 743448, 2193089, 2827189, 1590913, 875517, 2328375, 1663638, 776607, 2180090, 2577874, 1730989, 174976, 2241558, 'Down']
[4383879, 3213016, 1159226, 743047, 2192951, 2832752, 1588867, 873670, 2326709, 1665923, 793095, 2201615, 2591568, 1733450, 182688, 2256200, 'Down']
[4295186, 3214227, 1149845, 742767, 2192090, 2825202, 1589795, 875513, 2327791, 1662753, 776912, 2191164, 2578547, 1730481, 174981, 2245992, 'Down']
[4382304, 3213599, 1160437, 743815, 2193371, 2834029, 1589009, 873593, 2327572, 1666088, 791535, 2189497, 2590665, 1733881, 181527, 2251086, 'Down']
[4297885, 3214917, 1149393, 743147, 2191837, 2824203, 1590489, 875134, 2328349, 1663550, 779293, 2202900, 2580589, 1731730, 175743, 2250633, 'Down']
[4378309, 3213899, 1161296, 744209, 2193377, 2834785, 1589813, 872854, 2328116, 1666284, 790435, 2178056, 2589364, 1734524, 180970, 2245988, 'Down']
[4303962, 3215511, 1149073, 742888, 2190824, 2824227, 1591282, 875904, 2328244, 1664120, 782453, 2214152, 2582420, 1732388, 176631, 2255680, 'Down']
[4372933, 3214744, 1161853, 744352, 2193138, 2836294, 1590039, 873849, 2328580, 1666854, 789703, 2168796, 2587795, 1735267, 179958, 2242048, 'Down']
[4313314, 3215858, 1149094, 742139, 2189991, 2823976, 1591237, 874923, 2328378, 1664961, 786024, 2224691, 2584649, 1733336, 177085, 2260948, 'Down']
[4364162, 3215047, 1161685, 743881, 2192476, 2835888, 1589401, 873164, 2329039, 1666594, 788383, 2160127, 2585893, 1735092, 178166, 2237682, 'Down']
[4322386, 3216215, 1149472, 741747, 2189456, 2823996, 1590366, 874947, 2328565, 1665350, 789762, 2231940, 2586491, 1733677, 177541, 2263975, 'Down']
[4354200, 3215539, 1161463, 744024, 2192700, 2835446, 1589936, 872746, 2329840, 1666488, 786972, 2153759, 2583684, 1735188, 177082, 2234386, 'Down']
[4334131, 3216114, 1150146, 741938, 2189060, 2823983, 1589845, 874331, 2328350, 1665540, 792898, 2238216, 2588339, 1733934, 178456, 2267619, 'Down']
[4342295, 3215475, 1160331, 744343, 2191949, 2834795, 1589116, 872416, 2330221, 1666096, 785201, 2149746, 2581708, 1734955, 176120, 2231353, 'Down']
[4345007, 3215506, 1150679, 741703, 2188272, 2825173, 1588298, 873507, 2327935, 1665755, 794801, 2240019, 2590001, 1734522, 179420, 2267875, 'Down']
[4331425, 3215181, 1158937, 743921, 2191478, 2834137, 1589019, 873230, 2329776, 1665565, 782832, 2148918, 2579785, 1734802, 175033, 2229647, 'Down']
[4356682, 3215240, 1152043, 741838, 2188135, 2826218, 1588332, 873842, 2327911, 1666210, 797176, 2239731, 2591443, 1735290, 180915, 2268760, 'Down']
[4320896, 3215190, 1156986, 743778, 2191341, 2832433, 1589299, 872854, 2330114, 1665278, 781979, 2151476, 2578765, 1734772, 174846, 2230671, 'Down']
[4366539, 3214393, 1153039, 741479, 2188666, 2827223, 1587161, 872983, 2328266, 1666554, 798064, 2235356, 2592730, 1735956, 181505, 2268001, 'Down']
[4311456, 3214875, 1155093, 743193, 2191103, 2830213, 1588286, 872853, 2330064, 1664393, 779788, 2156146, 2577884, 1734333, 173937, 2231839, 'Down']
[4375128, 3214266, 1154531, 741550, 2188927, 2827996, 1587283, 873539, 2328428, 1666554, 798663, 2228970, 2593238, 1736222, 182034, 2265692, 'Down']
[4304074, 3215360, 1153497, 743270, 2190760, 2828874, 1589683, 874631, 2330885, 1664501, 780087, 2163726, 2577718, 1734612, 174465, 2234428, 'Down']
[4382326, 3214587, 1155988, 741859, 2188914, 2830028, 1587016, 872801, 2329349, 1667345, 798680, 2220794, 2593857, 1737395, 182878, 2262486, 'Down']
[4299841, 3215635, 1150995, 742357, 2189513, 2826791, 1587931, 873924, 2330863, 1664574, 779216, 2174406, 2577684, 1735001, 174090, 2236269, 'Down']
[4385443, 3214423, 1156815, 741765, 2189022, 2830695, 1586994, 873164, 2329477, 1667240, 797532, 2210096, 2592722, 1737395, 181940, 2255091, 'Down']
[4297322, 3215375, 1149566, 742080, 2189134, 2825249, 1588223, 874452, 2330937, 1664319, 780608, 2184437, 2578476, 1734779, 174310, 2238017, 'Down']
[4385942, 3214001, 1157932, 742097, 2189557, 2832433, 1586466, 872165, 2329579, 1666944, 796823, 2198656, 2591887, 1737706, 181560, 2249343, 'Down']
[4297981, 3215030, 1148223, 741701, 2188558, 2824592, 1588692, 874948, 2330613, 1664340, 781858, 2196047, 2579764, 1735461, 174749, 2241698, 'Down']
[4383716, 3213487, 1159004, 742072, 2189723, 2833291, 1586582, 872921, 2329503, 1666697, 794410, 2187130, 2590421, 1737907, 181015, 2243835, 'Down']
[4302448, 3214461, 1147516, 740829, 2187754, 2822933, 1586971, 874084, 2330174, 1663680, 782445, 2207847, 2580993, 1735120, 175169, 2246473, 'Down']
[4379591, 3213584, 1159703, 742325, 2190074, 2833692, 1586857, 872780, 2330609, 1666217, 791799, 2176013, 2588862, 1737784, 180128, 2238641, 'Down']
[4309077, 3214603, 1146746, 740634, 2187647, 2821675, 1586911, 873787, 2330815, 1663961, 784728, 2218817, 2583213, 1735568, 176624, 2250733, 'Down']
[4372141, 3213838, 1159552, 742712, 2190212, 2833304, 1586584, 872644, 2331113, 1666044, 789687, 2166345, 2586862, 1737696, 179645, 2233689, 'Down']
[4317558, 3214686, 1146673, 740591, 2187174, 2821794, 1586736, 874384, 2330564, 1664545, 787581, 2227767, 2585031, 1735995, 178385, 2255221, 'Down']
[4363238, 3214276, 1159730, 743426, 2190555, 2834298, 1587673, 873605, 2331054, 1666042, 788060, 2158586, 2584793, 1737802, 179274, 2230547, 'Down']
[4328714, 3215340, 1147948, 741484, 2187307, 2822894, 1588328, 875696, 2330575, 1665389, 791088, 2235633, 2587327, 1737131, 180316, 2259873, 'Down']
[4352353, 3215096, 1159257, 743727, 2189853, 2833577, 1586626, 872391, 2331658, 1666129, 786342, 2153248, 2582975, 1738074, 178639, 2227918, 'Down']
[4340295, 3215900, 1149119, 741623, 2186176, 2823036, 1586188, 874225, 2330370, 1665871, 793989, 2239690, 2588821, 1737511, 180592, 2262249, 'Down']
[4340958, 3216048, 1158904, 744607, 2190056, 2833387, 1587296, 873465, 2332548, 1666261, 785392, 2150763, 2580889, 1738367, 177350, 2226244, 'Down']
[4350836, 3215606, 1150307, 741728, 2186650, 2824419, 1586381, 873985, 2331036, 1666450, 796969, 2240915, 2590553, 1738420, 181892, 2263052, 'Down']
[4330137, 3214885, 1157053, 743212, 2189635, 2831853, 1586649, 873126, 2332307, 1665080, 783350, 2150761, 2579362, 1737752, 176687, 2225130, 'Down']
[4361899, 3214884, 1151343, 740973, 2186392, 2824858, 1584612, 873898, 2330261, 1665678, 798123, 2239813, 2591591, 1738313, 182182, 2263402, 'Down']
[4319667, 3215056, 1155767, 743018, 2189854, 2830469, 1587232, 873143, 2332738, 1664636, 782527, 2153747, 2578575, 1737920, 176079, 2225585, 'Down']
[4371837, 3214815, 1153033, 741143, 2187461, 2826248, 1585800, 874622, 2330913, 1666014, 800244, 2235405, 2593257, 1739119, 183667, 2262539, 'Down']
[4310806, 3215659, 1154074, 742764, 2189697, 2828832, 1586023, 874691, 2333520, 1664420, 782547, 2159744, 2578347, 1737838, 175906, 2227585, 'Down']
[4380522, 3214921, 1154878, 741516, 2187682, 2827835, 1586372, 873341, 2331539, 1666484, 801188, 2228141, 2594279, 1739622, 183559, 2260322, 'Down']
[4304801, 3216038, 1152669, 743267, 2189106, 2826980, 1587165, 874902, 2334036, 1664511, 782107, 2168901, 2578504, 1737893, 176059, 2231422, 'Down']
[4385979, 3214833, 1156425, 742188, 2187766, 2828200, 1584949, 872515, 2332365, 1667020, 800993, 2219195, 2593706, 1740036, 183845, 2257254, 'Down']
[4300905, 3215875, 1151055, 742694, 2188361, 2824483, 1585816, 873440, 2334315, 1664307, 782682, 2179007, 2578440, 1737578, 175943, 2234673, 'Down']
[4388529, 3214877, 1157846, 742495, 2187921, 2829431, 1583944, 873337, 2332869, 1667001, 800376, 2208223, 2593002, 1740172, 183549, 2252211, 'Down']
[4300117, 3216188, 1149537, 742797, 2187715, 2823138, 1585356, 874954, 2334569, 1664446, 784182, 2190160, 2579354, 1737939, 176107, 2238606, 'Down']
[4388431, 3214831, 1158743, 743259, 2188210, 2830390, 1584150, 872971, 2333388, 1667332, 799766, 2196466, 2591894, 1740821, 182909, 2247119, 'Down']
[4302277, 3215524, 1147802, 741958, 2186548, 2821166, 1585303, 874286, 2334352, 1664496, 786025, 2201726, 2580397, 1738376, 176655, 2243353, 'Down']
[4385393, 3214343, 1158472, 742875, 2188277, 2830664, 1584057, 872975, 2333413, 1666586, 797637, 2185503, 2589907, 1740564, 182185, 2242513, 'Down']
[4306787, 3215702, 1146737, 742122, 2186677, 2820851, 1585452, 875682, 2334013, 1664308, 787699, 2213198, 2582013, 1738427, 177912, 2248293, 'Down']
[4379920, 3214290, 1158786, 743037, 2188049, 2831649, 1582289, 872794, 2333809, 1666731, 795645, 2174583, 2588476, 1740896, 181959, 2237825, 'Down']
[4314531, 3215617, 1146002, 741626, 2185773, 2819643, 1585769, 875501, 2333503, 1664359, 789686, 2223821, 2583635, 1738421, 178688, 2253002, 'Down']
[4371995, 3215243, 1159065, 744031, 2188894, 2831827, 1584611, 873648, 2334390, 1666869, 793447, 2165618, 2586513, 1741034, 182009, 2233411, 'Down']
[4323923, 3216222, 1146561, 741979, 2185708, 2820052, 1585074, 875088, 2334162, 1665626, 792947, 2232880, 2586167, 1739624, 180866, 2257428, 'Down']
[4362084, 3215693, 1158743, 744351, 2188616, 2831719, 1584335, 872896, 2335224, 1666853, 791539, 2158982, 2584449, 1741071, 181101, 2230470, 'Down']
[4334479, 3216141, 1146951, 741708, 2185104, 2820077, 1583542, 873740, 2334333, 1665907, 795484, 2238887, 2588077, 1740006, 182095, 2260742, 'Down']
[4351970, 3215841, 1157928, 744286, 2188618, 2831116, 1584000, 873353, 2335734, 1666568, 789136, 2154411, 2582590, 1741007, 180068, 2227344, 'Down']
