[1003650, 988615, -1306396, -1030535, 325007, 892287, 515905, 726111, 769533, 392686, -608153, 418975, 667268, 1731379, -102449, 718053, 'Down']
[1007815, 1004698, -1307234, -1026654, 254087, 874862, 519638, 720309, 762239, 390045, -628775, 467440, 685568, 1733244, -114452, 750057, 'Down']
[1004443, 989267, -1304958, -1029296, 323685, 891651, 516837, 726923, 770019, 394527, -612776, 407195, 655658, 1728219, -113774, 711556, 'Down']
[1007468, 1004165, -1308369, -1027366, 256224, 875955, 518142, 719251, 761695, 388659, -623748, 478789, 696552, 1736158, -103658, 756058, 'Down']
[1005725, 990625, -1303440, -1027940, 320408, 890708, 518102, 727881, 770817, 396619, -617329, 397609, 645392, 1725647, -123893, 706353, 'Down']
[1006547, 1002995, -1309634, -1028451, 260844, 877310, 517671, 718405, 761430, 387247, -618762, 487235, 706094, 1739082, -93331, 760434, 'Down']
[1005839, 991574, -1302886, -1027431, 314942, 888500, 518670, 727783, 770869, 397823, -622569, 390609, 636938, 1723382, -133752, 702479, 'Down']
[1004870, 1000524, -1311212, -1029962, 267161, 878892, 515925, 717604, 760943, 385625, -614231, 492424, 713287, 1741498, -84468, 762890, 'Down']
[1006590, 993080, -1302290, -1026474, 307772, 886695, 520252, 727808, 770273, 398360, -627950, 387379, 631123, 1721237, -142100, 701022, 'Down']
[1004121, 998797, -1311838, -1030805, 275354, 881395, 514790, 717766, 760997, 384816, -609690, 494440, 717819, 1743106, -77434, 763168, 'Down']
[1007162, 995318, -1301586, -1025605, 299920, 884468, 521069, 728090, 769998, 399123, -632145, 387623, 628168, 1720378, -148059, 701206, 'Down']
[1003736, 996864, -1311718, -1031306, 284840, 883762, 513872, 718113, 761634, 384706, -605658, 492548, 719416, 1743798, -72245, 761404, 'Down']
[1008198, 997490, -1301089, -1024553, 290635, 882183, 521399, 727371, 769490, 399076, -635335, 391724, 628187, 1719678, -151180, 704151, 'Down']
[1003141, 994837, -1311345, -1031408, 293943, 886284, 513760, 718586, 763011, 385067, -602334, 487164, 717691, 1743730, -69507, 757846, 'Down']
[1009197, 1000076, -1300798, -1023477, 281581, 880181, 522222, 726717, 768900, 398962, -637347, 398873, 631471, 1720227, -151774, 709087, 'Down']
[1002879, 992888, -1311057, -1031729, 302857, 888373, 513194, 719551, 764304, 385966, -600230, 478059, 713054, 1742771, -70194, 752229, 'Down']
[1009265, 1001675, -1301726, -1023679, 272609, 878095, 522669, 725742, 767515, 397722, -638399, 409088, 638058, 1721334, -149603, 715584, 'Down']
[1002902, 991172, -1310478, -1032139, 310651, 889997, 513388, 720323, 765359, 386677, -599753, 466873, 705637, 1741068, -74014, 745612, 'Down']
[1009491, 1003220, -1302945, -1024286, 264906, 876140, 522117, 724076, 766501, 396451, -638026, 421263, 646413, 1723181, -145064, 722484, 'Down']
[1002656, 989774, -1309795, -1032143, 317498, 891363, 513462, 722210, 766579, 388386, -600852, 453071, 695642, 1738651, -80202, 737018, 'Down']
[1008657, 1003841, -1304407, -1024949, 259325, 875194, 521173, 723306, 764888, 394540, -636998, 434696, 656743, 1725824, -138049, 730322, 'Down']
[1002540, 988555, -1308630, -1031709, 322551, 892492, 514419, 723729, 767613, 389770, -603364, 439136, 684061, 1736033, -88737, 729002, 'Down']
[1008213, 1004425, -1305378, -1025497, 255651, 874875, 520693, 721467, 763941, 392793, -634109, 448575, 668090, 1728625, -129457, 738571, 'Down']
[1002803, 988127, -1306996, -1031023, 324716, 893072, 514836, 725137, 769033, 391796, -606251, 424847, 672303, 1732849, -98417, 720861, 'Down']
[1007370, 1004163, -1306637, -1026613, 254210, 875205, 519746, 719573, 762322, 390280, -630630, 461979, 680433, 1731305, -119228, 746639, 'Down']
[1003062, 988211, -1305507, -1030265, 324925, 892662, 515960, 725565, 769426, 393078, -610762, 412106, 660891, 1729233, -108954, 714442, 'Down']
[1007074, 1004086, -1307365, -1027136, 255334, 875836, 518651, 718298, 761783, 388541, -626060, 473567, 692123, 1734459, -108024, 753452, 'Down']
[1004628, 989446, -1303388, -1028654, 322718, 891606, 517050, 726232, 770716, 395352, -614757, 400506, 649848, 1726303, -119304, 707757, 'Down']
[1007048, 1003367, -1307991, -1027662, 259387, 876947, 517792, 717596, 761640, 387290, -620444, 483190, 702468, 1737488, -97283, 758655, 'Down']
[1005702, 990748, -1302172, -1027535, 318215, 889938, 517852, 727109, 771288, 397079, -619370, 392754, 640637, 1724218, -129289, 703879, 'Down']
[1005928, 1001672, -1309149, -1028874, 264825, 878618, 516197, 717177, 761493, 386167, -615299, 490260, 710500, 1740240, -88050, 762163, 'Down']
[1006549, 992323, -1301501, -1026715, 311434, 887801, 519111, 726781, 771251, 398073, -624583, 388084, 633362, 1721709, -138690, 701373, 'Down']
[1005007, 999646, -1310324, -1030014, 272160, 880805, 514858, 716775, 761528, 385311, -610948, 493179, 715958, 1742012, -80255, 763016, 'Down']
[1007347, 993903, -1301230, -1026021, 303525, 885711, 519872, 726627, 770599, 398790, -629695, 386242, 628885, 1720316, -145917, 700767, 'Down']
[1004146, 997038, -1311474, -1031320, 280473, 882973, 514927, 716896, 761762, 384361, -607227, 492590, 718640, 1742736, -74284, 762159, 'Down']
[1008169, 996029, -1301527, -1025286, 294258, 883609, 521396, 727561, 769902, 398686, -634042, 388470, 627681, 1719396, -150380, 702122, 'Down']
[1003185, 995135, -1312484, -1032108, 289511, 885828, 513699, 718580, 762362, 384439, -604045, 488364, 718500, 1743672, -70590, 758284, 'Down']
[1008589, 998692, -1302021, -1024556, 285384, 881984, 522445, 727640, 768685, 398288, -637174, 394520, 629839, 1719785, -151691, 705659, 'Down']
[1002672, 993343, -1312464, -1032314, 299093, 888531, 513670, 719700, 763232, 384938, -601597, 481449, 715399, 1743433, -69117, 754006, 'Down']
[1008668, 1000283, -1302812, -1024487, 276246, 879604, 522431, 726428, 767483, 397351, -638940, 404123, 635025, 1721215, -150035, 712066, 'Down']
[1002439, 991360, -1311637, -1032574, 307497, 889645, 513115, 720304, 764314, 385674, -600671, 471593, 709248, 1741863, -71361, 747921, 'Down']
[1009583, 1002614, -1302313, -1023789, 268702, 877280, 522675, 724701, 766864, 396512, -638761, 415579, 642463, 1722353, -146805, 718706, 'Down']
[1003212, 990563, -1309510, -1031631, 315490, 891198, 514127, 721503, 766727, 387871, -599771, 459387, 700482, 1740615, -76829, 740329, 'Down']
[1009349, 1003214, -1303331, -1024450, 261965, 875584, 522133, 723272, 766258, 395472, -637023, 429434, 652666, 1725144, -141013, 726987, 'Down']
[1002404, 988336, -1308967, -1032062, 320671, 891836, 513964, 722089, 767446, 388803, -601896, 446175, 689602, 1737142, -84656, 732979, 'Down']
[1009298, 1004351, -1304243, -1024682, 257428, 875022, 521998, 722085, 764700, 393477, -635328, 443195, 663311, 1727197, -133305, 735233, 'Down']
[1003492, 988369, -1307200, -1030774, 324720, 893135, 515216, 724034, 769200, 391361, -604321, 431323, 677931, 1734661, -93193, 723926, 'Down']
[1008493, 1004280, -1305755, -1025548, 255590, 875530, 521362, 720932, 763862, 391710, -631838, 456463, 675400, 1731034, -122694, 742779, 'Down']
[1003685, 987915, -1305960, -1030116, 326282, 893357, 516679, 725508, 769734, 392540, -608720, 418011, 665952, 1731764, -102682, 716933, 'Down']
[1007795, 1003714, -1307072, -1026596, 255555, 876129, 520700, 719445, 762683, 389479, -628089, 468871, 686965, 1734395, -111622, 749925, 'Down']
[1004023, 987947, -1304984, -1029461, 324558, 892776, 517649, 726812, 770626, 394161, -613247, 405805, 654551, 1728978, -112988, 709805, 'Down']
[1006940, 1002792, -1308810, -1027798, 257765, 876822, 518806, 718827, 761772, 387320, -623507, 479678, 698022, 1737044, -101032, 755882, 'Down']
[1004819, 989026, -1304168, -1028647, 320703, 890757, 518596, 727375, 771001, 395808, -618005, 396415, 644609, 1725775, -124190, 704658, 'Down']
[1006414, 1001848, -1310165, -1028778, 262326, 877997, 517867, 717903, 761266, 386142, -618304, 487759, 707264, 1739891, -91763, 760078, 'Down']
[1006195, 990831, -1302878, -1027206, 314764, 888914, 519175, 727341, 771253, 397406, -622793, 390384, 636652, 1723623, -133865, 701479, 'Down']
[1005289, 999851, -1310629, -1029323, 268827, 879620, 516176, 717028, 761260, 384819, -613010, 493191, 714142, 1742081, -82982, 762546, 'Down']
[1006546, 992483, -1301626, -1025595, 307445, 886795, 520841, 728406, 771096, 398327, -627194, 387508, 630618, 1721980, -141761, 700261, 'Down']
[1003660, 997297, -1311395, -1030143, 276826, 882001, 514843, 717600, 761435, 384139, -608406, 494245, 718078, 1743599, -75852, 762644, 'Down']
[1006225, 993597, -1301480, -1024963, 298760, 884630, 521628, 727575, 770255, 398175, -631848, 387692, 627972, 1720874, -147988, 701036, 'Down']
[1001540, 993819, -1311782, -1031309, 285954, 884483, 514784, 717257, 761493, 383364, -605051, 491089, 719020, 1744603, -71767, 760538, 'Down']
[1006202, 994980, -1301093, -1024327, 289819, 882663, 522654, 727339, 768656, 397960, -635869, 391667, 628055, 1720599, -151292, 704152, 'Down']
[999833, 990559, -1311772, -1032083, 295519, 887288, 514231, 718455, 761912, 383590, -602653, 484773, 716432, 1744345, -69968, 756556, 'Down']
[1004994, 995513, -1301900, -1024605, 280858, 880587, 522992, 726497, 767177, 396798, -638558, 398761, 631772, 1720810, -151936, 709187, 'Down']
[998169, 987422, -1312379, -1033073, 304204, 889171, 513327, 719928, 762173, 383648, -601777, 475423, 711394, 1743380, -71530, 751015, 'Down']
[1004504, 996576, -1303431, -1025002, 271682, 878112, 522261, 724977, 765306, 395281, -640198, 408691, 637677, 1721997, -150485, 714939, 'Down']
[997308, 985315, -1312149, -1033227, 311465, 890482, 513441, 720785, 762971, 384413, -601888, 463274, 703260, 1741257, -75807, 743199, 'Down']
[1004493, 998083, -1303992, -1024710, 263970, 876425, 522705, 724158, 763768, 393689, -639900, 421227, 646761, 1724127, -145131, 722252, 'Down']
[997641, 984061, -1310283, -1032653, 317953, 891534, 513315, 722214, 764641, 386171, -602423, 450304, 693785, 1739229, -81552, 734844, 'Down']
[1004134, 998751, -1304813, -1025315, 258245, 875023, 521360, 722303, 762687, 391721, -637959, 435812, 657776, 1726461, -137542, 730523, 'Down']
[997866, 983028, -1308824, -1031928, 322634, 892639, 514664, 723489, 765884, 387637, -604729, 436546, 682401, 1736119, -89668, 727190, 'Down']
[1003608, 999017, -1305939, -1025754, 255275, 875091, 521481, 721630, 761634, 389814, -635113, 449396, 669219, 1729749, -127878, 738812, 'Down']
[997602, 981986, -1308129, -1031856, 324913, 892783, 515283, 724839, 766722, 388983, -608514, 422446, 670141, 1733263, -99186, 719396, 'Down']
[1002917, 999127, -1307509, -1026831, 254609, 875034, 520048, 720164, 760191, 387459, -631818, 462100, 680742, 1732576, -117879, 746425, 'Down']
[998711, 982960, -1306588, -1030924, 325212, 892544, 516402, 726324, 767648, 391045, -612915, 409269, 658178, 1729830, -109775, 711970, 'Down']
[1002396, 998564, -1309332, -1028649, 256095, 875873, 518801, 718828, 759317, 385589, -627587, 474235, 692299, 1735186, -107028, 753469, 'Down']
[1000399, 984728, -1305330, -1030083, 322442, 891400, 517212, 727094, 768597, 392868, -617721, 398815, 647214, 1726116, -121159, 706445, 'Down']
[1002727, 998862, -1310348, -1029414, 259632, 877297, 517591, 718210, 759569, 384686, -622073, 483400, 702197, 1737810, -97498, 757798, 'Down']
[1002611, 987443, -1303708, -1028473, 317029, 889843, 518281, 727317, 769560, 395068, -622045, 391301, 638478, 1723770, -131456, 701793, 'Down']
[1002851, 998199, -1311155, -1030214, 265036, 878870, 515176, 717057, 760225, 384304, -615944, 490324, 710491, 1741061, -87944, 760833, 'Down']
[1004022, 989750, -1302709, -1027143, 310059, 887703, 518551, 727673, 769982, 396528, -626344, 387604, 631793, 1722211, -140674, 700029, 'Down']
[1003089, 997308, -1311177, -1030276, 272809, 881293, 515516, 717703, 760844, 383839, -610620, 493883, 715758, 1743197, -80101, 762440, 'Down']
[1006113, 992945, -1301327, -1025200, 302616, 886202, 521240, 728127, 770383, 398147, -630036, 387201, 627989, 1721576, -146144, 700269, 'Down']
[1002936, 995702, -1311577, -1030717, 282034, 884164, 514371, 718164, 761646, 384164, -606079, 493833, 718561, 1744441, -73356, 761755, 'Down']
[1007322, 995245, -1301072, -1024303, 294067, 884404, 522187, 728193, 769788, 398500, -633893, 390520, 627334, 1720671, -150282, 702808, 'Down']
[1002238, 993468, -1311810, -1031358, 291969, 886987, 514076, 718862, 762262, 383989, -602984, 488988, 717864, 1744917, -70159, 758780, 'Down']
[1007709, 997288, -1301173, -1023814, 285201, 882307, 522776, 727734, 768728, 397855, -636699, 396369, 629888, 1720923, -151478, 707297, 'Down']
[1002172, 991814, -1311273, -1031750, 300906, 889221, 513869, 720138, 763419, 384675, -600608, 481189, 714287, 1744050, -69681, 754162, 'Down']
[1008174, 999261, -1301935, -1024215, 275874, 880064, 522478, 726030, 767774, 397068, -638114, 405689, 635228, 1721551, -150359, 712713, 'Down']
[1001244, 989463, -1311480, -1032993, 309307, 891203, 513359, 720933, 764357, 385113, -600303, 470502, 707660, 1742030, -72926, 747333, 'Down']
[1007965, 1000815, -1302982, -1024884, 267747, 878014, 522074, 724830, 766040, 395089, -639027, 417751, 643274, 1722449, -147395, 720290, 'Down']
[1001571, 988498, -1310357, -1032694, 315810, 891715, 512147, 721344, 765912, 386595, -600618, 458002, 698395, 1739575, -79243, 739343, 'Down']
[1008562, 1002715, -1303560, -1024601, 260810, 875681, 521251, 722532, 765293, 393929, -637586, 431152, 652942, 1724945, -141944, 727484, 'Down']
[1002258, 987882, -1308544, -1031590, 321334, 892555, 513889, 722518, 767683, 388639, -601858, 444396, 687408, 1737241, -86430, 731164, 'Down']
[1008820, 1003807, -1304248, -1024443, 256944, 875729, 521035, 721973, 764661, 392836, -634301, 445531, 664316, 1728270, -132550, 735876, 'Down']
[1002849, 987704, -1306898, -1030357, 324746, 893771, 514758, 724293, 768967, 390867, -604531, 430683, 675804, 1734837, -95562, 723189, 'Down']
[1008251, 1003990, -1305735, -1025138, 254853, 875989, 520217, 720536, 763513, 391063, -631005, 459197, 676490, 1731785, -122937, 743717, 'Down']
[1002776, 986879, -1306483, -1030384, 325058, 893405, 515019, 725150, 769393, 392213, -609127, 417498, 663657, 1731702, -106545, 715895, 'Down']
[1006739, 1002851, -1307820, -1026930, 254944, 876309, 518598, 718852, 761826, 388288, -627646, 471663, 687579, 1734498, -113232, 751377, 'Down']
[1003514, 987716, -1304857, -1029408, 324000, 892773, 516466, 726493, 769896, 393713, -614086, 405215, 651780, 1727922, -117758, 709490, 'Down']
[1006211, 1002261, -1308658, -1027851, 258216, 877454, 518319, 718561, 761521, 386841, -622595, 481244, 697795, 1737053, -102478, 756441, 'Down']
[1004260, 988608, -1303543, -1028509, 319960, 891293, 517755, 727272, 770914, 395464, -618540, 395887, 642092, 1725084, -127626, 704336, 'Down']
[1005262, 1000626, -1309751, -1029041, 262789, 878680, 515896, 717789, 761026, 385198, -617705, 489350, 707083, 1739648, -92235, 760886, 'Down']
[1005785, 990621, -1302076, -1026895, 313675, 889015, 518476, 727593, 770850, 396641, -623642, 390215, 634123, 1722492, -137379, 701295, 'Down']
[1004927, 999507, -1309917, -1029300, 269844, 880558, 515294, 717419, 761242, 384549, -612148, 494006, 713596, 1741890, -83786, 762567, 'Down']
[1006706, 992820, -1300700, -1025400, 306488, 886963, 520078, 728086, 771202, 397930, -627757, 388107, 629091, 1721331, -144370, 700412, 'Down']
[1004321, 997552, -1310212, -1029921, 278366, 882744, 514476, 717357, 761891, 383925, -607499, 495110, 717363, 1743535, -76356, 762693, 'Down']
[1007889, 994978, -1300161, -1024278, 297977, 884748, 521220, 727430, 770703, 398354, -631662, 389727, 627040, 1720627, -149430, 701799, 'Down']
[1003434, 995257, -1310746, -1030725, 287465, 885405, 514338, 717732, 762621, 383710, -603692, 492363, 718233, 1744485, -72172, 760566, 'Down']
[1007902, 996671, -1300741, -1024210, 288312, 882769, 521607, 726590, 769697, 397956, -635261, 394029, 627979, 1720406, -152799, 704874, 'Down']
[1002080, 992451, -1311646, -1032037, 296145, 887670, 512493, 718284, 762823, 383530, -601988, 485312, 715476, 1743767, -71483, 756032, 'Down']
[1007933, 998413, -1301484, -1024143, 279007, 880338, 521675, 725620, 767934, 396973, -638145, 401517, 631682, 1720369, -153375, 709918, 'Down']
[1001739, 990314, -1311423, -1032497, 305319, 889728, 512506, 719289, 763639, 384309, -600885, 475132, 709794, 1742202, -73062, 749785, 'Down']
[1008282, 999927, -1302395, -1024559, 270942, 878490, 521344, 724407, 766634, 395645, -639153, 411725, 638490, 1721464, -150537, 716153, 'Down']
[1001565, 988423, -1310726, -1032899, 313045, 891537, 511431, 720135, 764978, 385432, -600852, 462965, 701628, 1740129, -77731, 742270, 'Down']
[1008528, 1001571, -1303149, -1024407, 263899, 876883, 521549, 723309, 765279, 394193, -638574, 424576, 647699, 1723149, -145578, 723672, 'Down']
[1001709, 987529, -1309257, -1032017, 319529, 892634, 513154, 721830, 766480, 387099, -601557, 450011, 691728, 1737810, -83888, 734791, 'Down']
[1008267, 1002789, -1303733, -1024519, 258521, 875800, 520481, 721813, 764323, 392555, -636259, 439228, 658707, 1725972, -137622, 732565, 'Down']
[1002322, 987275, -1307449, -1030842, 323725, 893696, 513339, 723710, 767995, 389181, -603492, 436282, 679986, 1735176, -92425, 726576, 'Down']
[1008119, 1003572, -1305006, -1024848, 255900, 876009, 520673, 721049, 763683, 391133, -632895, 453213, 670411, 1729525, -128225, 740394, 'Down']
[1002529, 986820, -1306677, -1030619, 325747, 893768, 514190, 724513, 769318, 391189, -607097, 422444, 668117, 1732191, -102429, 718617, 'Down']
[1007311, 1003094, -1306878, -1026268, 254803, 876027, 519355, 719798, 762127, 388723, -629615, 466198, 682046, 1732142, -118328, 747738, 'Down']
[1003065, 986875, -1305423, -1029854, 324682, 892988, 515173, 725779, 769676, 392602, -611760, 409904, 656061, 1728650, -113505, 711254, 'Down']
[1006664, 1002663, -1307738, -1026862, 256602, 877268, 517738, 718989, 761577, 387207, -624723, 477381, 693269, 1735395, -107836, 753586, 'Down']
[1003433, 987478, -1304456, -1029148, 321646, 892286, 516305, 726558, 770307, 394209, -616703, 399661, 645682, 1726001, -123861, 705493, 'Down']
[1005349, 1001316, -1309380, -1028206, 260248, 878492, 516750, 717373, 760535, 385029, -620525, 486891, 702971, 1738044, -97098, 758774, 'Down']
[1004757, 989785, -1302534, -1027053, 316727, 890729, 517790, 727526, 770541, 396001, -621675, 392705, 636964, 1723565, -133357, 701790, 'Down']
[1004986, 1000263, -1309585, -1028510, 267093, 880544, 515523, 717477, 760778, 384568, -614782, 493090, 711104, 1741092, -86958, 761897, 'Down']
[1005954, 991660, -1301215, -1025614, 309895, 888883, 519195, 727885, 771122, 397376, -626087, 388893, 630969, 1721642, -141277, 700346, 'Down']
[1004663, 998626, -1309813, -1029010, 274916, 882843, 514517, 717254, 761469, 383949, -609765, 495334, 716280, 1742852, -79363, 762972, 'Down']
[1007390, 994325, -1300083, -1024335, 302116, 886462, 520198, 727772, 770903, 398320, -630121, 388615, 627563, 1720765, -148009, 700759, 'Down']
[1003930, 996657, -1310088, -1030095, 283758, 884867, 513785, 717693, 762610, 384101, -605026, 494169, 718266, 1744035, -74223, 761186, 'Down']
[1007641, 995962, -1300241, -1024349, 292521, 883767, 520754, 726678, 770371, 398216, -633765, 392135, 627210, 1719867, -152178, 702828, 'Down']
[1002888, 993811, -1310797, -1031286, 292708, 886947, 512528, 717395, 763074, 383661, -602547, 489156, 716835, 1743630, -71858, 758234, 'Down']
[1008122, 997776, -1300789, -1023944, 283271, 881524, 520583, 726034, 768999, 397336, -636914, 398173, 629480, 1719623, -153833, 707599, 'Down']
[1002371, 991949, -1310756, -1031457, 302147, 889418, 513084, 719191, 763580, 384092, -601071, 480459, 712413, 1743037, -72355, 753070, 'Down']
[1008866, 1000525, -1301152, -1023157, 275200, 880046, 522370, 726323, 767931, 396995, -638154, 407922, 635268, 1721748, -151648, 713545, 'Down']
[1001307, 989754, -1311044, -1032153, 310516, 891476, 512348, 720412, 764778, 385250, -600386, 469504, 705635, 1742102, -74305, 745923, 'Down']
[1008455, 1001717, -1302677, -1023628, 267046, 878398, 521992, 724516, 765984, 394898, -639062, 420070, 643638, 1723364, -147395, 720845, 'Down']
[1001712, 988579, -1310065, -1031673, 317091, 893149, 512712, 721698, 766116, 386625, -601248, 456635, 696180, 1740094, -79995, 738045, 'Down']
[1008668, 1002747, -1303876, -1024078, 260708, 876940, 521308, 722660, 764844, 393391, -637799, 433644, 653687, 1725902, -140500, 728322, 'Down']
[1002236, 987592, -1308632, -1031288, 322289, 893887, 513811, 723050, 767545, 388470, -602962, 442707, 684872, 1737344, -87946, 729264, 'Down']
[1007956, 1003041, -1305388, -1024958, 256450, 875956, 520629, 720684, 763354, 391546, -635321, 447936, 665170, 1728860, -131599, 736453, 'Down']
[1002763, 987182, -1307308, -1030389, 325111, 893783, 514718, 723855, 768554, 390392, -606237, 429062, 672788, 1734302, -97210, 721350, 'Down']
[1007974, 1003596, -1306149, -1025177, 255103, 875767, 519874, 719549, 762933, 390327, -631333, 461576, 677006, 1732177, -121290, 744224, 'Down']
[1003305, 987168, -1305977, -1029669, 325993, 893293, 515304, 725225, 769609, 392532, -610001, 415841, 661030, 1731017, -107295, 714054, 'Down']
[1007161, 1002972, -1308004, -1026605, 255849, 876114, 518185, 718428, 761930, 388138, -627251, 473744, 688493, 1735045, -110699, 751497, 'Down']
[1003846, 987620, -1305054, -1029069, 323832, 892108, 517016, 725986, 770110, 393837, -615118, 404669, 649545, 1728024, -118300, 708325, 'Down']
[1006395, 1001800, -1309269, -1027867, 259176, 877166, 517820, 717921, 761484, 386334, -622437, 483604, 698882, 1738154, -100122, 756780, 'Down']
[1004599, 988564, -1303987, -1028181, 319772, 890454, 517821, 726841, 770788, 395230, -619988, 395511, 640219, 1725136, -128296, 702888, 'Down']
[1005073, 1000011, -1310913, -1029166, 264452, 878735, 515734, 716813, 761114, 384714, -617489, 490330, 707492, 1740261, -89984, 759534, 'Down']
[1005068, 989978, -1303668, -1027320, 313240, 888632, 518417, 726527, 770112, 395995, -625521, 389819, 632548, 1722614, -137284, 699821, 'Down']
[1004276, 998489, -1312178, -1029899, 271446, 880793, 514826, 717241, 760683, 383721, -612906, 494331, 713467, 1742233, -81701, 761333, 'Down']
[1006387, 992228, -1303142, -1026007, 305729, 886583, 520781, 727625, 770239, 397267, -630070, 387647, 627802, 1720995, -144374, 698915, 'Down']
[1003593, 996345, -1313018, -1030990, 279830, 883217, 514011, 717029, 761191, 383181, -608506, 494224, 716945, 1743568, -75341, 760678, 'Down']
[1007140, 994528, -1302672, -1025262, 296276, 884462, 520251, 726786, 769633, 397510, -634101, 389358, 626024, 1720242, -149829, 700339, 'Down']
[1002851, 994617, -1312743, -1031414, 288635, 885788, 513186, 717337, 761893, 383238, -604697, 491303, 717191, 1744051, -71366, 758408, 'Down']
[1007981, 997228, -1301689, -1023910, 287154, 882434, 522028, 726884, 769518, 397968, -636389, 394753, 627360, 1720150, -151772, 703896, 'Down']
[1002067, 992353, -1311978, -1031680, 298225, 888105, 512795, 718498, 763286, 383854, -601635, 484490, 714035, 1743891, -69745, 754266, 'Down']
[1008289, 999029, -1301843, -1023712, 278458, 880152, 521501, 725338, 768234, 396846, -638255, 403506, 631790, 1720728, -151348, 709806, 'Down']
[1001677, 990251, -1311263, -1032086, 307466, 890156, 512753, 719033, 764418, 384696, -600438, 474159, 707868, 1742504, -71765, 747912, 'Down']
[1008361, 1000109, -1302468, -1023961, 270491, 878222, 521933, 723929, 766753, 395360, -639198, 414617, 639065, 1722204, -148397, 716898, 'Down']
[1001608, 988296, -1310196, -1031804, 315050, 891692, 512833, 720617, 765396, 385433, -600819, 462091, 699346, 1740254, -76919, 741172, 'Down']
[1008296, 1001561, -1303121, -1023745, 263648, 876754, 521444, 722992, 765790, 394098, -638017, 427469, 648479, 1724391, -142851, 724789, 'Down']
[1001357, 987064, -1309490, -1031423, 320979, 893067, 512693, 721526, 766859, 387378, -601988, 448462, 689071, 1738047, -83920, 732957, 'Down']
[1008162, 1002579, -1304854, -1024288, 258691, 876089, 520989, 721454, 764311, 392251, -636185, 441749, 659462, 1727102, -135154, 733022, 'Down']
[1001955, 986591, -1308489, -1030895, 324956, 893917, 513360, 723307, 767980, 389029, -604697, 434689, 677333, 1734760, -92577, 724910, 'Down']
[1007661, 1003166, -1306233, -1025172, 256213, 875918, 519821, 720258, 763041, 390052, -633069, 455956, 671604, 1730089, -125325, 741219, 'Down']
[1002555, 986528, -1307155, -1030350, 326467, 893679, 513827, 724183, 769155, 390629, -608224, 421167, 665605, 1731878, -102836, 716959, 'Down']
[1007080, 1002560, -1307879, -1026397, 255441, 876156, 518324, 718333, 761874, 387851, -629126, 468927, 683431, 1733015, -115183, 748400, 'Down']
[1003489, 987399, -1305292, -1028702, 325331, 893449, 515718, 725881, 769878, 392695, -612590, 409237, 653913, 1728311, -113502, 710287, 'Down']
[1006189, 1002213, -1308954, -1026853, 257656, 877411, 517564, 717669, 761371, 386595, -624081, 480710, 694631, 1736059, -103886, 755045, 'Down']
[1004170, 988222, -1304078, -1027497, 322161, 892344, 517442, 726635, 770695, 394588, -617380, 399535, 643637, 1725736, -123796, 705129, 'Down']
[1005782, 1000845, -1310068, -1027697, 262415, 879396, 516771, 717810, 760938, 385122, -619072, 488715, 704088, 1739113, -93086, 759659, 'Down']
[1005622, 989830, -1303000, -1026495, 316673, 890937, 518573, 727356, 770498, 395940, -622464, 392527, 635355, 1723412, -132897, 702076, 'Down']
[1005076, 999427, -1310792, -1028727, 268856, 881251, 515798, 716641, 760805, 384209, -613888, 494262, 711539, 1741479, -83721, 762381, 'Down']
[1006431, 991434, -1302076, -1025523, 309480, 888776, 519412, 727125, 770748, 396849, -627248, 389071, 629549, 1721425, -140741, 700334, 'Down']
[1003825, 996723, -1311686, -1030122, 276716, 883039, 514007, 715977, 761037, 382826, -609500, 495974, 716286, 1742765, -76392, 762863, 'Down']
[1007383, 993738, -1301197, -1024311, 301012, 886202, 520623, 727084, 769914, 396873, -631867, 389693, 626684, 1719899, -146901, 701515, 'Down']
[1004034, 995798, -1311206, -1029754, 286263, 885711, 514492, 717472, 762313, 383524, -604868, 494228, 717710, 1744179, -71431, 760842, 'Down']
[1008452, 996214, -1300964, -1023367, 292112, 884207, 521842, 726803, 769884, 397898, -634521, 393503, 626941, 1720354, -150213, 703414, 'Down']
[1003398, 993141, -1311757, -1031074, 294687, 887827, 512815, 717153, 762915, 383331, -601999, 489027, 716230, 1744021, -69459, 757351, 'Down']
[1008960, 998175, -1301093, -1023157, 282303, 881683, 521665, 725203, 768837, 397111, -636953, 400830, 630055, 1720328, -151531, 708602, 'Down']
[1003116, 991551, -1310692, -1030908, 303775, 890137, 512109, 718709, 764201, 384160, -599948, 480415, 711720, 1743178, -69996, 752351, 'Down']
[1009797, 1000519, -1301062, -1022582, 274146, 880108, 521812, 724755, 768016, 396469, -637627, 411230, 636576, 1721797, -149038, 715094, 'Down']
[1002826, 989729, -1309976, -1031100, 312284, 892043, 511800, 719653, 765538, 385433, -599299, 469095, 704159, 1741604, -73356, 745345, 'Down']
[1009781, 1001880, -1302091, -1023045, 266657, 878215, 521302, 723146, 766692, 394736, -637470, 423554, 644965, 1723398, -144756, 722395, 'Down']
[1002657, 988149, -1309074, -1031246, 319168, 893136, 512759, 720531, 766988, 386878, -599930, 455585, 694354, 1739051, -79815, 736950, 'Down']
[1009406, 1002995, -1303071, -1023376, 261084, 876769, 521349, 721835, 765518, 392830, -636055, 437010, 655414, 1726177, -137656, 730206, 'Down']
[1003152, 987501, -1307492, -1030093, 324048, 894047, 513823, 722532, 768468, 388801, -601947, 441589, 682982, 1736764, -87783, 728379, 'Down']
[1008815, 1003311, -1304414, -1023765, 257226, 876268, 520483, 720466, 763995, 391209, -633328, 451296, 667007, 1729452, -128519, 738386, 'Down']
[1003330, 987122, -1306184, -1029064, 326178, 894098, 514504, 723119, 769189, 390337, -605450, 427978, 671026, 1733696, -97586, 720841, 'Down']
[1008554, 1003779, -1305063, -1023716, 255977, 876632, 519724, 719448, 763174, 389596, -629413, 464787, 679039, 1732747, -118791, 746263, 'Down']
[1003632, 987026, -1304431, -1028155, 326635, 893999, 515589, 724805, 770343, 392315, -609442, 415268, 659726, 1730940, -108280, 714122, 'Down']
[1007618, 1002904, -1306266, -1025215, 257279, 877346, 518010, 717868, 762226, 387450, -625127, 476778, 690739, 1735484, -108224, 753558, 'Down']
[1005008, 988256, -1302786, -1027209, 324459, 893303, 516737, 725897, 771545, 394233, -613756, 404226, 648571, 1727232, -119197, 707886, 'Down']
[1006729, 1001643, -1308034, -1027085, 260679, 878552, 516367, 716316, 762019, 385796, -619915, 486409, 700830, 1738228, -97866, 758159, 'Down']
[1005294, 988930, -1302302, -1027024, 319680, 891401, 517509, 726461, 771132, 395115, -619427, 395894, 638827, 1724197, -129632, 703370, 'Down']
[1005590, 999722, -1309522, -1028683, 266127, 879917, 515828, 716036, 761206, 383934, -615632, 492691, 708632, 1740222, -88501, 761584, 'Down']
[1006750, 990997, -1300962, -1025556, 313051, 889327, 519994, 727074, 771508, 396268, -624333, 390306, 631543, 1721998, -138210, 700422, 'Down']
[1004883, 998115, -1310039, -1029284, 273453, 881825, 515175, 716022, 761900, 383263, -610361, 495588, 714463, 1742042, -79405, 762383, 'Down']
[1006828, 992468, -1300802, -1024936, 304734, 886841, 519945, 725983, 770958, 396831, -629129, 388749, 627471, 1720136, -145043, 699952, 'Down']
[1003693, 995811, -1310932, -1030022, 281915, 884453, 513358, 715883, 761723, 382345, -606702, 495301, 717255, 1743190, -73864, 761947, 'Down']
[1008606, 995644, -1300007, -1023151, 295815, 885356, 521161, 726038, 770209, 397171, -633041, 391732, 626178, 1719898, -149726, 702500, 'Down']
[1003803, 994470, -1310602, -1030238, 291161, 887688, 512959, 717088, 763218, 383408, -602315, 491693, 716903, 1744232, -70115, 758686, 'Down']
[1009068, 997863, -1300005, -1022919, 286696, 883307, 521077, 725332, 769942, 397292, -635312, 397870, 628303, 1720214, -151747, 706413, 'Down']
[1002826, 991968, -1310445, -1031007, 300783, 889511, 512324, 717710, 764196, 383612, -600086, 484342, 713817, 1743545, -70321, 754510, 'Down']
[1009061, 999086, -1300542, -1023169, 277536, 880368, 520972, 724027, 768518, 396004, -637249, 406888, 633758, 1720880, -151369, 712647, 'Down']
[1002315, 989481, -1310034, -1031742, 308895, 890627, 511750, 717684, 765152, 384023, -599310, 473688, 707498, 1741850, -72799, 748057, 'Down']
[1008942, 1000302, -1301533, -1023508, 269461, 877954, 520334, 722369, 767010, 394349, -638097, 417655, 640894, 1722236, -147950, 718640, 'Down']
[1002085, 988081, -1309316, -1031536, 316576, 891810, 512990, 719393, 766064, 385296, -600160, 460709, 698191, 1739847, -77743, 739564, 'Down']
[1009097, 1002318, -1302201, -1023153, 263445, 876645, 521268, 721494, 766038, 393434, -636959, 430896, 650527, 1725028, -141721, 725987, 'Down']
[1002734, 987988, -1307733, -1030251, 322524, 893363, 513375, 721016, 767802, 387905, -601169, 447496, 687590, 1737937, -85228, 731049, 'Down']
[1008954, 1003576, -1303633, -1023386, 258963, 876260, 520677, 719972, 764634, 392291, -634437, 445608, 661723, 1728097, -133557, 733768, 'Down']
[1002784, 987353, -1307182, -1030080, 325692, 893874, 513495, 722044, 768240, 389347, -604322, 434195, 675682, 1734883, -94111, 723479, 'Down']
[1009154, 1004698, -1304926, -1023751, 256408, 876384, 519218, 718791, 763613, 390623, -631178, 459630, 673390, 1731458, -123849, 742195, 'Down']
[1004549, 988676, -1305081, -1028146, 326862, 894408, 514913, 723513, 770104, 392328, -607330, 421025, 664026, 1732584, -104015, 716093, 'Down']
[1008493, 1004506, -1306375, -1024730, 255991, 877166, 518249, 717330, 762954, 389186, -626544, 472391, 685437, 1735089, -112971, 749468, 'Down']
[1004925, 989167, -1303815, -1027387, 324900, 893820, 515695, 724317, 770708, 394086, -611958, 409247, 652702, 1729573, -114968, 709584, 'Down']
[1007596, 1003931, -1307284, -1025704, 258353, 878206, 516748, 716361, 762116, 387261, -621998, 483318, 696608, 1737867, -102182, 755497, 'Down']
[1005891, 990365, -1302435, -1026737, 321242, 892288, 516832, 724131, 771152, 395558, -616653, 399950, 642819, 1726364, -125003, 704495, 'Down']
[1007317, 1002853, -1308068, -1026760, 263266, 879695, 516522, 715421, 761970, 385812, -616712, 491340, 705713, 1740000, -92061, 759701, 'Down']
[1007101, 992333, -1300582, -1024882, 316263, 891162, 518673, 726072, 771764, 397361, -621311, 393540, 634479, 1723797, -134364, 700880, 'Down']
[1006258, 1001055, -1308986, -1027475, 270632, 882421, 515466, 716133, 761985, 385123, -611473, 495980, 712326, 1742639, -83064, 761898, 'Down']
[1007685, 993521, -1300594, -1024445, 308347, 888816, 519346, 725814, 771567, 397986, -626030, 390508, 628764, 1722096, -142474, 699792, 'Down']
[1004982, 998307, -1310424, -1029062, 278188, 883859, 513735, 715226, 761931, 383543, -607481, 497183, 716055, 1743612, -76823, 761989, 'Down']
[1008149, 995199, -1300323, -1023665, 299730, 886389, 519498, 725422, 770637, 397617, -630843, 391223, 625708, 1720919, -148815, 700995, 'Down']
[1004105, 995935, -1310704, -1029915, 287346, 886514, 513116, 715324, 762557, 383258, -603990, 494021, 716876, 1744618, -72536, 760030, 'Down']
[1008801, 997342, -1300130, -1023022, 290698, 884346, 520877, 725020, 769948, 397666, -634390, 394924, 626636, 1720540, -152039, 703908, 'Down']
[1003325, 993586, -1310695, -1030823, 296252, 888890, 511930, 715886, 763257, 383611, -601251, 487928, 714718, 1744181, -70645, 756079, 'Down']
[1009372, 999233, -1300020, -1022915, 281277, 881850, 521442, 723418, 768679, 397027, -636641, 402392, 630070, 1720393, -152878, 708667, 'Down']
[1003148, 991547, -1309720, -1031195, 305359, 890815, 512224, 716577, 764692, 384399, -599410, 478584, 709626, 1742706, -71788, 749912, 'Down']
[1009891, 1001356, -1299978, -1022434, 272873, 879864, 521418, 723019, 767744, 395981, -637297, 413123, 636756, 1721815, -150055, 715292, 'Down']
[1002592, 989423, -1309101, -1031466, 312987, 891788, 511787, 717443, 765611, 385496, -599112, 467233, 701909, 1741105, -75782, 743051, 'Down']
[1010210, 1002981, -1300938, -1022597, 265426, 877860, 521142, 720987, 766315, 394405, -637309, 425704, 645644, 1723705, -145469, 722679, 'Down']
[1003343, 989070, -1308010, -1030515, 319764, 893741, 512390, 719636, 767357, 387371, -600089, 454154, 692299, 1738984, -81750, 735017, 'Down']
[1010162, 1004050, -1302823, -1023057, 260148, 877187, 520444, 719918, 765270, 392876, -635286, 439797, 656614, 1726898, -137500, 730819, 'Down']
[1003311, 987972, -1307585, -1030475, 324193, 894175, 513128, 720628, 768601, 388547, -602396, 439839, 680871, 1735969, -90508, 726437, 'Down']
[1008869, 1003857, -1305086, -1024472, 256870, 876353, 519502, 718726, 763942, 390186, -633155, 452799, 668002, 1729335, -129174, 738162, 'Down']
[1003293, 987051, -1306776, -1030124, 326742, 894268, 514037, 722592, 769521, 390228, -606356, 425406, 668513, 1732768, -100618, 718082, 'Down']
[1007625, 1002788, -1307045, -1025775, 256055, 876335, 518013, 717443, 762282, 388112, -629938, 466043, 679662, 1732422, -118715, 745858, 'Down']
[1003253, 986489, -1305733, -1029519, 326740, 893516, 515939, 723614, 770001, 391642, -610999, 412743, 656560, 1729225, -111335, 711133, 'Down']
[1007639, 1002739, -1307505, -1026027, 258193, 877608, 519137, 717093, 762235, 386928, -624825, 477808, 691211, 1735585, -107378, 752110, 'Down']
[1005179, 988174, -1303497, -1027731, 324462, 892804, 517337, 724797, 771576, 394267, -614890, 402849, 646460, 1727487, -120637, 705556, 'Down']
[1006931, 1001331, -1308772, -1027558, 261699, 878243, 516656, 715563, 762401, 385563, -619270, 487259, 701482, 1738907, -96554, 756924, 'Down']
[1006779, 990182, -1301668, -1026233, 319131, 890451, 518344, 725320, 771993, 395388, -619668, 395147, 637285, 1724358, -131363, 701261, 'Down']
[1006564, 1000244, -1309326, -1028034, 267879, 880006, 516165, 715657, 762808, 384593, -613636, 493337, 709487, 1741361, -87214, 759726, 'Down']
[1006521, 990895, -1301741, -1025961, 312382, 888579, 518892, 725380, 771950, 396389, -624788, 390497, 630644, 1722523, -139725, 699224, 'Down']
[1004020, 997101, -1311409, -1030008, 274709, 881967, 513741, 714674, 761518, 382542, -610485, 495835, 714301, 1742717, -80201, 761338, 'Down']
[1006847, 992594, -1301638, -1025000, 304096, 886518, 520128, 725354, 770731, 396682, -630450, 388736, 625552, 1720660, -147133, 699082, 'Down']
[1003434, 995155, -1311863, -1030328, 283826, 884770, 513104, 715937, 761976, 382661, -606328, 494483, 715867, 1743941, -74246, 760081, 'Down']
