[948841, 1921725, 1399763, 244388, 1276242, 1009275, -360588, 407861, 824065, 924564, 590483, 1116499, 1614939, 1100588, 929017, 970024, 'Down']
[948968, 1921963, 1400515, 247058, 1275454, 1012071, -360911, 409083, 824049, 924304, 597374, 1119413, 1622192, 1099244, 931670, 965152, 'Down']
[949449, 1922411, 1400101, 245163, 1275849, 1010334, -360813, 408822, 824911, 925495, 590877, 1117310, 1615308, 1101324, 929012, 970034, 'Down']
[949296, 1922174, 1400622, 247044, 1275246, 1012130, -361538, 409292, 824391, 924686, 597507, 1119527, 1621692, 1099203, 931436, 964907, 'Down']
[949221, 1921980, 1399856, 245175, 1275819, 1010635, -361016, 409112, 824881, 925513, 591233, 1117651, 1615353, 1101743, 928968, 969781, 'Down']
[948776, 1921456, 1400556, 246110, 1275604, 1011925, -361315, 409039, 824321, 924638, 597054, 1119531, 1620497, 1098741, 930893, 964778, 'Down']
[948622, 1921215, 1399142, 244338, 1275515, 1010683, -362715, 408688, 824380, 924869, 591435, 1117502, 1615904, 1101778, 929134, 969762, 'Down']
[947906, 1920331, 1400481, 244942, 1275580, 1011234, -359996, 409915, 824087, 923817, 596179, 1118299, 1619740, 1098343, 930723, 965217, 'Down']
[948250, 1920475, 1398615, 244136, 1275377, 1010689, -361629, 409237, 823972, 923833, 591599, 1116702, 1617400, 1101380, 930259, 970234, 'Down']
[947841, 1920054, 1399852, 244335, 1275750, 1010866, -361536, 409897, 824359, 923603, 594790, 1116983, 1618473, 1098169, 930282, 965563, 'Down']
[947994, 1920013, 1398776, 244503, 1275976, 1011417, -359566, 410279, 824092, 923650, 591818, 1116505, 1617205, 1101447, 929915, 969252, 'Down']
[947495, 1919366, 1400368, 243734, 1276043, 1010223, -360622, 408454, 824246, 923143, 593788, 1116434, 1617215, 1097568, 930057, 966071, 'Down']
[947867, 1919643, 1398869, 244697, 1275302, 1011569, -362614, 409458, 823903, 923110, 592460, 1116674, 1618134, 1100963, 930359, 968764, 'Down']
[947539, 1919443, 1400583, 243561, 1275554, 1010372, -360515, 409560, 824187, 923315, 592743, 1116248, 1616378, 1098051, 929383, 967067, 'Down']
[948168, 1919959, 1398912, 245083, 1275224, 1011961, -359745, 410862, 823748, 923447, 593520, 1117457, 1619424, 1101127, 930836, 968901, 'Down']
[948348, 1920188, 1399971, 243456, 1275720, 1009978, -361495, 409803, 824577, 923996, 592231, 1116127, 1614959, 1098300, 928714, 967559, 'Down']
[948859, 1920633, 1399150, 245558, 1275251, 1012374, -360521, 410131, 824080, 924084, 594988, 1118448, 1619891, 1101107, 930645, 967708, 'Down']
[948279, 1920100, 1400209, 243126, 1275549, 1009185, -361943, 408444, 824551, 924574, 591704, 1116489, 1614239, 1098840, 928250, 967600, 'Down']
[948674, 1920635, 1399358, 245741, 1274632, 1011909, -362168, 409859, 823470, 924077, 595634, 1118598, 1620092, 1100351, 930501, 966186, 'Down']
[948115, 1920134, 1400148, 243379, 1275255, 1009224, -360506, 409502, 823904, 924834, 591292, 1116400, 1613340, 1099128, 927968, 967808, 'Down']
[948050, 1919954, 1398976, 246054, 1274949, 1012350, -361657, 409718, 822941, 924137, 596206, 1118954, 1620163, 1100129, 930657, 965291, 'Down']
[947813, 1919691, 1399107, 243463, 1275806, 1009668, -360745, 409111, 823415, 924295, 590155, 1115811, 1612452, 1099715, 927568, 967932, 'Down']
[947631, 1919475, 1399198, 245926, 1275202, 1012824, -360276, 410958, 822616, 923701, 596190, 1118663, 1620095, 1099512, 930680, 964579, 'Down']
[947770, 1919577, 1399348, 243572, 1276004, 1010112, -360649, 409822, 823123, 924410, 590016, 1115926, 1612944, 1100102, 928230, 968936, 'Down']
[947638, 1919428, 1399241, 246065, 1275040, 1012774, -361429, 410388, 822758, 923922, 596482, 1118795, 1620109, 1099223, 930803, 964516, 'Down']
[947851, 1919614, 1398560, 243939, 1275837, 1010355, -360255, 409455, 823080, 924433, 589485, 1115923, 1613093, 1100532, 928354, 969347, 'Down']
[947372, 1919222, 1399283, 245871, 1275164, 1012423, -361178, 409954, 822507, 923589, 595788, 1118383, 1620069, 1098627, 930933, 964424, 'Down']
[948070, 1919946, 1398423, 244235, 1275968, 1010436, -360166, 409511, 823101, 924427, 589563, 1116081, 1614087, 1100900, 928629, 969535, 'Down']
[947746, 1919763, 1399740, 245952, 1275080, 1011995, -360537, 410038, 822983, 923825, 596162, 1118403, 1619823, 1098452, 930744, 964016, 'Down']
[948111, 1920148, 1398772, 244679, 1275021, 1010685, -361327, 410088, 823407, 924651, 590450, 1116681, 1614687, 1101531, 928820, 969124, 'Down']
[947764, 1919952, 1399911, 245901, 1274754, 1011205, -361714, 409411, 823127, 923913, 595755, 1118177, 1619586, 1098515, 930503, 964088, 'Down']
[948094, 1920266, 1398709, 245543, 1274784, 1010526, -361374, 410009, 823251, 924475, 591051, 1117020, 1616415, 1101515, 929518, 968890, 'Down']
[947879, 1919942, 1399949, 246330, 1274697, 1011171, -360914, 411231, 823190, 924040, 594862, 1117813, 1618975, 1097834, 930310, 964243, 'Down']
[948208, 1920052, 1398372, 245934, 1275168, 1011182, -360339, 410224, 823239, 924511, 591580, 1117417, 1617426, 1101737, 930223, 968887, 'Down']
[947732, 1919615, 1399617, 245648, 1275810, 1010648, -361975, 410191, 823543, 924241, 593911, 1117361, 1617845, 1097928, 929914, 964499, 'Down']
[947751, 1919689, 1398832, 246342, 1275370, 1012100, -360626, 411922, 823013, 923982, 592167, 1117386, 1618068, 1101866, 930228, 968124, 'Down']
[946980, 1919084, 1400036, 245245, 1275302, 1010695, -359963, 410543, 822874, 923464, 593075, 1116510, 1617054, 1098069, 930156, 965851, 'Down']
[947481, 1919706, 1398394, 246403, 1274703, 1012783, -360699, 412234, 822559, 923481, 592745, 1117043, 1619108, 1101286, 931059, 968046, 'Down']
[947615, 1919938, 1398309, 246217, 1274542, 1012998, -361367, 412109, 822739, 923430, 593817, 1117231, 1619935, 1101267, 931465, 967433, 'Down']
[947253, 1919655, 1399203, 244136, 1274557, 1010343, -361952, 410596, 823623, 923808, 591287, 1115340, 1614571, 1098625, 928880, 966320, 'Down']
[947816, 1920233, 1398375, 246815, 1273972, 1013078, -360416, 412394, 822703, 923233, 594833, 1117648, 1620360, 1101096, 931385, 966025, 'Down']
[947950, 1920331, 1399488, 244832, 1274498, 1010111, -361289, 411066, 823637, 924084, 591150, 1116045, 1614367, 1099075, 928951, 967174, 'Down']
[948744, 1921038, 1399140, 247961, 1274184, 1013303, -360324, 413076, 823575, 924203, 596036, 1119113, 1620803, 1100662, 931379, 965121, 'Down']
[948462, 1920917, 1399962, 245101, 1275097, 1010103, -361042, 411594, 824332, 924871, 591206, 1116914, 1613771, 1099964, 928884, 967683, 'Down']
[948396, 1920964, 1399755, 247919, 1275081, 1013254, -360834, 412793, 823686, 924047, 596954, 1119356, 1621031, 1100307, 931693, 964712, 'Down']
[948191, 1921085, 1399730, 245342, 1275691, 1010123, -360685, 410738, 823966, 924410, 590917, 1116289, 1613878, 1100344, 929208, 968622, 'Down']
[947917, 1921164, 1399853, 247873, 1274845, 1013101, -361159, 412023, 823297, 923853, 596943, 1118875, 1620975, 1099970, 931772, 964644, 'Down']
[948494, 1921962, 1399381, 245453, 1276087, 1011196, -358894, 411646, 823798, 924770, 590213, 1116075, 1613715, 1101265, 929385, 969829, 'Down']
[948249, 1921774, 1399787, 247608, 1275146, 1013798, -359854, 412748, 823547, 924356, 596597, 1118544, 1620354, 1100148, 931629, 965081, 'Down']
[948383, 1921796, 1398986, 244584, 1275145, 1010817, -361553, 410965, 823641, 924485, 590112, 1115709, 1613952, 1102026, 929509, 970504, 'Down']
[948369, 1921648, 1399663, 246209, 1274781, 1012486, -361268, 412227, 823379, 923590, 596020, 1117480, 1619913, 1098661, 931319, 964778, 'Down']
[948816, 1921890, 1399000, 244694, 1275149, 1010684, -361974, 412024, 824060, 924448, 590283, 1115694, 1614171, 1101457, 929199, 970053, 'Down']
[948712, 1921759, 1400243, 246495, 1274838, 1011963, -361517, 412687, 823854, 923882, 596209, 1117282, 1619119, 1098324, 930806, 964703, 'Down']
[949312, 1922175, 1399446, 245553, 1275186, 1010900, -360565, 412903, 823960, 924343, 591377, 1116104, 1615360, 1101526, 929793, 970473, 'Down']
[948899, 1921750, 1400370, 246221, 1274452, 1011699, -362602, 412641, 824148, 924345, 596088, 1117897, 1619004, 1098435, 930918, 965603, 'Down']
[949607, 1922318, 1398674, 245772, 1275190, 1011286, -360796, 412187, 824374, 924942, 591864, 1117251, 1616577, 1101932, 930030, 970170, 'Down']
[949104, 1921755, 1400096, 245610, 1275315, 1010946, -361538, 412893, 824567, 924539, 595230, 1117703, 1618551, 1098438, 930516, 965815, 'Down']
[949746, 1922203, 1398811, 245678, 1275190, 1011221, -360931, 412910, 824558, 924732, 592745, 1117398, 1618114, 1101755, 930548, 969688, 'Down']
[949144, 1921678, 1400002, 244806, 1275358, 1010320, -361963, 412227, 824823, 924677, 593993, 1116834, 1617379, 1098044, 929604, 965421, 'Down']
[949118, 1921437, 1398711, 245855, 1275217, 1012048, -360361, 414168, 823951, 924477, 593229, 1117541, 1618955, 1101332, 930587, 968610, 'Down']
[948220, 1920542, 1399463, 244171, 1275032, 1010240, -361930, 412587, 824022, 924252, 592949, 1116164, 1616676, 1097774, 929819, 966470, 'Down']
[948231, 1920382, 1398459, 245845, 1274757, 1012336, -359859, 413467, 823205, 923925, 593477, 1117145, 1619898, 1101198, 931341, 968250, 'Down']
[948231, 1920301, 1399338, 243907, 1275162, 1010538, -361635, 413761, 823463, 923873, 591698, 1115457, 1616154, 1098250, 929956, 967799, 'Down']
[948783, 1920624, 1398202, 246435, 1274946, 1013363, -359918, 415157, 823362, 924080, 594223, 1117373, 1620316, 1101214, 931020, 967574, 'Down']
[947927, 1919745, 1398831, 243825, 1275235, 1010373, -360465, 413271, 823678, 924069, 591115, 1115091, 1614467, 1098957, 928718, 967913, 'Down']
[947828, 1919526, 1397971, 246153, 1274458, 1012909, -360418, 413612, 822657, 923039, 594803, 1117215, 1620716, 1100489, 931415, 966803, 'Down']
[948024, 1919637, 1398197, 243689, 1275298, 1010350, -360799, 412762, 823443, 923531, 589995, 1114539, 1614355, 1099032, 928860, 968543, 'Down']
[947206, 1918870, 1397720, 245893, 1274050, 1013092, -361024, 414165, 822828, 922753, 594782, 1116878, 1620675, 1099940, 930946, 965547, 'Down']
[946840, 1918840, 1398297, 243367, 1275322, 1010110, -360227, 412243, 823167, 923271, 589131, 1114260, 1613886, 1099366, 928398, 968697, 'Down']
[946048, 1918139, 1398702, 246237, 1274615, 1012822, -360210, 413535, 822578, 922435, 595012, 1116919, 1620873, 1099701, 931039, 964654, 'Down']
[945591, 1917794, 1398587, 243848, 1275044, 1009724, -361153, 412584, 822694, 922826, 589060, 1114372, 1613811, 1099631, 928524, 968901, 'Down']
[944311, 1916367, 1398740, 246144, 1274199, 1012240, -361422, 413205, 821874, 921839, 595107, 1116766, 1620671, 1098182, 930935, 963959, 'Down']
[943950, 1915921, 1397871, 243810, 1274473, 1009789, -361647, 412185, 821598, 921644, 588277, 1113794, 1614055, 1099288, 928505, 969078, 'Down']
[943321, 1915138, 1398397, 246081, 1274102, 1012388, -361225, 413081, 821142, 921087, 594205, 1115834, 1620409, 1097638, 930331, 963646, 'Down']
[943358, 1915143, 1397298, 244099, 1274600, 1010507, -360545, 412420, 821591, 922209, 587836, 1113805, 1613984, 1100337, 927612, 968599, 'Down']
[941688, 1913437, 1397764, 244836, 1273210, 1011517, -361549, 412295, 820334, 921024, 593239, 1115306, 1619198, 1097422, 929134, 962762, 'Down']
[942479, 1914105, 1396243, 243551, 1273624, 1010398, -360574, 412588, 820054, 921068, 587144, 1113227, 1614549, 1100099, 927502, 968167, 'Down']
[942564, 1914051, 1396935, 244014, 1273362, 1010491, -361058, 412765, 820005, 920644, 587824, 1113179, 1615467, 1100439, 928383, 968279, 'Down']
[942406, 1913843, 1398552, 244385, 1273559, 1010370, -360108, 412950, 820618, 920177, 591914, 1114093, 1617850, 1096901, 929340, 963331, 'Down']
[943669, 1914991, 1397479, 244747, 1273650, 1010718, -360056, 413159, 820925, 920386, 588904, 1113719, 1616288, 1099804, 929190, 967537, 'Down']
[944174, 1915472, 1398118, 244903, 1274078, 1010915, -359971, 412494, 821553, 920770, 590851, 1114471, 1617560, 1100036, 930046, 967216, 'Down']
[943632, 1914840, 1398993, 243519, 1274327, 1009443, -360824, 412064, 821788, 920683, 591590, 1114018, 1616662, 1096274, 929660, 964706, 'Down']
[944693, 1915949, 1397779, 245350, 1274243, 1011503, -359816, 412623, 821477, 921034, 591143, 1115207, 1618790, 1099736, 930294, 966651, 'Down']
[944534, 1915812, 1398709, 243643, 1274343, 1009647, -360906, 411902, 822086, 921679, 590420, 1114410, 1615393, 1096927, 928638, 965094, 'Down']
[945181, 1916289, 1397684, 245657, 1273557, 1011905, -360859, 412654, 821724, 921765, 592234, 1116390, 1619283, 1100113, 929958, 965997, 'Down']
[944925, 1915887, 1398254, 242938, 1273346, 1008796, -361268, 411656, 822122, 921724, 589851, 1114295, 1614395, 1097273, 927623, 965367, 'Down']
[945925, 1916608, 1397962, 245965, 1273904, 1011874, -359391, 413914, 822157, 921577, 593435, 1116711, 1619556, 1099789, 929800, 964940, 'Down']
[946320, 1916993, 1399000, 243492, 1274228, 1008601, -359736, 411496, 823020, 921856, 590330, 1114732, 1614316, 1097481, 928268, 966618, 'Down']
[946688, 1917469, 1399214, 246676, 1273431, 1011985, -359596, 413454, 823017, 921979, 595193, 1117527, 1620643, 1099078, 930610, 964619, 'Down']
[946820, 1917734, 1399796, 243894, 1273840, 1008615, -359446, 412427, 823358, 922201, 590577, 1115424, 1614538, 1098355, 928767, 967867, 'Down']
[947285, 1918293, 1400133, 247123, 1273589, 1012015, -359743, 413835, 823165, 922092, 596223, 1118202, 1621413, 1098902, 931479, 964543, 'Down']
[947632, 1918580, 1400152, 244385, 1274242, 1009175, -359907, 412596, 824109, 922848, 590668, 1115499, 1614293, 1099355, 928574, 968183, 'Down']
[947578, 1918436, 1400245, 246899, 1273497, 1012210, -359699, 414008, 823597, 922078, 596516, 1117912, 1621469, 1098762, 931102, 963790, 'Down']
[947975, 1918681, 1399522, 244274, 1274358, 1009335, -359832, 412536, 824227, 922612, 590294, 1115438, 1614912, 1099642, 928711, 968538, 'Down']
[947674, 1918356, 1399760, 246423, 1273259, 1011806, -361393, 414450, 823705, 922027, 596550, 1117715, 1621717, 1097903, 931111, 963403, 'Down']
[948209, 1918794, 1398914, 244345, 1274341, 1009643, -361287, 413841, 824134, 922779, 590404, 1115800, 1615675, 1099686, 928821, 968562, 'Down']
[948105, 1918752, 1399456, 246341, 1273922, 1011592, -360820, 414336, 823873, 922329, 596363, 1118011, 1621791, 1097359, 930922, 963063, 'Down']
[948541, 1919029, 1398740, 244711, 1274061, 1009937, -360851, 413770, 824528, 923406, 590888, 1116216, 1615818, 1100617, 928489, 967949, 'Down']
[948082, 1918372, 1399925, 245841, 1274319, 1011379, -359905, 415418, 823818, 922308, 595965, 1117133, 1620668, 1096738, 930312, 962485, 'Down']
[948588, 1918815, 1399094, 245217, 1274738, 1010478, -360108, 414950, 824107, 923211, 591281, 1116169, 1616949, 1100472, 929438, 967856, 'Down']
[948263, 1918430, 1399892, 245987, 1274422, 1010731, -360762, 413960, 823937, 922646, 595592, 1116811, 1620198, 1096802, 930733, 962605, 'Down']
[948611, 1918797, 1398438, 245780, 1274585, 1010582, -360684, 413565, 824152, 923331, 591722, 1116255, 1617438, 1100530, 929601, 967073, 'Down']
[947961, 1918289, 1399480, 245802, 1273675, 1010492, -361594, 413542, 823548, 922337, 594777, 1116447, 1619062, 1096542, 930233, 963002, 'Down']
[948567, 1918978, 1397946, 246425, 1273759, 1011732, -360303, 413463, 823843, 923344, 592428, 1117035, 1618219, 1100766, 930025, 967142, 'Down']
[947804, 1918200, 1399155, 245297, 1274122, 1010876, -361275, 413052, 823924, 922957, 593923, 1116559, 1617919, 1097154, 929587, 963809, 'Down']
[948287, 1918556, 1397816, 246390, 1273871, 1012414, -361275, 413895, 823788, 922938, 593081, 1117123, 1619180, 1100865, 930034, 966652, 'Down']
[947527, 1917828, 1398964, 244368, 1273887, 1010115, -362350, 411766, 824012, 922546, 592679, 1115789, 1616720, 1097184, 928641, 964197, 'Down']
[948302, 1918521, 1398654, 246477, 1273832, 1012456, -360854, 413750, 823748, 922456, 593736, 1117184, 1619689, 1100647, 929658, 965343, 'Down']
[948142, 1918394, 1399716, 244235, 1273609, 1009448, -361039, 412588, 824287, 922587, 592556, 1116054, 1616194, 1097694, 928553, 965157, 'Down']
[948987, 1919090, 1399092, 247088, 1273165, 1012065, -361216, 412917, 824076, 922652, 595013, 1118069, 1620437, 1100179, 930174, 965003, 'Down']
[948656, 1918901, 1400318, 245034, 1274084, 1009861, -361092, 412178, 824878, 923338, 592227, 1116359, 1614919, 1098364, 928038, 965417, 'Down']
[949234, 1919295, 1399468, 247818, 1273723, 1012811, -361214, 413296, 824185, 922965, 596174, 1118535, 1621028, 1100250, 930657, 964411, 'Down']
[948662, 1918610, 1400094, 244875, 1274240, 1010002, -360462, 413539, 824977, 923454, 591977, 1116001, 1614403, 1099077, 928003, 965964, 'Down']
[948449, 1918339, 1399445, 247301, 1273608, 1012587, -360812, 413556, 823784, 922280, 596643, 1118107, 1621473, 1099571, 931021, 963854, 'Down']
[948072, 1917929, 1399195, 244318, 1274151, 1009778, -361283, 412829, 824226, 922676, 591040, 1115425, 1614672, 1099081, 928506, 967073, 'Down']
[947722, 1917437, 1399036, 247014, 1273686, 1012701, -360796, 414152, 823271, 921692, 596357, 1117541, 1622017, 1098736, 931283, 963484, 'Down']
[947761, 1917392, 1398632, 244432, 1274711, 1010082, -360739, 412453, 823986, 922364, 590056, 1114767, 1614883, 1099345, 928245, 967500, 'Down']
[947465, 1917095, 1398540, 246967, 1273615, 1012543, -360139, 413135, 823308, 921372, 596022, 1116854, 1621603, 1098367, 930851, 962775, 'Down']
[947966, 1917816, 1398062, 244523, 1273672, 1010421, -361017, 412510, 823983, 922162, 589983, 1114737, 1614509, 1099579, 927916, 967535, 'Down']
[947682, 1917822, 1398830, 246658, 1272976, 1012622, -360873, 413660, 823653, 921542, 596048, 1116950, 1620565, 1097347, 929835, 962195, 'Down']
[948067, 1918547, 1398307, 244962, 1273181, 1010571, -360527, 413104, 824023, 922281, 590787, 1115187, 1614712, 1099966, 927933, 967932, 'Down']
[947919, 1918639, 1399377, 247098, 1272464, 1012076, -362034, 414887, 823766, 921789, 596430, 1116942, 1619945, 1097292, 929936, 962246, 'Down']
[948246, 1919064, 1399115, 246058, 1272887, 1010365, -361554, 413934, 824235, 922890, 591453, 1115997, 1615200, 1100887, 928257, 967387, 'Down']
[947711, 1918398, 1399772, 246817, 1272153, 1010813, -362838, 413596, 823449, 921749, 595959, 1116959, 1619454, 1096904, 930031, 962121, 'Down']
[948623, 1919069, 1398950, 246871, 1273450, 1011040, -360691, 415338, 823880, 922741, 592000, 1116564, 1616302, 1100820, 929365, 967483, 'Down']
[948050, 1918315, 1399798, 246558, 1273426, 1010667, -361373, 414523, 823766, 922276, 596029, 1117277, 1619044, 1097012, 930562, 963235, 'Down']
[948450, 1918509, 1398594, 246403, 1273698, 1011134, -360353, 416043, 823581, 922473, 593003, 1116992, 1617557, 1100672, 930019, 967410, 'Down']
[947875, 1917768, 1399954, 245692, 1274023, 1010941, -360807, 416025, 823852, 922478, 595004, 1116979, 1618099, 1097426, 930154, 963536, 'Down']
[948313, 1918000, 1398799, 246280, 1274511, 1012065, -359228, 417141, 823434, 922395, 593583, 1117133, 1618797, 1100584, 930689, 967051, 'Down']
[947419, 1917256, 1399626, 244798, 1274244, 1010387, -361353, 416095, 823426, 921948, 594000, 1115912, 1617425, 1096668, 930090, 964174, 'Down']
[947808, 1917716, 1398469, 246368, 1273631, 1012029, -360761, 416660, 822853, 921737, 593967, 1116867, 1619797, 1100175, 931193, 966283, 'Down']
[947689, 1917893, 1399398, 244862, 1273697, 1009777, -360355, 415526, 823389, 921865, 593030, 1115582, 1616693, 1096918, 929539, 964334, 'Down']
[947768, 1918038, 1399021, 247314, 1273138, 1012349, -360507, 417536, 823221, 922022, 594822, 1117571, 1620211, 1100272, 931059, 964963, 'Down']
[947387, 1917706, 1399703, 244942, 1273320, 1009700, -361558, 416332, 823344, 921599, 592276, 1115074, 1615876, 1097224, 929673, 965275, 'Down']
[948009, 1918328, 1398831, 248013, 1272813, 1012788, -361443, 418455, 823442, 921845, 595276, 1117001, 1620678, 1099723, 931263, 964372, 'Down']
[947552, 1917850, 1399460, 245398, 1272973, 1009570, -362498, 417349, 823854, 921908, 591709, 1114739, 1614790, 1097992, 928799, 965634, 'Down']
[948350, 1918497, 1399099, 248803, 1272734, 1012891, -360723, 418304, 823434, 921838, 596307, 1117476, 1621224, 1099707, 931423, 963973, 'Down']
[948541, 1918577, 1399629, 246221, 1274039, 1010208, -361596, 417794, 824580, 923114, 591699, 1115646, 1614504, 1099740, 928739, 966651, 'Down']
[948109, 1917964, 1399702, 248652, 1273023, 1013066, -361210, 419567, 823712, 922362, 596985, 1118026, 1621497, 1099397, 931437, 963541, 'Down']
[948342, 1917981, 1399220, 245126, 1274014, 1009546, -361380, 417100, 824208, 922846, 591161, 1115534, 1614730, 1099151, 929053, 967259, 'Down']
[947851, 1917353, 1399747, 247512, 1273749, 1013015, -360360, 419443, 823624, 922085, 596761, 1117862, 1621475, 1098388, 931026, 962422, 'Down']
[947685, 1917143, 1399325, 244148, 1274240, 1010057, -361010, 418429, 823536, 921813, 590818, 1115028, 1615438, 1099156, 929412, 967662, 'Down']
[947674, 1917275, 1399645, 246699, 1274271, 1012684, -360849, 419638, 823466, 921288, 596159, 1116984, 1621279, 1097257, 930969, 961837, 'Down']
[947783, 1917667, 1399042, 244417, 1274194, 1009974, -361757, 418228, 823765, 921453, 590715, 1114731, 1615056, 1099454, 928889, 967266, 'Down']
[947500, 1917780, 1399973, 246603, 1273816, 1012314, -362018, 419761, 823437, 920696, 596068, 1116230, 1620913, 1096895, 930969, 962343, 'Down']
[948289, 1918861, 1399346, 245405, 1274347, 1010693, -359641, 419141, 823790, 921456, 590827, 1114700, 1616067, 1100489, 929678, 968830, 'Down']
[948180, 1919004, 1399905, 247003, 1273645, 1012089, -360535, 419860, 824072, 921294, 596058, 1116115, 1620425, 1097309, 931289, 963630, 'Down']
[948768, 1919760, 1398879, 245956, 1273384, 1011113, -362044, 419787, 824232, 921939, 591408, 1114929, 1616207, 1100915, 929350, 968766, 'Down']
[948243, 1919294, 1400012, 246667, 1273200, 1011503, -362315, 421297, 824270, 921711, 595649, 1115974, 1619281, 1097449, 930156, 963926, 'Down']
[949281, 1920203, 1398765, 246352, 1273704, 1011132, -361623, 420966, 824287, 922161, 592256, 1115596, 1617423, 1101012, 929640, 968948, 'Down']
[948914, 1919566, 1400317, 246132, 1273983, 1010286, -362533, 420537, 824647, 922015, 595522, 1115928, 1618696, 1097248, 929507, 963900, 'Down']
[949857, 1920275, 1398824, 246478, 1274195, 1011038, -362405, 422290, 824576, 922581, 593243, 1116099, 1618357, 1100948, 929480, 967489, 'Down']
[949466, 1919757, 1400064, 245581, 1274271, 1010071, -361594, 422458, 824920, 922731, 594687, 1115759, 1617382, 1097208, 928702, 963460, 'Down']
[949218, 1919437, 1398801, 246459, 1273744, 1011038, -362118, 422057, 824427, 922582, 594056, 1116386, 1618515, 1100719, 929290, 965919, 'Down']
[948232, 1918411, 1399323, 244587, 1273674, 1008979, -362047, 422034, 823959, 921747, 593515, 1114650, 1616638, 1096722, 928667, 963858, 'Down']
[948948, 1918964, 1397974, 246362, 1274015, 1010948, -362188, 422364, 823636, 921665, 594102, 1115724, 1619689, 1099945, 929913, 965350, 'Down']
[947976, 1918096, 1398812, 244068, 1274099, 1008326, -362522, 420627, 823903, 921477, 592314, 1113651, 1615780, 1096374, 928113, 964170, 'Down']
[948407, 1918555, 1398210, 247140, 1273542, 1011647, -360931, 422912, 823102, 921197, 594447, 1115564, 1620692, 1099160, 930455, 964651, 'Down']
[948063, 1918112, 1399020, 244867, 1273856, 1009064, -361435, 422180, 823742, 921716, 591362, 1113865, 1615453, 1097405, 928698, 965687, 'Down']
[948378, 1918114, 1398554, 247673, 1273505, 1011917, -362239, 422559, 823179, 921371, 595107, 1116043, 1621195, 1099368, 930961, 964610, 'Down']
[948433, 1918037, 1399284, 245196, 1273977, 1008922, -363016, 420992, 823835, 921910, 591076, 1113875, 1615133, 1097889, 928443, 966577, 'Down']
[948778, 1918217, 1399213, 248132, 1273310, 1012021, -361153, 422648, 823535, 921790, 596178, 1116800, 1621684, 1099093, 930826, 963907, 'Down']
[948647, 1917975, 1399495, 244703, 1273651, 1008577, -360794, 421215, 824130, 922342, 590915, 1114375, 1614841, 1098672, 928318, 967034, 'Down']
[948855, 1918270, 1399651, 247763, 1272767, 1011668, -361807, 421755, 823612, 921908, 596589, 1116969, 1621588, 1098333, 930681, 962772, 'Down']
[949080, 1918628, 1399174, 245248, 1273673, 1008279, -361455, 418564, 824503, 922816, 591025, 1114966, 1614453, 1099049, 928089, 966729, 'Down']
[948322, 1917984, 1399403, 247764, 1272748, 1011100, -361583, 420544, 823608, 921715, 596869, 1117187, 1621248, 1097855, 930370, 961710, 'Down']
[948343, 1917994, 1398590, 245429, 1273492, 1008579, -360351, 419654, 823761, 921902, 590407, 1114706, 1614651, 1099359, 928236, 967028, 'Down']
[948005, 1917723, 1399326, 247985, 1273183, 1011360, -360652, 421127, 823397, 921217, 595896, 1116629, 1620626, 1097309, 930522, 961687, 'Down']
[947934, 1917595, 1398577, 245769, 1273393, 1009349, -361391, 420181, 823622, 921615, 590008, 1114538, 1614709, 1099653, 928612, 967267, 'Down']
[947955, 1917560, 1399078, 246282, 1273593, 1009978, -360542, 421369, 823594, 921287, 590359, 1114447, 1615400, 1100084, 929075, 967731, 'Down']
[947597, 1917072, 1400093, 247186, 1273254, 1011206, -361588, 421589, 823606, 920630, 595170, 1115674, 1619431, 1096507, 930355, 962566, 'Down']
[948249, 1917535, 1398537, 246487, 1273586, 1010740, -361392, 421341, 823867, 921284, 590966, 1114830, 1616171, 1100256, 928848, 967638, 'Down']
[947777, 1917091, 1399698, 246598, 1273138, 1011403, -361612, 420710, 823860, 920910, 594624, 1115154, 1618472, 1096584, 929110, 962596, 'Down']
[948391, 1917583, 1398458, 246696, 1273624, 1011570, -358073, 420637, 823926, 921408, 591798, 1115055, 1617278, 1100773, 928916, 967185, 'Down']
[947774, 1916965, 1399704, 246088, 1273080, 1010576, -361372, 420457, 824000, 920826, 594107, 1114934, 1617740, 1096544, 928955, 963155, 'Down']
[948258, 1917501, 1399200, 246962, 1273310, 1011118, -358550, 421899, 823434, 920684, 592842, 1115256, 1618585, 1099841, 929625, 967091, 'Down']
[948357, 1917786, 1400265, 246102, 1273395, 1009712, -360353, 421270, 823957, 920854, 593692, 1114901, 1617500, 1096151, 929257, 964681, 'Down']
[949356, 1918819, 1398982, 248394, 1273597, 1011774, -359363, 422495, 824154, 921564, 594210, 1116294, 1619360, 1100060, 929987, 966669, 'Down']
[948804, 1918268, 1400331, 246368, 1273591, 1009385, -360289, 420840, 824628, 921691, 593628, 1115027, 1616214, 1097233, 928641, 965160, 'Down']
[948721, 1918019, 1399226, 248119, 1273002, 1011607, -360531, 421756, 823922, 921262, 595281, 1116428, 1620088, 1099813, 930320, 965848, 'Down']
[948400, 1917718, 1399950, 245877, 1273758, 1008964, -360949, 420267, 824127, 921229, 592345, 1114184, 1615315, 1096775, 928548, 965772, 'Down']
[948234, 1917466, 1399378, 248280, 1273584, 1011977, -360776, 421998, 823776, 921162, 595132, 1116111, 1620293, 1099223, 930312, 964727, 'Down']
[947673, 1916907, 1399627, 245252, 1273890, 1009128, -360464, 421800, 823735, 920729, 591306, 1113479, 1614709, 1097154, 928353, 966757, 'Down']
[947770, 1917023, 1398695, 247693, 1272591, 1012417, -361011, 421599, 823270, 920466, 595344, 1115860, 1620796, 1098555, 930304, 964604, 'Down']
[947461, 1916712, 1399352, 244789, 1273491, 1009403, -359996, 420877, 823572, 920608, 590238, 1113326, 1614173, 1097688, 927515, 967200, 'Down']
[947911, 1917056, 1399230, 247575, 1273123, 1011994, -360210, 421407, 823139, 920059, 595861, 1115996, 1621585, 1097922, 930375, 964121, 'Down']
[948142, 1917443, 1399708, 244988, 1273629, 1009146, -359830, 420150, 824129, 921062, 590383, 1113751, 1614123, 1098213, 926970, 967169, 'Down']
[948153, 1917419, 1400228, 247939, 1273015, 1012210, -360293, 421933, 823752, 920808, 596965, 1116620, 1621263, 1097692, 929593, 963076, 'Down']
[947797, 1916879, 1400172, 244893, 1272998, 1008633, -361001, 419860, 824130, 921023, 591071, 1114197, 1614534, 1099070, 927290, 967603, 'Down']
[948090, 1917062, 1400545, 247510, 1272589, 1011360, -359682, 421617, 823280, 920083, 596959, 1116531, 1621717, 1096584, 930464, 963112, 'Down']
[948282, 1917098, 1399919, 245679, 1273396, 1009711, -361079, 421021, 824129, 921495, 590950, 1114721, 1615066, 1098958, 928181, 968297, 'Down']
[947563, 1916402, 1400597, 247672, 1273791, 1011325, -359198, 422250, 823452, 920697, 596571, 1116630, 1620662, 1096564, 930330, 963058, 'Down']
[947493, 1916252, 1399710, 245677, 1274300, 1009310, -358583, 421588, 823376, 920706, 590799, 1114680, 1615776, 1099218, 929228, 968985, 'Down']
[947097, 1915765, 1400441, 246683, 1273112, 1010909, -359938, 422281, 823087, 919949, 595595, 1115736, 1620217, 1096075, 930586, 963546, 'Down']
[947716, 1916336, 1399288, 245473, 1273398, 1009923, -358797, 421771, 823392, 920393, 590603, 1114139, 1616206, 1099265, 929138, 968742, 'Down']
[947560, 1916004, 1400041, 245842, 1273055, 1010441, -360779, 421348, 823499, 920071, 594736, 1115138, 1619048, 1095819, 929588, 963138, 'Down']
[948570, 1916789, 1398755, 245642, 1273008, 1010234, -359433, 421233, 823340, 920197, 591042, 1114426, 1616684, 1099328, 928567, 967500, 'Down']
[947978, 1916244, 1399924, 245521, 1272328, 1009837, -360581, 422588, 823686, 920061, 594303, 1114841, 1617899, 1095864, 928438, 962822, 'Down']
[948800, 1916893, 1398998, 246385, 1273275, 1010428, -360109, 422640, 823319, 920053, 592097, 1114659, 1617620, 1099267, 928654, 966785, 'Down']
[948820, 1916887, 1400524, 245999, 1272820, 1009502, -361215, 421385, 823785, 920224, 594077, 1114626, 1617282, 1095983, 928448, 963616, 'Down']
[949051, 1917048, 1399452, 247361, 1272616, 1011026, -360269, 422917, 823828, 920678, 593778, 1115689, 1618187, 1099896, 928840, 966130, 'Down']
[948607, 1916646, 1400682, 246022, 1273272, 1009204, -359633, 421340, 823644, 920211, 593521, 1114415, 1616423, 1096534, 928485, 964414, 'Down']
[949133, 1916817, 1399690, 247858, 1273504, 1011259, -359915, 423230, 823614, 920450, 594497, 1115780, 1619527, 1099524, 929828, 965787, 'Down']
[948780, 1916264, 1400471, 245723, 1273841, 1008972, -359760, 422359, 824045, 920599, 592836, 1114166, 1615698, 1096566, 928422, 965268, 'Down']
[948717, 1915984, 1399077, 247607, 1272829, 1011441, -360391, 423518, 823147, 920040, 595115, 1115857, 1620302, 1098952, 930347, 965497, 'Down']
[948447, 1915613, 1399353, 245021, 1273541, 1008669, -358399, 421761, 823439, 920011, 591470, 1113508, 1615036, 1096392, 928276, 966012, 'Down']
[948354, 1915284, 1398872, 247402, 1273311, 1011890, -359714, 423658, 822797, 919487, 595102, 1115470, 1620663, 1098181, 930206, 964570, 'Down']
[947909, 1914926, 1399190, 244312, 1273715, 1008599, -360524, 421840, 823044, 919361, 590558, 1112712, 1614810, 1096612, 928200, 966922, 'Down']
[948403, 1915451, 1399089, 247290, 1272809, 1011826, -360288, 423352, 822914, 919278, 595104, 1115393, 1621272, 1097573, 930173, 963954, 'Down']
[948486, 1915450, 1399258, 244598, 1273604, 1008493, -358950, 421625, 823812, 919885, 589854, 1113064, 1614470, 1097366, 927467, 966961, 'Down']
[948787, 1915828, 1399385, 247711, 1272756, 1011346, -358848, 422239, 823490, 919302, 596036, 1115765, 1621765, 1097072, 930097, 963013, 'Down']
[948987, 1916094, 1399414, 245279, 1273107, 1008370, -360164, 421191, 823972, 919856, 590417, 1113405, 1614850, 1097891, 927835, 967453, 'Down']
[948595, 1915872, 1400131, 247954, 1272523, 1011247, -359780, 423083, 823701, 919393, 596563, 1116191, 1621034, 1097352, 929723, 962432, 'Down']
[949321, 1916590, 1400087, 245862, 1273311, 1008918, -359181, 421259, 824148, 920187, 590624, 1114112, 1614411, 1098431, 927693, 967686, 'Down']
[949214, 1916397, 1400877, 248318, 1272340, 1011741, -359811, 423208, 823987, 919845, 597166, 1116682, 1620589, 1096709, 930159, 962611, 'Down']
[949759, 1917064, 1399424, 246451, 1273029, 1010057, -358978, 422724, 824115, 920481, 591421, 1114581, 1615092, 1099341, 928339, 968668, 'Down']
[948999, 1916357, 1399791, 247853, 1272240, 1011597, -360306, 423459, 823506, 919982, 596739, 1116366, 1620121, 1096567, 929561, 963024, 'Down']
[949297, 1916614, 1398415, 246581, 1273076, 1010753, -358909, 423189, 823589, 920723, 591186, 1114770, 1615062, 1099750, 927561, 968001, 'Down']
[948269, 1915533, 1399036, 246727, 1272165, 1011004, -360367, 422850, 822755, 919407, 595610, 1115506, 1619050, 1096217, 928867, 962743, 'Down']
[949159, 1916339, 1397862, 246242, 1272583, 1010620, -359341, 423010, 823068, 920267, 591116, 1114464, 1615925, 1099566, 927735, 967496, 'Down']
[948480, 1915620, 1399228, 246221, 1272209, 1009984, -361021, 423052, 822844, 919721, 595054, 1114977, 1618382, 1095768, 928421, 962661, 'Down']
[948752, 1915642, 1398709, 246078, 1272573, 1009720, -359302, 422846, 822475, 919683, 591904, 1114692, 1616822, 1098885, 928096, 966568, 'Down']
[948420, 1915224, 1399929, 245848, 1272434, 1009210, -360470, 423110, 822808, 919493, 594118, 1114716, 1617504, 1095022, 928228, 962533, 'Down']
[949341, 1916067, 1398873, 246939, 1272635, 1010580, -359886, 422358, 822833, 919890, 592603, 1115153, 1617956, 1099078, 928672, 965882, 'Down']
[948502, 1915365, 1400194, 245848, 1272924, 1009084, -359520, 422446, 823152, 919721, 593511, 1114409, 1616611, 1095597, 927895, 963008, 'Down']
[949124, 1916239, 1398696, 247779, 1272391, 1011088, -360871, 423934, 822712, 919703, 593436, 1115367, 1618837, 1099171, 929179, 965526, 'Down']
[948870, 1916221, 1400102, 246372, 1272861, 1009203, -358560, 422942, 823167, 919801, 592993, 1114446, 1615874, 1096350, 928199, 964479, 'Down']
[949263, 1916545, 1399118, 248534, 1272281, 1011717, -359373, 423757, 823174, 920185, 595281, 1116575, 1620203, 1099573, 930322, 965894, 'Down']
[949210, 1916099, 1399592, 246055, 1272531, 1009055, -360520, 422154, 823552, 920141, 592603, 1114431, 1615642, 1096802, 928215, 965768, 'Down']
[949249, 1915637, 1398479, 248251, 1271996, 1011992, -360459, 423941, 823048, 919620, 595253, 1116183, 1620507, 1099155, 929577, 964753, 'Down']
[948814, 1914957, 1399087, 245366, 1272925, 1008978, -359147, 422961, 823725, 919712, 591197, 1113372, 1614211, 1096822, 926875, 965872, 'Down']
[948258, 1914314, 1398659, 247450, 1271989, 1011269, -360080, 423512, 822665, 918732, 595712, 1115621, 1621099, 1097823, 929649, 964085, 'Down']
[948292, 1914520, 1398633, 244532, 1272176, 1007950, -360278, 421374, 823045, 918888, 590529, 1112782, 1614858, 1096497, 927610, 966861, 'Down']
[948319, 1914609, 1398555, 247388, 1271790, 1010871, -360148, 422483, 822634, 918292, 595929, 1115534, 1621668, 1096813, 930246, 963465, 'Down']
[949149, 1915339, 1398512, 244959, 1272877, 1008024, -360851, 421707, 823670, 919055, 590275, 1112983, 1614411, 1096860, 927217, 966782, 'Down']
[948826, 1915033, 1399338, 247760, 1272179, 1010977, -359336, 424396, 823508, 918732, 596589, 1115804, 1620795, 1096253, 929213, 962014, 'Down']
[948496, 1914665, 1399103, 245188, 1272447, 1008132, -359714, 422848, 823600, 919063, 590820, 1113366, 1614527, 1097333, 927667, 967209, 'Down']
[948500, 1914579, 1399304, 247748, 1272226, 1010727, -359842, 423747, 822768, 918270, 596643, 1115437, 1621778, 1095618, 930691, 962622, 'Down']
[948826, 1914936, 1398976, 245880, 1272857, 1008804, -360594, 422311, 823402, 919320, 590257, 1113347, 1615043, 1098099, 928035, 967556, 'Down']
[948835, 1915268, 1399799, 248129, 1272164, 1011216, -360701, 424356, 823158, 919075, 596658, 1115707, 1621145, 1096051, 930462, 962586, 'Down']
[949586, 1916259, 1398967, 246897, 1272962, 1010531, -358968, 424095, 823684, 920497, 591052, 1114364, 1615634, 1099486, 928338, 968188, 'Down']
[949288, 1916244, 1399951, 248109, 1272626, 1012242, -357414, 425373, 823512, 920116, 596392, 1115794, 1620033, 1096834, 929929, 963224, 'Down']
[949410, 1916668, 1398700, 246749, 1272990, 1011020, -357738, 424144, 823487, 920555, 591436, 1114368, 1615868, 1100408, 928547, 968556, 'Down']
[948588, 1916154, 1399396, 246844, 1272388, 1010976, -360058, 423735, 823055, 919490, 595280, 1114824, 1618925, 1096648, 929161, 963375, 'Down']
[949336, 1917102, 1398112, 246327, 1272498, 1010330, -359953, 422395, 823233, 919743, 591402, 1113897, 1616524, 1100123, 928117, 967950, 'Down']
[949214, 1917197, 1399311, 246245, 1272059, 1009557, -360936, 422172, 823570, 919512, 594225, 1113999, 1617523, 1095937, 928035, 963043, 'Down']
[949304, 1917166, 1398259, 246403, 1271901, 1009404, -361782, 422892, 823441, 919523, 592210, 1114003, 1616921, 1099472, 927780, 966761, 'Down']
[948894, 1916793, 1399751, 245387, 1271850, 1007824, -362423, 421987, 823269, 918946, 593800, 1113367, 1616985, 1095324, 927476, 963649, 'Down']
[949912, 1917649, 1399388, 247110, 1272329, 1009602, -359887, 423285, 823513, 919711, 593217, 1114615, 1618539, 1099058, 928550, 966477, 'Down']
[949599, 1917252, 1400697, 245787, 1272401, 1007939, -361249, 422518, 823821, 919711, 593562, 1114180, 1616946, 1095786, 928219, 965000, 'Down']
