[2320685, 3201816, -1047901, -149310, 1534550, 2745110, 1121865, 1956161, 1480186, 1439939, 1548195, -100081, 2254186, 1988386, 577293, 1275593, 'Down']
[2320276, 3201026, -1057676, -162307, 1504743, 2713462, 1124083, 1954697, 1484009, 1434627, 1508416, -130359, 2251022, 1985541, 543257, 1275585, 'Down']
[2322105, 3203473, -1044976, -147306, 1539296, 2744328, 1123464, 1957521, 1481544, 1440023, 1531695, -107300, 2240789, 1983598, 568015, 1267750, 'Down']
[2320273, 3200906, -1059010, -162853, 1501873, 2714430, 1123714, 1953921, 1483687, 1435920, 1525836, -121880, 2263953, 1990140, 554524, 1282611, 'Down']
[2322952, 3204314, -1043356, -146608, 1541878, 2742661, 1123987, 1958686, 1482543, 1439506, 1514654, -114737, 2228132, 1980043, 557590, 1260763, 'Down']
[2319482, 3200080, -1060625, -163648, 1499536, 2716090, 1122170, 1952333, 1482506, 1436097, 1542849, -113986, 2276549, 1993868, 565059, 1289527, 'Down']
[2323518, 3205206, -1042072, -146658, 1542920, 2739676, 1124701, 1958794, 1483588, 1438757, 1497942, -123037, 2216757, 1976104, 546773, 1254493, 'Down']
[2319409, 3199894, -1061024, -163277, 1499223, 2718807, 1122415, 1952467, 1481916, 1437100, 1558507, -106316, 2286485, 1997129, 574977, 1294693, 'Down']
[2323090, 3204905, -1042179, -147624, 1542018, 2736491, 1124709, 1959231, 1484187, 1437803, 1483566, -130747, 2207885, 1973460, 536509, 1249577, 'Down']
[2318843, 3199362, -1060914, -162783, 1500451, 2722658, 1121436, 1951449, 1480855, 1437094, 1571685, -99284, 2294489, 1999616, 583731, 1298725, 'Down']
[2323499, 3205061, -1041825, -148749, 1540863, 2732740, 1126768, 1959907, 1485521, 1436863, 1472076, -137285, 2202060, 1971555, 528567, 1246234, 'Down']
[2317783, 3198110, -1060903, -162530, 1502773, 2726801, 1120415, 1951021, 1479653, 1437231, 1581801, -93779, 2299056, 2000691, 591275, 1300893, 'Down']
[2322977, 3204561, -1043476, -150953, 1537050, 2728443, 1125706, 1959123, 1485167, 1434921, 1463463, -143481, 2199736, 1970005, 521622, 1245180, 'Down']
[2318335, 3198851, -1059181, -160295, 1507116, 2731124, 1120960, 1951791, 1479812, 1438360, 1587146, -89815, 2299971, 2001246, 595875, 1300916, 'Down']
[2322838, 3204566, -1044746, -152927, 1532870, 2724528, 1126462, 1958972, 1486059, 1434966, 1459514, -146561, 2200304, 1970373, 518429, 1245738, 'Down']
[2318786, 3199367, -1057455, -158429, 1511941, 2735365, 1120829, 1952050, 1478941, 1438786, 1588178, -87607, 2297238, 2000617, 598472, 1299240, 'Down']
[2322688, 3204295, -1046725, -155016, 1527579, 2720825, 1126791, 1957821, 1486261, 1434404, 1460436, -147491, 2204688, 1971735, 517937, 1248423, 'Down']
[2319256, 3200153, -1054920, -155743, 1517889, 2738968, 1121592, 1952808, 1479136, 1439473, 1584902, -86942, 2291001, 1998857, 597674, 1295294, 'Down']
[2322563, 3203919, -1049003, -157013, 1521776, 2717437, 1126282, 1957523, 1486139, 1433809, 1465597, -146786, 2212073, 1974072, 519701, 1252406, 'Down']
[2320317, 3201159, -1052171, -153239, 1523540, 2742212, 1121465, 1954620, 1479835, 1440028, 1577892, -88698, 2281963, 1996198, 594246, 1289905, 'Down']
[2322362, 3203448, -1051724, -158864, 1515803, 2715341, 1125535, 1956446, 1485952, 1434081, 1476057, -143087, 2222704, 1977113, 524640, 1258692, 'Down']
[2320634, 3201558, -1050338, -151372, 1528503, 2743916, 1121404, 1954869, 1479697, 1440114, 1566724, -92691, 2270911, 1992971, 587729, 1283709, 'Down']
[2321421, 3202512, -1054251, -160747, 1510514, 2713666, 1125059, 1955206, 1485148, 1434030, 1488785, -138382, 2234738, 1980783, 531750, 1265320, 'Down']
[2320874, 3202040, -1047831, -149765, 1534479, 2744838, 1122695, 1956730, 1480547, 1439908, 1552130, -98453, 2257765, 1988985, 580058, 1276190, 'Down']
[2320936, 3201603, -1056416, -162287, 1506474, 2713279, 1125050, 1954907, 1484280, 1434191, 1504458, -132125, 2248237, 1985037, 540968, 1273143, 'Down']
[2322081, 3203286, -1044979, -147942, 1538689, 2744132, 1123552, 1957544, 1481931, 1440069, 1535636, -105368, 2244143, 1984889, 569694, 1268499, 'Down']
[2320050, 3200554, -1058509, -163596, 1502139, 2713704, 1123649, 1953659, 1483528, 1434596, 1521299, -124628, 2261133, 1989208, 550590, 1280099, 'Down']
[2322379, 3203759, -1043293, -147168, 1541441, 2743627, 1123746, 1958174, 1482055, 1438957, 1518537, -113535, 2231383, 1981065, 559325, 1261834, 'Down']
[2320149, 3200702, -1059472, -163441, 1500446, 2716001, 1123749, 1953020, 1483307, 1435896, 1538626, -116150, 2274013, 1993406, 562027, 1287570, 'Down']
[2322702, 3204289, -1042570, -147491, 1542447, 2740861, 1124069, 1959125, 1483359, 1438741, 1501474, -121196, 2219152, 1977626, 549068, 1254992, 'Down']
[2319140, 3199662, -1061166, -164338, 1498782, 2718434, 1121893, 1952529, 1481346, 1435556, 1554333, -108803, 2284314, 1996636, 572519, 1292729, 'Down']
[2323508, 3205057, -1041791, -147582, 1542613, 2737829, 1125300, 1960123, 1483900, 1437470, 1486327, -129507, 2209680, 1974536, 538953, 1249876, 'Down']
[2319185, 3199658, -1060755, -163015, 1500203, 2721842, 1121606, 1952274, 1480804, 1436663, 1568647, -101360, 2292667, 1999545, 582100, 1297234, 'Down']
[2323289, 3205199, -1041856, -148689, 1541080, 2733547, 1125548, 1959528, 1484835, 1436946, 1473708, -136301, 2202449, 1972231, 530502, 1246089, 'Down']
[2318755, 3199339, -1060210, -161910, 1502531, 2725839, 1121548, 1952127, 1480152, 1437486, 1579062, -95224, 2297752, 2001103, 590218, 1299817, 'Down']
[2322934, 3204702, -1042833, -150335, 1537918, 2729734, 1125610, 1959436, 1485231, 1435754, 1464745, -142006, 2199360, 1971200, 524008, 1244805, 'Down']
[2318080, 3198353, -1059824, -160884, 1505589, 2729735, 1120468, 1951266, 1478997, 1437685, 1585434, -91457, 2299361, 2001716, 595132, 1300504, 'Down']
[2322709, 3203933, -1044677, -152149, 1533542, 2725339, 1126283, 1959585, 1485379, 1434405, 1458984, -147078, 2198705, 1970572, 519365, 1244681, 'Down']
[2318315, 3198419, -1058242, -158463, 1510921, 2734597, 1120341, 1952811, 1478799, 1438396, 1587674, -88496, 2297394, 2001902, 598468, 1299401, 'Down']
[2322228, 3203513, -1046807, -154362, 1529047, 2722053, 1124853, 1959163, 1485842, 1433994, 1459250, -148313, 2202790, 1972508, 518061, 1247746, 'Down']
[2318359, 3198654, -1056478, -156790, 1515569, 2738297, 1118149, 1952988, 1478610, 1438873, 1585633, -87732, 2292226, 2000263, 597643, 1296569, 'Down']
[2321701, 3202725, -1049247, -156762, 1522616, 2718781, 1122963, 1958116, 1485725, 1433382, 1463498, -147876, 2209552, 1973873, 518034, 1251752, 'Down']
[2319477, 3199711, -1053674, -154312, 1521529, 2741637, 1117509, 1953606, 1478675, 1439362, 1579088, -88845, 2283901, 1997645, 593599, 1291727, 'Down']
[2321874, 3202247, -1051310, -158705, 1516751, 2716001, 1121371, 1956213, 1486044, 1433371, 1472483, -144347, 2219042, 1976811, 521128, 1257035, 'Down']
[2320004, 3199834, -1051251, -152591, 1526335, 2743895, 1116451, 1953418, 1479682, 1439272, 1569189, -91623, 2272676, 1994395, 587286, 1285225, 'Down']
[2321544, 3201346, -1054077, -160914, 1510640, 2713965, 1120283, 1954424, 1485091, 1432917, 1485079, -140034, 2230841, 1980467, 527216, 1263754, 'Down']
[2320793, 3200766, -1048647, -150597, 1532011, 2744623, 1117616, 1954349, 1480543, 1439510, 1555238, -96981, 2259344, 1990626, 579347, 1277384, 'Down']
[2320221, 3200082, -1056881, -162871, 1505976, 2713087, 1119916, 1953095, 1484389, 1432617, 1499900, -134205, 2243203, 1984245, 535966, 1270521, 'Down']
[2321109, 3201361, -1046591, -149407, 1536687, 2744410, 1118600, 1955784, 1480939, 1438616, 1538910, -104304, 2245967, 1986400, 569720, 1269931, 'Down']
[2319442, 3199066, -1059162, -164272, 1502276, 2713412, 1120175, 1952455, 1483426, 1433304, 1516464, -126996, 2256686, 1988472, 546167, 1278126, 'Down']
[2321039, 3201313, -1045461, -148968, 1539505, 2743411, 1120388, 1956490, 1481386, 1437528, 1521386, -112434, 2232993, 1982125, 559681, 1262820, 'Down']
[2318323, 3197621, -1061752, -165480, 1499015, 2714859, 1119052, 1950935, 1481804, 1433265, 1532887, -119961, 2269594, 1992314, 556999, 1284994, 'Down']
[2321547, 3201805, -1044456, -148521, 1541195, 2741031, 1120945, 1957318, 1482002, 1436219, 1503773, -121200, 2220293, 1978051, 548767, 1255411, 'Down']
[2318391, 3197458, -1062501, -164753, 1497992, 2717445, 1119215, 1951457, 1481156, 1433814, 1549253, -111595, 2280715, 1996085, 567964, 1290873, 'Down']
[2322082, 3202412, -1043652, -148409, 1541553, 2738140, 1121113, 1958017, 1483130, 1436048, 1488383, -128848, 2210482, 1975033, 539776, 1250250, 'Down']
[2318121, 3197158, -1062792, -164105, 1498313, 2721031, 1118238, 1951117, 1479972, 1434520, 1564339, -104191, 2290064, 1998823, 578949, 1296017, 'Down']
[2322894, 3203170, -1043079, -148575, 1540690, 2734870, 1122569, 1959193, 1483752, 1435370, 1475669, -135769, 2203178, 1972801, 531476, 1246666, 'Down']
[2318161, 3197119, -1061968, -162536, 1501226, 2725204, 1118399, 1951889, 1479749, 1435840, 1576365, -97268, 2295934, 2000978, 587602, 1298994, 'Down']
[2322845, 3203289, -1043601, -149927, 1538415, 2730607, 1123396, 1959417, 1484588, 1434573, 1466124, -141505, 2198845, 1971163, 524545, 1244714, 'Down']
[2317737, 3197186, -1061021, -161221, 1504397, 2729330, 1118122, 1951607, 1479026, 1436245, 1584117, -92271, 2298104, 2001737, 593771, 1300151, 'Down']
[2322470, 3203271, -1044948, -151779, 1534577, 2726896, 1123854, 1958746, 1485090, 1433784, 1460128, -145769, 2197767, 1970764, 519462, 1244493, 'Down']
[2318114, 3197755, -1059065, -159163, 1509148, 2733562, 1118447, 1951949, 1478409, 1437088, 1587713, -88906, 2297623, 2001498, 596977, 1299777, 'Down']
[2321869, 3202822, -1046612, -154235, 1529492, 2722569, 1123873, 1958497, 1485453, 1433091, 1458676, -148106, 2200717, 1971346, 517074, 1246282, 'Down']
[2317989, 3198106, -1056894, -157475, 1514430, 2736888, 1118210, 1952387, 1478366, 1437205, 1586178, -88034, 2293266, 2000263, 597229, 1296771, 'Down']
[2321465, 3202505, -1048609, -156562, 1524144, 2718504, 1123572, 1956657, 1485149, 1432095, 1461460, -148763, 2207026, 1972666, 517038, 1249768, 'Down']
[2318447, 3198657, -1054340, -155502, 1520170, 2740177, 1118902, 1952587, 1478565, 1437599, 1580424, -89124, 2285675, 1997822, 594438, 1292168, 'Down']
[2321234, 3201691, -1051058, -158867, 1517881, 2715496, 1123764, 1955799, 1485717, 1432009, 1469117, -146709, 2216321, 1975558, 520108, 1254834, 'Down']
[2319572, 3199608, -1051806, -152893, 1525879, 2742165, 1119997, 1953769, 1479293, 1437907, 1570778, -91943, 2275103, 1994701, 589357, 1285642, 'Down']
[2320833, 3201327, -1053525, -160315, 1512900, 2713957, 1124860, 1955740, 1485110, 1432136, 1480976, -142185, 2227470, 1979089, 526694, 1261027, 'Down']
[2320193, 3200825, -1048931, -150606, 1531369, 2744466, 1121322, 1955519, 1479766, 1438028, 1558222, -96192, 2263029, 1991431, 582815, 1279360, 'Down']
[2320504, 3201245, -1055544, -161574, 1507994, 2713268, 1124353, 1954889, 1484736, 1433136, 1495860, -135291, 2240621, 1983635, 535286, 1268958, 'Down']
[2320678, 3201708, -1046553, -148842, 1536461, 2744822, 1122210, 1956624, 1480475, 1438371, 1542490, -102326, 2249793, 1987532, 573693, 1272087, 'Down']
[2319605, 3200070, -1057887, -163025, 1503773, 2713307, 1123718, 1953443, 1483780, 1432836, 1512109, -128737, 2254128, 1987911, 545071, 1276800, 'Down']
[2321036, 3202217, -1044654, -147851, 1539871, 2743689, 1122800, 1957553, 1481586, 1437751, 1525367, -110074, 2236371, 1983621, 563622, 1265042, 'Down']
[2318553, 3199016, -1059924, -163880, 1500784, 2714489, 1121735, 1952709, 1482627, 1433149, 1528648, -121014, 2266930, 1992045, 555468, 1283921, 'Down']
[2321403, 3202640, -1043230, -147373, 1542551, 2741973, 1123442, 1958931, 1481825, 1436948, 1507578, -118405, 2223864, 1979990, 552575, 1258177, 'Down']
[2318017, 3198233, -1061040, -164290, 1499814, 2716884, 1121483, 1952173, 1481577, 1433778, 1545009, -113218, 2278594, 1995965, 566687, 1290263, 'Down']
[2321605, 3202801, -1042398, -147718, 1542795, 2739196, 1123193, 1958650, 1482634, 1435705, 1491337, -126805, 2213228, 1976594, 542852, 1252439, 'Down']
[2318003, 3197697, -1061117, -163546, 1499501, 2719909, 1120103, 1951542, 1480830, 1433969, 1560324, -105904, 2288429, 1998874, 576734, 1295601, 'Down']
[2322023, 3203314, -1041899, -148113, 1542083, 2735316, 1123561, 1959272, 1483792, 1435094, 1477564, -134172, 2204905, 1973787, 533168, 1247597, 'Down']
[2317701, 3197710, -1060718, -162559, 1501504, 2723689, 1119821, 1951359, 1480075, 1435005, 1572804, -98825, 2295239, 2000808, 585611, 1298782, 'Down']
[2322764, 3204214, -1041803, -149223, 1540351, 2731463, 1124917, 1959887, 1485121, 1434745, 1467247, -140042, 2200086, 1971838, 525665, 1245120, 'Down']
[2318047, 3198282, -1059507, -160831, 1504742, 2728105, 1119809, 1951562, 1479668, 1435977, 1582322, -92638, 2299010, 2002193, 592312, 1300655, 'Down']
[2322874, 3204571, -1042702, -150433, 1536474, 2727326, 1125582, 1959431, 1485648, 1433904, 1461202, -143916, 2198722, 1971454, 520549, 1244796, 'Down']
[2317978, 3198400, -1058228, -159105, 1508443, 2732050, 1120073, 1951877, 1479352, 1437177, 1586944, -88395, 2299045, 2002671, 596611, 1300554, 'Down']
[2322027, 3203550, -1045226, -153190, 1531062, 2722685, 1124806, 1957647, 1485489, 1432815, 1458276, -146942, 2200494, 1971749, 517395, 1245991, 'Down']
[2317782, 3198493, -1056632, -157323, 1513387, 2735350, 1120143, 1952386, 1478645, 1437093, 1586651, -86912, 2294883, 2001132, 597628, 1297836, 'Down']
[2321227, 3202896, -1047435, -155281, 1525977, 2718948, 1125885, 1958449, 1485317, 1432236, 1460090, -147533, 2205580, 1973194, 517701, 1249178, 'Down']
[2318306, 3199267, -1053994, -154627, 1519868, 2739045, 1121745, 1954492, 1478342, 1437602, 1581656, -87664, 2287935, 1999726, 597300, 1294130, 'Down']
[2320921, 3202255, -1049472, -157366, 1520573, 2716242, 1126389, 1958363, 1485387, 1432184, 1466681, -146292, 2213871, 1976186, 521727, 1254436, 'Down']
[2318356, 3199162, -1051680, -153315, 1524926, 2741611, 1121518, 1954535, 1478403, 1437184, 1572870, -90755, 2278029, 1996611, 593021, 1288419, 'Down']
[2320181, 3201387, -1051828, -159477, 1514618, 2714048, 1126654, 1956704, 1484820, 1431133, 1477085, -143364, 2224814, 1978783, 526808, 1260262, 'Down']
[2318984, 3200053, -1048737, -151108, 1530801, 2743614, 1122359, 1955932, 1479190, 1437051, 1560768, -95292, 2266321, 1993064, 586414, 1281601, 'Down']
[2319703, 3200615, -1054417, -161695, 1509111, 2712704, 1125160, 1954930, 1484102, 1431022, 1491277, -137870, 2238041, 1983011, 534563, 1267892, 'Down']
[2319900, 3201229, -1046180, -149540, 1535284, 2744246, 1122937, 1956245, 1479918, 1437352, 1545529, -101358, 2253483, 1988864, 577307, 1274195, 'Down']
[2319392, 3200330, -1056215, -163058, 1504590, 2713144, 1124523, 1954091, 1483524, 1431695, 1507513, -130609, 2251553, 1987239, 543743, 1275231, 'Down']
[2321019, 3202508, -1043799, -148222, 1539125, 2744406, 1123556, 1957456, 1480777, 1436743, 1529158, -108427, 2240325, 1984973, 567000, 1267047, 'Down']
[2319152, 3200001, -1057899, -163812, 1501693, 2714416, 1124433, 1952930, 1483150, 1432590, 1524481, -123190, 2264258, 1991474, 554083, 1282389, 'Down']
[2321206, 3202943, -1042192, -147612, 1541870, 2743056, 1124783, 1958743, 1481775, 1436119, 1511564, -116665, 2226717, 1980867, 556058, 1259694, 'Down']
[2317545, 3198387, -1059476, -164278, 1499912, 2717255, 1123740, 1953047, 1481505, 1432377, 1541240, -115394, 2276497, 1995262, 564433, 1289364, 'Down']
[2321272, 3203195, -1041298, -147341, 1543419, 2740550, 1125495, 1959789, 1482241, 1435044, 1494915, -125325, 2216176, 1977533, 545810, 1254427, 'Down']
[2317784, 3198432, -1059755, -163770, 1500161, 2719847, 1122979, 1952545, 1480997, 1433437, 1556528, -108073, 2286647, 1998409, 575101, 1294655, 'Down']
[2321526, 3203372, -1041059, -148563, 1542756, 2736811, 1126593, 1959637, 1483562, 1434312, 1480443, -133261, 2206877, 1974671, 536055, 1249080, 'Down']
[2317319, 3197578, -1060188, -163243, 1500967, 2722876, 1122467, 1951456, 1479927, 1433595, 1569423, -101672, 2293743, 2000763, 583628, 1298263, 'Down']
[2321822, 3203363, -1041443, -149468, 1540603, 2732893, 1126678, 1959706, 1484275, 1433318, 1468856, -139929, 2200663, 1972530, 527401, 1245766, 'Down']
[2317712, 3197910, -1059268, -161756, 1503619, 2727362, 1122448, 1951695, 1479211, 1434346, 1579856, -95345, 2298233, 2002613, 591039, 1300789, 'Down']
[2322435, 3204114, -1041953, -150598, 1537150, 2728576, 1127399, 1960103, 1485480, 1432903, 1461863, -144686, 2198678, 1971844, 521926, 1245210, 'Down']
[2317783, 3198228, -1057765, -159772, 1507257, 2731329, 1121558, 1952274, 1479083, 1435370, 1585913, -90499, 2299071, 2002894, 596098, 1300913, 'Down']
[2322980, 3204377, -1043115, -152287, 1532456, 2724189, 1127423, 1958836, 1486132, 1432205, 1458396, -147346, 2199500, 1971863, 518370, 1245747, 'Down']
[2319250, 3199481, -1055135, -157071, 1512751, 2735689, 1122260, 1953052, 1479340, 1436444, 1587338, -87952, 2296133, 2002290, 598826, 1298907, 'Down']
[2323131, 3204254, -1044700, -153938, 1527869, 2720850, 1127832, 1959492, 1486342, 1432017, 1460112, -148133, 2204222, 1973590, 519327, 1248875, 'Down']
[2319563, 3199888, -1052713, -154793, 1518585, 2739175, 1122605, 1954086, 1479342, 1437650, 1584100, -87379, 2289834, 2000782, 599225, 1295264, 'Down']
[2322251, 3203261, -1047176, -156230, 1522060, 2717536, 1127473, 1958120, 1486400, 1432101, 1465603, -146677, 2211774, 1976406, 521584, 1253027, 'Down']
[2319228, 3199583, -1050903, -153136, 1524461, 2741910, 1122296, 1954169, 1479199, 1437369, 1576022, -90091, 2280460, 1998212, 595166, 1289678, 'Down']
[2320657, 3201401, -1050870, -159326, 1515961, 2715240, 1126223, 1956682, 1484999, 1430035, 1474895, -144951, 2222452, 1979247, 526094, 1259101, 'Down']
[2319429, 3200174, -1048927, -151497, 1529542, 2744064, 1122369, 1955638, 1478989, 1436443, 1563895, -95131, 2269275, 1994271, 588140, 1283286, 'Down']
[2319956, 3201016, -1053517, -161305, 1510530, 2713767, 1126104, 1955757, 1484103, 1430517, 1487373, -139962, 2234808, 1982610, 532955, 1265656, 'Down']
[2319866, 3201000, -1046547, -149932, 1534197, 2744832, 1122625, 1956178, 1479618, 1436296, 1548846, -100505, 2256327, 1990372, 580028, 1275476, 'Down']
[2320105, 3200662, -1055325, -162239, 1506077, 2713822, 1126465, 1955739, 1483749, 1431278, 1503379, -133034, 2248191, 1986886, 542369, 1273261, 'Down']
[2320983, 3201723, -1043962, -148482, 1538267, 2744916, 1123919, 1957610, 1480727, 1436259, 1532676, -107445, 2243064, 1986354, 570966, 1268304, 'Down']
[2319339, 3199721, -1057165, -163701, 1501724, 2714114, 1124385, 1952701, 1483074, 1431210, 1520054, -126042, 2261325, 1990844, 552578, 1280079, 'Down']
[2321645, 3202841, -1041922, -147458, 1541160, 2743014, 1124820, 1958425, 1482088, 1435820, 1515222, -115017, 2229617, 1981961, 559622, 1260235, 'Down']
[2318427, 3198652, -1059140, -164567, 1499629, 2715747, 1123671, 1952014, 1481410, 1431378, 1537132, -117403, 2273653, 1994756, 563004, 1286913, 'Down']
[2322388, 3203528, -1040804, -147193, 1543279, 2740479, 1126228, 1959510, 1482802, 1434880, 1498270, -123432, 2217937, 1978301, 548714, 1254056, 'Down']
[2318049, 3197930, -1060241, -164304, 1499277, 2718675, 1123497, 1951902, 1481104, 1432527, 1552899, -109422, 2284035, 1998498, 573684, 1292442, 'Down']
[2321761, 3202880, -1041878, -148322, 1542461, 2737251, 1125402, 1958572, 1483149, 1433575, 1483398, -131363, 2208554, 1975452, 538621, 1249104, 'Down']
[2317467, 3197199, -1061110, -163512, 1500303, 2722118, 1121134, 1951790, 1479590, 1433047, 1566707, -102657, 2292048, 2000428, 582161, 1296808, 'Down']
[2322203, 3203292, -1042077, -148899, 1541072, 2733693, 1124086, 1959485, 1483425, 1432704, 1471259, -138221, 2201771, 1973237, 529873, 1246041, 'Down']
[2317687, 3197188, -1060574, -162162, 1502502, 2725853, 1118296, 1951178, 1479286, 1433997, 1577384, -96241, 2296813, 2002020, 589587, 1299204, 'Down']
[2322640, 3203225, -1042469, -150119, 1538078, 2729242, 1123960, 1959515, 1484509, 1432164, 1462570, -143307, 2198110, 1971584, 522812, 1244076, 'Down']
[2318101, 3197282, -1058620, -159909, 1506533, 2730039, 1118390, 1952416, 1478880, 1434458, 1584421, -91042, 2298222, 2002149, 594900, 1300166, 'Down']
[2322909, 3203150, -1042842, -151152, 1534094, 2725440, 1125085, 1959606, 1485604, 1431350, 1458777, -146078, 2198460, 1971529, 518972, 1245271, 'Down']
[2318443, 3197349, -1056132, -157578, 1511005, 2734624, 1118598, 1951573, 1479050, 1435380, 1587581, -87579, 2296712, 2002066, 597561, 1299469, 'Down']
[2322710, 3202631, -1044785, -153324, 1528431, 2721492, 1124115, 1957782, 1485967, 1430538, 1459333, -147645, 2202431, 1972337, 516892, 1247813, 'Down']
[2319384, 3198141, -1053741, -155180, 1516939, 2738316, 1119221, 1952420, 1478899, 1436058, 1585402, -86937, 2291558, 2000614, 597143, 1296544, 'Down']
[2322753, 3202069, -1046854, -155483, 1523271, 2718326, 1124856, 1957218, 1486499, 1430595, 1463992, -147090, 2209527, 1974719, 518411, 1252089, 'Down']
[2319840, 3198743, -1051392, -153001, 1522645, 2741584, 1120365, 1953368, 1479476, 1436173, 1578507, -88949, 2283031, 1998450, 594098, 1291451, 'Down']
[2321912, 3201540, -1049487, -157533, 1517445, 2715731, 1125411, 1956228, 1486090, 1430193, 1472679, -144521, 2219388, 1977877, 522738, 1257760, 'Down']
[2320052, 3199293, -1049082, -150698, 1528373, 2743813, 1121864, 1954627, 1479586, 1436192, 1567525, -92197, 2271619, 1995183, 588776, 1285271, 'Down']
[2320970, 3200402, -1052308, -159367, 1512053, 2714162, 1124946, 1954643, 1485004, 1430103, 1484856, -139685, 2231109, 1981942, 529907, 1264625, 'Down']
[2320386, 3200115, -1046622, -148900, 1533775, 2744638, 1122456, 1955441, 1480070, 1435996, 1553074, -97500, 2258875, 1991385, 580987, 1277830, 'Down']
[2319969, 3199358, -1055069, -161226, 1507053, 2713660, 1124767, 1954297, 1484181, 1429976, 1499470, -133890, 2244170, 1985763, 539060, 1271552, 'Down']
[2320711, 3200681, -1044557, -147457, 1537868, 2744969, 1123189, 1956538, 1480787, 1435389, 1536974, -104888, 2245736, 1987542, 572418, 1270505, 'Down']
[2319259, 3198618, -1056889, -162041, 1503146, 2714152, 1124256, 1953439, 1483199, 1430194, 1516176, -126571, 2257802, 1989657, 549772, 1279584, 'Down']
[2321609, 3201698, -1042139, -146114, 1541415, 2744292, 1124758, 1958048, 1481701, 1435372, 1519961, -112369, 2232599, 1983468, 562353, 1263838, 'Down']
[2319019, 3198012, -1058401, -162492, 1501176, 2716194, 1124050, 1952554, 1482194, 1431246, 1533224, -118756, 2270238, 1994294, 560173, 1286601, 'Down']
[2322124, 3202290, -1041176, -145829, 1543511, 2742670, 1125578, 1958646, 1482698, 1434598, 1503111, -120176, 2220616, 1979795, 551429, 1257502, 'Down']
[2319082, 3198264, -1059296, -162177, 1500297, 2719034, 1123451, 1951875, 1481705, 1432168, 1549912, -110000, 2282015, 1998154, 571104, 1293299, 'Down']
[2322281, 3202878, -1040453, -146454, 1543563, 2739370, 1125296, 1959131, 1484012, 1434398, 1487386, -127727, 2209776, 1976226, 540868, 1250994, 'Down']
[2317636, 3197091, -1060369, -162986, 1499818, 2721888, 1121745, 1950540, 1480130, 1432472, 1564461, -102985, 2290104, 2000283, 579783, 1297135, 'Down']
[2322430, 3202980, -1040754, -148048, 1542356, 2735336, 1126521, 1958473, 1484381, 1432625, 1474037, -135744, 2202309, 1973533, 530470, 1246957, 'Down']
[2317447, 3196837, -1059631, -162100, 1502809, 2726341, 1122077, 1950824, 1479509, 1432133, 1575128, -97290, 2296017, 2002179, 587011, 1299843, 'Down']
[2322430, 3203064, -1041020, -149287, 1539995, 2731895, 1127278, 1958805, 1485443, 1431491, 1464343, -141809, 2198759, 1972320, 523469, 1245233, 'Down']
[2317121, 3196248, -1058680, -160799, 1505763, 2730369, 1121180, 1950127, 1479373, 1433328, 1582797, -92218, 2298735, 2002979, 593134, 1300826, 'Down']
[2321658, 3202136, -1042940, -151812, 1535502, 2727173, 1127317, 1958060, 1485189, 1430137, 1457877, -146682, 2197821, 1971539, 518698, 1244590, 'Down']
[2317165, 3196604, -1057347, -158982, 1510633, 2734619, 1121909, 1951128, 1478571, 1433542, 1585644, -89265, 2297211, 2002750, 596780, 1299547, 'Down']
[2321536, 3202205, -1044715, -153201, 1530978, 2723602, 1127819, 1958432, 1485382, 1429609, 1457178, -148239, 2200771, 1972839, 517548, 1246859, 'Down']
[2317463, 3197221, -1055229, -156460, 1516165, 2738340, 1122159, 1952660, 1478713, 1434837, 1584463, -87910, 2292027, 2001446, 597734, 1296602, 'Down']
[2320987, 3201573, -1047546, -155966, 1524962, 2719609, 1126647, 1956878, 1484908, 1428575, 1460508, -148515, 2206616, 1974302, 517959, 1250548, 'Down']
[2318587, 3198583, -1052592, -153906, 1521704, 2741215, 1122371, 1953146, 1478663, 1435018, 1578989, -88595, 2284108, 1998935, 595067, 1292088, 'Down']
[2321099, 3201466, -1049624, -157495, 1519267, 2716793, 1126974, 1957008, 1484982, 1429476, 1468593, -145718, 2215556, 1977123, 521780, 1255635, 'Down']
[2319325, 3199454, -1049844, -151548, 1527504, 2743526, 1121897, 1954040, 1478901, 1435997, 1569353, -91265, 2274106, 1996121, 590516, 1286416, 'Down']
[2320614, 3200815, -1052013, -159652, 1513648, 2714081, 1125184, 1954890, 1484876, 1429472, 1479988, -141534, 2227094, 1980707, 527684, 1261744, 'Down']
[2319382, 3199551, -1047582, -150202, 1532728, 2744510, 1121675, 1955048, 1479884, 1435612, 1555838, -96667, 2261137, 1992375, 582717, 1278343, 'Down']
[2319125, 3199016, -1055013, -161789, 1508148, 2713349, 1123899, 1953531, 1483977, 1428623, 1494449, -136473, 2240011, 1984549, 535646, 1268623, 'Down']
[2319584, 3199998, -1045670, -148684, 1537040, 2744995, 1122105, 1955345, 1479913, 1434685, 1539920, -103721, 2248276, 1988316, 573362, 1271137, 'Down']
[2318099, 3198260, -1057338, -162961, 1504106, 2713847, 1123387, 1951954, 1482889, 1429261, 1510524, -129405, 2253405, 1988783, 545212, 1276048, 'Down']
[2320149, 3200995, -1043449, -147039, 1541111, 2744761, 1123961, 1957260, 1480519, 1434038, 1522591, -111407, 2234549, 1984361, 563350, 1263625, 'Down']
[2317647, 3197314, -1058714, -163389, 1501820, 2715929, 1123236, 1952518, 1482291, 1430129, 1527706, -121253, 2265964, 1993281, 556872, 1283257, 'Down']
[2320575, 3201118, -1042088, -146801, 1543335, 2742764, 1124549, 1957743, 1481504, 1433235, 1505512, -119810, 2222101, 1980407, 553158, 1257102, 'Down']
[2317330, 3196953, -1059670, -163412, 1500936, 2718456, 1123920, 1952371, 1481308, 1430260, 1544328, -113933, 2277681, 1997094, 567590, 1289729, 'Down']
[2320832, 3201730, -1041300, -147163, 1544051, 2740545, 1125679, 1958721, 1482656, 1432735, 1489736, -127792, 2211441, 1977507, 542829, 1251680, 'Down']
[2317092, 3196762, -1060407, -163479, 1500156, 2721318, 1121626, 1950636, 1479929, 1430944, 1559364, -106429, 2287337, 1999881, 576598, 1295058, 'Down']
[2322203, 3203318, -1040188, -147264, 1542919, 2736532, 1126669, 1958299, 1483868, 1432229, 1476089, -134911, 2203485, 1974748, 532401, 1247265, 'Down']
[2317478, 3197272, -1059032, -161704, 1502257, 2725331, 1122692, 1950985, 1480563, 1432559, 1572372, -98618, 2294100, 2002376, 584982, 1298299, 'Down']
[2322012, 3203252, -1040626, -148595, 1540465, 2732278, 1127251, 1958842, 1484837, 1431293, 1466006, -140511, 2198838, 1973224, 524794, 1244620, 'Down']
[2316853, 3196788, -1058905, -160722, 1504924, 2728996, 1121689, 1950829, 1479040, 1432113, 1580778, -93280, 2297563, 2003337, 591681, 1299735, 'Down']
[2321804, 3202787, -1042237, -150549, 1536515, 2727619, 1127233, 1958474, 1485080, 1430201, 1458918, -145472, 2197156, 1972548, 519487, 1243901, 'Down']
[2317058, 3196617, -1057381, -158971, 1509237, 2732717, 1121941, 1951012, 1478804, 1433272, 1585274, -89740, 2296721, 2003234, 595592, 1299124, 'Down']
[2321343, 3202405, -1043820, -152561, 1532518, 2723754, 1128362, 1958680, 1485097, 1429208, 1456869, -148087, 2198456, 1972854, 517224, 1245059, 'Down']
[2317224, 3197416, -1055268, -156759, 1515028, 2737171, 1122663, 1952886, 1478303, 1433739, 1585339, -87838, 2292907, 2002345, 597999, 1296775, 'Down']
[2320378, 3201712, -1046342, -155090, 1526789, 2720647, 1127980, 1957910, 1485376, 1428673, 1459467, -148597, 2204055, 1974609, 518063, 1248547, 'Down']
[2317108, 3197556, -1053420, -154904, 1520091, 2740480, 1122372, 1952389, 1477802, 1433534, 1580565, -88483, 2286006, 2000181, 596208, 1292930, 'Down']
[2320314, 3201487, -1048399, -156863, 1521304, 2717454, 1128775, 1957564, 1484796, 1428121, 1465706, -147173, 2212309, 1976750, 520530, 1253287, 'Down']
[2318311, 3199147, -1049784, -152051, 1526601, 2743433, 1123634, 1954742, 1479116, 1434663, 1571999, -90780, 2276089, 1997927, 592322, 1287103, 'Down']
[2319662, 3200728, -1051013, -159101, 1514821, 2715179, 1126713, 1955608, 1484700, 1427876, 1476975, -142852, 2223804, 1980622, 526297, 1259792, 'Down']
[2318958, 3200062, -1047324, -149892, 1531689, 2744632, 1123815, 1955013, 1479244, 1434597, 1559582, -95045, 2264030, 1993883, 585149, 1280092, 'Down']
[2319082, 3200261, -1053343, -160642, 1509770, 2714179, 1126713, 1955167, 1484307, 1428457, 1491174, -137189, 2236071, 1984572, 534298, 1266851, 'Down']
[2319437, 3200871, -1044934, -148475, 1536588, 2745032, 1124255, 1956185, 1480322, 1434201, 1544626, -101590, 2250528, 1990146, 576497, 1272787, 'Down']
[2317910, 3198937, -1055880, -162613, 1505533, 2713672, 1125270, 1953394, 1483281, 1428553, 1506683, -131153, 2248645, 1988437, 543407, 1273533, 'Down']
[2319785, 3201335, -1042758, -147261, 1540755, 2744596, 1125115, 1957132, 1480675, 1433214, 1527454, -109498, 2236978, 1985601, 566079, 1265182, 'Down']
[2317306, 3198174, -1057500, -163375, 1502835, 2715176, 1125803, 1953143, 1482483, 1428954, 1524126, -123585, 2262462, 1992858, 553972, 1281607, 'Down']
[2319586, 3201288, -1041985, -147605, 1542582, 2742494, 1125041, 1957116, 1481088, 1432459, 1509740, -118218, 2224398, 1981570, 555227, 1258242, 'Down']
[2316801, 3197301, -1059163, -164100, 1500615, 2716824, 1124307, 1951249, 1481305, 1428828, 1539968, -116404, 2274287, 1995851, 563820, 1287554, 'Down']
[2320737, 3202338, -1040456, -146980, 1544301, 2740510, 1127094, 1959237, 1482602, 1431760, 1493322, -125826, 2213130, 1977909, 544582, 1251986, 'Down']
[2317366, 3197670, -1059211, -163178, 1500738, 2720127, 1124174, 1952388, 1480942, 1429731, 1555911, -107900, 2284144, 1999174, 574071, 1293189, 'Down']
[2321577, 3203111, -1039860, -147508, 1543942, 2737160, 1127246, 1959393, 1483905, 1431531, 1479392, -132990, 2203759, 1975351, 534728, 1247254, 'Down']
[2317414, 3197781, -1058986, -162313, 1502056, 2723895, 1123056, 1951286, 1480183, 1430688, 1569563, -100152, 2291495, 2001712, 582946, 1297213, 'Down']
[2322310, 3204024, -1040070, -148268, 1541852, 2733117, 1127737, 1959486, 1484849, 1430645, 1468550, -138791, 2198324, 1973310, 526788, 1244856, 'Down']
[2317158, 3197599, -1058567, -161364, 1504487, 2727422, 1122107, 1951011, 1479569, 1431668, 1579370, -94243, 2295484, 2003020, 590127, 1299147, 'Down']
[2321882, 3203603, -1041257, -150286, 1538387, 2728741, 1127606, 1959209, 1485277, 1429563, 1460493, -144255, 2195363, 1972625, 520357, 1243054, 'Down']
[2316673, 3196997, -1057733, -159805, 1508834, 2731613, 1121963, 1951187, 1478845, 1432152, 1584583, -90182, 2295819, 2003366, 594719, 1298800, 'Down']
[2320882, 3202474, -1043799, -152821, 1534100, 2724921, 1127545, 1958528, 1484826, 1428116, 1456581, -147673, 2196373, 1972542, 516761, 1243999, 'Down']
[2316894, 3197628, -1055818, -157658, 1514328, 2736216, 1122671, 1951963, 1478299, 1432521, 1585403, -88471, 2293258, 2002646, 596639, 1297286, 'Down']
[2319996, 3201586, -1046048, -155336, 1528648, 2721220, 1127209, 1957829, 1485003, 1427506, 1457588, -149321, 2201258, 1973718, 516062, 1246763, 'Down']
[2316775, 3197394, -1054133, -156094, 1519409, 2739798, 1121470, 1952904, 1477629, 1432217, 1581548, -89281, 2287381, 2000348, 595577, 1293506, 'Down']
[2320358, 3201345, -1048070, -157103, 1523224, 2718338, 1128030, 1957870, 1484879, 1426936, 1463180, -148357, 2209687, 1975996, 518691, 1251725, 'Down']
[2317909, 3198425, -1051011, -153405, 1525881, 2742415, 1123135, 1954543, 1478571, 1433628, 1573907, -90481, 2278424, 1997901, 592507, 1288256, 'Down']
[2319461, 3200402, -1050735, -159592, 1517272, 2715684, 1126710, 1956500, 1484769, 1426770, 1473248, -144792, 2220188, 1978784, 523549, 1257507, 'Down']
[2318240, 3199132, -1048841, -151679, 1530816, 2744826, 1122707, 1955132, 1478805, 1432720, 1562516, -94558, 2267341, 1994245, 585930, 1282072, 'Down']
[2319210, 3200314, -1053170, -161074, 1511803, 2714285, 1126282, 1955011, 1484325, 1426827, 1486954, -139418, 2232975, 1982710, 530581, 1264827, 'Down']
[2319787, 3201174, -1045631, -148918, 1536273, 2745384, 1123308, 1956254, 1480211, 1433698, 1548458, -99479, 2254002, 1990344, 577501, 1274634, 'Down']
[2319285, 3200329, -1054973, -161969, 1507561, 2714138, 1125586, 1954572, 1484311, 1428131, 1503131, -131752, 2245755, 1987108, 540091, 1272208, 'Down']
[2320584, 3202172, -1042978, -147256, 1541014, 2745269, 1125171, 1957951, 1481304, 1433346, 1532176, -106168, 2240598, 1986391, 567936, 1267377, 'Down']
[2318514, 3199300, -1056914, -162949, 1504155, 2714872, 1125172, 1953837, 1483344, 1428460, 1520000, -124289, 2258817, 1991075, 550774, 1279701, 'Down']
[2320382, 3201956, -1042001, -147254, 1543397, 2743945, 1125075, 1957974, 1481496, 1432118, 1514708, -114798, 2227353, 1982539, 557801, 1260457, 'Down']
[2317802, 3198269, -1058713, -163795, 1502057, 2716645, 1124196, 1952587, 1482322, 1428341, 1536606, -117365, 2271519, 1994455, 560962, 1286590, 'Down']
[2321323, 3202586, -1040809, -146862, 1545274, 2741609, 1125748, 1959312, 1482977, 1431629, 1497725, -123044, 2215616, 1978424, 546407, 1253498, 'Down']
[2316947, 3197069, -1060180, -164236, 1501576, 2719755, 1123640, 1951505, 1481065, 1428650, 1552441, -109204, 2282262, 1998123, 571026, 1291976, 'Down']
[2321576, 3202605, -1041303, -147956, 1544923, 2738379, 1126788, 1958870, 1483349, 1430057, 1482225, -131155, 2206595, 1975190, 536096, 1248314, 'Down']
[2317042, 3196659, -1060842, -163398, 1502597, 2723482, 1123193, 1951067, 1480426, 1429654, 1566012, -101429, 2290744, 2000705, 580476, 1296160, 'Down']
[2321652, 3202528, -1041773, -148807, 1543326, 2734710, 1125922, 1959553, 1484775, 1429621, 1470103, -137612, 2199984, 1973180, 528153, 1244651, 'Down']
[2316952, 3196577, -1060349, -161850, 1504660, 2727213, 1119508, 1951236, 1479568, 1430371, 1576538, -95554, 2295527, 2002123, 588371, 1298147, 'Down']
[2321725, 3202654, -1042485, -149920, 1539911, 2731133, 1124469, 1959266, 1484950, 1428897, 1461739, -142606, 2196782, 1972190, 521791, 1243226, 'Down']
[2317826, 3197258, -1058432, -159302, 1508233, 2731492, 1119515, 1951558, 1479616, 1432049, 1583993, -90043, 2297793, 2003005, 593937, 1299568, 'Down']
[2322334, 3202897, -1043328, -151206, 1535340, 2726123, 1124873, 1958626, 1486049, 1428430, 1457735, -145824, 2196754, 1971733, 517050, 1243381, 'Down']
[2317648, 3196898, -1057008, -157555, 1512741, 2735745, 1119115, 1951437, 1478796, 1432307, 1586479, -87350, 2294862, 2002456, 596112, 1297623, 'Down']
[2321745, 3201970, -1045237, -153182, 1530433, 2722817, 1125264, 1957795, 1486090, 1427829, 1458137, -147417, 2200591, 1973248, 515546, 1246139, 'Down']
[2317806, 3197152, -1054431, -155061, 1518545, 2739910, 1120126, 1952917, 1478772, 1432626, 1583809, -87137, 2289318, 2001393, 595241, 1294529, 'Down']
[2320890, 3200831, -1047815, -155564, 1524748, 2719875, 1125898, 1957597, 1485777, 1426862, 1462640, -147002, 2207989, 1975606, 516893, 1250659, 'Down']
[2317769, 3197086, -1052422, -153483, 1524135, 2742852, 1120072, 1953157, 1478511, 1432146, 1577028, -88842, 2281590, 1999024, 592031, 1290231, 'Down']
[2320265, 3200033, -1050462, -158225, 1518943, 2716693, 1126764, 1955926, 1485140, 1426065, 1471166, -145205, 2218149, 1978327, 520271, 1256176, 'Down']
[2319136, 3198499, -1049431, -151215, 1530227, 2744675, 1124518, 1954331, 1479482, 1432988, 1565905, -92830, 2270414, 1995189, 585952, 1283490, 'Down']
[2319829, 3199523, -1052811, -160047, 1513670, 2715009, 1128992, 1954830, 1485010, 1426626, 1483713, -140141, 2229965, 1981783, 527123, 1262781, 'Down']
[2318997, 3198973, -1047180, -149499, 1535148, 2745824, 1125704, 1955829, 1479662, 1432565, 1552417, -97888, 2257664, 1991328, 578566, 1276191, 'Down']
[2318897, 3198628, -1055551, -161762, 1507920, 2714528, 1127490, 1953743, 1483881, 1426562, 1499159, -133766, 2243171, 1985754, 536045, 1270189, 'Down']
[2320318, 3200591, -1044398, -147447, 1539565, 2746003, 1126571, 1957076, 1481029, 1432601, 1536536, -104393, 2244608, 1987478, 569233, 1268825, 'Down']
[2318493, 3198090, -1057335, -162487, 1504548, 2715344, 1126392, 1953240, 1483673, 1427157, 1516361, -125856, 2256675, 1990376, 546965, 1277521, 'Down']
[2319948, 3200553, -1043452, -147114, 1542198, 2744853, 1125913, 1957372, 1480948, 1431389, 1519391, -112249, 2231175, 1983128, 559221, 1261529, 'Down']
[2317162, 3196732, -1059850, -163805, 1501618, 2716538, 1124785, 1951699, 1482074, 1427182, 1532989, -118748, 2269319, 1993994, 557730, 1284510, 'Down']
[2320252, 3201039, -1042446, -147086, 1544414, 2742292, 1126467, 1958366, 1481597, 1430334, 1501844, -121200, 2219383, 1979459, 548721, 1255020, 'Down']
[2316877, 3196565, -1060561, -163511, 1501278, 2718604, 1124505, 1952053, 1481258, 1428276, 1548662, -111049, 2280292, 1997235, 568506, 1290213, 'Down']
[2320199, 3201254, -1041760, -147612, 1544731, 2739050, 1126878, 1959419, 1483115, 1429832, 1486153, -128944, 2208241, 1975924, 538545, 1249008, 'Down']
[2315672, 3195455, -1061295, -163662, 1501563, 2721844, 1123226, 1951350, 1479520, 1427943, 1562831, -103888, 2288515, 1999817, 578087, 1294883, 'Down']
[2320081, 3201475, -1041755, -148545, 1543408, 2735408, 1127769, 1959245, 1483147, 1428538, 1472892, -136420, 2201019, 1973544, 529913, 1245521, 'Down']
[2315621, 3195675, -1060550, -162336, 1503759, 2726258, 1123156, 1951599, 1478828, 1429372, 1574217, -97280, 2294316, 2002095, 586181, 1298121, 'Down']
[2321085, 3202399, -1041666, -149665, 1541182, 2731463, 1129384, 1960094, 1484660, 1428237, 1463182, -142227, 2196520, 1972470, 522055, 1243214, 'Down']
[2315837, 3195879, -1058949, -160941, 1507320, 2730520, 1123434, 1951361, 1478956, 1430489, 1582272, -91795, 2296527, 2003209, 591513, 1299070, 'Down']
[2320584, 3201549, -1043044, -151724, 1536784, 2727545, 1128440, 1958674, 1485261, 1427307, 1458178, -146247, 2196069, 1972082, 516920, 1243301, 'Down']
[2316879, 3196507, -1056732, -158137, 1512184, 2735139, 1123486, 1951769, 1478926, 1431198, 1586231, -88573, 2295413, 2003313, 594774, 1298466, 'Down']
