[2317930, 2726638, 863731, -260490, 829123, 1124351, -667904, -267981, 344446, 592282, 909679, 1470563, 1756312, 519570, 1225819, 824813, 'Down']
[2312162, 2727374, 863535, -261031, 829989, 1123362, -667926, -268286, 345348, 592518, 894897, 1461707, 1748075, 520400, 1222246, 827371, 'Down']
[2319424, 2726614, 864336, -261086, 829986, 1123344, -669554, -270480, 344742, 592150, 908911, 1469721, 1755932, 519080, 1225538, 825013, 'Down']
[2310448, 2726649, 863616, -260943, 830668, 1123526, -667480, -267297, 345545, 592215, 896174, 1461953, 1748993, 520200, 1222527, 827077, 'Down']
[2320964, 2726965, 865376, -260891, 830223, 1123426, -668481, -268930, 344734, 591947, 907261, 1468915, 1755701, 519481, 1225755, 825600, 'Down']
[2309344, 2726943, 863634, -260349, 830303, 1123956, -667568, -267697, 345683, 592578, 898205, 1463034, 1749624, 520774, 1223199, 827602, 'Down']
[2322327, 2727921, 865497, -260724, 829732, 1123246, -668546, -269868, 345224, 592572, 905465, 1467800, 1754151, 519419, 1224945, 825273, 'Down']
[2308782, 2727205, 863332, -260084, 829665, 1124176, -668068, -268031, 345750, 592738, 901161, 1464454, 1750441, 521029, 1223620, 827349, 'Down']
[2323036, 2729051, 865914, -260317, 829681, 1123503, -668411, -268930, 345642, 593183, 903801, 1466925, 1753038, 519793, 1224316, 825130, 'Down']
[2307858, 2727546, 862846, -259751, 829450, 1125145, -666097, -268369, 345864, 593347, 903592, 1465801, 1751411, 521361, 1224034, 826843, 'Down']
[2322260, 2729170, 864987, -260914, 829521, 1123712, -668034, -270196, 345640, 593198, 901046, 1465072, 1751508, 519738, 1223342, 824513, 'Down']
[2307420, 2727063, 861719, -260086, 829874, 1125102, -667442, -268616, 345140, 592735, 905611, 1466469, 1752696, 520822, 1224398, 826221, 'Down']
[2321001, 2729108, 864245, -261362, 831136, 1122914, -667533, -269949, 345706, 593200, 898357, 1463471, 1750250, 519796, 1222898, 824535, 'Down']
[2307371, 2726451, 861319, -260658, 830538, 1124753, -666804, -267830, 345209, 592562, 906356, 1467043, 1752807, 520370, 1224291, 824843, 'Down']
[2320072, 2729081, 863996, -261256, 831472, 1122876, -667315, -268642, 345242, 592554, 897174, 1462425, 1749550, 519166, 1222952, 825042, 'Down']
[2308292, 2726270, 861476, -260155, 830804, 1124842, -667569, -268415, 345061, 592604, 909076, 1468495, 1754360, 520044, 1225488, 825011, 'Down']
[2318654, 2728891, 864176, -260807, 831541, 1122617, -667919, -270755, 345651, 592918, 895935, 1461460, 1748904, 519443, 1222752, 825336, 'Down']
[2309928, 2726494, 861872, -259627, 830807, 1124646, -667596, -268267, 345060, 592639, 910795, 1469666, 1755724, 520140, 1226144, 825305, 'Down']
[2317416, 2729265, 863414, -260263, 831553, 1122472, -667996, -269302, 346048, 593234, 894870, 1461411, 1748678, 519695, 1222569, 826402, 'Down']
[2312311, 2726925, 862094, -259058, 830539, 1125170, -666738, -267375, 345262, 592952, 911477, 1470830, 1756346, 520457, 1226312, 825641, 'Down']
[2316258, 2729266, 863474, -260030, 830875, 1123256, -667964, -268550, 346569, 593756, 894199, 1461525, 1748041, 520446, 1222290, 827016, 'Down']
[2314291, 2727389, 861936, -259820, 830468, 1124223, -666980, -270461, 345349, 592880, 911489, 1471176, 1756587, 519684, 1226318, 825835, 'Down']
[2314514, 2728567, 862250, -261046, 830713, 1122699, -669026, -269877, 346105, 593039, 894046, 1461375, 1747811, 519922, 1222107, 826920, 'Down']
[2315971, 2727108, 861802, -260076, 830221, 1124534, -667123, -267145, 345161, 592551, 910580, 1470599, 1756301, 519437, 1225936, 824968, 'Down']
[2311827, 2728310, 861943, -260453, 831172, 1123200, -667235, -268942, 346344, 592998, 894301, 1461306, 1747945, 520485, 1222322, 826979, 'Down']
[2317154, 2726704, 862399, -260800, 830413, 1123700, -667780, -269980, 345408, 592621, 908653, 1470096, 1755800, 519353, 1225413, 823780, 'Down']
[2309562, 2727052, 861812, -260804, 830997, 1123165, -668251, -267408, 345742, 592274, 895282, 1461946, 1748810, 520209, 1222953, 827019, 'Down']
[2318760, 2726451, 862748, -260928, 830226, 1123603, -667381, -269976, 344998, 592011, 907501, 1468970, 1755535, 519388, 1225674, 824675, 'Down']
[2308768, 2726535, 861202, -260754, 830678, 1123373, -667551, -268843, 345677, 592074, 897117, 1462167, 1749092, 519999, 1223262, 827801, 'Down']
[2320603, 2727542, 863259, -260708, 830448, 1123404, -668243, -270131, 345282, 592107, 906027, 1467707, 1754465, 518814, 1225177, 825401, 'Down']
[2308000, 2726814, 861364, -260158, 830659, 1123873, -666266, -268794, 345978, 592679, 898951, 1463103, 1749919, 520906, 1223415, 827890, 'Down']
[2321626, 2727598, 863391, -260554, 829742, 1123365, -669417, -269879, 345321, 592452, 903636, 1466642, 1753303, 519317, 1224692, 825839, 'Down']
[2307801, 2726255, 861272, -259966, 829895, 1124228, -666652, -268325, 345583, 592419, 901059, 1464489, 1750942, 520820, 1223750, 827977, 'Down']
[2322464, 2728595, 864198, -260512, 829885, 1123229, -667625, -269237, 345675, 592619, 901756, 1465891, 1752614, 519367, 1224392, 826302, 'Down']
[2307462, 2726450, 861143, -260207, 829889, 1124068, -666508, -269117, 346183, 592855, 903455, 1466216, 1751923, 521045, 1224242, 827288, 'Down']
[2321660, 2728008, 863925, -261350, 830056, 1121788, -666929, -269485, 345627, 592334, 899157, 1464427, 1751075, 519378, 1223503, 825518, 'Down']
[2307303, 2725840, 861394, -260167, 829961, 1123831, -666273, -268302, 345542, 592352, 905144, 1466983, 1753104, 520605, 1224848, 826485, 'Down']
[2320813, 2727907, 864356, -261274, 830182, 1121943, -669876, -270058, 345619, 592404, 896885, 1463053, 1750363, 519447, 1222914, 825712, 'Down']
[2308107, 2725393, 861565, -260065, 829592, 1123945, -668403, -269321, 345200, 592300, 907281, 1467937, 1754133, 520652, 1224976, 826406, 'Down']
[2319626, 2727853, 864502, -260823, 830777, 1121523, -667041, -268894, 345856, 592608, 895036, 1461913, 1748914, 519700, 1222494, 826085, 'Down']
[2308574, 2725205, 861798, -259808, 829777, 1123578, -665987, -267609, 344895, 591938, 908776, 1469212, 1754764, 520335, 1225827, 826578, 'Down']
[2317463, 2727812, 863864, -260789, 830323, 1121702, -668145, -269704, 345648, 592271, 894051, 1461331, 1748450, 520278, 1222526, 827211, 'Down']
[2310091, 2725270, 861789, -259964, 829734, 1123766, -667810, -269445, 345073, 591842, 909321, 1469539, 1755381, 520368, 1225708, 826014, 'Down']
[2315936, 2727665, 863738, -260463, 830381, 1122115, -667600, -269453, 345882, 592049, 892674, 1460322, 1747731, 520043, 1221867, 827013, 'Down']
[2312710, 2725421, 862724, -259965, 829586, 1123850, -666361, -270172, 345161, 591861, 909900, 1469750, 1755609, 520418, 1225783, 825852, 'Down']
[2314775, 2727713, 863517, -260749, 830436, 1122084, -667494, -268373, 346047, 592095, 893123, 1460262, 1746991, 520384, 1222086, 827605, 'Down']
[2315050, 2726299, 863350, -259700, 830288, 1124091, -667323, -266956, 345647, 592291, 909718, 1469992, 1755019, 520269, 1225798, 825558, 'Down']
[2313079, 2727343, 863651, -260616, 830590, 1122661, -667179, -268681, 346211, 592446, 893421, 1460948, 1746463, 521030, 1222151, 827463, 'Down']
[2316591, 2726376, 863669, -259901, 830507, 1123587, -666294, -269434, 345444, 592229, 908999, 1469912, 1754626, 520145, 1225677, 824747, 'Down']
[2311135, 2726871, 863152, -260593, 830796, 1122218, -668223, -269073, 346142, 592242, 894187, 1461220, 1747050, 521331, 1222210, 827267, 'Down']
[2318436, 2726506, 863869, -260381, 829972, 1123324, -668149, -269472, 345134, 591857, 908147, 1469245, 1754605, 519632, 1225239, 824728, 'Down']
[2309297, 2727382, 862760, -259959, 830517, 1122681, -666706, -268088, 346193, 592575, 895734, 1461724, 1747623, 521368, 1222436, 827271, 'Down']
[2319923, 2727400, 864630, -260039, 830143, 1122416, -666855, -269820, 345594, 592363, 906001, 1468463, 1753843, 520029, 1224688, 824427, 'Down']
[2308384, 2726318, 862386, -260483, 830056, 1122317, -667076, -269575, 345941, 591993, 897712, 1462765, 1748574, 521062, 1222894, 827074, 'Down']
[2321243, 2727442, 864427, -260474, 829831, 1122527, -667979, -270202, 345568, 592048, 904348, 1466941, 1752908, 519480, 1224335, 824418, 'Down']
[2307595, 2726363, 862088, -259900, 829774, 1123419, -667383, -268495, 345867, 592168, 900096, 1463825, 1749227, 521248, 1223249, 826961, 'Down']
[2321605, 2727618, 864704, -260864, 829428, 1122291, -668879, -269666, 345459, 592050, 902279, 1466111, 1751590, 519939, 1223767, 824634, 'Down']
[2306618, 2725735, 861895, -260244, 829607, 1123645, -667499, -267275, 345364, 591701, 902123, 1464971, 1750058, 521035, 1223979, 827084, 'Down']
[2320866, 2727466, 864618, -261097, 829985, 1122375, -668369, -270086, 345075, 591395, 899989, 1464075, 1750098, 519186, 1223712, 825458, 'Down']
[2306483, 2725288, 862042, -260411, 829773, 1124121, -665598, -268553, 345460, 591771, 903895, 1465620, 1750831, 521175, 1224818, 826917, 'Down']
[2320765, 2727370, 864479, -261389, 830037, 1121727, -667021, -270168, 345091, 591448, 897682, 1462667, 1749164, 519394, 1223540, 825751, 'Down']
[2307170, 2724560, 862102, -260624, 829389, 1122974, -668076, -269208, 344897, 591407, 906205, 1466782, 1752060, 520662, 1225071, 826533, 'Down']
[2319045, 2726473, 864530, -262046, 829662, 1120024, -668660, -270614, 344935, 591207, 895675, 1461396, 1748024, 519135, 1222386, 825498, 'Down']
[2306858, 2723448, 861915, -260782, 828886, 1122975, -668689, -267210, 343971, 590724, 907009, 1467243, 1752572, 520239, 1224709, 825724, 'Down']
[2316727, 2724862, 864183, -262381, 829281, 1120249, -669219, -270214, 343860, 590318, 893538, 1460066, 1746369, 519186, 1221630, 825896, 'Down']
[2307022, 2721896, 861487, -261210, 828747, 1122792, -667642, -270995, 342904, 589457, 907927, 1467471, 1752609, 519623, 1224773, 825283, 'Down']
[2314083, 2723844, 863711, -262019, 829710, 1121109, -669193, -269065, 343693, 589926, 891523, 1458560, 1745314, 519340, 1220941, 825376, 'Down']
[2307881, 2720856, 862019, -261111, 828715, 1123759, -667138, -267411, 342229, 589119, 908077, 1467620, 1753448, 519390, 1225264, 824999, 'Down']
[2310857, 2722771, 863060, -262211, 829543, 1121663, -667297, -270186, 342682, 589260, 890919, 1458132, 1745275, 519407, 1221790, 826602, 'Down']
[2308202, 2720243, 861852, -261763, 828509, 1123528, -667030, -270662, 341608, 588699, 907399, 1467544, 1753459, 519385, 1225483, 824579, 'Down']
[2307873, 2721789, 862251, -262423, 828629, 1121890, -669573, -269530, 342260, 588767, 890117, 1457842, 1745082, 519563, 1221247, 826176, 'Down']
[2309875, 2720171, 862218, -261741, 828173, 1123170, -668877, -267466, 341354, 588305, 906286, 1467088, 1753795, 518973, 1224672, 824031, 'Down']
[2306369, 2721597, 862368, -262034, 828750, 1121458, -668950, -270593, 342331, 588822, 890739, 1458197, 1745791, 520102, 1221472, 826790, 'Down']
[2312344, 2721253, 863373, -260937, 828313, 1122969, -668795, -268822, 341769, 588873, 905969, 1467105, 1753636, 518893, 1224798, 824204, 'Down']
[2305542, 2722217, 863089, -260878, 829225, 1122579, -668306, -268510, 343298, 589951, 892763, 1459653, 1746044, 520626, 1221869, 826796, 'Down']
[2314511, 2721674, 864068, -261444, 828527, 1122246, -668919, -269726, 342143, 589248, 905638, 1467187, 1753053, 518908, 1224700, 824429, 'Down']
[2304145, 2721680, 862490, -261495, 828967, 1121498, -669272, -271001, 343043, 589258, 894822, 1460143, 1746671, 519968, 1221928, 826594, 'Down']
[2316089, 2722048, 864823, -261773, 828982, 1121319, -667866, -270454, 342289, 588843, 903884, 1465524, 1752554, 518356, 1224132, 824113, 'Down']
[2303331, 2721795, 862585, -261449, 828868, 1122057, -667632, -267827, 342946, 589284, 897422, 1461032, 1748318, 520027, 1222786, 826525, 'Down']
[2317007, 2723511, 864797, -261533, 828935, 1121945, -668861, -269548, 343051, 589695, 901686, 1464465, 1751748, 519237, 1223626, 824087, 'Down']
[2303316, 2722050, 862300, -261303, 828901, 1122610, -668193, -269233, 343587, 589821, 899170, 1462401, 1749313, 520452, 1222614, 826331, 'Down']
[2318092, 2723264, 864834, -262102, 828793, 1121426, -669890, -270114, 342984, 589291, 900165, 1463468, 1750796, 518390, 1223037, 824698, 'Down']
[2303574, 2721954, 862144, -260671, 828917, 1123844, -668299, -267666, 343357, 589580, 902434, 1463587, 1750331, 520143, 1223413, 826529, 'Down']
[2318543, 2724406, 865009, -261521, 828807, 1121987, -670280, -271017, 343346, 589850, 898604, 1462568, 1749626, 518960, 1222805, 825223, 'Down']
[2304995, 2722761, 862558, -259979, 828470, 1124236, -667876, -268323, 343497, 590211, 905225, 1465764, 1751154, 520426, 1224205, 826665, 'Down']
[2319101, 2725714, 865429, -260592, 829539, 1122023, -668324, -270258, 344335, 590684, 897103, 1462201, 1748056, 519508, 1222806, 826362, 'Down']
[2306875, 2723379, 862854, -259911, 828782, 1123859, -668788, -269104, 344471, 590552, 907178, 1467231, 1751881, 520615, 1224769, 826793, 'Down']
[2318892, 2726125, 865370, -261023, 828983, 1121794, -669126, -269160, 344875, 590846, 895318, 1461351, 1747016, 520102, 1222019, 826604, 'Down']
[2308859, 2723751, 862702, -260162, 828287, 1123645, -667288, -268026, 344598, 590771, 908216, 1468319, 1752522, 520663, 1224921, 826623, 'Down']
[2318275, 2726521, 864386, -261567, 828808, 1120457, -669952, -271426, 345282, 590810, 893801, 1460591, 1745968, 519704, 1221632, 827159, 'Down']
[2311103, 2724854, 862941, -260033, 828759, 1122824, -667631, -268981, 345282, 590852, 909077, 1468960, 1752962, 520265, 1224429, 825591, 'Down']
[2316827, 2726378, 864903, -261842, 828812, 1120208, -668941, -270165, 345581, 590494, 893574, 1460558, 1746005, 520017, 1221417, 827350, 'Down']
[2313089, 2724751, 863846, -260257, 828278, 1122570, -668827, -268292, 345013, 590176, 910575, 1469626, 1753935, 519836, 1225207, 825874, 'Down']
[2314903, 2727202, 865082, -260380, 829382, 1120892, -668519, -269428, 346473, 591019, 893399, 1460304, 1745652, 520584, 1221317, 827506, 'Down']
[2315170, 2725559, 865066, -259678, 828482, 1122993, -668579, -269459, 345993, 590911, 910601, 1470176, 1754330, 520270, 1225110, 825541, 'Down']
[2313618, 2726635, 865307, -260664, 829015, 1121328, -668964, -270281, 346593, 591054, 894679, 1460939, 1746431, 521316, 1221780, 828062, 'Down']
[2317775, 2725907, 865196, -259688, 828711, 1122686, -668843, -268568, 345712, 590734, 910847, 1470110, 1754906, 519821, 1225766, 826274, 'Down']
[2312448, 2727149, 864663, -259865, 829596, 1121827, -667528, -270088, 347301, 591984, 895388, 1461492, 1746764, 521651, 1222252, 828498, 'Down']
[2319862, 2726627, 865545, -259787, 828774, 1122297, -669217, -270129, 346155, 591381, 909599, 1469975, 1754298, 520358, 1225569, 826009, 'Down']
[2311096, 2727413, 864742, -259299, 829614, 1121798, -667603, -267303, 347439, 592018, 896992, 1462588, 1746984, 521654, 1222650, 828571, 'Down']
[2321577, 2727360, 866158, -259715, 828528, 1121950, -669142, -269515, 346535, 591591, 907915, 1469346, 1753306, 520384, 1225236, 826343, 'Down']
[2309370, 2727254, 863885, -259330, 828984, 1122349, -669033, -268906, 347111, 591677, 899361, 1463666, 1747763, 521862, 1223070, 828861, 'Down']
[2322036, 2727221, 865834, -260258, 828948, 1121937, -669775, -270688, 346436, 591345, 905887, 1467972, 1752071, 520616, 1224430, 825971, 'Down']
[2308283, 2726285, 863270, -259429, 829436, 1122931, -669157, -269207, 346717, 591304, 900976, 1464036, 1748407, 522334, 1223482, 828267, 'Down']
[2322603, 2727289, 865582, -260272, 829243, 1122060, -670019, -270159, 346199, 591251, 902852, 1466030, 1750821, 520389, 1223606, 825655, 'Down']
[2308040, 2725832, 862882, -259512, 829745, 1123243, -669197, -268692, 346209, 591277, 902671, 1465187, 1749299, 521967, 1223708, 827932, 'Down']
[2323113, 2727716, 865476, -260518, 830225, 1121334, -668695, -270551, 346201, 591280, 900852, 1465097, 1749948, 520577, 1223502, 826148, 'Down']
[2308483, 2725947, 862453, -259329, 829947, 1123359, -667284, -269218, 346483, 591205, 904875, 1466457, 1750468, 521978, 1224507, 827566, 'Down']
[2323057, 2728098, 865270, -260582, 830085, 1121376, -667635, -269722, 346230, 591059, 898884, 1463716, 1748927, 520712, 1223356, 826525, 'Down']
[2309466, 2726238, 861953, -259479, 829437, 1123143, -666740, -268561, 345867, 590878, 907518, 1467769, 1752140, 521632, 1225347, 827830, 'Down']
[2322435, 2729233, 864821, -260433, 829717, 1121288, -668234, -271152, 346804, 591618, 897039, 1462808, 1748062, 520863, 1222858, 826879, 'Down']
[2310603, 2727665, 861913, -258624, 829176, 1123927, -667132, -268515, 346636, 591710, 909338, 1469052, 1753058, 522238, 1225363, 827280, 'Down']
[2320993, 2729535, 864410, -260013, 829428, 1121781, -669083, -269746, 347508, 592287, 895316, 1462045, 1746763, 521223, 1221663, 827055, 'Down']
[2311435, 2726949, 861974, -259094, 829009, 1123784, -667785, -269721, 346431, 591482, 910617, 1470089, 1753406, 521394, 1225113, 827139, 'Down']
[2318948, 2729054, 863855, -260176, 830014, 1121565, -668230, -269787, 347235, 592002, 894849, 1461472, 1745975, 521120, 1221542, 827757, 'Down']
[2312916, 2726786, 862195, -259285, 829553, 1124103, -667131, -268041, 346346, 591450, 911736, 1470301, 1753494, 521351, 1225688, 827293, 'Down']
[2316621, 2728650, 863251, -260330, 830341, 1121975, -667824, -270589, 347061, 591583, 894971, 1460848, 1745451, 521197, 1222031, 828557, 'Down']
[2314479, 2726923, 862644, -259319, 830154, 1123783, -666463, -268645, 346731, 591616, 911643, 1470232, 1753721, 521158, 1225852, 826379, 'Down']
[2314310, 2728055, 863269, -260641, 830485, 1121688, -668403, -270349, 347421, 591601, 894812, 1460750, 1745256, 521290, 1222098, 828346, 'Down']
[2315901, 2726691, 863091, -259773, 829840, 1123628, -667281, -270037, 346319, 590898, 911584, 1470287, 1753922, 520655, 1225991, 826334, 'Down']
[2311957, 2727888, 862976, -260007, 831216, 1122446, -667416, -269128, 347595, 591584, 895423, 1461104, 1745606, 521452, 1222288, 828335, 'Down']
[2317888, 2727440, 863701, -259097, 830325, 1123730, -668031, -268234, 347074, 591422, 909767, 1469705, 1753687, 520290, 1225715, 825907, 'Down']
[2310535, 2727674, 862944, -260108, 830126, 1122224, -668118, -270509, 347758, 591708, 896086, 1461859, 1746285, 521662, 1222516, 828477, 'Down']
[2319585, 2727824, 864303, -259730, 830109, 1122771, -667170, -270663, 346849, 591272, 908576, 1469433, 1753214, 520096, 1225319, 825654, 'Down']
[2309360, 2727808, 862550, -259585, 830360, 1122726, -666746, -268190, 347513, 591607, 898245, 1462866, 1746963, 521650, 1223096, 828526, 'Down']
[2321071, 2728100, 864193, -259668, 830058, 1122864, -669511, -269150, 346851, 591605, 906671, 1468158, 1751941, 520309, 1224638, 825527, 'Down']
[2308434, 2726866, 862237, -259600, 830565, 1123035, -665995, -268477, 347021, 591523, 900497, 1463889, 1747702, 521850, 1223455, 828393, 'Down']
[2321848, 2727902, 864263, -260174, 830427, 1122206, -667468, -270828, 346658, 591556, 904999, 1466995, 1751040, 520318, 1224875, 826125, 'Down']
[2307597, 2726455, 861383, -259942, 830207, 1122831, -666983, -270436, 346348, 591097, 902477, 1464506, 1748457, 521804, 1224031, 828378, 'Down']
[2322363, 2728112, 863620, -260310, 830321, 1122450, -669256, -268324, 346424, 591381, 902110, 1465066, 1749757, 519947, 1223843, 826118, 'Down']
[2307771, 2725766, 860729, -260017, 829857, 1123834, -667633, -269106, 346159, 591136, 904160, 1465482, 1749467, 521558, 1224072, 828284, 'Down']
[2322179, 2727777, 863431, -261224, 830198, 1121575, -669647, -271715, 345914, 590753, 899970, 1463744, 1748638, 519572, 1223489, 826781, 'Down']
[2308163, 2725930, 860871, -259870, 829643, 1124105, -666523, -268868, 346028, 590880, 906204, 1466512, 1750257, 521182, 1224566, 827773, 'Down']
[2321855, 2728501, 863783, -260646, 830258, 1122097, -669318, -269827, 346783, 591257, 898082, 1462775, 1747383, 520402, 1223087, 827105, 'Down']
[2309239, 2725627, 861070, -259954, 829656, 1123710, -666544, -268862, 346243, 590889, 908273, 1467887, 1751224, 521215, 1224843, 827504, 'Down']
[2320798, 2728045, 863811, -260911, 830139, 1121335, -666712, -270192, 346469, 590954, 896305, 1461846, 1746412, 520227, 1222841, 827596, 'Down']
[2310593, 2725915, 861551, -259583, 829340, 1123696, -667290, -268814, 346243, 591017, 909650, 1468959, 1752127, 521002, 1225831, 827513, 'Down']
[2319558, 2728493, 864035, -260583, 829751, 1121632, -668351, -269858, 347008, 591565, 895043, 1461278, 1745303, 520392, 1222210, 827619, 'Down']
[2312146, 2726422, 862424, -259464, 829855, 1123949, -666909, -269882, 346667, 591547, 910772, 1469853, 1752321, 521227, 1225695, 826355, 'Down']
[2317825, 2728002, 863710, -260724, 830410, 1121752, -668770, -269549, 346992, 591160, 894669, 1460795, 1744740, 520674, 1222002, 827372, 'Down']
[2313798, 2726153, 862013, -259466, 829519, 1123856, -667844, -269143, 346113, 590814, 911896, 1470073, 1752685, 520770, 1225902, 826405, 'Down']
[2315741, 2727511, 863045, -260695, 829882, 1121519, -669056, -270215, 346944, 591055, 894317, 1460340, 1743800, 521208, 1221804, 827960, 'Down']
[2315771, 2725752, 862351, -260130, 829232, 1123296, -666309, -268396, 345566, 590072, 911150, 1469506, 1751999, 520140, 1225770, 826256, 'Down']
[2314270, 2727509, 862097, -260906, 829460, 1121624, -668926, -271358, 346515, 590612, 894640, 1460061, 1743626, 520566, 1222084, 828450, 'Down']
[2318254, 2726738, 862182, -260145, 828738, 1123070, -667580, -268326, 345681, 590547, 910862, 1469544, 1751975, 519843, 1225567, 826290, 'Down']
[2312838, 2727957, 861986, -260246, 829584, 1122012, -665818, -268537, 346909, 591034, 895808, 1460795, 1743780, 520907, 1222212, 828653, 'Down']
[2320140, 2727457, 863130, -259920, 829097, 1122320, -667724, -269994, 346374, 590713, 909941, 1468982, 1751490, 519891, 1225743, 826082, 'Down']
[2311263, 2727396, 862106, -259778, 829218, 1121743, -666945, -269484, 346895, 590833, 898392, 1461678, 1744870, 521293, 1223067, 829029, 'Down']
[2321866, 2727645, 863753, -259587, 829187, 1121768, -668169, -269501, 346402, 590669, 909102, 1468301, 1751165, 519897, 1225733, 826504, 'Down']
[2310384, 2727479, 862303, -258967, 829680, 1122288, -667014, -269114, 347118, 591218, 900420, 1463099, 1745853, 521733, 1223941, 829158, 'Down']
[2323377, 2728229, 864910, -259290, 830325, 1121952, -667178, -271198, 347249, 591778, 907194, 1468116, 1750464, 520406, 1225626, 826234, 'Down']
[2309714, 2727452, 862595, -258701, 830409, 1123172, -666859, -267142, 347493, 591644, 902679, 1464823, 1746970, 521815, 1224498, 828462, 'Down']
[2323511, 2728373, 865173, -259593, 829707, 1121888, -669137, -270017, 347275, 591531, 904846, 1467000, 1749236, 520535, 1224741, 825993, 'Down']
[2309024, 2727084, 862612, -258681, 829883, 1123269, -666225, -268395, 347410, 591347, 905302, 1466247, 1748135, 522145, 1225087, 828747, 'Down']
[2323447, 2728594, 865479, -259889, 829973, 1121956, -669146, -270342, 347492, 591195, 903333, 1465853, 1748544, 520664, 1224813, 826617, 'Down']
[2308528, 2726592, 862594, -258739, 829966, 1124053, -666751, -267709, 347517, 591106, 907560, 1467136, 1749295, 522561, 1225541, 828059, 'Down']
[2322468, 2728170, 865438, -260390, 830280, 1121607, -666729, -270336, 347910, 591301, 900921, 1464293, 1747302, 520696, 1224164, 826423, 'Down']
[2308481, 2725947, 862578, -259574, 830045, 1123616, -665581, -268780, 346995, 590335, 910027, 1467913, 1750300, 521166, 1226246, 828042, 'Down']
[2321131, 2728447, 865266, -260775, 830047, 1121546, -668455, -270140, 347734, 590862, 899312, 1462479, 1745884, 520258, 1223854, 827116, 'Down']
[2309426, 2725696, 862515, -259801, 829229, 1123284, -667432, -269341, 347108, 590601, 911160, 1468611, 1750787, 521224, 1226426, 827613, 'Down']
[2319852, 2728249, 864783, -260684, 829928, 1121071, -668635, -269987, 347738, 590916, 897286, 1461497, 1745255, 520393, 1223230, 827531, 'Down']
[2310480, 2725543, 862366, -259779, 828921, 1123343, -668815, -269441, 347060, 590644, 912190, 1469265, 1752213, 521136, 1226228, 826891, 'Down']
[2317950, 2727891, 864371, -260593, 829224, 1120916, -668824, -269971, 347751, 591121, 896654, 1460925, 1744960, 521004, 1222464, 827497, 'Down']
[2312420, 2726347, 862728, -258792, 829268, 1123627, -667513, -268432, 347071, 591374, 912859, 1470181, 1752287, 521861, 1225993, 826391, 'Down']
[2316940, 2728238, 864180, -259828, 829973, 1121671, -666858, -270869, 347538, 591842, 896060, 1461448, 1744255, 522197, 1222318, 827907, 'Down']
[2314773, 2726159, 862828, -259006, 829000, 1123627, -667715, -268124, 346218, 591205, 913542, 1470953, 1752464, 521684, 1226614, 826877, 'Down']
[2315193, 2727969, 863345, -260046, 829657, 1121802, -670293, -269650, 347119, 591521, 895745, 1461008, 1743506, 521871, 1222017, 828188, 'Down']
[2317488, 2726885, 863426, -259280, 829181, 1123330, -666321, -268785, 346326, 591295, 912101, 1470641, 1752132, 521418, 1225887, 826399, 'Down']
[2313893, 2727848, 863441, -260232, 829446, 1121345, -667360, -269422, 347031, 591336, 896640, 1461763, 1744236, 521868, 1222856, 829016, 'Down']
[2319155, 2726952, 863864, -259839, 828564, 1122365, -667665, -268874, 345884, 590556, 911689, 1470384, 1752202, 520620, 1226563, 826555, 'Down']
[2312171, 2727982, 863198, -259571, 829327, 1121996, -667601, -268814, 347329, 591502, 897297, 1462148, 1744231, 522147, 1222997, 828578, 'Down']
[2321173, 2727357, 864351, -259628, 828572, 1122753, -668311, -270277, 346273, 591062, 910047, 1469733, 1751239, 520781, 1226034, 826397, 'Down']
[2311004, 2727021, 862837, -259713, 829272, 1122571, -668298, -269861, 347043, 591268, 899270, 1462873, 1744750, 522338, 1223240, 829182, 'Down']
[2321977, 2727253, 864323, -259887, 828945, 1122251, -671079, -269118, 346249, 590610, 908335, 1468505, 1750112, 520616, 1225292, 826893, 'Down']
[2309663, 2726372, 862966, -259374, 829561, 1122759, -667540, -269459, 347110, 590872, 901383, 1463860, 1745467, 522514, 1223558, 829503, 'Down']
[2322933, 2727206, 865193, -259937, 829668, 1121824, -669807, -270218, 346494, 590353, 906519, 1467292, 1749298, 520643, 1225035, 827161, 'Down']
[2308957, 2725960, 862935, -259143, 829676, 1123295, -668281, -268155, 347420, 590892, 903486, 1464766, 1746236, 522938, 1223885, 828906, 'Down']
[2323799, 2727960, 865871, -259629, 830080, 1121669, -666597, -269121, 347412, 591065, 903952, 1465989, 1747800, 520756, 1224191, 826814, 'Down']
[2309301, 2726425, 863157, -259053, 829204, 1123335, -667718, -269886, 347798, 591527, 905840, 1466872, 1747465, 522487, 1224441, 828061, 'Down']
[2323575, 2728068, 865690, -260617, 829511, 1121392, -669067, -270077, 347302, 591213, 901978, 1465456, 1746682, 520897, 1223313, 826054, 'Down']
[2309000, 2725424, 862600, -259995, 829467, 1123013, -667987, -269561, 346994, 590592, 907863, 1467648, 1748215, 521781, 1224616, 827372, 'Down']
[2322626, 2727389, 865556, -260987, 829426, 1121165, -669319, -270851, 347136, 590363, 899888, 1463748, 1745572, 520521, 1223244, 826694, 'Down']
[2309194, 2725072, 862474, -259696, 828884, 1122674, -668325, -268878, 346619, 590037, 909903, 1468424, 1749855, 521454, 1225560, 827715, 'Down']
[2321228, 2727850, 865056, -260554, 829510, 1121240, -670273, -269665, 347477, 590840, 897355, 1462301, 1744619, 521110, 1222607, 827319, 'Down']
[2310760, 2724932, 862446, -259618, 829164, 1123466, -668470, -268742, 346358, 590257, 911050, 1469650, 1750561, 522255, 1225898, 828422, 'Down']
[2319525, 2727869, 864476, -259949, 830494, 1122155, -669284, -269478, 347280, 590703, 895753, 1461531, 1743717, 521508, 1222328, 828533, 'Down']
[2312517, 2725085, 862869, -259203, 829029, 1124430, -668140, -268797, 346754, 590652, 911188, 1470360, 1750882, 522479, 1225832, 828051, 'Down']
[2318488, 2726908, 864695, -260572, 829986, 1121565, -668328, -270938, 347283, 590535, 894703, 1461333, 1743430, 521751, 1222317, 828723, 'Down']
[2314345, 2724931, 863326, -259851, 828970, 1123298, -669771, -269544, 346284, 589752, 911662, 1470514, 1751802, 521216, 1226110, 827393, 'Down']
[2316839, 2727079, 864418, -260609, 829364, 1121320, -669231, -269492, 347353, 590299, 894979, 1460994, 1743929, 521613, 1222225, 828948, 'Down']
[2316625, 2725786, 863627, -259677, 828297, 1122947, -668653, -270091, 346477, 590007, 912103, 1470582, 1752161, 521193, 1226152, 826887, 'Down']
[2314912, 2727248, 864196, -260521, 828931, 1121765, -670505, -270586, 347666, 590727, 895619, 1461574, 1743482, 522007, 1222097, 828304, 'Down']
[2318223, 2725840, 864128, -259958, 828357, 1122785, -669276, -269566, 346231, 589853, 912137, 1470963, 1751961, 521065, 1226019, 826536, 'Down']
[2313123, 2727240, 864007, -259709, 829637, 1122080, -668206, -268535, 347881, 590805, 896313, 1462129, 1743544, 522400, 1222285, 828399, 'Down']
[2320182, 2726449, 864699, -259732, 828771, 1123125, -669292, -270115, 347107, 590536, 910358, 1470371, 1751270, 521344, 1225514, 825939, 'Down']
[2311257, 2726548, 863149, -260020, 829101, 1122583, -668169, -270748, 347716, 590540, 897750, 1462647, 1743922, 522329, 1222217, 828053, 'Down']
[2321438, 2726697, 864565, -260112, 828419, 1122814, -670266, -270463, 346607, 590097, 908652, 1469248, 1750222, 520776, 1224996, 825905, 'Down']
[2309854, 2726685, 862537, -259269, 829152, 1122966, -667590, -268289, 347307, 590526, 899438, 1463443, 1744500, 522495, 1222503, 828558, 'Down']
[2322398, 2727515, 864352, -259670, 828599, 1122726, -668472, -269409, 347095, 590748, 905874, 1468063, 1748905, 521564, 1223951, 825854, 'Down']
[2308802, 2726188, 862211, -259400, 828482, 1123762, -668266, -268139, 347451, 590593, 900802, 1464413, 1745134, 523434, 1222612, 828133, 'Down']
[2322695, 2727411, 864676, -260140, 828103, 1122482, -670356, -270759, 346620, 590051, 903883, 1466895, 1748057, 521289, 1223388, 826206, 'Down']
[2308487, 2725634, 862419, -259922, 828342, 1123159, -668441, -269412, 346952, 590113, 903682, 1465974, 1746616, 522622, 1223295, 827942, 'Down']
[2322802, 2727650, 865151, -260579, 828494, 1121442, -670530, -270645, 346764, 589879, 902079, 1465542, 1747026, 520483, 1223266, 826165, 'Down']
[2308588, 2725015, 862706, -260103, 827901, 1123328, -669487, -269819, 346837, 589997, 905722, 1467140, 1747768, 522109, 1223862, 827295, 'Down']
[2322459, 2727024, 865187, -260931, 828505, 1121355, -670395, -270863, 346475, 589620, 900203, 1464455, 1746110, 520244, 1223085, 826301, 'Down']
[2309346, 2724428, 862676, -260244, 828679, 1123168, -670499, -271387, 346750, 589939, 907869, 1468312, 1748698, 521923, 1224237, 826376, 'Down']
[2322306, 2727474, 865662, -260335, 829696, 1121503, -667276, -269005, 347074, 589987, 898425, 1463646, 1745096, 520739, 1222529, 825757, 'Down']
[2310759, 2724919, 862924, -259596, 828347, 1123503, -668303, -268166, 346734, 589878, 910327, 1469874, 1749985, 522076, 1225637, 826579, 'Down']
[2321269, 2727808, 865304, -260315, 828681, 1121350, -668229, -269902, 346863, 589932, 897529, 1463056, 1744533, 521412, 1222908, 827041, 'Down']
[2312089, 2725546, 863239, -259113, 827941, 1123899, -668919, -269671, 346632, 590074, 911647, 1470766, 1750984, 522075, 1225946, 826593, 'Down']
[2319821, 2728117, 865097, -259988, 828389, 1122126, -670855, -268963, 347417, 590517, 896125, 1462642, 1743454, 521880, 1222249, 827393, 'Down']
[2313816, 2725556, 863323, -259188, 827526, 1123693, -669141, -269753, 346505, 590121, 912655, 1471635, 1750930, 522133, 1225870, 826732, 'Down']
[2317818, 2727825, 864548, -259723, 828869, 1121568, -670296, -269937, 347517, 590801, 895202, 1462259, 1742497, 522238, 1221894, 827883, 'Down']
[2315989, 2725590, 863785, -259260, 828388, 1123186, -671012, -270702, 346534, 590342, 911764, 1471551, 1750635, 522236, 1225484, 826033, 'Down']
[2316377, 2727365, 864939, -259750, 829465, 1121820, -668438, -268733, 347587, 590833, 895101, 1462176, 1742220, 522415, 1221769, 828199, 'Down']
[2318017, 2726090, 865005, -259098, 828683, 1123426, -668162, -268608, 346625, 590486, 911945, 1471829, 1750835, 521925, 1225931, 826692, 'Down']
[2314150, 2727228, 864830, -259969, 829725, 1121731, -669476, -270018, 347442, 590751, 896156, 1462672, 1742354, 522839, 1221988, 828682, 'Down']
[2319499, 2726635, 865066, -259381, 829212, 1123059, -668817, -269993, 346500, 590182, 911588, 1471229, 1750450, 522045, 1225555, 826308, 'Down']
[2312224, 2727225, 863797, -259739, 829496, 1122585, -667645, -271491, 347325, 590535, 897747, 1463170, 1742980, 522913, 1222344, 828825, 'Down']
[2320507, 2727117, 864315, -259818, 828800, 1122989, -668490, -270724, 346366, 589911, 909758, 1470163, 1749917, 521423, 1225234, 826161, 'Down']
[2310425, 2727523, 862330, -259328, 829213, 1123204, -669021, -268949, 346932, 590326, 898732, 1463223, 1743530, 522962, 1222475, 828839, 'Down']
[2322174, 2727860, 863719, -259584, 828519, 1123526, -668360, -269981, 346231, 590361, 907716, 1468801, 1748552, 522002, 1224321, 826500, 'Down']
[2309420, 2727443, 861265, -259059, 828896, 1123987, -666659, -268086, 347263, 590787, 900357, 1464041, 1743784, 523518, 1222438, 828741, 'Down']
[2322852, 2727823, 863342, -260305, 828963, 1122404, -670107, -271660, 346531, 590198, 905392, 1467568, 1747586, 521533, 1223408, 826180, 'Down']
[2309009, 2726530, 861068, -259631, 829113, 1123696, -666390, -269015, 346998, 590165, 903002, 1465273, 1744841, 522876, 1222819, 828395, 'Down']
[2323169, 2727822, 863068, -260663, 829029, 1121797, -670249, -270243, 346841, 590131, 903692, 1466339, 1746362, 521503, 1223428, 826545, 'Down']
[2308237, 2725583, 860268, -260123, 829281, 1122850, -667556, -269768, 346502, 589642, 905027, 1466372, 1745902, 522142, 1223549, 828125, 'Down']
[2322494, 2727511, 862869, -260979, 829522, 1121188, -668514, -270994, 346441, 589715, 900746, 1464862, 1745303, 520548, 1222879, 826325, 'Down']
[2308170, 2725408, 860351, -259770, 829217, 1122965, -667731, -269134, 346741, 589986, 906189, 1467512, 1746924, 522052, 1224010, 827323, 'Down']
[2321613, 2727549, 863522, -260968, 828891, 1120641, -669871, -270468, 346567, 589641, 898604, 1463993, 1744305, 520641, 1222272, 826673, 'Down']
[2309360, 2725528, 860962, -259435, 828620, 1123161, -666997, -268762, 346545, 589556, 908680, 1468691, 1747866, 521932, 1224511, 827317, 'Down']
[2321320, 2727618, 863310, -260944, 829006, 1121219, -668631, -271277, 347161, 589956, 897213, 1462927, 1743172, 521232, 1222178, 827346, 'Down']
[2310478, 2725257, 860469, -260143, 828421, 1122942, -668305, -269566, 346377, 589338, 910543, 1469555, 1748777, 521751, 1224968, 827098, 'Down']
[2319537, 2727913, 862725, -260996, 829211, 1120976, -669600, -270723, 347037, 589769, 895934, 1461688, 1742469, 520984, 1221485, 827150, 'Down']
[2311721, 2724981, 860691, -260095, 828503, 1123680, -668092, -269448, 346087, 589246, 911518, 1470138, 1749481, 521406, 1225005, 826303, 'Down']
[2317566, 2727043, 862181, -261176, 829416, 1120930, -669386, -271629, 346822, 589663, 895032, 1461060, 1741540, 521274, 1221280, 827334, 'Down']
[2313782, 2725457, 860852, -259806, 828620, 1123426, -668371, -269828, 345973, 589348, 911593, 1470370, 1749954, 521215, 1225082, 826319, 'Down']
[2316300, 2727230, 862100, -260644, 829010, 1122151, -669512, -269635, 346908, 589995, 894596, 1461180, 1741630, 521904, 1221316, 828176, 'Down']
[2315923, 2725852, 861806, -259456, 829183, 1124260, -666309, -268509, 346380, 589727, 911347, 1470633, 1750027, 521577, 1225239, 826388, 'Down']
[2314267, 2726944, 862206, -260814, 828822, 1121641, -668909, -270783, 347082, 589896, 895040, 1461573, 1741844, 521905, 1221687, 828640, 'Down']
[2317497, 2726111, 862142, -259860, 828461, 1122907, -668840, -269578, 345900, 589332, 911011, 1470532, 1750072, 521082, 1225032, 826165, 'Down']
[2312602, 2727437, 862428, -259893, 829178, 1122315, -667493, -269907, 347303, 590306, 895797, 1462029, 1742018, 522545, 1221363, 828466, 'Down']
[2319719, 2727047, 863506, -259335, 828615, 1123126, -666673, -268791, 346773, 590017, 910233, 1470439, 1749665, 521222, 1224910, 825832, 'Down']
[2311016, 2726775, 862345, -260002, 828788, 1122852, -669200, -270847, 347480, 590136, 897760, 1462775, 1742317, 522889, 1222008, 828437, 'Down']
[2321098, 2726530, 863461, -260060, 828606, 1122875, -667906, -269371, 346435, 589512, 908849, 1469068, 1748419, 521166, 1224447, 825874, 'Down']
[2309875, 2725907, 861451, -260104, 828686, 1123063, -668947, -269307, 346970, 589647, 899807, 1463225, 1742855, 522847, 1222465, 828837, 'Down']
[2321750, 2726957, 862884, -259980, 828666, 1122144, -668690, -270603, 346502, 589283, 906633, 1467564, 1747589, 521076, 1223856, 826304, 'Down']
[2308986, 2725580, 861516, -259789, 829207, 1122571, -667782, -270268, 347374, 589825, 900985, 1464144, 1743790, 523417, 1222083, 828225, 'Down']
[2322875, 2726808, 863842, -260365, 829217, 1121570, -669543, -272592, 346774, 589613, 904423, 1466738, 1746442, 521392, 1223090, 826540, 'Down']
[2308900, 2725108, 861671, -259521, 829346, 1123530, -667889, -268828, 347221, 589949, 903472, 1465808, 1744577, 523230, 1222729, 828302, 'Down']
