[2537807, 1812427, 567616, -390067, 435319, 981916, -344336, -179050, 293082, 368338, 1362240, -58647, 1299976, -644638, -589025, 813230, 'Down']
[2654466, 1833990, 608560, -380424, 435110, 990285, -349225, -182192, 290717, 372296, 1405034, -27782, 1309327, -649468, -574214, 820719, 'Down']
[2537766, 1810856, 567302, -390892, 435264, 981067, -343208, -177530, 292666, 368780, 1378539, -54956, 1307247, -645189, -586726, 819965, 'Down']
[2653370, 1835391, 608789, -379262, 435520, 991529, -349129, -182805, 291183, 372358, 1388728, -31641, 1301885, -648765, -576666, 813437, 'Down']
[2541922, 1809547, 568442, -391500, 435571, 979942, -341916, -178030, 291978, 368525, 1395976, -51143, 1315184, -646332, -583271, 827370, 'Down']
[2647905, 1835916, 607078, -378242, 435502, 992537, -350038, -180190, 291803, 372076, 1372407, -36590, 1294889, -647738, -579479, 806673, 'Down']
[2548268, 1808797, 570355, -391969, 434812, 979415, -342565, -178287, 290920, 368640, 1412610, -46335, 1322440, -647350, -579671, 834377, 'Down']
[2638704, 1835760, 604112, -377555, 435902, 993212, -348875, -181575, 292289, 372091, 1356060, -41700, 1288489, -646581, -583101, 799843, 'Down']
[2557286, 1808864, 573402, -391921, 434832, 979007, -342385, -179800, 290046, 368698, 1427118, -41022, 1328673, -648435, -576215, 839392, 'Down']
[2627417, 1834821, 600571, -377211, 436696, 993655, -347785, -179027, 293040, 371749, 1341909, -46862, 1283349, -645513, -585486, 794252, 'Down']
[2570091, 1809969, 578082, -391572, 434441, 979461, -343356, -179495, 289525, 369040, 1438554, -35997, 1333273, -649352, -572892, 843458, 'Down']
[2614063, 1832941, 595953, -377767, 436332, 992838, -348375, -179896, 293562, 371164, 1331953, -51750, 1280093, -644959, -588520, 791037, 'Down']
[2583688, 1812282, 582791, -390298, 434497, 980239, -344397, -178814, 289462, 369907, 1447047, -31158, 1335895, -649995, -571231, 845232, 'Down']
[2599401, 1830952, 590704, -378689, 436674, 991817, -346998, -179430, 294166, 371069, 1326461, -55115, 1278537, -644129, -590798, 789109, 'Down']
[2599127, 1815414, 588026, -389089, 434541, 981092, -344065, -180497, 289322, 370383, 1451356, -27233, 1336480, -650604, -569573, 845364, 'Down']
[2584380, 1827980, 585189, -379997, 436592, 990664, -346652, -178538, 294224, 370560, 1325127, -57993, 1279033, -643717, -592729, 789561, 'Down']
[2614104, 1818664, 593469, -387385, 434749, 982469, -345404, -180757, 289341, 371239, 1451316, -24623, 1334730, -650830, -568846, 843201, 'Down']
[2568882, 1823875, 579834, -381813, 436479, 988877, -345529, -178270, 294019, 369985, 1327364, -60275, 1280967, -643772, -593226, 790711, 'Down']
[2627339, 1822171, 598622, -385591, 434837, 984421, -346480, -180866, 289030, 371185, 1447375, -23534, 1331582, -651104, -568770, 838837, 'Down']
[2555558, 1820155, 574988, -383702, 437133, 987347, -343589, -177401, 293835, 369529, 1333608, -61380, 1285220, -643698, -592756, 793320, 'Down']
[2638901, 1825800, 603104, -383263, 435323, 986887, -346517, -180408, 289175, 371565, 1439493, -23180, 1327223, -650745, -568585, 833145, 'Down']
[2545486, 1816155, 571216, -385661, 436265, 985334, -343519, -177607, 293369, 368859, 1342785, -61230, 1290646, -643958, -591648, 798109, 'Down']
[2647057, 1828788, 606154, -381568, 434623, 988192, -349586, -182308, 289352, 371570, 1427492, -24335, 1321397, -650755, -570626, 826989, 'Down']
[2539205, 1813036, 568634, -387544, 436108, 983266, -342774, -177880, 293000, 368521, 1354275, -59991, 1296961, -644522, -590641, 803719, 'Down']
[2651428, 1832390, 607646, -379751, 435851, 989977, -348465, -181306, 290015, 371953, 1413200, -26452, 1314692, -650133, -572567, 819501, 'Down']
[2536739, 1811428, 566980, -389205, 435873, 981989, -343086, -177219, 293033, 368844, 1369151, -56884, 1304374, -644736, -587943, 809810, 'Down']
[2652334, 1834496, 608343, -378696, 435363, 991046, -350171, -180984, 290799, 372279, 1397382, -29436, 1307068, -649398, -575140, 811833, 'Down']
[2538574, 1809970, 567700, -390014, 435416, 980637, -340410, -177596, 292547, 368857, 1385726, -52895, 1312026, -645567, -584559, 817627, 'Down']
[2649285, 1836176, 608046, -376986, 435771, 992928, -349712, -180474, 291805, 372839, 1379923, -33189, 1299597, -648014, -577484, 804623, 'Down']
[2543796, 1809488, 569338, -390343, 435261, 980265, -342846, -178607, 291728, 368970, 1402557, -48039, 1319562, -646526, -581160, 824716, 'Down']
[2642591, 1836160, 605498, -376631, 436055, 993388, -348798, -181108, 292247, 372403, 1363149, -38450, 1292378, -647146, -581181, 797359, 'Down']
[2551875, 1808731, 571917, -390841, 435395, 980048, -342006, -177436, 290615, 368916, 1417985, -43278, 1326028, -647620, -577825, 830690, 'Down']
[2632433, 1835107, 602350, -376528, 436483, 994018, -349180, -179162, 292300, 371930, 1347387, -44276, 1286499, -646056, -584350, 791726, 'Down']
[2561766, 1809003, 575016, -391116, 434769, 979844, -343248, -178496, 289657, 369142, 1430777, -38412, 1331310, -648496, -575224, 835191, 'Down']
[2619522, 1833782, 597539, -377294, 436772, 993571, -347789, -179965, 292521, 371078, 1334525, -50010, 1281717, -645635, -587826, 786251, 'Down']
[2574639, 1810927, 579336, -390834, 434699, 980042, -341702, -179706, 289111, 369604, 1440793, -33666, 1335013, -649755, -572284, 837750, 'Down']
[2605264, 1831761, 592530, -378209, 436557, 992627, -347167, -178654, 292864, 370827, 1326000, -54390, 1278980, -644964, -590078, 783515, 'Down']
[2589050, 1813625, 584141, -389403, 434981, 981015, -344664, -178997, 288600, 370108, 1446142, -29515, 1336180, -650351, -570377, 839148, 'Down']
[2590367, 1829281, 587324, -378968, 436764, 991733, -346855, -178578, 293528, 370686, 1321760, -57308, 1278383, -643934, -591876, 782905, 'Down']
[2604991, 1816894, 590088, -387812, 434420, 982152, -344575, -180520, 288784, 370840, 1448658, -25873, 1335926, -650499, -568939, 838448, 'Down']
[2575834, 1825896, 582129, -380377, 436803, 990056, -345689, -176957, 293727, 370192, 1322516, -59525, 1280122, -643761, -592600, 784751, 'Down']
[2619937, 1820033, 595765, -386375, 434460, 983023, -348371, -181375, 288523, 370906, 1446232, -24119, 1333922, -651474, -568495, 836377, 'Down']
[2561622, 1822471, 577620, -381710, 436982, 988330, -343614, -176415, 293816, 369953, 1326292, -60928, 1283332, -643744, -592779, 787313, 'Down']
[2632502, 1824557, 601198, -383282, 435048, 985681, -346320, -180483, 289456, 371876, 1440951, -22462, 1330390, -650723, -567761, 832172, 'Down']
[2549901, 1818398, 573621, -383846, 436416, 986218, -344209, -177344, 293730, 369647, 1334340, -60835, 1288216, -643806, -591739, 791318, 'Down']
[2641774, 1827652, 604670, -381433, 435337, 987732, -346914, -180338, 289325, 372090, 1430756, -23091, 1324891, -650601, -568809, 826594, 'Down']
[2540970, 1814967, 569354, -385569, 436316, 984982, -342541, -176666, 293195, 369257, 1344070, -60378, 1293263, -643689, -590465, 796449, 'Down']
[2648791, 1830520, 606842, -380079, 435389, 989975, -349344, -180339, 289567, 372484, 1417314, -24640, 1318147, -649990, -570633, 819519, 'Down']
[2536893, 1811528, 567446, -388386, 435693, 982544, -341615, -177561, 292034, 368346, 1356964, -59046, 1300446, -645048, -588938, 803191, 'Down']
[2651632, 1832604, 608104, -379179, 435447, 990784, -349553, -181023, 289512, 372024, 1402035, -27767, 1311243, -650024, -572767, 812579, 'Down']
[2536556, 1809833, 566844, -389444, 435820, 981679, -342476, -176476, 291530, 368229, 1372109, -55823, 1307715, -645665, -586228, 809417, 'Down']
[2650420, 1834609, 607959, -377681, 435976, 992653, -349097, -180159, 290670, 372540, 1385479, -31013, 1303673, -648671, -575392, 804222, 'Down']
[2539854, 1808932, 568005, -390079, 435626, 980964, -342297, -175748, 291251, 368795, 1389203, -51123, 1315415, -646372, -582871, 816297, 'Down']
[2646086, 1835636, 607132, -376674, 435811, 993667, -349644, -179978, 291635, 372838, 1368986, -35243, 1296567, -647656, -578495, 797090, 'Down']
[2546232, 1808453, 570444, -390390, 435164, 980587, -341300, -176694, 290886, 369210, 1405984, -45612, 1322722, -647033, -579377, 823380, 'Down']
[2637694, 1835729, 604679, -376231, 436364, 993820, -347565, -179745, 292354, 372587, 1352950, -40384, 1289880, -646592, -581553, 791028, 'Down']
[2555456, 1809004, 573388, -390761, 434764, 979703, -343180, -177254, 290385, 369565, 1420912, -40236, 1329202, -647960, -575931, 829216, 'Down']
[2627063, 1835529, 600780, -376017, 436173, 993484, -348381, -178755, 293049, 372401, 1339160, -45417, 1284697, -645608, -585448, 785313, 'Down']
[2567919, 1810767, 577338, -390434, 434447, 979439, -343865, -179115, 290123, 370473, 1433221, -34475, 1333514, -648739, -573178, 832962, 'Down']
[2614598, 1833788, 596254, -377171, 436345, 992936, -347770, -178459, 293475, 372099, 1329098, -50117, 1280979, -644868, -587772, 781996, 'Down']
[2581365, 1811960, 582104, -390468, 434349, 979936, -345399, -178093, 289045, 370242, 1441610, -30525, 1336173, -649946, -570435, 836075, 'Down']
[2599015, 1830560, 591096, -378690, 436688, 992361, -346502, -177856, 293301, 370763, 1322155, -54876, 1279298, -644549, -590120, 780401, 'Down']
[2595527, 1813843, 587514, -389781, 434605, 981170, -344078, -180354, 288711, 369996, 1445904, -27679, 1336997, -650660, -568101, 835876, 'Down']
[2582401, 1826532, 585437, -380262, 436622, 991382, -345860, -177107, 292951, 369780, 1320127, -58765, 1279527, -644164, -591084, 779886, 'Down']
[2609131, 1816641, 592935, -387835, 434863, 983200, -345900, -178813, 287993, 370078, 1445869, -25345, 1335714, -650776, -567078, 834220, 'Down']
[2566532, 1822017, 580376, -382183, 437216, 989736, -343924, -177072, 292503, 368806, 1322358, -60780, 1281898, -643998, -591236, 781991, 'Down']
[2622498, 1819215, 598650, -386546, 434622, 984651, -346684, -179481, 287379, 369812, 1442789, -24031, 1332962, -651356, -566704, 831333, 'Down']
[2552887, 1817639, 575383, -384317, 436285, 987715, -345109, -176723, 291740, 367915, 1328385, -62141, 1285944, -644304, -591689, 786279, 'Down']
[2633644, 1822540, 602278, -384354, 434434, 986345, -347905, -181273, 287255, 370421, 1435094, -23560, 1328603, -651119, -568012, 826604, 'Down']
[2542175, 1813456, 570983, -386033, 435702, 985345, -343307, -176986, 291061, 367748, 1337185, -61650, 1291016, -644513, -591044, 790625, 'Down']
[2642046, 1825991, 605419, -382048, 434674, 988497, -349114, -180244, 287255, 371113, 1424000, -23730, 1322727, -650538, -569061, 820587, 'Down']
[2535364, 1809917, 568159, -388098, 435630, 983813, -344028, -175952, 290729, 367564, 1349219, -59990, 1297536, -644602, -589248, 796609, 'Down']
[2645421, 1827545, 606665, -381261, 435236, 989870, -349541, -180494, 287473, 370507, 1409868, -26578, 1315980, -650387, -571089, 813656, 'Down']
[2531111, 1806393, 566098, -390466, 435503, 982038, -341509, -176147, 289247, 366170, 1362490, -58824, 1304300, -645981, -587113, 803083, 'Down']
[2645061, 1829291, 606782, -379989, 435248, 991694, -349522, -179999, 287279, 370096, 1392558, -30604, 1307982, -649759, -573474, 806126, 'Down']
[2531330, 1804476, 565930, -391659, 434953, 981146, -342867, -176615, 288446, 366211, 1377968, -55422, 1311486, -646335, -584134, 809859, 'Down']
[2641880, 1830518, 606402, -378906, 435726, 992900, -348606, -180244, 287458, 370119, 1375282, -35020, 1300282, -648940, -576413, 798847, 'Down']
[2535741, 1803933, 567348, -392282, 434971, 980366, -341648, -176927, 287547, 366599, 1394369, -50504, 1318958, -647118, -580750, 817411, 'Down']
[2635499, 1830966, 604147, -378657, 435376, 993074, -349345, -180401, 288463, 370188, 1357689, -39754, 1292896, -647863, -580146, 790931, 'Down']
[2543711, 1803750, 569828, -393008, 433980, 979475, -345093, -177929, 286674, 366446, 1409920, -45453, 1325635, -648537, -578215, 823204, 'Down']
[2626450, 1831120, 600817, -378263, 435857, 993463, -348585, -179051, 289025, 369905, 1342422, -45032, 1286589, -646799, -584244, 784959, 'Down']
[2555433, 1805341, 573600, -392631, 434079, 979366, -344849, -177742, 286423, 367361, 1424211, -39550, 1331173, -649202, -574842, 828760, 'Down']
[2615246, 1830691, 597317, -378349, 435906, 993094, -347571, -178972, 289907, 369975, 1330969, -49691, 1282436, -645993, -587413, 781048, 'Down']
[2568493, 1807648, 578235, -392080, 434426, 979394, -343656, -179087, 286591, 368050, 1435199, -34095, 1334971, -650272, -571926, 832291, 'Down']
[2602100, 1828973, 592671, -379695, 436011, 991821, -348491, -179057, 291035, 369751, 1322805, -53784, 1279615, -645381, -589619, 777962, 'Down']
[2583057, 1809857, 583323, -391911, 434196, 979583, -345130, -179535, 286238, 368082, 1441389, -30355, 1337152, -651570, -570354, 833262, 'Down']
[2586953, 1826237, 587406, -380901, 436842, 991079, -346581, -177973, 291140, 368933, 1317721, -57741, 1279761, -645149, -591052, 776961, 'Down']
[2598546, 1813493, 589033, -390123, 434496, 981389, -345629, -180738, 286790, 369098, 1443442, -26891, 1337459, -651343, -568207, 832454, 'Down']
[2572682, 1823396, 582384, -382426, 436427, 990002, -347180, -177210, 291683, 368544, 1318023, -60276, 1281284, -644549, -591867, 777751, 'Down']
[2613539, 1817286, 594742, -388334, 434844, 983289, -346970, -179316, 286811, 369471, 1442014, -24919, 1335540, -651644, -567425, 830441, 'Down']
[2559223, 1820016, 577318, -384244, 436470, 987926, -345366, -177410, 291747, 368163, 1321530, -61832, 1284479, -644411, -591826, 781222, 'Down']
[2626668, 1821812, 598987, -386081, 434986, 985027, -348313, -180199, 287417, 370284, 1436338, -23806, 1332134, -651345, -567733, 826600, 'Down']
[2547584, 1817159, 572082, -385702, 436715, 986277, -342768, -176836, 292339, 368577, 1328771, -61748, 1288998, -643953, -591325, 784468, 'Down']
[2638712, 1826064, 602992, -384014, 435151, 986985, -348242, -180440, 288092, 371248, 1427806, -23097, 1326939, -650959, -568113, 821015, 'Down']
[2540462, 1814722, 569008, -387388, 436196, 984201, -343529, -177157, 292477, 368841, 1339725, -60252, 1294666, -644090, -590301, 789992, 'Down']
[2646204, 1830667, 606005, -381467, 435053, 988514, -348604, -180366, 289257, 372531, 1416394, -23330, 1321157, -650089, -569583, 814578, 'Down']
[2536317, 1812582, 567667, -388833, 435493, 982485, -343564, -176789, 292101, 368969, 1353540, -57571, 1301851, -644546, -588173, 796664, 'Down']
[2649559, 1833413, 607508, -379613, 435485, 990451, -348664, -179827, 289728, 372879, 1401873, -25671, 1314397, -649353, -571709, 808329, 'Down']
[2534779, 1810260, 566898, -389961, 435783, 981497, -343700, -176822, 291645, 369217, 1368445, -54489, 1309181, -644641, -585453, 803569, 'Down']
[2648312, 1834844, 608119, -378301, 436004, 992237, -350482, -180429, 290327, 373018, 1385373, -29422, 1307002, -648078, -574677, 800748, 'Down']
[2537420, 1808881, 568205, -391120, 435472, 980581, -344240, -177343, 290894, 368744, 1385014, -50741, 1317258, -645712, -582621, 811038, 'Down']
[2644150, 1836026, 607405, -377553, 436665, 993322, -348755, -179434, 291241, 372803, 1368376, -34042, 1300073, -647137, -577112, 793598, 'Down']
[2543972, 1808409, 569791, -391990, 435112, 979698, -343724, -178098, 290721, 369132, 1401566, -45530, 1324589, -646361, -578795, 817577, 'Down']
[2637352, 1835708, 604240, -377873, 435766, 993148, -351065, -180090, 291714, 372467, 1352565, -39455, 1292972, -646541, -581596, 786308, 'Down']
[2553563, 1809074, 572355, -392291, 434553, 979219, -343044, -178119, 289873, 369383, 1417751, -40281, 1330831, -647755, -576676, 823085, 'Down']
[2626698, 1835992, 600218, -377624, 436251, 993507, -349440, -178751, 292633, 372421, 1339735, -44636, 1287278, -645345, -585001, 780393, 'Down']
[2565004, 1810899, 576547, -391751, 434227, 979355, -345396, -179195, 290055, 370592, 1431916, -34290, 1335364, -648053, -573571, 826292, 'Down']
[2613798, 1834924, 596693, -377446, 436276, 993006, -348596, -178863, 293381, 372184, 1330754, -48961, 1283850, -644484, -588125, 776208, 'Down']
[2578737, 1813481, 582211, -390041, 434615, 980381, -345609, -177909, 290216, 371194, 1441670, -29067, 1338922, -648467, -570537, 829358, 'Down']
[2599831, 1832658, 592668, -377909, 437134, 992431, -347132, -178041, 294443, 372255, 1324642, -52269, 1282615, -643253, -589219, 774695, 'Down']
[2593854, 1816413, 588145, -388683, 435306, 980530, -345264, -180588, 289949, 371828, 1446735, -25013, 1340584, -649222, -568153, 830906, 'Down']
[2584076, 1829704, 587414, -379392, 437260, 989972, -346778, -178101, 294774, 372159, 1322048, -55224, 1283184, -642672, -590408, 775052, 'Down']
[2608834, 1819140, 593968, -387819, 434829, 981631, -347172, -179452, 289171, 371812, 1447522, -22514, 1339468, -650041, -566924, 829548, 'Down']
[2569013, 1825779, 581641, -381672, 437124, 988710, -346413, -177449, 293886, 370921, 1323053, -58138, 1285275, -642969, -591426, 776886, 'Down']
[2622558, 1822909, 598281, -386105, 434893, 983785, -347461, -180325, 289555, 372437, 1442948, -21103, 1336358, -650010, -566824, 825988, 'Down']
[2555839, 1821877, 575912, -384043, 436551, 986734, -345504, -177903, 294001, 370569, 1327572, -59248, 1288278, -642996, -591367, 779860, 'Down']
[2634023, 1826399, 601784, -384885, 434802, 985092, -349232, -181259, 289631, 372596, 1435442, -20989, 1331635, -650150, -567535, 821519, 'Down']
[2544706, 1817716, 571271, -386817, 435849, 984693, -345017, -175871, 293508, 369640, 1335951, -59941, 1293020, -643460, -590983, 784280, 'Down']
[2642679, 1829806, 604862, -383314, 435521, 986959, -350468, -180602, 289637, 372607, 1424640, -22275, 1325749, -650048, -569315, 815702, 'Down']
[2537586, 1814719, 568274, -388819, 436509, 982488, -343407, -178030, 293265, 369520, 1347475, -58612, 1299386, -643838, -589561, 790011, 'Down']
[2648170, 1832657, 607325, -381620, 435479, 988672, -349588, -180356, 290191, 372866, 1411196, -24050, 1319334, -649613, -570894, 808524, 'Down']
[2534568, 1812035, 567129, -390114, 435861, 981330, -343768, -176925, 292779, 369450, 1361822, -56124, 1306866, -644240, -587271, 796581, 'Down']
[2649288, 1834616, 608149, -379914, 435580, 990285, -350275, -180848, 290833, 373399, 1395713, -26984, 1312265, -648389, -573248, 801221, 'Down']
[2535407, 1810151, 567071, -391358, 435696, 980208, -343598, -177382, 291767, 369033, 1377555, -52691, 1314390, -645248, -584836, 804113, 'Down']
[2646600, 1836159, 607536, -379240, 435936, 991800, -350007, -180841, 291259, 373108, 1377898, -31368, 1304340, -647777, -576834, 793647, 'Down']
[2539513, 1808958, 568407, -392678, 435038, 979666, -343004, -177148, 291095, 368960, 1393895, -48245, 1321795, -646319, -581927, 810864, 'Down']
[2640240, 1836053, 605231, -379123, 435827, 992527, -350286, -180504, 291085, 372424, 1361597, -36777, 1297145, -647420, -580840, 786860, 'Down']
[2546325, 1808587, 570053, -393528, 435456, 979114, -343700, -177816, 290437, 369344, 1409937, -43073, 1328197, -647101, -579215, 816315, 'Down']
[2631011, 1835379, 601921, -379544, 436239, 992372, -350173, -180646, 291616, 371790, 1346026, -42382, 1290559, -646720, -584634, 779542, 'Down']
[2556584, 1809354, 573279, -393538, 434690, 978901, -344606, -177679, 289397, 369300, 1423933, -38029, 1333786, -648525, -576142, 821445, 'Down']
[2618933, 1834760, 597608, -379228, 436285, 992617, -349200, -179594, 292404, 371923, 1333028, -47079, 1285371, -645285, -587649, 774462, 'Down']
[2569266, 1810760, 577721, -393020, 434506, 978862, -345668, -178638, 288849, 369819, 1434238, -32728, 1337116, -649327, -573349, 824463, 'Down']
[2605375, 1832880, 593251, -379442, 436809, 991875, -348285, -179089, 292932, 371445, 1324023, -51553, 1282465, -644569, -590416, 771459, 'Down']
[2583711, 1813349, 583533, -391371, 434519, 979642, -344940, -179644, 288896, 370494, 1441413, -28199, 1339241, -649897, -571012, 826556, 'Down']
[2591188, 1830578, 588724, -379844, 436606, 991249, -348184, -178673, 293327, 371177, 1319949, -54835, 1281909, -643895, -591804, 771488, 'Down']
[2599370, 1816641, 589384, -389311, 434340, 981465, -347246, -179892, 289082, 371635, 1444889, -24299, 1339303, -649745, -569470, 826959, 'Down']
[2576863, 1827366, 584132, -380711, 436761, 990274, -347259, -177635, 293740, 371215, 1320000, -56798, 1283165, -643141, -592796, 772839, 'Down']
[2613854, 1820611, 595033, -386859, 434893, 983213, -346541, -179968, 289155, 372324, 1443929, -21804, 1337888, -649914, -568223, 825508, 'Down']
[2562249, 1823915, 578530, -382231, 436842, 988462, -346053, -177306, 293789, 371041, 1322704, -58197, 1285971, -642840, -593111, 775310, 'Down']
[2627155, 1824427, 599619, -384425, 435845, 985208, -346198, -180745, 288986, 372441, 1438827, -20579, 1334580, -650264, -568221, 822556, 'Down']
[2550191, 1820145, 574064, -383562, 437145, 987210, -343640, -175987, 293847, 370705, 1329603, -58641, 1290340, -642570, -592058, 779511, 'Down']
[2638238, 1827679, 604080, -382454, 435505, 987094, -347744, -180730, 289377, 372922, 1430265, -20504, 1329738, -649707, -568315, 817758, 'Down']
[2540851, 1816518, 570331, -385549, 436815, 984997, -343953, -175934, 292843, 369799, 1339234, -58615, 1296064, -643215, -591331, 785808, 'Down']
[2644780, 1831245, 606731, -380216, 436169, 989357, -349388, -180389, 289774, 373426, 1417573, -21573, 1323539, -648844, -569886, 811698, 'Down']
[2535306, 1813201, 568427, -387465, 436522, 983302, -343605, -176885, 292754, 369647, 1351694, -56771, 1302609, -643461, -589066, 791932, 'Down']
[2648011, 1833309, 608459, -378640, 435946, 990572, -349455, -179715, 289999, 373158, 1402936, -24403, 1316598, -648777, -572104, 804999, 'Down']
[2533742, 1811136, 567771, -388405, 436309, 981739, -342620, -176025, 292190, 369730, 1367034, -53612, 1310301, -644045, -586593, 799266, 'Down']
[2646973, 1834801, 608751, -377641, 436554, 991141, -348633, -180573, 290698, 373429, 1387113, -27738, 1309205, -647957, -574771, 797306, 'Down']
[2535969, 1809567, 568441, -389789, 435784, 979959, -343438, -177822, 291726, 369584, 1383470, -49684, 1317986, -645201, -583537, 805613, 'Down']
[2643377, 1835989, 607486, -376722, 435674, 992071, -351066, -181155, 291312, 373167, 1370036, -32576, 1301705, -647380, -578897, 789620, 'Down']
[2542286, 1809261, 570093, -390212, 434944, 979634, -344170, -177646, 291250, 369955, 1399999, -44510, 1325038, -646009, -580897, 812807, 'Down']
[2636304, 1836495, 604833, -376173, 436215, 992673, -350818, -180670, 292288, 373492, 1353806, -37272, 1295006, -646138, -582191, 783071, 'Down']
[2551126, 1809542, 572425, -390635, 434767, 978932, -343349, -178416, 290403, 370337, 1415210, -39244, 1331556, -646947, -577500, 818625, 'Down']
[2625816, 1835512, 600916, -376521, 436532, 992919, -348811, -179309, 292519, 372729, 1339028, -42994, 1289149, -645395, -585356, 777732, 'Down']
[2562153, 1810206, 576371, -390695, 435373, 979073, -343627, -177342, 289957, 370277, 1427934, -34351, 1336745, -648209, -573930, 824024, 'Down']
[2612548, 1833895, 596642, -376876, 437054, 992238, -349182, -179073, 293410, 372372, 1328518, -48054, 1285637, -644422, -588053, 774137, 'Down']
[2574751, 1811686, 581006, -390019, 435152, 979306, -344065, -178436, 289510, 370607, 1437140, -29799, 1339628, -649144, -571410, 826194, 'Down']
[2597846, 1831399, 591780, -377779, 437077, 991883, -348471, -178468, 293272, 371502, 1320839, -52379, 1283288, -643892, -590026, 772017, 'Down']
[2589345, 1814645, 586476, -388670, 434611, 980806, -345554, -179830, 289041, 371172, 1441839, -25882, 1340511, -649411, -569753, 827090, 'Down']
[2582949, 1829042, 586909, -378342, 437102, 991318, -345281, -177529, 293750, 371408, 1318351, -55147, 1283566, -642782, -591454, 772277, 'Down']
[2604843, 1817824, 592076, -387010, 435219, 982178, -346329, -178984, 289281, 372096, 1443587, -22554, 1340036, -649360, -567984, 826509, 'Down']
[2568395, 1825429, 581407, -380104, 437024, 989203, -345631, -176975, 293987, 371056, 1319523, -57555, 1285394, -642547, -592816, 773515, 'Down']
[2619595, 1822102, 597576, -384688, 434775, 983953, -346127, -180068, 289397, 372567, 1440869, -20641, 1337419, -649436, -567877, 823632, 'Down']
[2555374, 1822059, 576282, -381891, 436604, 987531, -345198, -177101, 294196, 371275, 1325065, -57986, 1288827, -642065, -592441, 776754, 'Down']
[2631893, 1825941, 601685, -382650, 435247, 985610, -348467, -180380, 289535, 373145, 1434350, -19872, 1332957, -649446, -568668, 818728, 'Down']
[2544719, 1818258, 571807, -383888, 436237, 985557, -344909, -176716, 293676, 370942, 1333229, -57999, 1293586, -642336, -592097, 780354, 'Down']
[2641358, 1829308, 604963, -381015, 434783, 987660, -351143, -180619, 289606, 373484, 1423859, -20518, 1327249, -649255, -570169, 813073, 'Down']
[2537310, 1814653, 568689, -386083, 436266, 983730, -342866, -176711, 293098, 370199, 1344109, -57390, 1299495, -643006, -590901, 786614, 'Down']
[2646491, 1831389, 607244, -379710, 435442, 989194, -350047, -181017, 289650, 373313, 1410197, -22748, 1320616, -649012, -571397, 806516, 'Down']
[2533322, 1811434, 567082, -387991, 435837, 981769, -343437, -177334, 292132, 369424, 1357566, -55625, 1306807, -644012, -588623, 793021, 'Down']
[2647084, 1833420, 608241, -378280, 435292, 990791, -349112, -179376, 290076, 373268, 1394419, -26118, 1313501, -648414, -573530, 799357, 'Down']
[2532847, 1809093, 566992, -389968, 435893, 980183, -342693, -176880, 291302, 368990, 1373421, -52689, 1314423, -644960, -585149, 800663, 'Down']
[2644176, 1834223, 607314, -378116, 435895, 990852, -350344, -181063, 290293, 372513, 1377479, -31073, 1306041, -648321, -576790, 791326, 'Down']
[2536814, 1807867, 568121, -390821, 435433, 978906, -343649, -177214, 290528, 368556, 1389762, -48657, 1321954, -646552, -582467, 806962, 'Down']
[2638662, 1835471, 605639, -376437, 436108, 992383, -348951, -178876, 291538, 372999, 1361180, -35461, 1298795, -646895, -580162, 783903, 'Down']
[2544292, 1808658, 570665, -390395, 434727, 978757, -343060, -177664, 290663, 369886, 1407268, -42481, 1329001, -646568, -578439, 813166, 'Down']
[2630600, 1836022, 603413, -375709, 435882, 992621, -351719, -179311, 292535, 373297, 1347278, -39853, 1293007, -645616, -583120, 778207, 'Down']
[2554825, 1809743, 574587, -390252, 434576, 978616, -343783, -179423, 290178, 370591, 1422756, -36646, 1335157, -647466, -575546, 819317, 'Down']
[2619773, 1835634, 600029, -375239, 436839, 993461, -347182, -177973, 293362, 373482, 1334775, -44387, 1288107, -644204, -585494, 773624, 'Down']
[2567214, 1811169, 578557, -389653, 435169, 979632, -344042, -178409, 289858, 371495, 1433375, -31055, 1339124, -647773, -571715, 823448, 'Down']
[2605796, 1832892, 594452, -376883, 436803, 992967, -349113, -178570, 293040, 372302, 1324393, -49537, 1284585, -643856, -588766, 770856, 'Down']
[2580658, 1812868, 583075, -389564, 434782, 980491, -344624, -178169, 289017, 371033, 1438918, -27659, 1340509, -648999, -570562, 825244, 'Down']
[2590910, 1830322, 589116, -378230, 436910, 992129, -347267, -176960, 293255, 371328, 1317904, -53960, 1283351, -643442, -590980, 770201, 'Down']
[2595342, 1815719, 588253, -388242, 434773, 981952, -345967, -179071, 289106, 371631, 1441522, -24102, 1340629, -649167, -568941, 824992, 'Down']
[2575008, 1826559, 583297, -380163, 437188, 990643, -346738, -177001, 293273, 370745, 1316490, -56830, 1284136, -643125, -592351, 769695, 'Down']
[2609768, 1818911, 593624, -386905, 435124, 983323, -348096, -178914, 288652, 371686, 1440563, -21900, 1339105, -649880, -568184, 822288, 'Down']
[2560547, 1823401, 578486, -381588, 437202, 989313, -344916, -176700, 293155, 370489, 1319167, -58406, 1286846, -642779, -592962, 772966, 'Down']
[2622860, 1823073, 598982, -385067, 435360, 984654, -347518, -181147, 288924, 372733, 1436381, -20096, 1335918, -649487, -567635, 821552, 'Down']
[2548351, 1819717, 574428, -383783, 437007, 986278, -343176, -176436, 293105, 370157, 1326666, -58773, 1291311, -643028, -591862, 779858, 'Down']
[2634164, 1826806, 603414, -382989, 435243, 985718, -349379, -180503, 289430, 372863, 1429177, -20150, 1331549, -649720, -568351, 819024, 'Down']
[2539111, 1816372, 570939, -385768, 436471, 983570, -344440, -177216, 293439, 370076, 1337868, -57845, 1296755, -643297, -591142, 786199, 'Down']
[2641882, 1830561, 606748, -380513, 435151, 987663, -348829, -180027, 290023, 373809, 1419305, -20505, 1325179, -649025, -569860, 813882, 'Down']
[2533030, 1813463, 568482, -387393, 435426, 982091, -342631, -177313, 292501, 370328, 1351324, -55778, 1302971, -643301, -589041, 793690, 'Down']
[2644723, 1832202, 607216, -380075, 435581, 988928, -350236, -182112, 289734, 373365, 1404892, -23619, 1317806, -648945, -571967, 807467, 'Down']
[2530549, 1810159, 566306, -389855, 435873, 980927, -344316, -178134, 291525, 369180, 1364672, -54445, 1309753, -644674, -587337, 800240, 'Down']
[2644822, 1833690, 607482, -379000, 435821, 991735, -349532, -179312, 289824, 372884, 1387488, -28035, 1310109, -648232, -574858, 800932, 'Down']
[2531963, 1807931, 566171, -391521, 435691, 980823, -343641, -176655, 290539, 368876, 1379964, -51072, 1317423, -645226, -584141, 808677, 'Down']
[2640444, 1834206, 605408, -378885, 435894, 992441, -350378, -180555, 289837, 372364, 1369115, -33376, 1302615, -647774, -578474, 793071, 'Down']
[2537041, 1807180, 567419, -392580, 434887, 979887, -344330, -175953, 289096, 368410, 1395712, -46820, 1324831, -646850, -581423, 814460, 'Down']
[2633131, 1834822, 602917, -378452, 436262, 992809, -352242, -180641, 290387, 372172, 1352140, -38390, 1295576, -646933, -582029, 785540, 'Down']
[2545677, 1808324, 570427, -392027, 435299, 979518, -343389, -177791, 288991, 369344, 1411752, -40772, 1330992, -647395, -578070, 819867, 'Down']
[2623969, 1835477, 600656, -377045, 436329, 993587, -348003, -178919, 292014, 373039, 1338975, -42435, 1289955, -644635, -583985, 779828, 'Down']
[2557831, 1810028, 575302, -390997, 435224, 979413, -342564, -176841, 289338, 370709, 1426480, -34096, 1336644, -647165, -573433, 825723, 'Down']
[2611447, 1834086, 596837, -377323, 436934, 992558, -349617, -179556, 292610, 372898, 1328503, -46867, 1285953, -643585, -586845, 776265, 'Down']
[2571645, 1811741, 580344, -390529, 434655, 978788, -344507, -179177, 288893, 371127, 1436136, -29290, 1339598, -648422, -571586, 828793, 'Down']
[2597799, 1831942, 592064, -377806, 436590, 991295, -347668, -178961, 293236, 372535, 1321358, -50907, 1283591, -642920, -589599, 774309, 'Down']
[2586698, 1814498, 585797, -389000, 434829, 979715, -345582, -179007, 289015, 372057, 1442137, -25004, 1340879, -648470, -569181, 830122, 'Down']
[2582599, 1828924, 587066, -379171, 436965, 990060, -347879, -178203, 293417, 372092, 1319120, -54146, 1283549, -642351, -591235, 774606, 'Down']
[2600896, 1817234, 591162, -387998, 435138, 980699, -345822, -180355, 288677, 372071, 1443556, -22430, 1340287, -649132, -568004, 829369, 'Down']
[2567189, 1824888, 581577, -381714, 436861, 988150, -346618, -178851, 293152, 371006, 1318989, -57228, 1285116, -642691, -591989, 776017, 'Down']
[2615287, 1820458, 596314, -387068, 435179, 982470, -348344, -182210, 288395, 371671, 1440399, -21548, 1337748, -650223, -567847, 827067, 'Down']
[2553104, 1821131, 576338, -383605, 437306, 986982, -344662, -175641, 293209, 370263, 1322955, -58988, 1288420, -642802, -592203, 779218, 'Down']
[2627534, 1824876, 601044, -384382, 435317, 985265, -348272, -179024, 288648, 372582, 1433802, -20352, 1333770, -649466, -567562, 822871, 'Down']
[2542176, 1818134, 572125, -385160, 436797, 985241, -345207, -177275, 293202, 370548, 1330970, -58373, 1293499, -642274, -591133, 784034, 'Down']
[2636788, 1828734, 604556, -382241, 435844, 986793, -350047, -179915, 289089, 373133, 1423631, -20420, 1328338, -649284, -568705, 817547, 'Down']
[2533900, 1815077, 569173, -386790, 436700, 983458, -343327, -175914, 292884, 370274, 1341032, -57206, 1299159, -642745, -589936, 789374, 'Down']
[2642834, 1832093, 607440, -380032, 435851, 989084, -348696, -180123, 289846, 373649, 1410850, -21495, 1321906, -648549, -569919, 811244, 'Down']
[2530768, 1812556, 567780, -388268, 436491, 981808, -342304, -177203, 292691, 370055, 1355421, -54787, 1306315, -643109, -587655, 795967, 'Down']
[2645277, 1834719, 608827, -378515, 436405, 990330, -348463, -179834, 290454, 373837, 1396475, -24350, 1315226, -647859, -571858, 804180, 'Down']
[2531078, 1811001, 567696, -389589, 435760, 980358, -342985, -177964, 292380, 370319, 1371673, -51093, 1314285, -643665, -584459, 803511, 'Down']
[2643340, 1835612, 607930, -378392, 435955, 991188, -350747, -179924, 291285, 374057, 1380263, -28247, 1307706, -646927, -575236, 796125, 'Down']
[2533966, 1808291, 567737, -392512, 435245, 978607, -345211, -178561, 290724, 369226, 1387825, -47809, 1321521, -645679, -582355, 809719, 'Down']
[2636776, 1835175, 605494, -379209, 436179, 991448, -351738, -180844, 290535, 372420, 1362226, -34776, 1299777, -647427, -579853, 788319, 'Down']
[2539460, 1807607, 569468, -393399, 435486, 978726, -344261, -177661, 289683, 368894, 1403084, -43530, 1328079, -646791, -579529, 816245, 'Down']
[2627423, 1834586, 602420, -379230, 436843, 992513, -352246, -179500, 291262, 372167, 1346231, -40118, 1293164, -645993, -583542, 781756, 'Down']
[2548853, 1808076, 572834, -393383, 435218, 978442, -343725, -177814, 288963, 369081, 1417523, -38345, 1334001, -647826, -576776, 821366, 'Down']
[2616706, 1834316, 599483, -378534, 436754, 992527, -347730, -178617, 291748, 372104, 1333548, -44882, 1288567, -644742, -586102, 777149, 'Down']
[2560970, 1810261, 577671, -391847, 436055, 978989, -342322, -177301, 288965, 370468, 1429497, -32298, 1338290, -647835, -572810, 825241, 'Down']
[2603438, 1832994, 595114, -378516, 437614, 991570, -348177, -178359, 293033, 372188, 1324497, -48985, 1285231, -643589, -588017, 773316, 'Down']
[2575631, 1812548, 582750, -391159, 434845, 978630, -346158, -180067, 288781, 370854, 1438626, -27482, 1340939, -649114, -570310, 827404, 'Down']
[2589608, 1830486, 590231, -379615, 436707, 990170, -348505, -179461, 292866, 371689, 1319723, -52649, 1283962, -643576, -590336, 771818, 'Down']
[2590835, 1815752, 588096, -389385, 434818, 979778, -347618, -179257, 288746, 371715, 1443108, -23670, 1341615, -649418, -568544, 827161, 'Down']
[2574722, 1827548, 584937, -380757, 436426, 989052, -348303, -178085, 293661, 371694, 1318843, -54821, 1284750, -642647, -591362, 771859, 'Down']
[2605222, 1818416, 593644, -388626, 435034, 980990, -346948, -180682, 288385, 372068, 1442888, -21285, 1340179, -649983, -567750, 825645, 'Down']
[2559824, 1823248, 579633, -383387, 436901, 987096, -346917, -177682, 293050, 370499, 1320605, -57626, 1287269, -643254, -592094, 774359, 'Down']
[2618825, 1822383, 598470, -386371, 435148, 983307, -347759, -180210, 288491, 372327, 1437951, -20222, 1336889, -649878, -567730, 821846, 'Down']
[2547050, 1819862, 574758, -384561, 436849, 986001, -344258, -176257, 293194, 370679, 1325795, -57976, 1291075, -642430, -591249, 777708, 'Down']
[2630356, 1826572, 603066, -383667, 435230, 985970, -347592, -178928, 288565, 372920, 1429488, -19481, 1332258, -649339, -567506, 817927, 'Down']
[2537698, 1816592, 571120, -386563, 437066, 984181, -344092, -176322, 292786, 370394, 1334599, -57522, 1296317, -642517, -590091, 783632, 'Down']
[2638183, 1829816, 605670, -382400, 436189, 987045, -350171, -181708, 289247, 373058, 1417657, -20633, 1326119, -649188, -568958, 811606, 'Down']
[2530731, 1812959, 568508, -388712, 436702, 982109, -345528, -176044, 291829, 369418, 1346051, -56646, 1302502, -643602, -589223, 788772, 'Down']
[2642367, 1832317, 608231, -380752, 436177, 989086, -348506, -179389, 288987, 373057, 1403667, -22838, 1319577, -648825, -570783, 805052, 'Down']
[2528746, 1810880, 567567, -390270, 436382, 980799, -343169, -176689, 291449, 369399, 1360896, -53682, 1310263, -644010, -586139, 796265, 'Down']
[2643219, 1834655, 608897, -379218, 436033, 990551, -350823, -179437, 289922, 373409, 1388138, -26046, 1312230, -647897, -573588, 797660, 'Down']
[2530449, 1809710, 568097, -390850, 435687, 979708, -343791, -176153, 291441, 370036, 1378265, -49117, 1318156, -644181, -583301, 803696, 'Down']
[2639392, 1836277, 608131, -377814, 436485, 991423, -350178, -180148, 290855, 373974, 1372397, -29844, 1304991, -646543, -576188, 790685, 'Down']
[2535242, 1809052, 569906, -391371, 435306, 978817, -344036, -176860, 291082, 370487, 1395023, -44107, 1325240, -645052, -580033, 810336, 'Down']
[2632733, 1836420, 606494, -377078, 437004, 991991, -349153, -179232, 291860, 373931, 1356319, -34665, 1297980, -645599, -579482, 783715, 'Down']
[2543539, 1808740, 572590, -391944, 435756, 978468, -343360, -176698, 290019, 370291, 1410812, -39043, 1331874, -646144, -575987, 817280, 'Down']
[2622966, 1835276, 602418, -378105, 436805, 991906, -350342, -180460, 292132, 372885, 1340977, -40744, 1291870, -644897, -582869, 778179, 'Down']
