[2000595, 1891073, -754666, -648969, 1134551, 1363255, 626736, 211712, 1001254, 1832974, 1291632, 985467, 1348008, 1093471, 44049, 214187, 'Down']
[2008780, 1902396, -752788, -641414, 1034623, 1354903, 638428, 215148, 1007274, 1838473, 1264240, 974249, 1324944, 1091623, 51484, 230223, 'Down']
[2000056, 1890103, -753871, -649634, 1134477, 1363624, 627520, 212446, 1002623, 1834003, 1284687, 979668, 1340707, 1093460, 28528, 207362, 'Down']
[2008928, 1902848, -753377, -642031, 1036719, 1354188, 637672, 214134, 1005654, 1836830, 1271196, 980056, 1332176, 1091259, 67501, 237551, 'Down']
[2000100, 1889843, -752614, -649807, 1131263, 1363295, 627250, 212427, 1004064, 1835207, 1277696, 973086, 1332943, 1092527, 13937, 200827, 'Down']
[2009123, 1903054, -753353, -642057, 1042130, 1353572, 637936, 213783, 1004583, 1835541, 1279040, 985784, 1339779, 1091143, 81589, 242957, 'Down']
[2000019, 1889588, -751580, -649501, 1124788, 1363029, 627471, 213074, 1005554, 1836256, 1270327, 966927, 1325371, 1091609, 772, 195035, 'Down']
[2008603, 1902645, -754064, -642053, 1050188, 1354510, 637562, 213566, 1002967, 1834056, 1286022, 991391, 1347310, 1091560, 93263, 247216, 'Down']
[1999943, 1889697, -751362, -648985, 1115895, 1362973, 628424, 213887, 1006825, 1837495, 1263110, 962164, 1318262, 1091621, -9363, 191782, 'Down']
[2007509, 1901400, -755178, -643059, 1059700, 1354589, 636110, 212423, 1001150, 1832522, 1292201, 995975, 1353786, 1091689, 101456, 249964, 'Down']
[2000291, 1889976, -751382, -648608, 1104296, 1362350, 628645, 214458, 1007858, 1838413, 1256481, 957411, 1312546, 1091364, -16933, 189468, 'Down']
[2006338, 1900052, -756199, -643863, 1071483, 1355185, 635382, 211913, 999417, 1830907, 1297287, 999282, 1359182, 1091778, 106966, 251748, 'Down']
[2001458, 1891817, -750543, -647194, 1092531, 1361284, 629910, 214777, 1008818, 1839577, 1251332, 954677, 1307527, 1090885, -18979, 190756, 'Down']
[2006008, 1899571, -755233, -643719, 1084523, 1356666, 634792, 212303, 999042, 1830812, 1302237, 1001817, 1362874, 1092660, 108920, 251318, 'Down']
[2002935, 1893605, -749593, -645518, 1079988, 1360928, 632018, 216291, 1010258, 1841102, 1248905, 953826, 1305137, 1091569, -16994, 192948, 'Down']
[2004854, 1897615, -755359, -645169, 1097091, 1357510, 633375, 211833, 998213, 1829992, 1304861, 1002234, 1365066, 1092855, 106105, 247853, 'Down']
[2004048, 1894807, -749389, -645092, 1068050, 1359408, 633136, 216132, 1010410, 1841036, 1247301, 953559, 1303982, 1090817, -11859, 196613, 'Down']
[2004157, 1896027, -754980, -646323, 1108699, 1358363, 631735, 211389, 998436, 1829964, 1306097, 1001399, 1365369, 1092957, 99376, 243307, 'Down']
[2005154, 1896167, -750111, -644621, 1056393, 1357736, 634217, 215822, 1010603, 1840892, 1247756, 955265, 1305078, 1090682, -3812, 201226, 'Down']
[2002799, 1894152, -755542, -647632, 1118526, 1359562, 629232, 210554, 998301, 1829853, 1304841, 998889, 1363327, 1093055, 88528, 236795, 'Down']
[2006171, 1897959, -750711, -643338, 1046633, 1356974, 635323, 216227, 1009933, 1840512, 1249337, 958355, 1307708, 1090670, 7442, 207971, 'Down']
[2001415, 1892429, -755571, -648027, 1126674, 1360902, 628952, 211530, 998751, 1830410, 1301507, 995002, 1359466, 1093325, 74763, 229237, 'Down']
[2007244, 1899892, -751075, -641853, 1039749, 1356362, 637323, 216566, 1009372, 1840296, 1253268, 962789, 1312495, 1091178, 21608, 215136, 'Down']
[2000859, 1891842, -754602, -647816, 1132239, 1362639, 628787, 212393, 999920, 1831681, 1297306, 990670, 1354086, 1094131, 59732, 221240, 'Down']
[2007676, 1901013, -751845, -641306, 1035605, 1355943, 636994, 216041, 1008352, 1839408, 1258359, 968500, 1318251, 1091786, 36927, 222490, 'Down']
[2000075, 1890522, -754219, -648837, 1134995, 1363473, 627830, 212360, 1001153, 1832540, 1291139, 985223, 1347575, 1093613, 43914, 213781, 'Down']
[2008686, 1902291, -752554, -641375, 1034453, 1354896, 637823, 215456, 1007240, 1838125, 1264587, 974400, 1325425, 1091523, 53087, 230399, 'Down']
[1999606, 1889392, -753814, -649932, 1134879, 1363561, 626778, 212158, 1002672, 1833310, 1284363, 978836, 1340341, 1092884, 28116, 206679, 'Down']
[2009165, 1902569, -753303, -642025, 1037065, 1354498, 637345, 214492, 1005699, 1835967, 1271453, 980296, 1332961, 1090890, 69078, 238569, 'Down']
[2000528, 1889594, -752475, -649804, 1131115, 1364236, 626617, 212697, 1004720, 1835120, 1276879, 972945, 1332463, 1092532, 12577, 200485, 'Down']
[2009698, 1902782, -754339, -642264, 1042067, 1354908, 637794, 214044, 1004574, 1835166, 1278941, 987048, 1340547, 1091167, 82001, 244252, 'Down']
[2000304, 1888970, -752996, -650151, 1123815, 1364210, 626730, 212947, 1005784, 1835951, 1269018, 967095, 1324368, 1091789, -1318, 195655, 'Down']
[2009084, 1902225, -755747, -642807, 1049659, 1355333, 636585, 213198, 1002267, 1833377, 1285218, 991719, 1347029, 1091204, 92896, 249148, 'Down']
[2000873, 1889770, -752268, -649421, 1114448, 1364114, 627497, 213940, 1006865, 1837401, 1261787, 961340, 1316799, 1091817, -11872, 192450, 'Down']
[2008601, 1901607, -756050, -643296, 1059889, 1355763, 636135, 213133, 1001225, 1832588, 1291995, 996111, 1353379, 1091852, 100798, 251283, 'Down']
[2001104, 1890013, -752085, -649131, 1103673, 1363234, 628526, 214251, 1007865, 1838328, 1255422, 957185, 1310943, 1090998, -18773, 190181, 'Down']
[2007477, 1900153, -756686, -644504, 1072022, 1356165, 634659, 211895, 999401, 1830895, 1297149, 999804, 1358908, 1091523, 106260, 252656, 'Down']
[2002287, 1891577, -751575, -648053, 1091166, 1362031, 629257, 214427, 1008885, 1839328, 1250312, 954565, 1306482, 1090454, -21247, 190582, 'Down']
[2006546, 1898845, -757246, -645640, 1084268, 1357046, 633544, 211305, 998269, 1829890, 1301146, 1001821, 1362493, 1091746, 106779, 250989, 'Down']
[2003437, 1893063, -751780, -647385, 1078507, 1361188, 630335, 214732, 1009557, 1840244, 1247166, 953348, 1303965, 1090492, -19940, 192607, 'Down']
[2005334, 1897143, -757367, -646837, 1097072, 1357886, 631540, 210255, 998270, 1829397, 1303837, 1002329, 1364673, 1091911, 103253, 247365, 'Down']
[2004668, 1894761, -751362, -646225, 1066556, 1359547, 632191, 214824, 1009680, 1839881, 1245298, 953360, 1302749, 1089989, -14327, 196627, 'Down']
[2004475, 1895817, -756913, -647365, 1108871, 1359261, 630552, 210413, 998056, 1829446, 1304707, 1001194, 1364268, 1092430, 96073, 242071, 'Down']
[2005581, 1896232, -751505, -644981, 1054909, 1358633, 633661, 215125, 1010252, 1840431, 1245990, 954978, 1303589, 1090297, -6250, 200754, 'Down']
[2002724, 1893337, -756834, -648487, 1119190, 1360621, 629473, 210346, 997804, 1828994, 1303063, 998344, 1361842, 1092346, 85374, 235474, 'Down']
[2006369, 1897336, -751763, -644226, 1046015, 1357744, 634828, 215277, 1009357, 1839347, 1247808, 957879, 1306573, 1090072, 6244, 208138, 'Down']
[2001569, 1891313, -755983, -649311, 1127478, 1361718, 628465, 210473, 998509, 1829280, 1300247, 994223, 1358057, 1092559, 72157, 228537, 'Down']
[2006789, 1898075, -752279, -643652, 1039250, 1356516, 635801, 215088, 1008400, 1838375, 1251563, 961884, 1311308, 1089821, 20720, 215453, 'Down']
[2000824, 1890161, -755095, -649299, 1132773, 1362824, 627589, 210964, 999217, 1829998, 1295383, 989205, 1352656, 1092370, 57459, 221168, 'Down']
[2007916, 1900043, -752149, -642160, 1034986, 1355555, 637232, 214816, 1007894, 1837945, 1257388, 967898, 1317628, 1090497, 36466, 222954, 'Down']
[1999249, 1888869, -754951, -649918, 1135087, 1363268, 626195, 211142, 1000550, 1831206, 1289652, 983917, 1346197, 1092632, 40967, 212260, 'Down']
[2007846, 1900947, -753539, -641810, 1034195, 1354739, 637370, 214447, 1006142, 1836356, 1263689, 974308, 1324703, 1090230, 52979, 230822, 'Down']
[1998801, 1888245, -754479, -650160, 1134306, 1363458, 626079, 211302, 1001962, 1832183, 1282814, 978181, 1338642, 1092260, 25399, 205226, 'Down']
[2007695, 1900692, -754516, -642140, 1036861, 1354202, 636871, 213491, 1004772, 1834891, 1270879, 980592, 1332177, 1090450, 68628, 237662, 'Down']
[1998325, 1887109, -753680, -650155, 1130163, 1363768, 626321, 212038, 1003280, 1833412, 1275141, 971676, 1330388, 1091760, 10756, 199245, 'Down']
[2006795, 1899871, -755354, -642394, 1042273, 1354344, 637103, 213297, 1002820, 1833228, 1277804, 986026, 1339734, 1090875, 82228, 243358, 'Down']
[1997372, 1885956, -753286, -649866, 1123391, 1364137, 626933, 213156, 1004227, 1834399, 1267296, 965658, 1322897, 1092015, -1831, 194781, 'Down']
[2005172, 1898081, -756251, -643064, 1050328, 1354631, 636018, 212378, 1000390, 1831222, 1284680, 991415, 1346990, 1091271, 94051, 248817, 'Down']
[1996893, 1885552, -752431, -649385, 1113011, 1363533, 627381, 213570, 1005154, 1835159, 1259636, 959793, 1315843, 1091367, -12455, 191059, 'Down']
[2003513, 1896420, -756669, -643929, 1060414, 1355488, 635533, 212075, 999002, 1829666, 1290738, 994788, 1353424, 1091622, 100870, 249445, 'Down']
[1996490, 1885559, -752297, -648938, 1102360, 1362748, 628420, 213343, 1005701, 1835708, 1253255, 955312, 1310144, 1090633, -18797, 189261, 'Down']
[2002519, 1895215, -756578, -644325, 1072388, 1356037, 634337, 211307, 997406, 1828106, 1296124, 998064, 1358537, 1091431, 105929, 250791, 'Down']
[1997077, 1886306, -751250, -648036, 1090360, 1362085, 629821, 214455, 1007208, 1836930, 1249081, 952728, 1305733, 1090493, -21489, 188976, 'Down']
[2000748, 1892970, -757176, -645861, 1085406, 1357240, 633805, 211206, 996405, 1827012, 1300491, 1000090, 1362109, 1091426, 106925, 249521, 'Down']
[1997241, 1886782, -752500, -648233, 1077149, 1360391, 630197, 214292, 1007441, 1836977, 1245234, 951077, 1302761, 1089638, -19770, 191511, 'Down']
[1999219, 1890876, -757973, -647553, 1096793, 1357465, 630919, 209696, 995309, 1826064, 1301721, 999867, 1362689, 1091135, 102536, 246084, 'Down']
[1998170, 1888139, -752234, -647206, 1064547, 1359358, 631676, 214241, 1007539, 1837085, 1243206, 951070, 1301376, 1089278, -15277, 194865, 'Down']
[1997897, 1888995, -757739, -648290, 1108861, 1359246, 629911, 210364, 994805, 1825540, 1302061, 998640, 1362852, 1091276, 95082, 241320, 'Down']
[1999918, 1890236, -752064, -645617, 1053866, 1358702, 633254, 215188, 1007656, 1837232, 1243898, 952807, 1303146, 1089541, -5579, 201477, 'Down']
[1997192, 1887660, -757511, -649145, 1119347, 1360384, 628551, 209934, 995486, 1826247, 1300868, 995663, 1360640, 1091744, 84370, 235347, 'Down']
[2001158, 1892231, -752253, -644661, 1044979, 1357288, 634926, 215177, 1007319, 1837061, 1245957, 955558, 1306356, 1089369, 6926, 208439, 'Down']
[1996480, 1886446, -756666, -649919, 1127237, 1361629, 627782, 210342, 996214, 1826985, 1297488, 991385, 1357334, 1091879, 71135, 228012, 'Down']
[2002940, 1894466, -752398, -643756, 1038145, 1356605, 635908, 215375, 1006718, 1836660, 1250309, 960260, 1311306, 1089856, 21465, 215700, 'Down']
[1996157, 1885780, -756380, -650707, 1132571, 1362664, 626902, 210475, 997385, 1828241, 1293531, 986866, 1351769, 1091963, 56107, 220089, 'Down']
[2003957, 1896056, -753589, -643412, 1034079, 1355344, 636354, 214309, 1005722, 1835970, 1256126, 966144, 1317247, 1089439, 37591, 223770, 'Down']
[1996229, 1885294, -755647, -650909, 1134291, 1363046, 625937, 210844, 998828, 1829390, 1287733, 981286, 1344812, 1091341, 39874, 212382, 'Down']
[2005316, 1897890, -754148, -642700, 1033622, 1354654, 636646, 214386, 1004801, 1834825, 1263318, 972907, 1324188, 1089484, 53924, 231781, 'Down']
[1996767, 1885872, -754317, -650156, 1133709, 1363976, 625966, 211792, 1000778, 1831139, 1281469, 976269, 1337356, 1091376, 24516, 205823, 'Down']
[2005933, 1898922, -754366, -642053, 1036751, 1354715, 637273, 214265, 1004009, 1834037, 1270944, 979885, 1332278, 1090178, 69669, 238783, 'Down']
[1996980, 1885875, -753198, -649746, 1129447, 1364425, 626657, 212437, 1002564, 1832472, 1274233, 970472, 1329712, 1091313, 10464, 200025, 'Down']
[2006465, 1899678, -754269, -641652, 1042291, 1355400, 637144, 213855, 1002997, 1833014, 1278625, 986201, 1340108, 1090968, 83595, 244382, 'Down']
[1997758, 1886608, -751935, -648987, 1122858, 1364918, 627091, 213582, 1004511, 1834117, 1267050, 965312, 1322937, 1091722, -2044, 195062, 'Down']
[2006522, 1899685, -754827, -641959, 1051011, 1355877, 636201, 213463, 1001612, 1831781, 1285981, 991602, 1347785, 1091538, 94849, 248790, 'Down']
[1998419, 1887276, -751296, -648658, 1113126, 1364372, 627214, 213876, 1006199, 1835764, 1260329, 960205, 1315868, 1091528, -11964, 191665, 'Down']
[2006211, 1899061, -755058, -642839, 1061029, 1355870, 635736, 212206, 1000328, 1830530, 1292426, 995842, 1354160, 1091885, 102261, 250754, 'Down']
[1999830, 1888583, -750609, -647890, 1101613, 1363432, 629268, 214875, 1007598, 1837096, 1254703, 956155, 1310381, 1091166, -18918, 189113, 'Down']
[2005741, 1897975, -755547, -643932, 1073452, 1356826, 634868, 211962, 998853, 1829483, 1298391, 999657, 1359666, 1092158, 106436, 250851, 'Down']
[2000865, 1889613, -750842, -647342, 1089456, 1362516, 629287, 214743, 1008832, 1838270, 1250571, 954191, 1306029, 1091155, -20916, 189766, 'Down']
[2004932, 1896800, -756497, -644640, 1085700, 1357758, 632655, 211353, 997834, 1828554, 1302098, 1001888, 1362410, 1091932, 107022, 249904, 'Down']
[2002129, 1891493, -750729, -645698, 1076639, 1361726, 631005, 215549, 1009280, 1838664, 1247267, 953295, 1303205, 1090630, -18537, 192621, 'Down']
[2004264, 1895997, -755858, -644366, 1098652, 1359846, 632667, 212046, 997527, 1828489, 1304743, 1002649, 1364283, 1092813, 104281, 247308, 'Down']
[2003794, 1893849, -749940, -643651, 1064429, 1361796, 632950, 217034, 1010252, 1840307, 1246476, 954185, 1302991, 1091557, -12260, 196791, 'Down']
[2003031, 1893829, -755407, -645739, 1110219, 1361167, 630590, 211629, 997803, 1828862, 1305394, 1001571, 1364139, 1093469, 96234, 241634, 'Down']
[2005223, 1895337, -749545, -643062, 1053755, 1360062, 635228, 216911, 1010005, 1839737, 1246813, 956188, 1304252, 1090873, -3113, 202758, 'Down']
[2002228, 1892138, -755060, -647404, 1120441, 1361994, 629391, 211035, 998160, 1828902, 1303743, 999209, 1362134, 1093432, 85050, 235446, 'Down']
[2006408, 1896633, -750238, -643461, 1044327, 1357951, 634580, 214838, 1009552, 1838946, 1248708, 959754, 1307697, 1090480, 8612, 209222, 'Down']
[2001832, 1890930, -754231, -648434, 1127669, 1362574, 627925, 210739, 999138, 1829403, 1300222, 995238, 1357570, 1093049, 70270, 227052, 'Down']
[2007651, 1898487, -750806, -642482, 1037892, 1357056, 635378, 215216, 1009044, 1838347, 1253439, 964774, 1312569, 1090355, 23094, 216528, 'Down']
[2000799, 1889919, -754289, -648716, 1133022, 1363632, 626582, 211068, 999865, 1830075, 1295722, 990654, 1352644, 1093124, 55827, 220383, 'Down']
[2008414, 1900367, -751935, -640943, 1034411, 1356557, 636252, 215337, 1008124, 1837631, 1259069, 970648, 1319246, 1091264, 39427, 225078, 'Down']
[2000155, 1889214, -754201, -648407, 1135050, 1364770, 626448, 212241, 1001117, 1831167, 1289544, 985035, 1345442, 1093593, 39685, 212695, 'Down']
[2008934, 1901295, -753162, -640518, 1034338, 1356347, 637050, 215271, 1006779, 1836366, 1265738, 977025, 1325848, 1091659, 55620, 232946, 'Down']
[2000464, 1888870, -753582, -648348, 1133770, 1365923, 626481, 213174, 1002784, 1832384, 1282566, 979032, 1337816, 1093421, 23986, 206186, 'Down']
[2010132, 1902305, -753646, -640017, 1037453, 1357360, 637868, 215809, 1005703, 1835373, 1273048, 983283, 1334042, 1092469, 70971, 240324, 'Down']
[2000668, 1888271, -753175, -648984, 1129459, 1366495, 626217, 213506, 1004595, 1834141, 1275335, 972847, 1330643, 1093302, 9114, 200580, 'Down']
[2010188, 1901934, -754251, -641054, 1042982, 1356880, 637610, 214646, 1003762, 1833650, 1280148, 988798, 1341856, 1091833, 84072, 246427, 'Down']
[2001197, 1888680, -752040, -648741, 1122075, 1366227, 627467, 214395, 1006135, 1835661, 1267726, 967214, 1323016, 1092730, -3841, 195673, 'Down']
[2009844, 1901769, -754968, -641887, 1051656, 1356923, 636345, 213712, 1002389, 1832162, 1287245, 994459, 1349122, 1092005, 94769, 250569, 'Down']
[2001519, 1889190, -751342, -648592, 1112517, 1365181, 627509, 213866, 1007425, 1836601, 1260787, 962360, 1316114, 1092196, -13523, 192602, 'Down']
[2009259, 1901092, -755135, -642425, 1062501, 1357293, 635496, 212614, 1001136, 1831059, 1293825, 999410, 1355526, 1092300, 102679, 253141, 'Down']
[2002622, 1890466, -750637, -647345, 1101233, 1364970, 629114, 215293, 1008940, 1838144, 1255438, 959241, 1310494, 1092242, -19344, 191499, 'Down']
[2008709, 1900082, -755481, -643013, 1074412, 1358367, 634412, 212421, 1000067, 1830134, 1299298, 1002546, 1359913, 1092829, 106260, 253286, 'Down']
[2004087, 1892240, -749766, -645921, 1088822, 1364332, 630251, 216082, 1009975, 1839105, 1250907, 956634, 1306084, 1091728, -21247, 192256, 'Down']
[2007505, 1898565, -755518, -643838, 1087433, 1359557, 633771, 212316, 999627, 1829638, 1303404, 1004546, 1363129, 1093426, 106396, 251755, 'Down']
[2004588, 1892929, -750256, -645405, 1075965, 1363162, 631272, 216007, 1010451, 1839347, 1247582, 955328, 1303634, 1091410, -18986, 194798, 'Down']
[2005547, 1895735, -756648, -645955, 1099787, 1360515, 632189, 211505, 998321, 1828086, 1304698, 1003787, 1364562, 1092953, 102212, 248093, 'Down']
[2005116, 1893699, -751257, -645492, 1063643, 1361430, 632310, 215627, 1010043, 1838456, 1245818, 954831, 1303039, 1090479, -12642, 199277, 'Down']
[2004836, 1894502, -756219, -646686, 1110562, 1361563, 630316, 210851, 998488, 1827703, 1304636, 1001463, 1363594, 1092778, 93773, 242195, 'Down']
[2006321, 1895548, -751099, -644288, 1052548, 1360192, 633490, 215485, 1010364, 1838595, 1246615, 956484, 1304319, 1090518, -4196, 203214, 'Down']
[2003481, 1892714, -756122, -647681, 1120556, 1362393, 628783, 210774, 998544, 1827986, 1303274, 998653, 1361158, 1092811, 82257, 234914, 'Down']
[2007545, 1897443, -751206, -642999, 1043813, 1358799, 634518, 215302, 1009746, 1838430, 1249279, 960195, 1307773, 1090240, 8472, 210039, 'Down']
[2002424, 1891103, -755402, -648183, 1128770, 1363721, 627949, 211287, 999221, 1828821, 1300163, 995447, 1357751, 1093093, 69199, 228418, 'Down']
[2008314, 1898569, -751319, -641860, 1037729, 1357935, 636269, 215675, 1009071, 1837845, 1253827, 965306, 1313430, 1090583, 24139, 218990, 'Down']
[2001295, 1889279, -754556, -648480, 1133245, 1364457, 627441, 211495, 1000113, 1829698, 1295114, 990044, 1352459, 1093152, 53636, 220710, 'Down']
[2008753, 1899530, -752054, -640900, 1034416, 1357525, 637041, 215702, 1007637, 1836564, 1259319, 970771, 1319935, 1091135, 39881, 226417, 'Down']
[2000270, 1888098, -754323, -648548, 1134978, 1365778, 626899, 212192, 1000828, 1830612, 1288687, 984258, 1345174, 1093013, 37561, 212826, 'Down']
[2009032, 1900603, -753217, -640480, 1034277, 1357543, 637869, 215869, 1006211, 1835436, 1266031, 977017, 1326706, 1091342, 56562, 234214, 'Down']
[1999664, 1887630, -753971, -648983, 1133239, 1366424, 626493, 213082, 1002218, 1831748, 1281478, 977995, 1337152, 1092948, 22105, 205619, 'Down']
[2009159, 1901131, -754514, -641029, 1037150, 1356863, 637861, 214957, 1004469, 1833797, 1272604, 982746, 1333995, 1091430, 71470, 240190, 'Down']
[2000202, 1887953, -752963, -649016, 1128724, 1366367, 627157, 213320, 1003941, 1833064, 1273804, 971664, 1328936, 1092762, 7335, 198973, 'Down']
[2009191, 1901037, -754899, -641863, 1043175, 1356244, 636770, 213911, 1003365, 1832553, 1280555, 989158, 1341682, 1091700, 84411, 245232, 'Down']
[2000280, 1887637, -752753, -649448, 1120692, 1365026, 626550, 213197, 1005568, 1834192, 1266906, 965924, 1321809, 1091749, -5451, 194026, 'Down']
[2008766, 1900474, -755763, -642574, 1051852, 1355789, 635801, 212676, 1001633, 1830572, 1287613, 994046, 1348860, 1090990, 94777, 248962, 'Down']
[2000903, 1888495, -751662, -648328, 1111114, 1364794, 627509, 213974, 1006969, 1835450, 1260041, 961374, 1314720, 1091374, -14412, 191421, 'Down']
[2008918, 1900708, -755099, -641748, 1062711, 1357454, 635361, 212915, 1000583, 1830161, 1294104, 999111, 1354791, 1092089, 102601, 251910, 'Down']
[2002231, 1890063, -750681, -646600, 1099679, 1365064, 628642, 215258, 1009106, 1837779, 1255039, 958283, 1309334, 1092287, -20420, 189787, 'Down']
[2007717, 1898984, -755766, -642632, 1075623, 1358726, 635082, 212843, 999807, 1829252, 1299884, 1002618, 1360143, 1093141, 106403, 252273, 'Down']
[2003037, 1890894, -750292, -645982, 1087569, 1363820, 630420, 215634, 1009627, 1838057, 1250359, 955982, 1305404, 1091630, -21062, 191861, 'Down']
[2006331, 1896956, -756089, -644019, 1087821, 1359337, 632886, 212157, 998726, 1828077, 1302951, 1003701, 1363085, 1093078, 105933, 250549, 'Down']
[2003913, 1892073, -750321, -645160, 1074496, 1362729, 631771, 215926, 1009959, 1838226, 1246985, 954701, 1302859, 1091096, -19381, 193778, 'Down']
[2005407, 1895509, -755894, -644915, 1100499, 1360958, 632088, 212194, 997987, 1827503, 1305277, 1004066, 1364327, 1093246, 101366, 246925, 'Down']
[2004815, 1893530, -750569, -644490, 1062610, 1361556, 632789, 215944, 1010165, 1838703, 1246120, 955662, 1302701, 1091102, -12767, 198562, 'Down']
[2004043, 1893703, -756263, -646204, 1111827, 1361947, 630720, 211953, 997896, 1827355, 1304784, 1002643, 1363365, 1093339, 93239, 241551, 'Down']
[2006199, 1895486, -750794, -643120, 1051924, 1360265, 634188, 216482, 1009973, 1838491, 1246831, 957785, 1304069, 1091040, -2707, 204235, 'Down']
[2002821, 1891917, -755912, -646842, 1121853, 1362712, 629023, 211371, 998019, 1828099, 1303245, 999598, 1361032, 1093639, 81829, 235081, 'Down']
[2007560, 1897264, -750998, -641868, 1043490, 1359113, 635310, 216310, 1009354, 1838318, 1249764, 961666, 1307719, 1091110, 10792, 212092, 'Down']
[2002502, 1890913, -754755, -646818, 1129370, 1364431, 628397, 212189, 999415, 1829247, 1300306, 995774, 1356695, 1094209, 68189, 227682, 'Down']
[2008314, 1898326, -751245, -641193, 1037725, 1358199, 636750, 216331, 1008860, 1837874, 1254668, 967256, 1313172, 1091342, 26142, 219844, 'Down']
[2001204, 1888946, -754289, -647909, 1133831, 1364878, 627629, 212264, 999900, 1829261, 1294874, 990507, 1350832, 1093434, 53209, 220527, 'Down']
[2008277, 1899008, -752351, -640925, 1034330, 1357089, 637072, 216061, 1007420, 1836489, 1260026, 972010, 1319853, 1091429, 41753, 227192, 'Down']
[1999869, 1887455, -754060, -648803, 1134850, 1365128, 626705, 212194, 1000904, 1830256, 1288017, 983694, 1343935, 1093150, 36463, 212051, 'Down']
[2008529, 1899613, -753090, -641067, 1034170, 1356200, 637449, 215079, 1006026, 1834813, 1266423, 977042, 1327045, 1090978, 57161, 233699, 'Down']
[1999589, 1886876, -753378, -649034, 1133061, 1365768, 626495, 212903, 1002277, 1831027, 1280896, 977168, 1336572, 1092567, 20249, 204252, 'Down']
[2009055, 1900436, -753565, -640636, 1037944, 1356683, 637824, 215400, 1004791, 1833680, 1274182, 983887, 1335040, 1091774, 72383, 240320, 'Down']
[1999745, 1886943, -752848, -648681, 1127963, 1365813, 626505, 213397, 1004123, 1832945, 1274267, 971750, 1328594, 1092869, 5968, 198482, 'Down']
[2008898, 1900411, -754651, -640902, 1043826, 1356391, 636204, 213736, 1003114, 1832095, 1281656, 989963, 1342374, 1091917, 85063, 245360, 'Down']
[2000466, 1887725, -751444, -647520, 1120531, 1366258, 628105, 214715, 1005660, 1834558, 1267162, 966829, 1321127, 1092641, -6046, 193760, 'Down']
[2009105, 1900872, -754146, -640260, 1053122, 1357309, 636877, 214295, 1001924, 1831314, 1289663, 996184, 1349860, 1092758, 96274, 249721, 'Down']
[2001159, 1888862, -750008, -646062, 1110875, 1366087, 629290, 216118, 1007521, 1836502, 1260968, 962471, 1315133, 1093036, -14413, 191330, 'Down']
[2008350, 1899934, -753935, -640676, 1064653, 1358328, 636881, 214698, 1000798, 1830625, 1296036, 1000649, 1356541, 1093560, 104292, 252726, 'Down']
[2001779, 1889262, -749215, -645876, 1098995, 1364741, 629589, 216071, 1008704, 1837284, 1255051, 958634, 1309675, 1092167, -18922, 191379, 'Down']
[2007572, 1898469, -753992, -641802, 1076318, 1358542, 634738, 212905, 999627, 1828908, 1300965, 1003090, 1361017, 1093010, 107225, 252478, 'Down']
[2003257, 1890958, -748688, -644571, 1086412, 1364312, 630707, 216296, 1009886, 1838253, 1250883, 956568, 1305799, 1091863, -21080, 191281, 'Down']
[2007250, 1897772, -754069, -642082, 1089206, 1360522, 633921, 213300, 999145, 1828785, 1304800, 1005592, 1364176, 1093768, 106539, 250420, 'Down']
[2004637, 1892910, -748840, -643150, 1074122, 1363704, 632319, 217218, 1010842, 1839551, 1248662, 956645, 1303648, 1092441, -18036, 193906, 'Down']
[2005705, 1895885, -754624, -643264, 1101711, 1361753, 632154, 212929, 998467, 1828376, 1306745, 1005958, 1365117, 1094409, 101893, 246413, 'Down']
[2005538, 1894516, -748966, -641952, 1062091, 1362733, 633908, 218100, 1010546, 1839529, 1247521, 957583, 1303483, 1092120, -10711, 199157, 'Down']
[2004836, 1894471, -753808, -643660, 1113461, 1363376, 631852, 213628, 998677, 1828672, 1307029, 1004546, 1364570, 1094920, 94101, 241827, 'Down']
[2007270, 1896454, -748184, -640722, 1051752, 1361680, 636134, 218167, 1010840, 1839832, 1249378, 960251, 1305587, 1092445, 151, 205921, 'Down']
[2004097, 1892649, -753240, -645141, 1122788, 1364201, 630602, 213219, 999043, 1828883, 1305264, 1001399, 1361664, 1094669, 82349, 235339, 'Down']
[2008559, 1897687, -748748, -640919, 1043519, 1360168, 637068, 217754, 1010465, 1839091, 1252025, 963830, 1309500, 1092002, 12952, 213052, 'Down']
[2003290, 1890883, -752308, -646485, 1130188, 1365017, 629419, 213399, 999884, 1829627, 1301275, 996810, 1357525, 1094391, 68279, 227902, 'Down']
[2009178, 1898702, -749227, -640562, 1037704, 1358632, 637208, 217148, 1009381, 1838089, 1256533, 968582, 1314694, 1091970, 28235, 220577, 'Down']
[2002281, 1889718, -752576, -646766, 1134463, 1365748, 628303, 213367, 1000690, 1830112, 1295864, 991465, 1351258, 1094217, 52866, 219781, 'Down']
[2009904, 1900530, -750794, -639074, 1034808, 1358299, 637437, 217516, 1008278, 1837110, 1262457, 974332, 1320985, 1092446, 43791, 227504, 'Down']
[2001590, 1889612, -752527, -646012, 1135662, 1367438, 628364, 214799, 1002177, 1831693, 1289902, 986094, 1343864, 1095026, 36479, 211847, 'Down']
[2009811, 1901768, -752034, -637813, 1035127, 1358815, 638985, 217855, 1006973, 1836160, 1269105, 981171, 1328175, 1093538, 59866, 235261, 'Down']
[2000566, 1888544, -752395, -646086, 1133362, 1367977, 628285, 215393, 1003487, 1832576, 1282186, 979905, 1336213, 1094835, 20439, 205002, 'Down']
[2009449, 1901299, -753015, -638536, 1038823, 1358305, 638562, 216737, 1005060, 1833873, 1275741, 986881, 1335712, 1093151, 74485, 242055, 'Down']
[2000636, 1887853, -751383, -646604, 1128191, 1367940, 627632, 215359, 1004933, 1833073, 1274069, 973063, 1328202, 1093637, 6271, 199900, 'Down']
[2009721, 1900989, -753026, -639251, 1045432, 1358822, 638962, 216615, 1004127, 1832026, 1282621, 991781, 1342953, 1092765, 87346, 247748, 'Down']
[2001099, 1887860, -749954, -646642, 1120281, 1368049, 628721, 215974, 1006485, 1834358, 1266433, 967140, 1320700, 1093028, -5938, 195196, 'Down']
[2009414, 1900450, -753472, -640260, 1054497, 1359121, 637488, 215507, 1002285, 1830473, 1289632, 996929, 1349847, 1092814, 97078, 251254, 'Down']
[2001611, 1888394, -750165, -646675, 1110174, 1366857, 628695, 215952, 1008006, 1835383, 1259952, 962870, 1313370, 1092610, -14770, 192819, 'Down']
[2008917, 1899562, -754616, -641443, 1065374, 1358713, 636316, 213794, 1000791, 1829118, 1295389, 1001665, 1354834, 1092710, 104302, 254303, 'Down']
[2003391, 1890043, -749634, -645853, 1098056, 1366013, 629289, 215685, 1009250, 1836567, 1254013, 959458, 1307703, 1092008, -19987, 191971, 'Down']
[2009325, 1899275, -754520, -641710, 1077516, 1360655, 634920, 213542, 1000418, 1829025, 1300949, 1004972, 1359853, 1093603, 106612, 253198, 'Down']
[2005106, 1891882, -749412, -644437, 1085529, 1365920, 630985, 216544, 1010447, 1838370, 1250569, 958066, 1304585, 1092589, -21133, 192807, 'Down']
[2008373, 1897908, -754813, -642359, 1090105, 1361983, 633849, 213512, 999256, 1828636, 1304514, 1006471, 1362976, 1094167, 105587, 250978, 'Down']
[2005742, 1893016, -749205, -643256, 1073049, 1365139, 632670, 217570, 1010700, 1839083, 1248010, 957201, 1302374, 1092152, -17932, 195349, 'Down']
[2006388, 1895464, -755340, -643372, 1102793, 1363531, 632473, 213176, 998259, 1827857, 1305678, 1005874, 1364090, 1094067, 100985, 247284, 'Down']
[2006362, 1894355, -749516, -641984, 1061227, 1364344, 634305, 218323, 1010534, 1839068, 1246449, 957778, 1302723, 1092158, -10483, 200621, 'Down']
[2005288, 1894090, -754658, -644132, 1113844, 1365256, 632448, 214078, 998369, 1828196, 1305246, 1004034, 1363142, 1094751, 92587, 242006, 'Down']
[2006945, 1895525, -750032, -641928, 1050866, 1363102, 635333, 218096, 1010279, 1838753, 1247698, 959848, 1304653, 1092165, -8, 206223, 'Down']
[2003407, 1891492, -755229, -646259, 1123154, 1365505, 629220, 212362, 997925, 1827370, 1302687, 1000093, 1359557, 1093765, 80714, 235336, 'Down']
[2008478, 1897430, -750433, -641270, 1042123, 1361358, 635413, 216820, 1009627, 1838135, 1250945, 963449, 1307838, 1091639, 13180, 214057, 'Down']
[2003137, 1890658, -754143, -646718, 1129695, 1366413, 628668, 212527, 999616, 1828730, 1299865, 995896, 1355002, 1094010, 65590, 227137, 'Down']
[2009483, 1898882, -750372, -640392, 1036597, 1360104, 636890, 216368, 1008906, 1837348, 1255851, 968534, 1313367, 1091413, 27507, 220720, 'Down']
[2002544, 1889436, -752559, -646939, 1134110, 1367157, 628007, 212631, 1000657, 1829765, 1294890, 991266, 1349373, 1093700, 49946, 219084, 'Down']
[2010219, 1899956, -750383, -639457, 1034345, 1359409, 637776, 216701, 1007833, 1836503, 1262279, 975117, 1320202, 1091620, 43835, 228500, 'Down']
[2001741, 1888403, -751464, -646568, 1135436, 1368299, 628446, 214121, 1001858, 1831100, 1289048, 986140, 1342655, 1094025, 34492, 211944, 'Down']
[2009991, 1900578, -750981, -638392, 1035764, 1359791, 638901, 216948, 1006540, 1835083, 1269575, 981897, 1328036, 1092064, 60769, 236583, 'Down']
[2000956, 1888007, -750997, -645700, 1133558, 1369545, 628404, 214987, 1003296, 1832280, 1281752, 980148, 1335086, 1094254, 20125, 206048, 'Down']
[2009587, 1900781, -752736, -638296, 1039144, 1359894, 638715, 216586, 1004616, 1833718, 1276430, 987943, 1335288, 1092890, 76289, 243585, 'Down']
[2000322, 1887176, -751912, -646404, 1127761, 1369690, 627843, 215574, 1004494, 1833214, 1273704, 973114, 1326481, 1093699, 5405, 199455, 'Down']
[2009211, 1900216, -754184, -639519, 1045574, 1360191, 637709, 215753, 1002888, 1831721, 1283233, 992724, 1342497, 1092901, 88387, 248503, 'Down']
[2000791, 1887352, -751139, -646904, 1119494, 1369352, 628875, 216112, 1006004, 1834108, 1266091, 966848, 1319007, 1092881, -6526, 195323, 'Down']
[2008497, 1899317, -754895, -640989, 1054711, 1360041, 636698, 214751, 1001619, 1830036, 1290219, 996961, 1349461, 1092783, 97637, 251552, 'Down']
[2001037, 1887594, -750341, -646831, 1109139, 1368105, 628773, 215864, 1007163, 1834471, 1259317, 961841, 1312374, 1091919, -15398, 192837, 'Down']
[2008359, 1898790, -754285, -641506, 1065846, 1360522, 635681, 213901, 1000759, 1828547, 1296628, 1001352, 1355422, 1092501, 104013, 253579, 'Down']
[2002670, 1889393, -748884, -645501, 1097287, 1367513, 630213, 216513, 1009191, 1836005, 1254390, 959153, 1307201, 1091631, -20522, 191801, 'Down']
[2008244, 1898312, -753691, -641679, 1078386, 1361567, 635179, 213781, 1000147, 1828002, 1301924, 1005206, 1360189, 1093250, 106985, 253344, 'Down']
[2004414, 1891300, -747640, -644099, 1085253, 1367124, 632201, 217534, 1010737, 1837347, 1251049, 958115, 1304365, 1092019, -20804, 192875, 'Down']
[2007237, 1896536, -753926, -642738, 1091687, 1363072, 633896, 213600, 999655, 1827594, 1305699, 1006991, 1363529, 1093667, 106133, 250968, 'Down']
[2005149, 1892022, -748476, -643473, 1072434, 1365630, 632695, 217209, 1011035, 1837862, 1248406, 957328, 1302517, 1091500, -17398, 195726, 'Down']
[2006342, 1894864, -754254, -643544, 1103464, 1364224, 632355, 212963, 998844, 1826734, 1306810, 1005872, 1363849, 1093528, 100298, 246517, 'Down']
[2006168, 1893499, -749310, -642592, 1060511, 1364650, 634218, 217769, 1011008, 1837859, 1247655, 957850, 1302570, 1091353, -10364, 200207, 'Down']
[2004769, 1893017, -754538, -644283, 1114610, 1365944, 631393, 213616, 998664, 1826909, 1306286, 1004009, 1362819, 1093949, 91631, 241286, 'Down']
[2007257, 1895536, -749382, -640911, 1049928, 1364165, 635418, 218300, 1010590, 1838240, 1248737, 960824, 1304748, 1091732, 299, 206801, 'Down']
[2003447, 1891514, -754183, -645147, 1123790, 1366978, 630053, 213224, 998880, 1827735, 1304050, 1001435, 1359863, 1094278, 79033, 234227, 'Down']
[2007965, 1896904, -749965, -640654, 1041729, 1362533, 635791, 217401, 1009710, 1837419, 1251929, 964768, 1308533, 1091489, 13052, 213419, 'Down']
[2002497, 1889802, -753557, -646232, 1130468, 1367913, 628727, 213433, 999299, 1828112, 1299947, 996671, 1355176, 1093893, 64556, 226357, 'Down']
[2008928, 1898210, -750007, -639931, 1036646, 1361270, 637039, 217374, 1008867, 1836692, 1256603, 969959, 1314379, 1091669, 28772, 221097, 'Down']
[2002190, 1888944, -752307, -646383, 1134573, 1368645, 628526, 214058, 1000535, 1828901, 1294936, 991649, 1349542, 1093707, 49393, 218603, 'Down']
[2009913, 1899598, -750648, -638884, 1034376, 1360906, 638071, 217699, 1007964, 1836082, 1263314, 976082, 1321468, 1092030, 44974, 228249, 'Down']
[2001242, 1887672, -752144, -646639, 1135499, 1369359, 627140, 214254, 1001530, 1830348, 1288650, 986189, 1341990, 1094136, 33908, 211447, 'Down']
[2010391, 1900562, -751357, -638414, 1035128, 1360356, 638708, 216953, 1006253, 1834854, 1270006, 982695, 1327806, 1092689, 61813, 237160, 'Down']
[2000614, 1886926, -752040, -647120, 1132268, 1369338, 627073, 214258, 1003316, 1831721, 1281305, 979754, 1334038, 1093980, 17977, 204241, 'Down']
[2009503, 1899931, -753064, -639423, 1038923, 1359815, 637368, 215855, 1004114, 1832240, 1276411, 988008, 1335399, 1091928, 75906, 242988, 'Down']
[2000862, 1887098, -751187, -646730, 1126768, 1370018, 627813, 215405, 1004638, 1832677, 1273139, 973260, 1325913, 1093360, 4091, 199061, 'Down']
[2009518, 1900109, -753441, -639606, 1045852, 1360403, 637447, 215520, 1002856, 1831283, 1284002, 993956, 1342895, 1092868, 88430, 248334, 'Down']
[2000922, 1887266, -750452, -646344, 1118643, 1369908, 627885, 215993, 1005914, 1834074, 1266167, 967847, 1318539, 1093366, -7518, 194954, 'Down']
[2009051, 1899471, -753396, -640023, 1055330, 1361095, 637110, 215377, 1001853, 1830058, 1291361, 999063, 1349673, 1093311, 98173, 251631, 'Down']
[2001352, 1887512, -749273, -646155, 1108281, 1369078, 628607, 216495, 1007309, 1834757, 1259710, 963301, 1311988, 1092642, -15535, 192476, 'Down']
[2008235, 1898207, -753337, -640980, 1066670, 1361167, 636142, 214434, 1000490, 1828074, 1297351, 1002546, 1355829, 1092967, 104862, 253301, 'Down']
[2002318, 1888356, -748514, -645400, 1096576, 1367884, 629636, 216911, 1009235, 1835573, 1254466, 959476, 1307134, 1091739, -20118, 191151, 'Down']
[2007587, 1896959, -753408, -641708, 1078894, 1362005, 635636, 214519, 999434, 1827037, 1302121, 1005199, 1360095, 1092878, 107466, 252492, 'Down']
[2003532, 1889831, -748193, -644337, 1083724, 1367061, 631904, 217670, 1010121, 1836643, 1250453, 957633, 1303384, 1091402, -20643, 191794, 'Down']
[2006657, 1895407, -754228, -642801, 1091741, 1362959, 633759, 213501, 998761, 1826243, 1305511, 1006690, 1362537, 1093110, 105992, 250039, 'Down']
[2004728, 1891472, -748971, -643438, 1071094, 1365753, 632224, 217590, 1010554, 1836811, 1248363, 957182, 1301278, 1091211, -16974, 195237, 'Down']
[2005897, 1894448, -754521, -643389, 1103810, 1364722, 632516, 213707, 998591, 1826427, 1306888, 1005984, 1362991, 1093780, 100227, 245619, 'Down']
[2005945, 1893563, -749419, -642234, 1059239, 1364883, 633470, 218064, 1010547, 1837541, 1247899, 958273, 1301772, 1091933, -9616, 199698, 'Down']
[2004251, 1892338, -754881, -644985, 1114733, 1365373, 629876, 212837, 998457, 1826389, 1306493, 1004029, 1361956, 1094116, 91063, 239689, 'Down']
[2007034, 1895011, -749139, -641421, 1049146, 1363249, 635289, 218143, 1010207, 1836967, 1249241, 960863, 1304056, 1091101, 1491, 206396, 'Down']
[2003813, 1891323, -752920, -645269, 1124102, 1366981, 630044, 213551, 998742, 1826688, 1304292, 1000681, 1359297, 1093725, 79108, 233105, 'Down']
[2008616, 1896870, -748252, -640489, 1041560, 1362199, 636009, 218100, 1010218, 1837048, 1253174, 965296, 1308699, 1091471, 14961, 213405, 'Down']
[2002909, 1889402, -751838, -646452, 1130868, 1367162, 629212, 213451, 999907, 1827652, 1300928, 996615, 1354437, 1093508, 64836, 225872, 'Down']
[2009488, 1897710, -748685, -640072, 1036265, 1360565, 637668, 217534, 1009289, 1835921, 1258234, 970283, 1313744, 1090844, 30541, 221465, 'Down']
[2002433, 1888221, -751151, -646462, 1134302, 1368298, 628573, 214258, 1001267, 1828246, 1295450, 991048, 1347980, 1093032, 48959, 217968, 'Down']
[2010331, 1899285, -749197, -638471, 1034114, 1360680, 638657, 218040, 1008278, 1835260, 1264484, 976376, 1320533, 1091706, 46891, 229313, 'Down']
