[1914271, 2191788, -942897, -867646, 1261140, 1417143, 508259, 290521, 1044705, 1990662, 1056496, 494908, 1419274, 1236290, -10601, 108430, 'Down']
[1904017, 2180008, -947152, -876811, 1381504, 1425923, 496705, 280456, 1033238, 1980425, 1104064, 526882, 1461730, 1238966, 11074, 107142, 'Down']
[1915310, 2192979, -943385, -867042, 1259295, 1416174, 509302, 291094, 1043065, 1989122, 1062754, 501162, 1428719, 1235863, 8442, 117895, 'Down']
[1903198, 2179136, -946383, -876791, 1381840, 1426666, 496621, 280292, 1034818, 1981994, 1097090, 520079, 1452462, 1238882, -7989, 98798, 'Down']
[1915673, 2194264, -944084, -865783, 1260849, 1415584, 510674, 291905, 1041602, 1988036, 1070317, 508517, 1438310, 1236572, 26280, 125330, 'Down']
[1901562, 2177707, -946197, -877257, 1378360, 1426965, 495905, 280161, 1036420, 1983421, 1089149, 513126, 1442628, 1238851, -26280, 90072, 'Down']
[1915579, 2194539, -945574, -865978, 1266625, 1415116, 510274, 290981, 1039114, 1985319, 1078065, 515323, 1447766, 1236302, 44602, 133507, 'Down']
[1902119, 2178005, -945742, -876942, 1370523, 1427060, 495183, 280096, 1038364, 1985029, 1080168, 505536, 1432457, 1238563, -41743, 83835, 'Down']
[1916026, 2194771, -946639, -865929, 1275279, 1415206, 510072, 290327, 1037544, 1984125, 1086446, 522563, 1457818, 1236776, 59024, 139155, 'Down']
[1903091, 2178582, -944891, -876203, 1359665, 1426778, 495628, 280672, 1040352, 1987071, 1072232, 498864, 1423354, 1238346, -55197, 78751, 'Down']
[1915695, 2194174, -947343, -866773, 1287259, 1415434, 509103, 289740, 1035781, 1982626, 1094985, 529253, 1466448, 1237039, 69886, 143175, 'Down']
[1903958, 2179200, -943816, -875501, 1346267, 1426338, 497531, 282475, 1042654, 1989072, 1064742, 493141, 1415295, 1238114, -64939, 75348, 'Down']
[1914211, 2192480, -948148, -867965, 1301457, 1416633, 507902, 288499, 1033579, 1980714, 1102176, 534864, 1473471, 1237168, 77308, 145501, 'Down']
[1904788, 2180025, -943126, -874501, 1331501, 1425537, 498698, 283689, 1043955, 1990387, 1057960, 488622, 1408694, 1237439, -69666, 74836, 'Down']
[1912775, 2190730, -948666, -869326, 1316894, 1417829, 507162, 287076, 1031927, 1979262, 1108045, 538904, 1478188, 1237435, 80211, 145599, 'Down']
[1906344, 2181615, -942600, -873572, 1315800, 1424266, 500586, 284709, 1045210, 1991199, 1052870, 484833, 1404169, 1237034, -69803, 76180, 'Down']
[1911645, 2189251, -948483, -870340, 1331766, 1418803, 505643, 285648, 1031146, 1978302, 1112329, 540988, 1481341, 1237561, 77459, 142359, 'Down']
[1907555, 2183102, -942230, -872492, 1300522, 1421905, 501689, 284834, 1046326, 1991938, 1049560, 483624, 1402888, 1236673, -65776, 78439, 'Down']
[1909575, 2186725, -948705, -872034, 1346801, 1419499, 502987, 283787, 1030295, 1977288, 1114475, 541292, 1481637, 1237386, 70954, 137840, 'Down']
[1909635, 2185515, -942146, -870646, 1286418, 1420362, 503839, 287204, 1046755, 1992130, 1048406, 484112, 1403245, 1236166, -56131, 84552, 'Down']
[1908217, 2185055, -948920, -872973, 1359203, 1421184, 499904, 281802, 1030836, 1977862, 1115055, 541015, 1479293, 1238241, 59544, 131174, 'Down']
[1911705, 2187985, -942274, -868954, 1273960, 1418963, 505763, 288431, 1046680, 1992250, 1049533, 487063, 1406229, 1236309, -43188, 91729, 'Down']
[1906310, 2182726, -948799, -874534, 1369589, 1422567, 499087, 281185, 1031384, 1978492, 1113406, 537930, 1474882, 1238643, 44714, 123535, 'Down']
[1912759, 2189424, -942489, -868173, 1264891, 1417180, 507498, 289305, 1045801, 1991363, 1052629, 490957, 1411906, 1235885, -27010, 100660, 'Down']
[1905063, 2181017, -947513, -875119, 1376302, 1424434, 498921, 281229, 1032174, 1979195, 1109737, 532943, 1467785, 1238387, 27399, 115039, 'Down']
[1914423, 2191287, -942239, -866775, 1259247, 1416809, 509793, 291119, 1045097, 1990733, 1058269, 496402, 1419321, 1236078, -9462, 108217, 'Down']
[1903089, 2178527, -947299, -876894, 1380657, 1424828, 496733, 279889, 1032912, 1979917, 1103949, 526881, 1459831, 1238122, 8878, 105692, 'Down']
[1915217, 2192507, -942962, -866149, 1257776, 1415210, 510157, 291308, 1042809, 1988634, 1063894, 502489, 1428750, 1235356, 10443, 118216, 'Down']
[1902543, 2177825, -946098, -876768, 1380475, 1425881, 496718, 280045, 1034861, 1981845, 1096635, 519951, 1450913, 1238478, -9742, 97346, 'Down']
[1916075, 2193736, -943566, -865506, 1259985, 1414636, 511111, 291561, 1041364, 1987540, 1071225, 509539, 1438875, 1235915, 28880, 126392, 'Down']
[1902245, 2177341, -945149, -876907, 1376333, 1426319, 495631, 280194, 1037102, 1983895, 1088480, 512813, 1441470, 1238298, -28129, 89021, 'Down']
[1916393, 2194489, -944064, -865450, 1266427, 1414174, 510762, 290887, 1039449, 1985785, 1079800, 517255, 1449507, 1235792, 46115, 134119, 'Down']
[1902377, 2177468, -944112, -876673, 1368513, 1425697, 496407, 280088, 1039316, 1985863, 1080710, 506014, 1431591, 1237985, -43630, 82886, 'Down']
[1915917, 2194102, -945326, -865958, 1275658, 1413749, 510443, 290188, 1037629, 1983950, 1088395, 524627, 1458627, 1236050, 60528, 139730, 'Down']
[1902906, 2177854, -943307, -875961, 1357304, 1425507, 497036, 281131, 1041312, 1987597, 1072333, 499521, 1422169, 1237961, -56134, 78023, 'Down']
[1915334, 2193411, -945925, -866535, 1287774, 1414721, 509997, 289556, 1036085, 1982670, 1096442, 531181, 1466942, 1236766, 71261, 143398, 'Down']
[1903524, 2178378, -942692, -875351, 1343955, 1424922, 497660, 281974, 1042788, 1988965, 1064387, 493697, 1414101, 1237316, -64950, 75771, 'Down']
[1913729, 2191509, -946834, -867877, 1302226, 1415458, 508538, 288061, 1033891, 1980647, 1103154, 535989, 1473697, 1236574, 78130, 145870, 'Down']
[1904652, 2179519, -941480, -873860, 1329547, 1424361, 500501, 284511, 1044315, 1990259, 1057626, 488747, 1407898, 1237040, -68674, 75769, 'Down']
[1912530, 2189992, -946771, -868500, 1317733, 1416812, 508486, 287711, 1032390, 1979258, 1108951, 539814, 1478757, 1237072, 80898, 145844, 'Down']
[1905697, 2180506, -941360, -873196, 1313774, 1422637, 500991, 285277, 1045427, 1991120, 1052771, 485513, 1403929, 1236528, -68750, 76757, 'Down']
[1911041, 2188015, -947405, -870269, 1332704, 1417547, 505686, 285688, 1031158, 1978059, 1113080, 541536, 1481148, 1237069, 77615, 142858, 'Down']
[1907966, 2182895, -940415, -871720, 1298276, 1420574, 503399, 286196, 1046499, 1992121, 1049862, 484317, 1402273, 1236022, -64339, 79996, 'Down']
[1909735, 2186177, -947168, -871984, 1347074, 1418237, 503727, 283350, 1030871, 1977856, 1114903, 542241, 1481077, 1236964, 69602, 137141, 'Down']
[1909836, 2185055, -940746, -870604, 1284263, 1418411, 504368, 286718, 1046886, 1992328, 1048527, 485383, 1402988, 1235349, -55067, 85351, 'Down']
[1907740, 2183793, -947826, -873604, 1359647, 1419458, 500983, 281334, 1030988, 1977987, 1114891, 540964, 1478365, 1237242, 57770, 130334, 'Down']
[1911357, 2186990, -941232, -869137, 1272512, 1417118, 506473, 287653, 1046298, 1991782, 1049423, 487703, 1406801, 1234726, -41628, 92768, 'Down']
[1905958, 2181728, -947413, -874298, 1370099, 1421491, 500350, 280848, 1031411, 1978224, 1112722, 537710, 1474429, 1237438, 43107, 122669, 'Down']
[1912852, 2189124, -941495, -867369, 1263760, 1416122, 508359, 288896, 1045789, 1991250, 1052773, 491835, 1413168, 1235020, -25270, 100987, 'Down']
[1903968, 2179553, -947286, -875254, 1377272, 1423019, 498819, 280254, 1032246, 1979326, 1108840, 532908, 1467806, 1237914, 25520, 113608, 'Down']
[1913944, 2190633, -942114, -866155, 1258655, 1415003, 509713, 290393, 1044458, 1990130, 1057519, 497093, 1420992, 1235034, -6875, 110038, 'Down']
[1902801, 2178010, -946166, -875812, 1380222, 1424121, 498240, 279800, 1033445, 1980431, 1102630, 526608, 1459605, 1237612, 6672, 104358, 'Down']
[1914771, 2191744, -942307, -865773, 1257490, 1413947, 511069, 290556, 1042913, 1988666, 1064493, 503844, 1430555, 1234905, 11999, 118476, 'Down']
[1901930, 2176539, -945418, -877053, 1379767, 1424261, 496753, 279036, 1035053, 1981634, 1095602, 520071, 1450521, 1237371, -11632, 96173, 'Down']
[1915854, 2192727, -942829, -865771, 1260094, 1412860, 511856, 290865, 1041383, 1987049, 1072238, 511221, 1439999, 1234590, 30554, 126871, 'Down']
[1902448, 2176710, -943804, -876601, 1375073, 1424643, 497804, 279846, 1037795, 1984096, 1088473, 513373, 1439744, 1237223, -29653, 88075, 'Down']
[1916388, 2193705, -943556, -865392, 1266248, 1412080, 511865, 289944, 1039604, 1985512, 1081254, 519156, 1449696, 1234968, 47576, 134375, 'Down']
[1902433, 2176866, -943401, -876276, 1366416, 1423962, 496507, 279446, 1039819, 1985925, 1080388, 506435, 1429897, 1237321, -45083, 81830, 'Down']
[1915856, 2193531, -944454, -865273, 1275680, 1412115, 510851, 289144, 1037995, 1984053, 1089839, 526336, 1458765, 1235757, 61484, 139431, 'Down']
[1902601, 2177021, -942263, -875158, 1355725, 1424008, 497572, 280627, 1041447, 1987422, 1072237, 500048, 1420999, 1237395, -56553, 78025, 'Down']
[1914979, 2192550, -944671, -865373, 1288750, 1413391, 510929, 288829, 1035849, 1981954, 1098002, 532447, 1467996, 1236332, 73245, 144512, 'Down']
[1903239, 2177470, -940902, -873824, 1342582, 1423837, 499631, 282620, 1043517, 1989134, 1065070, 493923, 1413771, 1237736, -64828, 75428, 'Down']
[1913835, 2190906, -944776, -866076, 1303683, 1414448, 509987, 288073, 1033709, 1980083, 1104803, 537413, 1475038, 1236907, 79741, 146530, 'Down']
[1904905, 2179057, -939584, -872354, 1327720, 1422917, 500399, 283646, 1045021, 1990700, 1058605, 489418, 1408187, 1237528, -68506, 75534, 'Down']
[1912641, 2189336, -945111, -867628, 1319477, 1415608, 509467, 286482, 1032595, 1979441, 1110739, 541136, 1479686, 1237744, 81342, 145670, 'Down']
[1906521, 2180661, -939472, -872113, 1312800, 1421641, 502731, 284743, 1046200, 1991773, 1053714, 486377, 1404065, 1237041, -67546, 77141, 'Down']
[1911669, 2187994, -945887, -869663, 1334742, 1416876, 506509, 284884, 1031901, 1978893, 1114629, 543105, 1481723, 1237535, 78299, 142782, 'Down']
[1908992, 2183345, -939365, -870432, 1297224, 1419853, 504830, 286007, 1047334, 1992858, 1051288, 485728, 1402863, 1236509, -62474, 81100, 'Down']
[1910216, 2186396, -946120, -870205, 1348645, 1418296, 504930, 283758, 1031871, 1978909, 1117471, 543668, 1482001, 1238129, 69634, 137250, 'Down']
[1910818, 2186026, -939592, -868146, 1283281, 1418475, 506161, 287552, 1047856, 1993360, 1051123, 487098, 1404273, 1236620, -53053, 86628, 'Down']
[1908102, 2184412, -946627, -871277, 1360973, 1419948, 502673, 282022, 1031710, 1978565, 1117134, 542409, 1479342, 1238420, 57951, 130958, 'Down']
[1912277, 2188312, -940036, -866511, 1271665, 1417700, 508030, 289284, 1047773, 1992971, 1052162, 489871, 1407930, 1236718, -39193, 94140, 'Down']
[1906415, 2182209, -946667, -872679, 1371072, 1421960, 500885, 281302, 1032167, 1978982, 1114399, 539129, 1473933, 1238988, 42853, 122978, 'Down']
[1914270, 2190181, -940447, -865600, 1263464, 1416366, 509819, 289820, 1046622, 1991865, 1055001, 493921, 1413662, 1236421, -22155, 103232, 'Down']
[1905380, 2180045, -946179, -874217, 1377656, 1422900, 500461, 279891, 1033600, 1979989, 1109948, 533424, 1466763, 1239024, 24787, 113895, 'Down']
[1914828, 2190445, -941710, -866152, 1258742, 1414390, 510813, 289097, 1045362, 1990170, 1059589, 498492, 1421446, 1235712, -4914, 110976, 'Down']
[1903835, 2177696, -946125, -876185, 1380521, 1423118, 498442, 278050, 1034296, 1980238, 1102610, 526175, 1458272, 1237985, 5637, 104542, 'Down']
[1916343, 2191990, -942378, -865918, 1257600, 1413017, 511904, 289132, 1043826, 1988690, 1065730, 504728, 1430856, 1235452, 13685, 119514, 'Down']
[1903386, 2176837, -945409, -877135, 1379410, 1423662, 497116, 277283, 1036428, 1982357, 1095502, 519778, 1448774, 1237932, -13807, 95237, 'Down']
[1916995, 2192940, -943253, -865883, 1260384, 1412021, 511824, 288224, 1041922, 1987181, 1073357, 512257, 1440226, 1235344, 31999, 127874, 'Down']
[1903230, 2176332, -944398, -877214, 1374268, 1423535, 496833, 277043, 1038485, 1984309, 1087627, 512908, 1438186, 1237786, -31406, 87720, 'Down']
[1917492, 2193434, -943929, -865842, 1266880, 1411214, 511573, 287384, 1039925, 1985367, 1081907, 519947, 1449795, 1235198, 48627, 135189, 'Down']
[1903990, 2176856, -942888, -876237, 1365377, 1423491, 497445, 277881, 1040731, 1986661, 1079749, 506070, 1428238, 1237731, -46856, 81443, 'Down']
[1916782, 2192778, -944825, -866126, 1277052, 1411782, 511146, 286869, 1037847, 1983953, 1090750, 527390, 1458890, 1235804, 62471, 140726, 'Down']
[1903979, 2176816, -942367, -875650, 1354323, 1423400, 498698, 278979, 1042020, 1988023, 1071291, 499420, 1419123, 1237242, -58303, 77833, 'Down']
[1916053, 2192054, -945415, -866268, 1289702, 1412752, 510971, 286798, 1035998, 1982384, 1098326, 533293, 1467291, 1236150, 72414, 143966, 'Down']
[1904684, 2177525, -941967, -874635, 1340491, 1423412, 499821, 280153, 1043895, 1989753, 1063571, 493982, 1411697, 1237036, -67029, 74529, 'Down']
[1914525, 2190359, -946770, -867753, 1304229, 1414312, 508918, 285085, 1033931, 1980542, 1104846, 538287, 1473713, 1236208, 77953, 145332, 'Down']
[1905615, 2178612, -941569, -873833, 1325134, 1422507, 501033, 280742, 1045506, 1991006, 1057298, 489256, 1405677, 1236537, -71114, 74111, 'Down']
[1913005, 2188583, -947288, -869122, 1319773, 1415249, 507603, 283691, 1032594, 1979021, 1110432, 541567, 1478357, 1236239, 79099, 144473, 'Down']
[1907195, 2180505, -941017, -872511, 1309840, 1420629, 502522, 282014, 1046451, 1991562, 1053034, 486523, 1402446, 1235959, -69151, 77022, 'Down']
[1911579, 2187035, -946968, -869923, 1335038, 1416498, 506372, 282709, 1032197, 1978584, 1114777, 543088, 1480542, 1236700, 75510, 141340, 'Down']
[1908900, 2182550, -940101, -870554, 1294860, 1419308, 504566, 283858, 1047748, 1992705, 1050886, 486045, 1401176, 1235871, -63438, 80684, 'Down']
[1909933, 2184708, -946695, -871226, 1349632, 1417738, 504338, 280848, 1031643, 1978113, 1116926, 544085, 1480203, 1237147, 67746, 136772, 'Down']
[1911697, 2185101, -939244, -868775, 1281681, 1417881, 507004, 285407, 1048343, 1993127, 1050967, 487764, 1403050, 1235550, -52571, 87492, 'Down']
[1908541, 2182637, -945856, -872157, 1362110, 1419850, 503709, 280243, 1032498, 1979167, 1117540, 542933, 1477123, 1237889, 55282, 130021, 'Down']
[1912953, 2186987, -939268, -866980, 1270466, 1417122, 509240, 286963, 1047707, 1993080, 1052642, 490824, 1406599, 1235660, -38519, 95500, 'Down']
[1906306, 2180577, -946143, -873044, 1371536, 1422018, 501527, 279378, 1032670, 1979388, 1114584, 539023, 1471815, 1238410, 39666, 121868, 'Down']
[1913710, 2188793, -940647, -865858, 1262344, 1416196, 510230, 287791, 1046913, 1992080, 1055977, 495039, 1412658, 1236026, -22122, 103334, 'Down']
[1904578, 2179066, -946227, -874042, 1377546, 1423118, 500295, 278856, 1033564, 1980078, 1109678, 533910, 1464311, 1238528, 21914, 112811, 'Down']
[1914653, 2190500, -941745, -865114, 1257591, 1414509, 511595, 288711, 1045511, 1990829, 1061069, 500669, 1420291, 1235952, -3679, 111870, 'Down']
[1903617, 2177659, -945863, -875123, 1379991, 1423343, 498975, 277622, 1034780, 1981164, 1103297, 527627, 1455399, 1238596, 3114, 103626, 'Down']
[1916302, 2192131, -941955, -864478, 1257152, 1412745, 512604, 288623, 1044267, 1989259, 1068077, 507254, 1429777, 1235903, 15457, 120821, 'Down']
[1902907, 2176442, -944606, -875685, 1378617, 1423025, 497408, 276596, 1036907, 1982768, 1096404, 520678, 1446032, 1238244, -15496, 94999, 'Down']
[1916790, 2192723, -942155, -864074, 1260906, 1411467, 512587, 287931, 1042146, 1987203, 1076013, 514858, 1440032, 1235370, 34475, 129664, 'Down']
[1903545, 2176452, -942602, -874738, 1373278, 1423501, 498068, 277502, 1039571, 1985005, 1088731, 513871, 1436344, 1237980, -32549, 87645, 'Down']
[1917512, 2193221, -942255, -863500, 1268012, 1411837, 513061, 287972, 1041058, 1985787, 1084959, 522457, 1450527, 1235924, 50188, 135624, 'Down']
[1903874, 2176448, -941274, -874267, 1364518, 1423878, 498792, 278178, 1042208, 1987161, 1080731, 507202, 1427615, 1238135, -47969, 80980, 'Down']
[1916755, 2192474, -943331, -864320, 1278196, 1412387, 511922, 287048, 1039077, 1984033, 1093045, 529543, 1460462, 1236282, 63407, 140749, 'Down']
[1903438, 2175998, -941335, -874508, 1353146, 1423712, 498526, 278208, 1043409, 1988466, 1071853, 500474, 1418467, 1237749, -59732, 76842, 'Down']
[1915643, 2191475, -944494, -865336, 1291306, 1412732, 511530, 286073, 1036351, 1981981, 1099994, 535449, 1468063, 1236276, 73868, 145224, 'Down']
[1904743, 2177360, -940244, -873326, 1338842, 1422561, 500967, 280058, 1045280, 1990437, 1064183, 494845, 1410732, 1237426, -67420, 74779, 'Down']
[1914191, 2189789, -945170, -866766, 1305588, 1413073, 509973, 284554, 1034795, 1980730, 1107049, 540170, 1474359, 1236399, 78458, 145070, 'Down']
[1905422, 2178220, -940070, -872797, 1324065, 1420672, 501657, 280760, 1046056, 1991107, 1058244, 490504, 1405449, 1236401, -70116, 74899, 'Down']
[1912905, 2188305, -945327, -867837, 1321340, 1413766, 508986, 283923, 1033305, 1979418, 1112579, 543220, 1478833, 1236322, 79984, 144796, 'Down']
[1907263, 2180195, -939278, -871201, 1308278, 1419209, 503986, 282197, 1047699, 1992546, 1054180, 488059, 1402324, 1236048, -68374, 76844, 'Down']
[1911507, 2186540, -945598, -869004, 1336517, 1415352, 506349, 281947, 1032632, 1978746, 1116167, 545201, 1480676, 1236579, 75609, 141069, 'Down']
[1909359, 2182624, -938989, -869427, 1293654, 1417915, 505527, 283258, 1048205, 1993072, 1051920, 487923, 1401583, 1235717, -61385, 81807, 'Down']
[1909794, 2184329, -945705, -870287, 1350409, 1416682, 504694, 280793, 1032401, 1978730, 1118142, 545253, 1480043, 1237157, 67522, 136165, 'Down']
[1910930, 2184461, -938977, -868061, 1279921, 1416523, 506937, 284815, 1048316, 1993046, 1051724, 488927, 1403082, 1235562, -50711, 88047, 'Down']
[1907774, 2181916, -945846, -871830, 1362181, 1418643, 503523, 279621, 1032633, 1978857, 1117520, 542908, 1476642, 1237744, 54580, 128720, 'Down']
[1912295, 2186359, -939359, -866856, 1268867, 1415350, 508953, 286130, 1047832, 1992553, 1053149, 491306, 1407019, 1235258, -36744, 95137, 'Down']
[1905444, 2179611, -945549, -873039, 1371447, 1420259, 501314, 278357, 1032851, 1979282, 1114452, 538733, 1471006, 1237806, 38688, 120358, 'Down']
[1912897, 2187645, -939986, -865867, 1261382, 1414205, 510222, 286712, 1046683, 1991523, 1056507, 495677, 1413313, 1235164, -19504, 103839, 'Down']
[1903800, 2177655, -944960, -873899, 1377454, 1421385, 500087, 277872, 1033668, 1979770, 1109139, 533441, 1463392, 1237896, 21190, 111840, 'Down']
[1914136, 2189423, -940116, -864685, 1257211, 1412981, 512231, 288060, 1045567, 1990371, 1061785, 501394, 1420949, 1235341, -1180, 112324, 'Down']
[1902895, 2176457, -943774, -874460, 1379783, 1422258, 499571, 277514, 1035448, 1981436, 1103528, 527485, 1454544, 1237823, 2224, 102224, 'Down']
[1914999, 2190677, -940653, -864155, 1257608, 1411835, 513135, 288232, 1044062, 1988893, 1069312, 508583, 1430545, 1235103, 17856, 120730, 'Down']
[1902308, 2175539, -942982, -874813, 1378321, 1422540, 498316, 277011, 1037075, 1982799, 1096217, 520592, 1444599, 1237499, -16042, 94144, 'Down']
[1916128, 2191907, -940857, -863422, 1261373, 1411326, 514480, 288858, 1042414, 1987438, 1077870, 515926, 1440028, 1235137, 35968, 129038, 'Down']
[1902224, 2175172, -941626, -874808, 1373016, 1422929, 498913, 277662, 1039638, 1985229, 1089057, 513791, 1434751, 1237533, -33424, 86504, 'Down']
[1916084, 2192051, -941605, -863597, 1268707, 1410925, 513456, 287946, 1040416, 1985518, 1086425, 523396, 1450228, 1235335, 52193, 135986, 'Down']
[1902661, 2175503, -940351, -874103, 1363767, 1422619, 499171, 277979, 1041581, 1986882, 1080889, 506840, 1425273, 1237507, -48363, 80410, 'Down']
[1915819, 2191800, -942065, -863996, 1279202, 1411021, 512846, 286997, 1038689, 1984041, 1095159, 530639, 1459596, 1235818, 65241, 140552, 'Down']
[1903143, 2175815, -939541, -873741, 1351759, 1421800, 499603, 278413, 1043817, 1988814, 1072879, 500686, 1416346, 1237105, -59944, 75738, 'Down']
[1914961, 2190730, -942718, -864737, 1292800, 1411650, 511963, 286171, 1036681, 1981942, 1102888, 536395, 1467753, 1235713, 75005, 144245, 'Down']
[1904632, 2177342, -938398, -872125, 1337963, 1421567, 501234, 280058, 1045643, 1990433, 1065598, 494960, 1409318, 1236667, -66434, 74621, 'Down']
[1913648, 2189219, -943878, -865961, 1307415, 1412410, 509929, 284658, 1035286, 1980892, 1109551, 541527, 1473769, 1236363, 80097, 145344, 'Down']
[1905540, 2178353, -938273, -871314, 1322344, 1420187, 503001, 281562, 1046805, 1991379, 1059464, 491011, 1403734, 1236131, -69216, 75260, 'Down']
[1912265, 2187586, -944007, -867109, 1322542, 1413754, 509691, 284175, 1033901, 1979676, 1114597, 544507, 1478166, 1236517, 79864, 144145, 'Down']
[1907092, 2180019, -937882, -870268, 1306675, 1418715, 504704, 282634, 1048009, 1992340, 1055104, 488528, 1401349, 1235661, -67604, 77216, 'Down']
[1910377, 2185315, -944697, -868995, 1337602, 1414798, 507160, 282128, 1033061, 1978791, 1117604, 545498, 1479908, 1236509, 74873, 139763, 'Down']
[1908805, 2182192, -937782, -868859, 1292026, 1417251, 506386, 284196, 1048340, 1992820, 1052377, 487829, 1400820, 1235217, -60749, 81544, 'Down']
[1908889, 2183586, -944390, -869968, 1351589, 1416346, 505560, 280670, 1033021, 1979076, 1119333, 545703, 1479303, 1236990, 65964, 134196, 'Down']
[1910801, 2184612, -937394, -866944, 1278867, 1415961, 508125, 285786, 1048505, 1993003, 1052756, 489868, 1402988, 1234939, -49399, 88171, 'Down']
[1907382, 2181682, -943980, -870716, 1363613, 1418002, 503541, 279899, 1033217, 1979437, 1118601, 544001, 1476040, 1237619, 53451, 127675, 'Down']
[1912631, 2186720, -937522, -865376, 1268317, 1414370, 509640, 286667, 1048686, 1993196, 1055045, 493368, 1407803, 1235463, -34555, 96208, 'Down']
[1905880, 2179809, -943532, -871638, 1372187, 1419307, 502264, 279049, 1034033, 1980175, 1115838, 540203, 1470666, 1237947, 37313, 119428, 'Down']
[1913826, 2188381, -938024, -864097, 1260917, 1413097, 512167, 287407, 1047623, 1992297, 1058763, 498356, 1414645, 1235456, -17499, 104698, 'Down']
[1904656, 2178387, -942696, -872226, 1377227, 1420901, 500900, 278260, 1035231, 1981247, 1110783, 535088, 1463246, 1238381, 19232, 110576, 'Down']
[1915243, 2190536, -938266, -862934, 1256571, 1412749, 513343, 289343, 1046679, 1991314, 1064747, 504318, 1422819, 1236001, 354, 113157, 'Down']
[1903564, 2177089, -942280, -873033, 1378956, 1422295, 500758, 278863, 1037233, 1982931, 1105030, 528863, 1454196, 1238956, -119, 101271, 'Down']
[1915494, 2191307, -939730, -863032, 1256456, 1411224, 513283, 288840, 1044803, 1989408, 1071748, 510897, 1431720, 1235605, 19040, 121441, 'Down']
[1902351, 2175789, -941949, -873853, 1376775, 1422497, 499007, 277966, 1038371, 1983749, 1096872, 521508, 1443922, 1237916, -18770, 92662, 'Down']
[1915926, 2192132, -940344, -862619, 1261105, 1410914, 513588, 288605, 1042492, 1987359, 1079734, 518007, 1441407, 1235304, 37540, 130039, 'Down']
[1902490, 2175737, -940505, -873525, 1371305, 1422764, 498871, 277876, 1040406, 1985801, 1089271, 514166, 1434404, 1237971, -35135, 86141, 'Down']
[1916711, 2192899, -940015, -862070, 1268801, 1410977, 514000, 288487, 1041427, 1986285, 1088786, 525406, 1451906, 1235962, 53729, 136959, 'Down']
[1903336, 2176181, -938616, -872606, 1362071, 1422598, 500053, 278703, 1042982, 1987975, 1081453, 507559, 1424715, 1238032, -49547, 80273, 'Down']
[1916575, 2192332, -940329, -862478, 1280043, 1411086, 513034, 287622, 1039745, 1984834, 1097338, 532542, 1461167, 1236398, 66421, 141452, 'Down']
[1904247, 2176570, -937088, -871829, 1350459, 1422235, 501844, 280042, 1045156, 1990058, 1073701, 501448, 1416577, 1237725, -60269, 76214, 'Down']
[1915648, 2190997, -940455, -863274, 1294213, 1411919, 513616, 286967, 1037948, 1983355, 1105302, 538949, 1469657, 1236680, 76102, 144831, 'Down']
[1905237, 2177390, -936102, -870657, 1336841, 1421675, 503391, 281529, 1046877, 1991904, 1066852, 496743, 1409691, 1237393, -66116, 75389, 'Down']
[1914673, 2189726, -940876, -864267, 1308793, 1412863, 512344, 286041, 1036542, 1982201, 1111865, 543720, 1475058, 1236933, 80927, 146086, 'Down']
[1906059, 2178352, -936167, -870484, 1321316, 1420104, 504036, 282257, 1048211, 1992778, 1060927, 492618, 1404227, 1236644, -68823, 75460, 'Down']
[1912996, 2187809, -941696, -866346, 1324331, 1414056, 510750, 284316, 1034921, 1980618, 1116515, 546489, 1478649, 1236490, 80756, 144937, 'Down']
[1908116, 2180585, -935534, -869444, 1305708, 1419066, 505991, 283073, 1049610, 1993921, 1056596, 490601, 1401187, 1236018, -66361, 78163, 'Down']
[1912039, 2186528, -941661, -867661, 1339352, 1415705, 508604, 282330, 1034362, 1980181, 1119810, 548481, 1480412, 1236934, 75766, 141233, 'Down']
[1910407, 2183176, -935045, -867282, 1291006, 1418080, 508324, 284771, 1050581, 1994886, 1055226, 490799, 1401681, 1236292, -58982, 82751, 'Down']
[1910149, 2184480, -942082, -868338, 1353191, 1417842, 507025, 281467, 1034225, 1980034, 1121176, 548182, 1479819, 1237906, 66340, 135136, 'Down']
[1912096, 2185668, -935695, -865080, 1278433, 1417342, 510586, 286547, 1050337, 1994591, 1054931, 492402, 1404075, 1236488, -47315, 89472, 'Down']
[1908168, 2182378, -942920, -869214, 1365266, 1419761, 505204, 280871, 1034218, 1980159, 1120293, 545935, 1476258, 1238657, 53547, 128559, 'Down']
[1913218, 2187347, -937180, -864140, 1268280, 1415464, 510519, 287277, 1049466, 1993701, 1057067, 495450, 1408617, 1236281, -31791, 98357, 'Down']
[1907036, 2180715, -942651, -870129, 1373715, 1421104, 503786, 279948, 1035312, 1981196, 1117182, 541376, 1470480, 1238768, 37106, 120497, 'Down']
[1915141, 2189230, -937557, -862814, 1261498, 1414607, 513221, 288677, 1048680, 1993171, 1061078, 500520, 1416097, 1236113, -14335, 107402, 'Down']
[1905825, 2178381, -942567, -871726, 1379077, 1422534, 502530, 278920, 1036356, 1982230, 1111535, 535885, 1463030, 1238764, 18967, 111796, 'Down']
[1916642, 2190502, -938427, -862649, 1258029, 1413729, 514601, 289412, 1047385, 1992020, 1066376, 505966, 1424468, 1235881, 4013, 116228, 'Down']
[1904940, 2176742, -942005, -872988, 1380358, 1423504, 501974, 278359, 1038092, 1983917, 1104809, 528930, 1454035, 1238671, -590, 102522, 'Down']
[1917191, 2191083, -939581, -863019, 1258280, 1412540, 514583, 288474, 1045565, 1990312, 1073055, 512774, 1433801, 1235444, 22509, 124624, 'Down']
[1903678, 2175303, -941762, -874110, 1377768, 1423505, 500377, 276864, 1039357, 1984782, 1096342, 521456, 1443740, 1237446, -18962, 94016, 'Down']
[1917631, 2192270, -940115, -862390, 1262769, 1412271, 515297, 287932, 1043663, 1988376, 1080765, 519858, 1443182, 1235239, 40708, 132482, 'Down']
[1903714, 2175691, -940444, -873459, 1371401, 1424163, 500470, 277277, 1041710, 1986905, 1088294, 514854, 1432988, 1237824, -35682, 86924, 'Down']
[1917464, 2192601, -940904, -862471, 1270802, 1412007, 514550, 287198, 1042024, 1986722, 1089476, 527482, 1452525, 1235742, 56154, 138988, 'Down']
[1904059, 2176100, -939390, -872795, 1361515, 1423648, 500969, 277473, 1043879, 1988407, 1080293, 507834, 1423443, 1237393, -49829, 81325, 'Down']
[1917378, 2192540, -941074, -862322, 1281999, 1412846, 515240, 286996, 1040184, 1984963, 1097981, 534185, 1461719, 1236282, 68807, 143729, 'Down']
[1904886, 2176684, -937966, -871787, 1349132, 1424069, 502069, 278848, 1046318, 1990760, 1072794, 501884, 1415161, 1237842, -60293, 77302, 'Down']
[1916120, 2190754, -941782, -863535, 1295863, 1414012, 513424, 285391, 1037991, 1982955, 1105303, 540099, 1469090, 1236371, 77620, 146732, 'Down']
[1906278, 2177702, -937147, -870558, 1334501, 1423443, 503222, 280085, 1047653, 1992030, 1065349, 496499, 1407863, 1237202, -66500, 76174, 'Down']
[1914986, 2189226, -942325, -864516, 1310281, 1415020, 513456, 284616, 1037033, 1982247, 1111927, 544234, 1474924, 1237171, 80467, 146234, 'Down']
[1906639, 2178158, -937678, -870479, 1318779, 1422012, 504031, 280561, 1048696, 1993146, 1059521, 492855, 1403480, 1236775, -69008, 76263, 'Down']
[1912493, 2186622, -943762, -866791, 1325488, 1415893, 510557, 282851, 1034908, 1980399, 1115865, 546629, 1478653, 1236932, 79415, 144547, 'Down']
[1908019, 2180023, -937579, -869278, 1303349, 1420048, 505815, 281777, 1049202, 1993292, 1055109, 490147, 1401061, 1235884, -65424, 79800, 'Down']
[1911048, 2184922, -943821, -867935, 1340315, 1417111, 508998, 281465, 1034300, 1979779, 1118864, 547335, 1479889, 1236957, 74116, 140573, 'Down']
[1909773, 2182313, -936988, -867514, 1288801, 1418514, 508447, 283538, 1049911, 1994026, 1053592, 489947, 1401013, 1235556, -58048, 83996, 'Down']
[1908942, 2182641, -943885, -869247, 1353655, 1417936, 506358, 279215, 1034012, 1979591, 1119852, 546147, 1478279, 1237210, 63796, 133953, 'Down']
[1911533, 2184216, -936973, -866161, 1275810, 1416438, 509436, 283813, 1049815, 1993549, 1053787, 491337, 1403261, 1235024, -46498, 90069, 'Down']
[1907926, 2180638, -942957, -870355, 1364850, 1419282, 505069, 278177, 1034561, 1979946, 1118614, 543773, 1474533, 1237516, 49568, 125898, 'Down']
[1913894, 2186468, -936405, -864213, 1266134, 1415349, 512131, 285650, 1049832, 1993880, 1056789, 495514, 1409187, 1235462, -31666, 97605, 'Down']
[1906354, 2178696, -942447, -870997, 1373448, 1420942, 503459, 277468, 1035385, 1981083, 1115968, 540578, 1469157, 1237957, 33296, 117660, 'Down']
[1915244, 2188668, -937076, -862598, 1259783, 1414394, 513986, 287209, 1048772, 1993115, 1061489, 501134, 1416245, 1235852, -13766, 106995, 'Down']
[1904791, 2177273, -942215, -871268, 1378057, 1422906, 502724, 277742, 1036732, 1982565, 1110940, 535103, 1460852, 1239203, 14802, 108574, 'Down']
[1915137, 2189258, -938667, -862254, 1256793, 1413633, 514468, 287784, 1047024, 1991431, 1066924, 506884, 1424505, 1236262, 4700, 115222, 'Down']
[1903331, 2175559, -942172, -872756, 1379261, 1423073, 501721, 276939, 1037635, 1983197, 1103487, 528166, 1451946, 1238463, -3597, 99929, 'Down']
[1916311, 2190619, -939362, -862169, 1258039, 1412545, 515928, 288474, 1045123, 1989714, 1073984, 513691, 1434463, 1235718, 23976, 124074, 'Down']
[1902878, 2174478, -941588, -873697, 1376444, 1423498, 500340, 276538, 1039589, 1984847, 1095557, 521074, 1442379, 1237974, -21403, 92364, 'Down']
[1916732, 2190916, -940318, -862378, 1262872, 1411590, 515459, 287313, 1043173, 1987870, 1081708, 520795, 1444328, 1235326, 41948, 132609, 'Down']
[1903064, 2174401, -940401, -873261, 1369589, 1423509, 501107, 277040, 1041658, 1986770, 1087433, 513941, 1432414, 1237742, -38032, 85431, 'Down']
[1917437, 2191871, -940458, -861690, 1271066, 1412171, 515956, 287574, 1041918, 1986815, 1091123, 528588, 1454230, 1236001, 56890, 138544, 'Down']
[1903507, 2174734, -939198, -872410, 1359491, 1423988, 501580, 277926, 1044412, 1989423, 1080243, 507749, 1422748, 1237777, -52654, 78969, 'Down']
[1916705, 2191074, -941434, -862263, 1283030, 1412995, 514951, 286543, 1039600, 1984817, 1099441, 535657, 1462881, 1236029, 69122, 143316, 'Down']
[1904743, 2175941, -938043, -871227, 1346793, 1423527, 502335, 278936, 1046351, 1991036, 1072697, 501909, 1414328, 1237397, -62053, 76444, 'Down']
[1915917, 2190178, -941798, -862952, 1296631, 1413731, 514029, 285433, 1038269, 1983521, 1107587, 541514, 1470153, 1236399, 77079, 145685, 'Down']
[1905771, 2176959, -937284, -870251, 1332886, 1422861, 504580, 280329, 1047856, 1992371, 1066085, 497007, 1407618, 1237064, -67262, 75651, 'Down']
[1914523, 2188550, -942335, -864291, 1311872, 1414666, 512744, 284125, 1036693, 1982237, 1113698, 545581, 1475834, 1236730, 81002, 146249, 'Down']
[1907024, 2178238, -936873, -869587, 1317022, 1421039, 505377, 280635, 1049157, 1993426, 1060551, 493322, 1403216, 1236257, -68480, 76210, 'Down']
[1912863, 2186273, -942697, -866182, 1327107, 1415112, 510802, 282106, 1035638, 1980658, 1118045, 547767, 1479022, 1236595, 79338, 143569, 'Down']
[1908394, 2179634, -936455, -868671, 1301815, 1419182, 506779, 281819, 1050246, 1993786, 1056586, 491215, 1400880, 1235733, -65097, 79048, 'Down']
[1910844, 2183802, -943129, -868156, 1342249, 1416199, 509074, 280588, 1034881, 1979747, 1120410, 548270, 1479365, 1236710, 73162, 139327, 'Down']
[1910379, 2181964, -936145, -867093, 1287740, 1417554, 509513, 283635, 1050344, 1993742, 1054778, 491092, 1400455, 1235038, -56504, 84679, 'Down']
[1909292, 2182108, -942645, -868759, 1355442, 1417990, 506857, 279793, 1034769, 1979797, 1121228, 547721, 1477295, 1237131, 62845, 133281, 'Down']
[1912125, 2184343, -935742, -864902, 1275232, 1416358, 511756, 285291, 1050835, 1994264, 1055928, 493848, 1403344, 1235430, -44317, 91255, 'Down']
[1907587, 2180308, -942213, -869527, 1366251, 1419305, 505810, 278754, 1035304, 1980478, 1120247, 545685, 1473460, 1237597, 49274, 125837, 'Down']
[1913373, 2186226, -936369, -863751, 1265755, 1414802, 512950, 286184, 1050054, 1993654, 1058402, 497929, 1409164, 1235430, -28417, 99322, 'Down']
[1905715, 2178108, -942232, -870952, 1374233, 1420297, 503604, 277638, 1035744, 1980759, 1115912, 541427, 1467697, 1237801, 32999, 117982, 'Down']
[1914342, 2187710, -937057, -862873, 1259416, 1413308, 514518, 286996, 1048786, 1992290, 1062216, 502467, 1416119, 1234968, -10497, 108592, 'Down']
[1904103, 2176237, -941824, -871949, 1378246, 1421328, 502535, 277353, 1036788, 1981746, 1110295, 534704, 1459019, 1237658, 14462, 108804, 'Down']
[1915261, 2188873, -938099, -862509, 1256927, 1412121, 514754, 287032, 1046990, 1990745, 1067927, 508245, 1424243, 1235116, 7922, 117184, 'Down']
[1903393, 2174939, -940876, -872647, 1379209, 1422031, 502089, 277057, 1038492, 1983377, 1102969, 528307, 1449947, 1237919, -4617, 100010, 'Down']
[1916259, 2190013, -938131, -861871, 1258523, 1411284, 516305, 287899, 1045443, 1989359, 1075309, 515517, 1434456, 1235058, 27074, 126044, 'Down']
[1903082, 2174257, -939506, -872606, 1375513, 1422572, 501706, 276920, 1040769, 1985286, 1095850, 521381, 1440182, 1237660, -22769, 91391, 'Down']
[1917013, 2190893, -938420, -861157, 1263632, 1411166, 516324, 287665, 1043810, 1987819, 1084009, 523122, 1444436, 1235184, 44191, 132934, 'Down']
[1903431, 2174176, -938178, -871937, 1368812, 1423036, 502165, 277455, 1043000, 1987406, 1088231, 514674, 1430543, 1237690, -39167, 84022, 'Down']
[1916881, 2190738, -938919, -861130, 1272777, 1411130, 516954, 287270, 1042281, 1986310, 1093063, 530578, 1455145, 1235831, 59431, 138927, 'Down']
[1903303, 2173975, -937505, -871537, 1358596, 1422459, 501853, 277646, 1045020, 1989005, 1080022, 507898, 1422012, 1237240, -52152, 79314, 'Down']
[1916196, 2189937, -939864, -861743, 1284618, 1411537, 515821, 286214, 1040054, 1984496, 1101043, 536902, 1463862, 1235833, 71391, 144138, 'Down']
[1904425, 2174987, -936597, -870574, 1345572, 1421813, 503501, 278889, 1046712, 1990678, 1072383, 501785, 1413363, 1236729, -61551, 76717, 'Down']
[1915227, 2188967, -940713, -862764, 1298422, 1411985, 514724, 285420, 1038429, 1983152, 1108512, 542611, 1470918, 1236114, 79081, 146496, 'Down']
[1905495, 2176402, -936016, -869692, 1330879, 1420598, 505001, 280292, 1048362, 1992481, 1065387, 497325, 1407108, 1236585, -66458, 76133, 'Down']
[1914018, 2187855, -941072, -863789, 1313051, 1413014, 513384, 284455, 1036984, 1982083, 1114151, 546646, 1476153, 1236595, 81991, 146455, 'Down']
[1906779, 2178138, -935401, -868462, 1315270, 1419594, 506462, 281915, 1049869, 1993803, 1060224, 493869, 1402336, 1236323, -67624, 76452, 'Down']
[1911756, 2185593, -941801, -865561, 1329027, 1413981, 511337, 282515, 1035606, 1980729, 1118562, 549291, 1478638, 1236797, 80004, 144083, 'Down']
[1907988, 2179617, -935228, -867384, 1300338, 1417731, 508382, 282454, 1050275, 1993976, 1056517, 492678, 1400046, 1235350, -62578, 81289, 'Down']
[1910250, 2183588, -941482, -866681, 1343189, 1415211, 509388, 280949, 1034989, 1979964, 1121196, 549916, 1478611, 1236653, 73863, 140248, 'Down']
[1910151, 2182270, -934267, -865196, 1285643, 1416817, 509938, 284763, 1051083, 1994529, 1055776, 493071, 1400430, 1235293, -54247, 86123, 'Down']
[1909013, 2182153, -940656, -867023, 1356347, 1417499, 508680, 280687, 1035233, 1980396, 1122144, 549366, 1476890, 1237324, 63018, 133585, 'Down']
[1911902, 2184322, -934180, -863356, 1273989, 1415699, 512501, 286274, 1051180, 1994900, 1056963, 495997, 1403970, 1235557, -41171, 92942, 'Down']
[1907384, 2179871, -940495, -868252, 1367243, 1418727, 506658, 279312, 1035767, 1981021, 1120653, 546661, 1473107, 1237579, 48973, 125963, 'Down']
[1913759, 2186299, -934413, -862251, 1264748, 1413866, 514023, 287138, 1050489, 1994009, 1059619, 499737, 1409504, 1235204, -25323, 101266, 'Down']
[1906040, 2177915, -940085, -869697, 1374897, 1419741, 504704, 278375, 1036906, 1981877, 1116995, 542185, 1466673, 1237902, 32079, 117314, 'Down']
[1915325, 2188249, -934999, -861256, 1258873, 1412471, 515086, 287752, 1049570, 1993146, 1064551, 504921, 1417229, 1235172, -7109, 110199, 'Down']
[1904794, 2176365, -939681, -870517, 1378566, 1420700, 503893, 277813, 1038124, 1983224, 1111587, 536491, 1458517, 1237878, 13273, 107825, 'Down']
