[1732584, 2537186, -1229638, -1113289, 1288123, 1474991, 842721, 708885, 1107199, 1980337, 684809, -74881, 1400563, 1572531, -278733, -267545, 'Down']
[1744041, 2549016, -1237206, -1106919, 1293177, 1465994, 851558, 712332, 1091314, 1965315, 744461, -24291, 1476479, 1574178, -111198, -190902, 'Down']
[1734822, 2538945, -1228839, -1111574, 1270668, 1473901, 844239, 710025, 1108653, 1981523, 679274, -78426, 1396508, 1571620, -275664, -264216, 'Down']
[1742309, 2546519, -1236857, -1108006, 1311200, 1468452, 849630, 710804, 1089982, 1964280, 748923, -21081, 1479617, 1574835, -116317, -193594, 'Down']
[1737685, 2541247, -1228532, -1108996, 1254115, 1471864, 846610, 711759, 1109775, 1982689, 676362, -79694, 1395695, 1571271, -267751, -258995, 'Down']
[1739928, 2543785, -1237155, -1109248, 1327451, 1470609, 847708, 708606, 1089679, 1964316, 751641, -19558, 1480059, 1575451, -126987, -199393, 'Down']
[1740544, 2544112, -1228427, -1106354, 1238732, 1469697, 849741, 713697, 1110151, 1983154, 675798, -79198, 1396461, 1570430, -255415, -252057, 'Down']
[1737164, 2541029, -1237282, -1110540, 1340401, 1472641, 845285, 707778, 1089504, 1964772, 751981, -19857, 1477556, 1576056, -141742, -206841, 'Down']
[1742641, 2546373, -1229475, -1104971, 1226483, 1467784, 850795, 714877, 1109421, 1982650, 677034, -77114, 1400226, 1570632, -239044, -243762, 'Down']
[1734942, 2538645, -1237340, -1112640, 1350059, 1474896, 842713, 706268, 1089942, 1965339, 748620, -22891, 1472525, 1576265, -159927, -216168, 'Down']
[1744644, 2548465, -1230485, -1104199, 1218933, 1466102, 853073, 716202, 1108096, 1981700, 680221, -73303, 1406316, 1570569, -219437, -234453, 'Down']
[1732310, 2535861, -1236873, -1114618, 1356713, 1476416, 839765, 704526, 1090617, 1966268, 743348, -27559, 1464823, 1575906, -179012, -224579, 'Down']
[1746863, 2550342, -1230877, -1102817, 1215004, 1463823, 853879, 716710, 1106359, 1980111, 686337, -68369, 1414183, 1569891, -198225, -224162, 'Down']
[1731009, 2533738, -1235460, -1115504, 1358329, 1476656, 838696, 703368, 1092872, 1968295, 737026, -33043, 1456223, 1575567, -200982, -235079, 'Down']
[1748852, 2551817, -1231022, -1101689, 1215945, 1461872, 854787, 715831, 1104917, 1978431, 694617, -61158, 1424187, 1570265, -177178, -214279, 'Down']
[1729883, 2532342, -1233930, -1115749, 1355688, 1477933, 837542, 702705, 1095356, 1970432, 729559, -39279, 1445967, 1575311, -221556, -243925, 'Down']
[1749347, 2552138, -1232463, -1101521, 1221863, 1461167, 855405, 715977, 1102353, 1975876, 703358, -53368, 1434573, 1570431, -156313, -204381, 'Down']
[1729861, 2532255, -1232711, -1115299, 1347544, 1478193, 836066, 702689, 1098379, 1972676, 719760, -46668, 1434706, 1574791, -240147, -251639, 'Down']
[1750181, 2553428, -1232676, -1100261, 1230969, 1461972, 855720, 716372, 1100679, 1974066, 713505, -45167, 1444829, 1572111, -138831, -197507, 'Down']
[1729974, 2532596, -1230859, -1114225, 1336532, 1479067, 836820, 703214, 1101188, 1975424, 711297, -53408, 1424256, 1575310, -256059, -258572, 'Down']
[1749792, 2552827, -1233028, -1100724, 1243944, 1463207, 855473, 715163, 1098349, 1972112, 724012, -37383, 1455132, 1573099, -124662, -192186, 'Down']
[1730537, 2532588, -1229447, -1114157, 1322031, 1478907, 837704, 704466, 1103777, 1977338, 702154, -60687, 1414436, 1574529, -268051, -263303, 'Down']
[1749064, 2551232, -1233234, -1102461, 1259688, 1463753, 853860, 713637, 1095672, 1969656, 732796, -30852, 1463901, 1573202, -114894, -188797, 'Down']
[1732486, 2533574, -1227617, -1113623, 1305628, 1477419, 839727, 705988, 1106148, 1979468, 693747, -67055, 1406955, 1572945, -275739, -265721, 'Down']
[1748177, 2549527, -1233542, -1104636, 1277551, 1464828, 851830, 711782, 1093371, 1967980, 741107, -25059, 1472981, 1573152, -109851, -187138, 'Down']
[1734887, 2535586, -1226647, -1112532, 1287643, 1475794, 839831, 706356, 1107675, 1981050, 686792, -72098, 1401609, 1571392, -277849, -264855, 'Down']
[1747007, 2548530, -1233922, -1105049, 1294909, 1467422, 850432, 710632, 1091458, 1966325, 747655, -20772, 1478598, 1573751, -110839, -188554, 'Down']
[1737308, 2538733, -1226914, -1109577, 1268682, 1475216, 842270, 708520, 1109445, 1983308, 682218, -75124, 1397761, 1572182, -275647, -263100, 'Down']
[1743607, 2545903, -1236059, -1106532, 1312066, 1470355, 847096, 708438, 1090230, 1965813, 752127, -17943, 1480352, 1576040, -117407, -193303, 'Down']
[1739289, 2541484, -1228000, -1107112, 1251985, 1473878, 844341, 710643, 1109457, 1983494, 678431, -76918, 1395351, 1572117, -266274, -256896, 'Down']
[1741109, 2543665, -1236837, -1107848, 1328371, 1473319, 844568, 708002, 1089279, 1965229, 753773, -16947, 1479658, 1576891, -126792, -197486, 'Down']
[1742198, 2544295, -1228197, -1105404, 1237318, 1472048, 846570, 712527, 1109874, 1983637, 677654, -76494, 1396264, 1572122, -252164, -248595, 'Down']
[1738219, 2540181, -1237324, -1111025, 1340947, 1474644, 840829, 704606, 1089481, 1965246, 752581, -18532, 1476572, 1576849, -142237, -205576, 'Down']
[1744334, 2545660, -1229087, -1105267, 1225415, 1469288, 848255, 713112, 1109188, 1982646, 677963, -75090, 1400323, 1570703, -236103, -240795, 'Down']
[1736269, 2537384, -1236520, -1113566, 1350503, 1476745, 838899, 703065, 1089923, 1965387, 748945, -22071, 1471380, 1576387, -161015, -215043, 'Down']
[1747000, 2547879, -1229114, -1104575, 1217852, 1467240, 849991, 712624, 1108498, 1981565, 682035, -71401, 1406863, 1570540, -217264, -231955, 'Down']
[1733777, 2534443, -1235828, -1115737, 1356493, 1477396, 836230, 700256, 1091655, 1966502, 744102, -26550, 1463733, 1575921, -181606, -224853, 'Down']
[1748478, 2549257, -1230185, -1103814, 1214582, 1464774, 850651, 712379, 1106614, 1979642, 687862, -66335, 1414748, 1570054, -196209, -221850, 'Down']
[1732448, 2532782, -1234314, -1116422, 1357474, 1477666, 834542, 698969, 1092954, 1967944, 736518, -32800, 1454114, 1575289, -202479, -234237, 'Down']
[1750671, 2551218, -1230008, -1102329, 1215934, 1462909, 853157, 713642, 1104900, 1978055, 695791, -59174, 1424666, 1570117, -174820, -212089, 'Down']
[1731836, 2531853, -1232574, -1116539, 1354488, 1478411, 834559, 699273, 1096135, 1970808, 728867, -38858, 1444557, 1575126, -222649, -243288, 'Down']
[1752069, 2552401, -1230715, -1101626, 1221775, 1462460, 853007, 713122, 1102314, 1975925, 705060, -51439, 1435121, 1570199, -154209, -202469, 'Down']
[1731620, 2531173, -1231180, -1116525, 1346427, 1479437, 833210, 699324, 1098776, 1973545, 719952, -45967, 1433441, 1574915, -241471, -251296, 'Down']
[1751504, 2551451, -1232376, -1102494, 1231587, 1462688, 851842, 712132, 1099674, 1973815, 714440, -44066, 1445665, 1570636, -137337, -195477, 'Down']
[1731108, 2530284, -1231063, -1116811, 1335157, 1479534, 832915, 699306, 1100120, 1974963, 709656, -54040, 1422946, 1573493, -256814, -256768, 'Down']
[1751080, 2550725, -1233574, -1102754, 1244641, 1463466, 851430, 711208, 1096514, 1971494, 723602, -37026, 1456036, 1571082, -123514, -189443, 'Down']
[1731351, 2530006, -1230327, -1116248, 1320303, 1478635, 832989, 699616, 1102534, 1977358, 700083, -61195, 1413857, 1572567, -269237, -261796, 'Down']
[1750016, 2549326, -1234440, -1103385, 1260944, 1463479, 849577, 709725, 1093881, 1968741, 732175, -30388, 1465215, 1571306, -114026, -185866, 'Down']
[1733106, 2531841, -1228558, -1113774, 1303348, 1476783, 835054, 702573, 1105017, 1979265, 692180, -67161, 1406360, 1571793, -276169, -263839, 'Down']
[1747865, 2547444, -1235065, -1104465, 1278695, 1464634, 847847, 708817, 1091680, 1966970, 740461, -24496, 1473076, 1572488, -110046, -185723, 'Down']
[1735002, 2534037, -1227812, -1111781, 1285425, 1474804, 836104, 703572, 1106539, 1981006, 685340, -71762, 1400357, 1571153, -277257, -262622, 'Down']
[1746009, 2545582, -1235301, -1105775, 1296460, 1466481, 844625, 707124, 1090373, 1965919, 747047, -19868, 1477458, 1573670, -110904, -186992, 'Down']
[1737414, 2536177, -1226772, -1110247, 1267288, 1473195, 838043, 705078, 1108438, 1982221, 680342, -74897, 1396386, 1570373, -273480, -259647, 'Down']
[1744006, 2542817, -1234731, -1107930, 1313714, 1468526, 842240, 705053, 1089365, 1964944, 751214, -17362, 1479899, 1573675, -116983, -191041, 'Down']
[1740438, 2538529, -1225698, -1108857, 1250835, 1471439, 840022, 706217, 1109096, 1983059, 677933, -76056, 1395565, 1569746, -264439, -254207, 'Down']
[1742390, 2540489, -1233748, -1109413, 1329133, 1471189, 840560, 703474, 1089453, 1965097, 753948, -16507, 1480295, 1574240, -128520, -197057, 'Down']
[1742771, 2540566, -1226058, -1107149, 1236704, 1469489, 842231, 707951, 1109598, 1983358, 678317, -75382, 1398468, 1569077, -251861, -247288, 'Down']
[1739234, 2537511, -1234500, -1111243, 1342207, 1472815, 836179, 701426, 1088836, 1964833, 753050, -17878, 1477426, 1574066, -143676, -204296, 'Down']
[1745507, 2543984, -1226474, -1104449, 1224972, 1467949, 843995, 709707, 1108852, 1983205, 679857, -73186, 1401677, 1569244, -234507, -238145, 'Down']
[1736218, 2534756, -1234171, -1112592, 1352209, 1475045, 834473, 700062, 1089637, 1965796, 750169, -20732, 1471411, 1575122, -161808, -213271, 'Down']
[1747769, 2546368, -1227220, -1102960, 1218031, 1465600, 846254, 710287, 1107381, 1981364, 683701, -69252, 1407957, 1569213, -213493, -227589, 'Down']
[1734593, 2532914, -1233544, -1113946, 1356766, 1476889, 832268, 699196, 1091587, 1967250, 744935, -25571, 1463178, 1575107, -182779, -223680, 'Down']
[1749976, 2548315, -1228051, -1101627, 1214963, 1464523, 848391, 712103, 1106145, 1980124, 690296, -63639, 1416304, 1569356, -193332, -218742, 'Down']
[1732773, 2530722, -1232681, -1115195, 1357753, 1477419, 830806, 698706, 1093467, 1969311, 738087, -31460, 1454247, 1575207, -204017, -233570, 'Down']
[1750741, 2548894, -1229331, -1101552, 1216646, 1461725, 847839, 711652, 1103279, 1977658, 698108, -57535, 1426162, 1569211, -172069, -208701, 'Down']
[1731242, 2528863, -1231940, -1116301, 1354066, 1477079, 828836, 697578, 1095081, 1970528, 729182, -38894, 1443941, 1573971, -224124, -241996, 'Down']
[1751374, 2549314, -1230261, -1101463, 1222970, 1460916, 848023, 711409, 1101083, 1975317, 707070, -50201, 1437147, 1569126, -151935, -199363, 'Down']
[1731043, 2528292, -1230326, -1116419, 1345981, 1476997, 828508, 697514, 1097816, 1972924, 720077, -46330, 1432890, 1573015, -241945, -248886, 'Down']
[1751970, 2549517, -1231055, -1101705, 1233061, 1460249, 846929, 710256, 1098497, 1972775, 716750, -42858, 1446793, 1568939, -134159, -190991, 'Down']
[1731719, 2528482, -1228791, -1115823, 1333737, 1476851, 828536, 698245, 1100960, 1975634, 710804, -53880, 1422388, 1572262, -257454, -254972, 'Down']
[1752120, 2549355, -1231360, -1101799, 1246581, 1460743, 846881, 709858, 1096493, 1970934, 726508, -35210, 1457314, 1570275, -121018, -186017, 'Down']
[1733128, 2529610, -1227302, -1114519, 1318731, 1475629, 830250, 699936, 1103464, 1978240, 702051, -60161, 1413905, 1571941, -268886, -259397, 'Down']
[1750966, 2547989, -1232286, -1102937, 1262706, 1460930, 845297, 708669, 1094239, 1969361, 735854, -27894, 1467017, 1571042, -112560, -183626, 'Down']
[1734755, 2530972, -1226013, -1113051, 1301583, 1474171, 831401, 701029, 1105587, 1979908, 693859, -65930, 1406392, 1570895, -275293, -260908, 'Down']
[1749453, 2546279, -1232489, -1104015, 1279807, 1462409, 843461, 707202, 1092495, 1967754, 743878, -22303, 1474013, 1571758, -109390, -183386, 'Down']
[1736382, 2532530, -1225708, -1111846, 1283330, 1471755, 831864, 701795, 1107113, 1981444, 686923, -70743, 1400560, 1570168, -276703, -260368, 'Down']
[1746647, 2543377, -1233842, -1106104, 1297742, 1463419, 839638, 705156, 1089969, 1965825, 749183, -18659, 1477876, 1572319, -110832, -185200, 'Down']
[1738681, 2534757, -1225596, -1109924, 1265227, 1470019, 833305, 703856, 1107874, 1982410, 681727, -74336, 1395602, 1569445, -272352, -257067, 'Down']
[1744047, 2540543, -1234512, -1107790, 1315595, 1465518, 836647, 703488, 1088669, 1964999, 753484, -16312, 1479168, 1572939, -117249, -189198, 'Down']
[1741264, 2537222, -1225340, -1107419, 1249433, 1467860, 835188, 705446, 1108537, 1983137, 679680, -75234, 1394641, 1568719, -261978, -250349, 'Down']
[1741806, 2538045, -1234051, -1108975, 1331029, 1467367, 834777, 701733, 1088707, 1965037, 755445, -15039, 1478551, 1573632, -128291, -194868, 'Down']
[1743926, 2539726, -1225322, -1105593, 1235661, 1466360, 838183, 707350, 1108797, 1983440, 679428, -73736, 1396247, 1568668, -248167, -242975, 'Down']
[1739885, 2535872, -1233219, -1110614, 1343780, 1469667, 831648, 700486, 1089074, 1965741, 754990, -15959, 1474843, 1574204, -143858, -202643, 'Down']
[1746652, 2542559, -1225263, -1103790, 1224843, 1464714, 839725, 708611, 1108667, 1983299, 682267, -70671, 1400537, 1568590, -230865, -234490, 'Down']
[1737613, 2533498, -1232382, -1112029, 1352785, 1471715, 830416, 698403, 1089928, 1966699, 751828, -18617, 1468697, 1574310, -162287, -211548, 'Down']
[1748486, 2544428, -1225748, -1102665, 1217556, 1462506, 840599, 708185, 1107766, 1982129, 686464, -66367, 1406512, 1568418, -211282, -225196, 'Down']
[1734621, 2530359, -1232107, -1114077, 1357812, 1473171, 827682, 696808, 1090768, 1966964, 745689, -24179, 1460492, 1573695, -183243, -221739, 'Down']
[1750311, 2546236, -1226531, -1101246, 1215964, 1461596, 842917, 709325, 1105295, 1979673, 692468, -61325, 1415223, 1568040, -189122, -214101, 'Down']
[1733656, 2529042, -1230375, -1114362, 1358063, 1474888, 826475, 696106, 1093558, 1969391, 739139, -30084, 1450540, 1574031, -203798, -230898, 'Down']
[1751561, 2547394, -1227164, -1100573, 1217491, 1460231, 843377, 709351, 1103454, 1977711, 701297, -54411, 1424513, 1568427, -168564, -205246, 'Down']
[1732458, 2527624, -1229010, -1114942, 1353775, 1475496, 824998, 695611, 1095650, 1971402, 730867, -37037, 1439845, 1573562, -224363, -240140, 'Down']
[1752783, 2548154, -1227571, -1099942, 1223513, 1459934, 844052, 709462, 1101156, 1975894, 710473, -46723, 1434816, 1568824, -149095, -196687, 'Down']
[1732142, 2526660, -1227705, -1115051, 1344913, 1475889, 824257, 695532, 1098201, 1973687, 721682, -44462, 1429619, 1572913, -243153, -248639, 'Down']
[1752498, 2547491, -1228738, -1100670, 1234218, 1459768, 842950, 708056, 1098775, 1973332, 720268, -39357, 1446093, 1568981, -132337, -190020, 'Down']
[1732321, 2526631, -1226489, -1114589, 1332775, 1475833, 824069, 696161, 1100404, 1975550, 711756, -51972, 1419512, 1571611, -256986, -253384, 'Down']
[1752170, 2547181, -1229565, -1100980, 1248134, 1460222, 843020, 707487, 1095856, 1971051, 729728, -31951, 1456552, 1569630, -118471, -183815, 'Down']
[1733470, 2527625, -1225480, -1113763, 1317244, 1474776, 825062, 696818, 1102977, 1978472, 703016, -58522, 1410748, 1570893, -267819, -257106, 'Down']
[1751367, 2546042, -1230263, -1102171, 1264333, 1460912, 841180, 705879, 1093231, 1969128, 738323, -25064, 1465482, 1570141, -109963, -180718, 'Down']
[1735709, 2529695, -1223683, -1111733, 1300456, 1474432, 828042, 699601, 1105518, 1980761, 694857, -64140, 1403491, 1570321, -273410, -258032, 'Down']
[1749596, 2544230, -1230469, -1103278, 1282397, 1463100, 838832, 705037, 1091587, 1967833, 746121, -19151, 1472392, 1571146, -106289, -179967, 'Down']
[1737590, 2531675, -1222822, -1110300, 1282195, 1472715, 828775, 700307, 1107062, 1982463, 687766, -68687, 1397958, 1569201, -273948, -256797, 'Down']
[1747540, 2542103, -1230771, -1104988, 1300678, 1464201, 836037, 702756, 1089844, 1966308, 751853, -15087, 1477638, 1571280, -108266, -181824, 'Down']
[1740082, 2534028, -1222120, -1108248, 1265021, 1470388, 831021, 701936, 1108194, 1983450, 683741, -71326, 1395222, 1568581, -268501, -252426, 'Down']
[1745180, 2539469, -1230811, -1106574, 1318296, 1466077, 833935, 700825, 1088807, 1965771, 756247, -12873, 1479814, 1572476, -114812, -185363, 'Down']
[1742770, 2536457, -1221947, -1106297, 1248653, 1468445, 832770, 702891, 1109116, 1984192, 681659, -72148, 1394453, 1568019, -258379, -246232, 'Down']
[1742856, 2536765, -1230757, -1108325, 1332762, 1468110, 830436, 698350, 1088783, 1965555, 757911, -12358, 1478193, 1572777, -127309, -192166, 'Down']
[1745380, 2539006, -1222075, -1104415, 1234587, 1466382, 835048, 704074, 1109170, 1983878, 681856, -71209, 1395673, 1567637, -244800, -239237, 'Down']
[1740706, 2534507, -1230027, -1109582, 1345021, 1470217, 829358, 697521, 1089136, 1966139, 756878, -13736, 1473787, 1573034, -143364, -200507, 'Down']
[1747294, 2541072, -1222577, -1103069, 1224218, 1464944, 836623, 705780, 1108771, 1983566, 684346, -68210, 1399966, 1567366, -227296, -231133, 'Down']
[1737709, 2531350, -1229886, -1111737, 1353984, 1472295, 825816, 695851, 1089700, 1966532, 753301, -16899, 1466718, 1572951, -161939, -209389, 'Down']
[1749597, 2543131, -1223205, -1101732, 1217894, 1463117, 838553, 707061, 1106874, 1981822, 688760, -64009, 1406754, 1566830, -206289, -220121, 'Down']
[1735686, 2528910, -1229085, -1113467, 1358507, 1473652, 823487, 694404, 1091217, 1967702, 747467, -22641, 1459568, 1572293, -182446, -218624, 'Down']
[1751447, 2544900, -1224063, -1101067, 1215793, 1461237, 838961, 706938, 1105178, 1979935, 695536, -58645, 1415771, 1566332, -184809, -209710, 'Down']
[1734715, 2527728, -1227440, -1113891, 1358010, 1474932, 822108, 693993, 1093322, 1970098, 740512, -28658, 1449863, 1571952, -203535, -228045, 'Down']
[1753007, 2546355, -1224532, -1099969, 1218236, 1460264, 839479, 707544, 1102947, 1978228, 704275, -51375, 1425929, 1566588, -164259, -200502, 'Down']
[1733853, 2526609, -1226103, -1114064, 1353505, 1476178, 821670, 694633, 1095995, 1972569, 732331, -35313, 1439499, 1571569, -224182, -237174, 'Down']
[1753911, 2547128, -1225391, -1099319, 1225503, 1460242, 839456, 708055, 1100403, 1976151, 713877, -43495, 1436813, 1567201, -144554, -191284, 'Down']
[1733925, 2526437, -1224610, -1113554, 1344783, 1476652, 821127, 695134, 1098249, 1974923, 723101, -42756, 1428164, 1571297, -241876, -243959, 'Down']
[1754616, 2547719, -1225616, -1098828, 1235923, 1460202, 840198, 707942, 1098427, 1974357, 723978, -35961, 1447228, 1568138, -128426, -184651, 'Down']
[1734342, 2526684, -1223173, -1112972, 1331926, 1476459, 822046, 696139, 1101294, 1977619, 714090, -50174, 1418396, 1570848, -257462, -250880, 'Down']
[1753599, 2546616, -1227022, -1100153, 1250421, 1460659, 838534, 706951, 1095544, 1971501, 733427, -29082, 1457343, 1568390, -115946, -179934, 'Down']
[1735601, 2527937, -1222317, -1112115, 1316210, 1475164, 822322, 697626, 1103381, 1979530, 704883, -57370, 1409340, 1569872, -267144, -254169, 'Down']
[1752572, 2545310, -1227785, -1101450, 1266921, 1461637, 836878, 706087, 1093607, 1969935, 742467, -22259, 1466158, 1569367, -108145, -177921, 'Down']
[1737204, 2529067, -1221404, -1111218, 1299035, 1473912, 823314, 698726, 1105506, 1981046, 696891, -63292, 1401957, 1568666, -272229, -255140, 'Down']
[1750701, 2543037, -1228667, -1103520, 1285002, 1462412, 834090, 703656, 1091235, 1967704, 749685, -17601, 1472374, 1569453, -104958, -177318, 'Down']
[1738553, 2530107, -1221111, -1110334, 1281466, 1471417, 824585, 699500, 1106759, 1981987, 690198, -68324, 1396242, 1567247, -272310, -253644, 'Down']
[1748289, 2540272, -1228877, -1105069, 1303418, 1463811, 832448, 702238, 1089449, 1966064, 754940, -14246, 1476686, 1569281, -107415, -179076, 'Down']
[1741354, 2532825, -1220161, -1107761, 1263588, 1469809, 826063, 701067, 1108581, 1983568, 685665, -71278, 1393343, 1566207, -267491, -250010, 'Down']
[1746255, 2538187, -1228882, -1106103, 1320129, 1465834, 829957, 700621, 1088907, 1965506, 759101, -12055, 1478346, 1570227, -115857, -184298, 'Down']
[1744049, 2535843, -1219774, -1105386, 1247570, 1467743, 829250, 703452, 1109200, 1984131, 684261, -71560, 1393556, 1566177, -257124, -244273, 'Down']
[1743455, 2535743, -1228254, -1107675, 1335596, 1468477, 827350, 700139, 1088556, 1965728, 760550, -11194, 1477594, 1570878, -127735, -190699, 'Down']
[1746577, 2538625, -1219539, -1103418, 1234502, 1466311, 831621, 706060, 1108886, 1984239, 684548, -70089, 1396593, 1565899, -241413, -235815, 'Down']
[1741264, 2533077, -1228017, -1109578, 1347432, 1470497, 824232, 697746, 1089179, 1966202, 759472, -13093, 1474230, 1571256, -143627, -198719, 'Down']
[1749129, 2540654, -1220428, -1102264, 1224342, 1464219, 833245, 706582, 1108452, 1983287, 687443, -67381, 1402117, 1565532, -223493, -226837, 'Down']
[1738659, 2530114, -1227377, -1111722, 1355605, 1471806, 821400, 696226, 1090106, 1967139, 755717, -16754, 1468102, 1570970, -163241, -208199, 'Down']
[1750944, 2542450, -1221032, -1101420, 1218622, 1461842, 833860, 707091, 1106349, 1981619, 692233, -62960, 1409382, 1564461, -202776, -216172, 'Down']
[1737109, 2528612, -1226508, -1112556, 1359450, 1473635, 820071, 695170, 1091412, 1968818, 749211, -22319, 1459657, 1570649, -183903, -217244, 'Down']
[1752760, 2544785, -1221926, -1099736, 1216671, 1461051, 835914, 708231, 1104918, 1980531, 698891, -56946, 1418138, 1565299, -182244, -206997, 'Down']
[1734929, 2526712, -1226041, -1113466, 1358962, 1474756, 816859, 694373, 1092913, 1970362, 741685, -28723, 1449430, 1570912, -204820, -226948, 'Down']
[1754232, 2546519, -1222318, -1098318, 1219363, 1459959, 837251, 709296, 1102733, 1978529, 707466, -50171, 1427268, 1566125, -160707, -197179, 'Down']
[1734162, 2525780, -1224297, -1113414, 1353378, 1475466, 817987, 694894, 1095723, 1972937, 733589, -35638, 1438468, 1570983, -225230, -236502, 'Down']
[1754280, 2546008, -1223853, -1099307, 1227216, 1459110, 835564, 707699, 1099306, 1975568, 716992, -42559, 1438096, 1566068, -141340, -188470, 'Down']
[1734734, 2525288, -1222445, -1113744, 1343583, 1475817, 816555, 693988, 1098189, 1975179, 724099, -43661, 1427604, 1569791, -242752, -242951, 'Down']
[1755089, 2545625, -1223871, -1099982, 1238231, 1459462, 836281, 706939, 1097263, 1973576, 727022, -34824, 1449746, 1566825, -125796, -181775, 'Down']
[1735273, 2524960, -1220975, -1113751, 1331199, 1476018, 818120, 695387, 1100774, 1977504, 714978, -50693, 1419434, 1568909, -256827, -248101, 'Down']
[1754035, 2544568, -1224984, -1101455, 1252729, 1459739, 834453, 705291, 1094591, 1971327, 736423, -27864, 1460939, 1566612, -113579, -176734, 'Down']
[1735694, 2525943, -1220969, -1113220, 1315058, 1473829, 816618, 694716, 1102123, 1978887, 704980, -58180, 1410580, 1567537, -266974, -251047, 'Down']
[1752685, 2543893, -1226845, -1102101, 1268837, 1460703, 832979, 703977, 1091840, 1969123, 744220, -21769, 1468302, 1567701, -106990, -174306, 'Down']
[1737429, 2528377, -1220869, -1111465, 1297146, 1473713, 819696, 697099, 1104823, 1981160, 697394, -63276, 1402173, 1567513, -272288, -252268, 'Down']
[1750811, 2542585, -1228397, -1103600, 1286218, 1463130, 829491, 702142, 1090240, 1967546, 751665, -16036, 1473408, 1568888, -104909, -174952, 'Down']
[1739913, 2531127, -1220511, -1109758, 1278489, 1472573, 821668, 698324, 1106840, 1982605, 690957, -67481, 1395905, 1567039, -272086, -251352, 'Down']
[1749298, 2540713, -1228979, -1105601, 1303857, 1465112, 827658, 699653, 1089337, 1966276, 756638, -12419, 1476907, 1569787, -108148, -177935, 'Down']
[1742541, 2533041, -1220674, -1108957, 1260923, 1470410, 822376, 698878, 1108360, 1983810, 686364, -69790, 1393380, 1566151, -266630, -248011, 'Down']
[1746541, 2537068, -1229908, -1108847, 1321033, 1466383, 823739, 696592, 1088151, 1965078, 759012, -10712, 1478181, 1569487, -116441, -182670, 'Down']
[1745499, 2535312, -1220607, -1107676, 1245224, 1467122, 824650, 700285, 1108455, 1983319, 683302, -71138, 1393260, 1564613, -255080, -240685, 'Down']
[1744396, 2534294, -1229484, -1110896, 1335425, 1467959, 821628, 694905, 1088589, 1965425, 759829, -11067, 1477282, 1569978, -129759, -190031, 'Down']
[1747679, 2537151, -1221160, -1106705, 1232246, 1465084, 826061, 700887, 1108528, 1983386, 683894, -69569, 1396841, 1564314, -240602, -233419, 'Down']
[1742088, 2531407, -1229247, -1112735, 1347328, 1470123, 818935, 693313, 1088282, 1965542, 757718, -13213, 1472763, 1569774, -146029, -197534, 'Down']
[1750399, 2539519, -1221811, -1104625, 1223049, 1462866, 827860, 703278, 1107342, 1982230, 686569, -66476, 1401850, 1564187, -221855, -223311, 'Down']
[1739958, 2528901, -1228686, -1113306, 1355803, 1472137, 817028, 693584, 1089333, 1967268, 754002, -16412, 1466597, 1570457, -165402, -206337, 'Down']
[1753179, 2542097, -1221935, -1102002, 1217296, 1461634, 831185, 705163, 1106110, 1982145, 692057, -61162, 1409460, 1564725, -201323, -213107, 'Down']
[1738168, 2526641, -1227907, -1114275, 1358995, 1473453, 815262, 692417, 1090632, 1968659, 748388, -21623, 1458323, 1570444, -186636, -216307, 'Down']
[1754610, 2543296, -1223083, -1100976, 1215969, 1459783, 830795, 705379, 1104084, 1980182, 699733, -55249, 1418871, 1564803, -180430, -203507, 'Down']
[1736717, 2525008, -1226759, -1114423, 1357674, 1474338, 813246, 691973, 1092521, 1970771, 741081, -28086, 1449215, 1570050, -207658, -225450, 'Down']
[1755667, 2544317, -1223967, -1099740, 1218971, 1459034, 831357, 705663, 1101502, 1978393, 708339, -48028, 1429683, 1565001, -160073, -193955, 'Down']
[1735644, 2523550, -1225521, -1114531, 1351840, 1474919, 812954, 691709, 1094877, 1973044, 732307, -35309, 1438658, 1569622, -228243, -234406, 'Down']
[1756006, 2544270, -1225267, -1100032, 1227088, 1458021, 831129, 703687, 1098370, 1975697, 717383, -40594, 1440755, 1565111, -141299, -185369, 'Down']
[1735664, 2523364, -1223691, -1114275, 1342399, 1475086, 813000, 690820, 1097744, 1975458, 723342, -42832, 1428276, 1568884, -245585, -241374, 'Down']
[1755961, 2544364, -1225228, -1099980, 1238524, 1458943, 831532, 702611, 1096423, 1973636, 727957, -32902, 1451572, 1565887, -125564, -179214, 'Down']
[1735979, 2523596, -1222463, -1113834, 1328233, 1474930, 812660, 689796, 1100164, 1977861, 713945, -50456, 1418047, 1568413, -259587, -247231, 'Down']
[1754923, 2543241, -1226606, -1101120, 1253210, 1460368, 829945, 700613, 1093446, 1970883, 737007, -25975, 1460905, 1566606, -113674, -174629, 'Down']
[1736997, 2524650, -1221331, -1112893, 1312314, 1475308, 813324, 690858, 1102615, 1980042, 705065, -57165, 1408764, 1567750, -268571, -249727, 'Down']
[1753343, 2541448, -1227153, -1102754, 1269944, 1461415, 827874, 697955, 1091235, 1968956, 745410, -19591, 1468127, 1566808, -106446, -172078, 'Down']
[1739059, 2526091, -1219976, -1111880, 1294942, 1473490, 815312, 690741, 1104489, 1981477, 696965, -62329, 1401231, 1566013, -271913, -249126, 'Down']
[1752392, 2539721, -1226779, -1104255, 1287664, 1463425, 825736, 695372, 1090199, 1968025, 752731, -14066, 1475009, 1567632, -104259, -171605, 'Down']
[1741589, 2528141, -1219034, -1110301, 1276393, 1472159, 816086, 691530, 1106668, 1983421, 691197, -66125, 1397279, 1565443, -271094, -247048, 'Down']
[1750239, 2537339, -1227354, -1105513, 1305028, 1465363, 824075, 694224, 1088471, 1966832, 757939, -10725, 1479030, 1568175, -108034, -174046, 'Down']
[1743484, 2530352, -1219251, -1108100, 1258711, 1470350, 819106, 693669, 1107250, 1984066, 687021, -68800, 1395401, 1564950, -265270, -242831, 'Down']
[1747029, 2534606, -1228387, -1107281, 1321375, 1467285, 820862, 691645, 1087608, 1966109, 760931, -9081, 1480244, 1568814, -117162, -179258, 'Down']
[1745666, 2533082, -1220062, -1106303, 1242600, 1468124, 820334, 694732, 1107792, 1984361, 685060, -69488, 1395234, 1564169, -253926, -236264, 'Down']
[1744585, 2532386, -1228556, -1109029, 1335254, 1469402, 818192, 690391, 1087718, 1965834, 761293, -9823, 1477721, 1569324, -130355, -186093, 'Down']
[1748134, 2535709, -1220608, -1104499, 1229448, 1466214, 822935, 696661, 1107840, 1983829, 685660, -68285, 1397410, 1563967, -238369, -228307, 'Down']
[1742009, 2529792, -1228361, -1110789, 1346194, 1471820, 814827, 688020, 1088015, 1966129, 759174, -12385, 1472984, 1569296, -147137, -194461, 'Down']
[1750756, 2538436, -1220769, -1102631, 1219577, 1464612, 825319, 697343, 1106755, 1983117, 688613, -65263, 1402486, 1563813, -219514, -218736, 'Down']
[1739835, 2527246, -1227777, -1112310, 1353479, 1473036, 812720, 686605, 1088751, 1967332, 755011, -16438, 1466005, 1569736, -166862, -203549, 'Down']
[1752750, 2539975, -1221662, -1101528, 1214800, 1461992, 826954, 698205, 1104723, 1981744, 694130, -60404, 1410173, 1563770, -198637, -208270, 'Down']
[1738538, 2525049, -1226428, -1113018, 1356942, 1474091, 812114, 686142, 1090498, 1969117, 749402, -21684, 1458000, 1569344, -187268, -212502, 'Down']
[1754535, 2541141, -1222576, -1100742, 1214339, 1460497, 827507, 698492, 1103035, 1980510, 701953, -53587, 1420495, 1563776, -177535, -198286, 'Down']
[1737158, 2523103, -1225750, -1114309, 1355216, 1474722, 810175, 684678, 1092015, 1971190, 741760, -28038, 1448381, 1568737, -208649, -221743, 'Down']
[1756318, 2542459, -1223206, -1099964, 1217921, 1459990, 828689, 698436, 1100826, 1978400, 710626, -46635, 1431230, 1564498, -157316, -189107, 'Down']
[1736960, 2522428, -1223577, -1114363, 1349082, 1476059, 809845, 684197, 1094868, 1974003, 733030, -34990, 1439084, 1569015, -228675, -230613, 'Down']
[1756972, 2543113, -1223179, -1099893, 1225854, 1459958, 827948, 697001, 1098625, 1976423, 720300, -38416, 1442996, 1565270, -138560, -181215, 'Down']
[1736707, 2522279, -1221607, -1113984, 1339040, 1476758, 809332, 684050, 1097328, 1976371, 723740, -42256, 1428920, 1568065, -245217, -237512, 'Down']
[1756487, 2542677, -1224045, -1100054, 1238162, 1460704, 827421, 696484, 1095602, 1973842, 730200, -30887, 1453636, 1565088, -122354, -174337, 'Down']
[1737005, 2522479, -1220678, -1113043, 1325452, 1476402, 809824, 685182, 1099663, 1978495, 714304, -49788, 1417744, 1567124, -258314, -242344, 'Down']
[1755772, 2541768, -1225094, -1100298, 1252918, 1460940, 827180, 696328, 1092816, 1971682, 739459, -24038, 1461958, 1565734, -110976, -170039, 'Down']
[1737957, 2523205, -1219935, -1111862, 1309271, 1474457, 810805, 686842, 1102214, 1980701, 705642, -56656, 1408970, 1566287, -267476, -245387, 'Down']
[1754406, 2540382, -1225585, -1101245, 1269742, 1461440, 824852, 694892, 1090568, 1969773, 748242, -18158, 1470510, 1566436, -104480, -167962, 'Down']
[1739599, 2524813, -1218573, -1110127, 1291445, 1473066, 812437, 688445, 1104251, 1982554, 698550, -62054, 1401904, 1566074, -271166, -245846, 'Down']
[1752416, 2538199, -1225831, -1102545, 1287273, 1462795, 822534, 692962, 1088874, 1968186, 755489, -13095, 1476168, 1566803, -102922, -168599, 'Down']
[1741677, 2526741, -1217823, -1108517, 1272851, 1470687, 814046, 688857, 1105865, 1983875, 692824, -65987, 1396868, 1564852, -269433, -243989, 'Down']
[1749364, 2534766, -1226567, -1105191, 1304819, 1464393, 819028, 689679, 1087825, 1966964, 760577, -10189, 1478929, 1567250, -107476, -172625, 'Down']
[1743551, 2528353, -1217867, -1107325, 1255730, 1468704, 816185, 690320, 1106225, 1983818, 688355, -69050, 1394252, 1563219, -262139, -239311, 'Down']
[1747169, 2532355, -1226280, -1106690, 1321289, 1466221, 817221, 688703, 1087110, 1966355, 763151, -8867, 1479367, 1567616, -115947, -177134, 'Down']
[1746578, 2531457, -1217381, -1105119, 1240010, 1466884, 819713, 692552, 1106971, 1984409, 687187, -68948, 1394466, 1563150, -250164, -232525, 'Down']
[1744400, 2529692, -1226146, -1108921, 1335209, 1468522, 815562, 686439, 1087020, 1966400, 763427, -9244, 1477387, 1567966, -129932, -184560, 'Down']
[1748597, 2533791, -1217928, -1104133, 1226868, 1464816, 819650, 692750, 1106943, 1983933, 687623, -67600, 1397685, 1562442, -234691, -224643, 'Down']
[1741766, 2527096, -1226019, -1111105, 1345958, 1470234, 812445, 684245, 1087014, 1966149, 760507, -12238, 1472277, 1567545, -146495, -192428, 'Down']
[1751128, 2536392, -1218343, -1102521, 1217332, 1462933, 822105, 694297, 1105997, 1983078, 690431, -64689, 1402926, 1562254, -215379, -215130, 'Down']
[1740021, 2525030, -1224780, -1112281, 1351988, 1472197, 809586, 683637, 1088359, 1967780, 756292, -16526, 1465093, 1568124, -166752, -202432, 'Down']
[1753373, 2538423, -1218865, -1101150, 1212251, 1461776, 823276, 695135, 1104388, 1982149, 696770, -59473, 1410806, 1562556, -195032, -205795, 'Down']
[1738073, 2522722, -1224077, -1113566, 1354366, 1473422, 807470, 681736, 1089930, 1969606, 750412, -22044, 1456299, 1568039, -187949, -212338, 'Down']
[1754795, 2539557, -1220206, -1100683, 1211365, 1459234, 822839, 694871, 1102166, 1980265, 703809, -53506, 1420091, 1562031, -174581, -196494, 'Down']
[1737012, 2521074, -1222879, -1114474, 1352386, 1473579, 805822, 680736, 1091858, 1971520, 742295, -28829, 1446248, 1566803, -209259, -221683, 'Down']
[1755988, 2540244, -1220466, -1099845, 1216344, 1459058, 824153, 694904, 1100131, 1977842, 712695, -45903, 1430258, 1562102, -153505, -186289, 'Down']
[1736134, 2519746, -1221174, -1114325, 1346677, 1475251, 805056, 681305, 1094577, 1973448, 733779, -35912, 1435576, 1566487, -227752, -228722, 'Down']
[1756907, 2541208, -1220867, -1099232, 1224799, 1458472, 825233, 694891, 1098018, 1975780, 722500, -38249, 1440971, 1562570, -134198, -177517, 'Down']
[1736731, 2520404, -1219456, -1113566, 1335672, 1474769, 806070, 682182, 1097850, 1976612, 724540, -43173, 1424762, 1566425, -244529, -235923, 'Down']
[1756508, 2540768, -1222338, -1099984, 1236737, 1459010, 824053, 694409, 1095179, 1973799, 732267, -30121, 1451197, 1563904, -119373, -171797, 'Down']
[1737615, 2521001, -1218232, -1112810, 1321678, 1475268, 806550, 683343, 1099850, 1978744, 714676, -50444, 1414856, 1565632, -257322, -240610, 'Down']
[1756137, 2540129, -1222546, -1100653, 1251718, 1460535, 822794, 693112, 1093393, 1971967, 741746, -23063, 1461355, 1564728, -108409, -167729, 'Down']
[1738598, 2521828, -1217220, -1112201, 1305020, 1473851, 806775, 683288, 1102525, 1980961, 706487, -56689, 1406779, 1565061, -266023, -243435, 'Down']
[1754825, 2538600, -1223371, -1102094, 1268358, 1461258, 820362, 690904, 1090454, 1969509, 750130, -17254, 1469199, 1564683, -102385, -165984, 'Down']
[1740479, 2523373, -1216371, -1110752, 1287354, 1472732, 807789, 684235, 1104415, 1982718, 699484, -62026, 1399664, 1564273, -269428, -243758, 'Down']
[1752951, 2536456, -1223889, -1103327, 1286556, 1463132, 817811, 688823, 1088752, 1968450, 757683, -12160, 1475197, 1565593, -101324, -166706, 'Down']
[1742761, 2525574, -1215900, -1108658, 1269738, 1471209, 808801, 685538, 1105712, 1984070, 694095, -65578, 1396085, 1563499, -266590, -240685, 'Down']
[1750714, 2534103, -1224518, -1104626, 1304510, 1464844, 814579, 687228, 1087422, 1967463, 762404, -8737, 1479048, 1566376, -104950, -168733, 'Down']
[1745337, 2528157, -1215473, -1106215, 1252520, 1469398, 812591, 687632, 1106908, 1985129, 690202, -67542, 1393924, 1563216, -258728, -235294, 'Down']
[1748299, 2531516, -1224256, -1105946, 1320583, 1467308, 812678, 686089, 1086977, 1967083, 765094, -7580, 1479008, 1567425, -114365, -173981, 'Down']
[1747896, 2530914, -1215565, -1104261, 1236743, 1467704, 814747, 690729, 1107194, 1985487, 689223, -67650, 1394230, 1563261, -246822, -228786, 'Down']
[1745619, 2528912, -1224172, -1108040, 1334259, 1469579, 810377, 684380, 1086570, 1967187, 765027, -8088, 1476551, 1567972, -128495, -181754, 'Down']
[1750715, 2533836, -1215404, -1102437, 1223906, 1466167, 816451, 691716, 1107053, 1985461, 689981, -66028, 1397810, 1563237, -230838, -221037, 'Down']
[1743271, 2526474, -1223450, -1109870, 1344384, 1471772, 807688, 682691, 1087317, 1967895, 762530, -10699, 1471274, 1568309, -146032, -190752, 'Down']
[1752532, 2535412, -1216324, -1101799, 1215076, 1463708, 817328, 691697, 1105996, 1984276, 693103, -62780, 1402752, 1562326, -211882, -212271, 'Down']
[1741362, 2523934, -1222270, -1111246, 1350536, 1473325, 804809, 680968, 1088743, 1968708, 757754, -15729, 1463925, 1567838, -166104, -200583, 'Down']
[1754653, 2537182, -1216615, -1100303, 1211095, 1462565, 819009, 692616, 1104251, 1982641, 699145, -57595, 1410853, 1562059, -190993, -202146, 'Down']
[1739879, 2522012, -1220840, -1112092, 1353690, 1474823, 803294, 680018, 1090471, 1970453, 752016, -20925, 1455094, 1567444, -186210, -208885, 'Down']
[1756960, 2539390, -1216797, -1098794, 1211011, 1461237, 820662, 693659, 1102823, 1981324, 707163, -50696, 1420686, 1562300, -169195, -191269, 'Down']
[1739098, 2521023, -1219299, -1112250, 1350820, 1476544, 803253, 680066, 1093250, 1973154, 744525, -27380, 1445396, 1567616, -207672, -218480, 'Down']
[1757829, 2540180, -1217897, -1098181, 1215842, 1461445, 822017, 693965, 1100603, 1979308, 716189, -43032, 1431654, 1562990, -149101, -182390, 'Down']
[1738291, 2520134, -1218236, -1112510, 1344086, 1476881, 802104, 679911, 1095396, 1975210, 734759, -34696, 1434542, 1567254, -226565, -226390, 'Down']
[1757774, 2540096, -1219334, -1098825, 1224317, 1460629, 820257, 692690, 1097781, 1976691, 725066, -35983, 1442140, 1563358, -131131, -175019, 'Down']
[1738181, 2519767, -1217314, -1112793, 1333233, 1476736, 801957, 680238, 1097836, 1976954, 725043, -42919, 1424433, 1566323, -242808, -233063, 'Down']
[1758078, 2540348, -1219761, -1098870, 1236721, 1460656, 820001, 692186, 1095484, 1974311, 734663, -28801, 1453349, 1563745, -115568, -168489, 'Down']
[1738799, 2520303, -1216069, -1111821, 1319477, 1476346, 801930, 680732, 1100511, 1979485, 715907, -50082, 1414787, 1565504, -255145, -237809, 'Down']
[1757115, 2539225, -1220979, -1099652, 1252235, 1461835, 818332, 690663, 1093194, 1972142, 744156, -21911, 1462058, 1564463, -104705, -164479, 'Down']
[1740147, 2521533, -1215278, -1110459, 1303287, 1475453, 803573, 682179, 1102709, 1981825, 707534, -56291, 1405616, 1564946, -262647, -239716, 'Down']
[1756015, 2537976, -1221308, -1100278, 1269541, 1463110, 817134, 689677, 1091075, 1970769, 752885, -15478, 1469693, 1565305, -98412, -162365, 'Down']
[1742375, 2523597, -1214067, -1108453, 1285190, 1474040, 804719, 683546, 1105098, 1983704, 700944, -61304, 1399255, 1564340, -265482, -239559, 'Down']
[1754139, 2535797, -1221636, -1101727, 1287675, 1464393, 815721, 688331, 1089460, 1969267, 760059, -10628, 1475265, 1566354, -97924, -163227, 'Down']
