[1129076, 2148910, 1397942, 223169, 1421284, 1089698, -364142, 408335, 1097874, 1203415, 629897, 1271056, 1746352, 1314768, 1066233, 1122322, 'Down']
[1129984, 2149654, 1394884, 222828, 1421357, 1090142, -362412, 408204, 1097614, 1203313, 626087, 1269366, 1747313, 1316820, 1066871, 1125030, 'Down']
[1129479, 2149329, 1398249, 223184, 1421478, 1089428, -362882, 407189, 1098194, 1203450, 628894, 1270637, 1745470, 1314982, 1066001, 1122694, 'Down']
[1130352, 2150505, 1395029, 223448, 1421324, 1090926, -362664, 409049, 1097871, 1203592, 627636, 1270424, 1748495, 1316985, 1067434, 1124500, 'Down']
[1129795, 2150413, 1398148, 223590, 1421691, 1089754, -362429, 408390, 1098324, 1203976, 627545, 1270118, 1743981, 1315227, 1065299, 1123011, 'Down']
[1130316, 2151121, 1394950, 223578, 1421169, 1090836, -363325, 407697, 1097550, 1203516, 629169, 1271128, 1749815, 1317291, 1068271, 1124530, 'Down']
[1129776, 2150816, 1397719, 223181, 1421881, 1089353, -363928, 407679, 1098307, 1203868, 626023, 1269275, 1743292, 1315439, 1065180, 1123948, 'Down']
[1129965, 2151171, 1394796, 223247, 1421148, 1090307, -363959, 407375, 1097595, 1203305, 630072, 1271496, 1750778, 1317431, 1068583, 1124102, 'Down']
[1129785, 2150982, 1397349, 222477, 1421510, 1088874, -363184, 408007, 1097886, 1203496, 624411, 1268319, 1742627, 1315592, 1064983, 1124470, 'Down']
[1129995, 2151184, 1395209, 222881, 1420927, 1090183, -364345, 407421, 1097499, 1203200, 631291, 1272058, 1751738, 1316834, 1069280, 1124140, 'Down']
[1129840, 2151222, 1396997, 222007, 1421592, 1088070, -364679, 406767, 1097980, 1203669, 623016, 1267629, 1741892, 1315271, 1064686, 1124635, 'Down']
[1130457, 2151750, 1395365, 222959, 1421466, 1090091, -363650, 408172, 1097448, 1203172, 631708, 1272411, 1752043, 1316525, 1069349, 1123418, 'Down']
[1130218, 2151572, 1397122, 221917, 1422197, 1088740, -362675, 407792, 1098452, 1204116, 622126, 1267668, 1740851, 1315736, 1063779, 1124292, 'Down']
[1130353, 2151888, 1396385, 223179, 1421251, 1090507, -363443, 409245, 1097458, 1203139, 632626, 1273095, 1751717, 1316447, 1069177, 1122843, 'Down']
[1130086, 2151622, 1396892, 221669, 1421585, 1088570, -364682, 407077, 1098162, 1203958, 622234, 1267940, 1741408, 1315991, 1064315, 1125066, 'Down']
[1129920, 2151362, 1397215, 222590, 1421374, 1089951, -364536, 408553, 1097448, 1202912, 633211, 1273136, 1751519, 1315835, 1069049, 1122728, 'Down']
[1130749, 2151968, 1396819, 221263, 1421984, 1088449, -364022, 407960, 1098268, 1203708, 622307, 1267789, 1742417, 1315981, 1064783, 1125530, 'Down']
[1130470, 2151663, 1397680, 222659, 1421097, 1090026, -364752, 409680, 1098380, 1203449, 633103, 1273573, 1750239, 1315762, 1067814, 1121884, 'Down']
[1130573, 2151767, 1396492, 221616, 1421315, 1088901, -363501, 408192, 1098108, 1203509, 622883, 1268227, 1742498, 1316039, 1064500, 1125279, 'Down']
[1130057, 2151231, 1397683, 222646, 1421149, 1089862, -363505, 408426, 1097949, 1203139, 632938, 1273256, 1749811, 1315231, 1068197, 1122634, 'Down']
[1130320, 2151097, 1395831, 221346, 1421598, 1088816, -363052, 409317, 1098201, 1203457, 623360, 1268469, 1743522, 1316171, 1065502, 1125649, 'Down']
[1129603, 2150416, 1398418, 222289, 1420881, 1089347, -364499, 408733, 1097712, 1202515, 631712, 1272241, 1748402, 1314647, 1067636, 1122678, 'Down']
[1130008, 2150923, 1396083, 221766, 1421251, 1089280, -363978, 408945, 1097832, 1203137, 623524, 1268662, 1744199, 1316075, 1065437, 1124955, 'Down']
[1129178, 2150005, 1398915, 222304, 1421652, 1088776, -363809, 409562, 1097410, 1202297, 629946, 1271628, 1746321, 1314160, 1066396, 1122191, 'Down']
[1129524, 2150066, 1396288, 221783, 1421911, 1089344, -365215, 409216, 1097391, 1202616, 624461, 1269269, 1745142, 1316124, 1065626, 1124474, 'Down']
[1128452, 2148804, 1399533, 222019, 1421658, 1088424, -363575, 409792, 1097026, 1201786, 628489, 1270618, 1745241, 1314449, 1066150, 1122720, 'Down']
[1129745, 2149968, 1396378, 221919, 1421915, 1089208, -361343, 410054, 1097197, 1202091, 625577, 1269533, 1747354, 1315872, 1067433, 1124825, 'Down']
[1128886, 2149306, 1399206, 222113, 1421565, 1088300, -364224, 409036, 1097406, 1201953, 627319, 1270087, 1744013, 1314046, 1065575, 1122700, 'Down']
[1129776, 2150286, 1395871, 222398, 1421136, 1089461, -362934, 409541, 1097099, 1202246, 627737, 1270869, 1748793, 1316203, 1067781, 1124524, 'Down']
[1129762, 2150295, 1398462, 222442, 1421374, 1088033, -363927, 409428, 1097672, 1202622, 626114, 1269790, 1742759, 1314208, 1064831, 1123382, 'Down']
[1130129, 2150724, 1395885, 223144, 1420480, 1089612, -363198, 410909, 1097553, 1202840, 629383, 1271968, 1749013, 1316610, 1067316, 1123780, 'Down']
[1129922, 2150580, 1398866, 222916, 1421370, 1087666, -363195, 409177, 1097894, 1203022, 625143, 1269520, 1741515, 1314607, 1063931, 1123760, 'Down']
[1130424, 2150835, 1396618, 223677, 1421007, 1089372, -363018, 409356, 1097652, 1202698, 631362, 1272853, 1750230, 1316322, 1067959, 1123590, 'Down']
[1129999, 2150249, 1399136, 222795, 1421728, 1087624, -365068, 409804, 1098112, 1202948, 624852, 1269254, 1741200, 1314752, 1063734, 1124350, 'Down']
[1129866, 2150021, 1397267, 223536, 1421760, 1089217, -362463, 410478, 1097629, 1202468, 632862, 1273554, 1751292, 1316425, 1068532, 1123603, 'Down']
[1129130, 2149299, 1398563, 222299, 1422174, 1086942, -363959, 409625, 1097774, 1202491, 623482, 1268507, 1741042, 1314329, 1063809, 1124613, 'Down']
[1129275, 2149642, 1397463, 223523, 1421572, 1089302, -362497, 410325, 1096851, 1201639, 632793, 1273293, 1751538, 1315211, 1068686, 1123073, 'Down']
[1129263, 2149855, 1398260, 222477, 1421902, 1087760, -362489, 409977, 1097444, 1202416, 622544, 1268104, 1741018, 1314949, 1063936, 1125188, 'Down']
[1129099, 2149597, 1397287, 223193, 1420917, 1089128, -362528, 409862, 1097225, 1201764, 633118, 1273315, 1751105, 1315310, 1068559, 1122798, 'Down']
[1129092, 2149638, 1396909, 221544, 1421389, 1086946, -363789, 408166, 1097396, 1201722, 621963, 1267101, 1741086, 1314628, 1063639, 1124748, 'Down']
[1129364, 2150098, 1397341, 223193, 1421201, 1088572, -362425, 409449, 1097038, 1201177, 633052, 1272776, 1750392, 1314343, 1067807, 1121604, 'Down']
[1129624, 2150524, 1396916, 222327, 1421050, 1087493, -364091, 409141, 1097602, 1202122, 622695, 1267937, 1741924, 1315207, 1064033, 1124862, 'Down']
[1129576, 2150602, 1398700, 224294, 1421059, 1089115, -361257, 410218, 1097423, 1201837, 633423, 1273338, 1750249, 1314822, 1068006, 1122208, 'Down']
[1129913, 2150835, 1397168, 223100, 1421302, 1088008, -362298, 410033, 1097865, 1202531, 623675, 1268643, 1743629, 1315959, 1065370, 1125848, 'Down']
[1129647, 2150560, 1398971, 224151, 1421363, 1088511, -363629, 409844, 1097694, 1201899, 632680, 1272910, 1749087, 1314160, 1067598, 1122408, 'Down']
[1130074, 2151048, 1397068, 223238, 1421661, 1088625, -362728, 409953, 1097746, 1202353, 624462, 1269014, 1744501, 1315825, 1065746, 1125578, 'Down']
[1129499, 2150568, 1399732, 224317, 1421496, 1089046, -362570, 410423, 1097968, 1202168, 631897, 1272752, 1747660, 1314375, 1067046, 1122428, 'Down']
[1129452, 2150415, 1397190, 223135, 1421518, 1089264, -360928, 410951, 1097635, 1202266, 625829, 1269906, 1745638, 1316211, 1066373, 1125537, 'Down']
[1128857, 2149681, 1399851, 223492, 1422039, 1089107, -362247, 410455, 1097638, 1201741, 630476, 1271721, 1746273, 1314114, 1066608, 1122933, 'Down']
[1129152, 2149742, 1396231, 222360, 1421624, 1089048, -362295, 410074, 1097005, 1201270, 626292, 1269682, 1746862, 1315787, 1066875, 1125146, 'Down']
[1128140, 2148577, 1399341, 222013, 1421167, 1087704, -363654, 409145, 1097072, 1200754, 628517, 1270090, 1744575, 1313257, 1065485, 1122357, 'Down']
[1128807, 2149454, 1396388, 222393, 1421358, 1089041, -360707, 411149, 1096652, 1200799, 627770, 1269748, 1748306, 1315681, 1067452, 1124384, 'Down']
[1127936, 2148737, 1399329, 222530, 1421591, 1088073, -362136, 410784, 1096868, 1200885, 627209, 1269262, 1743720, 1313292, 1065275, 1123062, 'Down']
[1128610, 2149521, 1396148, 223167, 1421232, 1090008, -362594, 409911, 1096812, 1201273, 628914, 1270751, 1748906, 1315513, 1067258, 1123592, 'Down']
[1127149, 2148208, 1399287, 222718, 1421389, 1088421, -361480, 409647, 1096642, 1200931, 625754, 1268814, 1742023, 1313691, 1063810, 1122669, 'Down']
[1126908, 2148066, 1396401, 223408, 1420731, 1090473, -360856, 411721, 1096037, 1200900, 630093, 1271541, 1749900, 1315995, 1067811, 1123490, 'Down']
[1125766, 2146874, 1397892, 221998, 1420966, 1087986, -363235, 409917, 1095738, 1200350, 623725, 1267827, 1741351, 1313901, 1063795, 1123874, 'Down']
[1125744, 2146807, 1395561, 222751, 1420785, 1089951, -360552, 411455, 1095093, 1199834, 630013, 1271345, 1750112, 1315267, 1067294, 1122977, 'Down']
[1124301, 2145346, 1397441, 221618, 1420932, 1087598, -362386, 410660, 1095413, 1200267, 621806, 1266979, 1739881, 1314063, 1062539, 1123632, 'Down']
[1124027, 2145007, 1395558, 222405, 1420406, 1089020, -362508, 411110, 1094057, 1198846, 630129, 1270952, 1750392, 1314458, 1067352, 1122448, 'Down']
[1123332, 2144195, 1396780, 221172, 1420934, 1087217, -362214, 410680, 1094325, 1199098, 620130, 1265658, 1739595, 1313620, 1062162, 1123518, 'Down']
[1123253, 2143959, 1395615, 222254, 1420878, 1088923, -362045, 410210, 1093653, 1198237, 630121, 1270554, 1749941, 1314096, 1066981, 1121108, 'Down']
[1122600, 2143098, 1395974, 220957, 1420884, 1087639, -363113, 410183, 1093946, 1198529, 619328, 1264941, 1739668, 1313327, 1062153, 1122993, 'Down']
[1122294, 2142726, 1396085, 222232, 1420035, 1089155, -361455, 410509, 1093036, 1197181, 630114, 1270103, 1750325, 1313369, 1067605, 1121455, 'Down']
[1122541, 2143006, 1395486, 221265, 1420561, 1087867, -360453, 410073, 1093542, 1197948, 619084, 1264469, 1740992, 1313631, 1063320, 1124122, 'Down']
[1122212, 2142597, 1395910, 222252, 1419913, 1088884, -361964, 410457, 1093106, 1197173, 629985, 1269563, 1749838, 1313076, 1067477, 1121375, 'Down']
[1122856, 2143216, 1394835, 221390, 1420318, 1088217, -363333, 410840, 1093776, 1197851, 619408, 1264351, 1741745, 1313549, 1063408, 1124032, 'Down']
[1121994, 2142460, 1396637, 222234, 1419912, 1088735, -362674, 410574, 1093369, 1197208, 629484, 1269352, 1748548, 1312698, 1066287, 1120967, 'Down']
[1122604, 2142952, 1394133, 220926, 1420376, 1087140, -363423, 409463, 1093337, 1197431, 620105, 1264600, 1742963, 1313609, 1063900, 1124054, 'Down']
[1122797, 2143104, 1396266, 222518, 1420504, 1087882, -361381, 409649, 1093518, 1197217, 628652, 1269005, 1747214, 1312264, 1065353, 1120506, 'Down']
[1123017, 2143373, 1393839, 221683, 1419666, 1087774, -364098, 410469, 1093676, 1197932, 621563, 1265910, 1743465, 1313894, 1063332, 1123008, 'Down']
[1122890, 2143323, 1396652, 222172, 1419856, 1087358, -362037, 409910, 1093542, 1197532, 627993, 1268980, 1745937, 1312170, 1064514, 1120810, 'Down']
[1123982, 2144413, 1393509, 221568, 1419987, 1087622, -362109, 409552, 1093728, 1197977, 622845, 1266831, 1745295, 1313808, 1064488, 1123231, 'Down']
[1123718, 2144146, 1396983, 222246, 1420141, 1087609, -363431, 411222, 1094405, 1198385, 626718, 1268921, 1744035, 1312179, 1063607, 1120280, 'Down']
[1124307, 2144641, 1394102, 221598, 1419659, 1087944, -363878, 410732, 1093979, 1198081, 624748, 1267828, 1746310, 1313917, 1064814, 1122284, 'Down']
[1123596, 2143727, 1397662, 221548, 1419721, 1086703, -362879, 409909, 1094220, 1197821, 625896, 1267809, 1743280, 1311593, 1063419, 1120505, 'Down']
[1124665, 2144572, 1394325, 221539, 1419347, 1088195, -363172, 410783, 1093870, 1197519, 626399, 1268157, 1748631, 1313501, 1066265, 1122314, 'Down']
[1124836, 2144668, 1397647, 221998, 1420187, 1087499, -363661, 410454, 1094711, 1198077, 624637, 1267086, 1742467, 1312035, 1063090, 1121045, 'Down']
[1125302, 2145156, 1395290, 222718, 1419796, 1088985, -363101, 410679, 1094499, 1198229, 628311, 1269666, 1749152, 1314184, 1066223, 1121712, 'Down']
[1125216, 2145257, 1397750, 222479, 1420175, 1087132, -363616, 410578, 1094687, 1198514, 623609, 1267205, 1741480, 1311999, 1062736, 1121747, 'Down']
[1126078, 2146124, 1395443, 223413, 1419472, 1089106, -362768, 411825, 1094586, 1198514, 629751, 1270783, 1749854, 1314054, 1066265, 1121175, 'Down']
[1125901, 2145923, 1397680, 222588, 1419889, 1087277, -363489, 412511, 1095028, 1198727, 623191, 1266993, 1740954, 1312568, 1062459, 1122154, 'Down']
[1126697, 2146786, 1396310, 223687, 1419437, 1089235, -362036, 412841, 1094818, 1198574, 631197, 1271228, 1750756, 1313884, 1067034, 1121256, 'Down']
[1126650, 2146902, 1397779, 222752, 1419725, 1087242, -363511, 411489, 1095583, 1199602, 622707, 1266890, 1740779, 1313066, 1062595, 1122865, 'Down']
[1126660, 2146864, 1396483, 223484, 1419130, 1088959, -363994, 411475, 1094925, 1198774, 632391, 1271766, 1751247, 1313649, 1067172, 1121069, 'Down']
[1126859, 2147087, 1397532, 222611, 1419698, 1087623, -364005, 411723, 1095421, 1199176, 622007, 1266398, 1741005, 1312973, 1062539, 1123226, 'Down']
[1126901, 2147182, 1397458, 223724, 1419115, 1089077, -363457, 411813, 1095244, 1198943, 632961, 1272056, 1751129, 1313967, 1067050, 1120956, 'Down']
[1126541, 2146851, 1397426, 222258, 1419776, 1086957, -363119, 411645, 1095572, 1199348, 622176, 1266387, 1741255, 1313157, 1062632, 1123444, 'Down']
[1126517, 2146810, 1397539, 223325, 1419752, 1088296, -362884, 412590, 1094720, 1198116, 632799, 1271518, 1750747, 1312672, 1067297, 1121062, 'Down']
[1126840, 2147037, 1396462, 221993, 1420058, 1086914, -362967, 411915, 1095732, 1199044, 621822, 1266098, 1741568, 1313239, 1062818, 1123340, 'Down']
[1126595, 2146776, 1397410, 222967, 1419800, 1087872, -363319, 411428, 1095209, 1197873, 632338, 1270774, 1749284, 1312021, 1066147, 1119950, 'Down']
[1127173, 2147403, 1396042, 222352, 1420014, 1087390, -363429, 411326, 1095780, 1198690, 622581, 1266055, 1742397, 1313062, 1062733, 1122768, 'Down']
[1126663, 2146909, 1398571, 223608, 1419237, 1088009, -364697, 411250, 1095430, 1198161, 632081, 1270776, 1748185, 1312107, 1065219, 1119807, 'Down']
[1127494, 2147764, 1396242, 222980, 1420105, 1087675, -362440, 412176, 1095766, 1198744, 623684, 1267082, 1744012, 1313593, 1063459, 1122964, 'Down']
[1126925, 2147247, 1399045, 223980, 1419917, 1087852, -363273, 412303, 1095947, 1198415, 631162, 1270781, 1747217, 1312452, 1065107, 1120142, 'Down']
[1127718, 2148031, 1396835, 223645, 1419757, 1088343, -363109, 413249, 1096049, 1199151, 625161, 1268366, 1745177, 1314039, 1064204, 1122902, 'Down']
[1127555, 2147978, 1399948, 224443, 1420006, 1087911, -362779, 413103, 1096004, 1198910, 630714, 1270778, 1746242, 1312293, 1064952, 1121085, 'Down']
[1128325, 2148919, 1396466, 224018, 1420277, 1088693, -361311, 412730, 1096261, 1199577, 627302, 1269569, 1747203, 1314572, 1065461, 1123505, 'Down']
[1127177, 2147810, 1399175, 223755, 1420193, 1087399, -364627, 411305, 1096589, 1199432, 629492, 1270367, 1744383, 1312408, 1063860, 1120946, 'Down']
[1127765, 2148531, 1395755, 223576, 1419159, 1088671, -364719, 412524, 1095570, 1198801, 628524, 1269691, 1747966, 1313917, 1065470, 1122600, 'Down']
[1127155, 2147917, 1399030, 223854, 1419627, 1087418, -363569, 411050, 1096111, 1199089, 627971, 1269187, 1742886, 1312078, 1063024, 1121095, 'Down']
[1127930, 2148749, 1395848, 224484, 1419589, 1089260, -362150, 412005, 1095653, 1199110, 630121, 1270617, 1749076, 1314316, 1065925, 1122178, 'Down']
[1126889, 2147715, 1398474, 223898, 1420067, 1087651, -364707, 411517, 1095953, 1199339, 626548, 1268552, 1741696, 1312591, 1062237, 1121059, 'Down']
[1127152, 2147807, 1395839, 224384, 1419434, 1089485, -363040, 413352, 1095125, 1198717, 631068, 1271051, 1749900, 1314406, 1066079, 1121509, 'Down']
[1126482, 2147041, 1398272, 223378, 1419614, 1087418, -364176, 411225, 1095270, 1198806, 624816, 1267446, 1741276, 1312102, 1062222, 1121722, 'Down']
[1126745, 2147131, 1396164, 223919, 1419523, 1089107, -363542, 411982, 1094688, 1198255, 631959, 1271314, 1751097, 1313601, 1066697, 1121063, 'Down']
[1126901, 2147509, 1397782, 223041, 1420277, 1087026, -363483, 411854, 1095237, 1198559, 623490, 1266927, 1741428, 1312061, 1062212, 1121966, 'Down']
[1127107, 2147916, 1396316, 224079, 1419164, 1089129, -363960, 411657, 1094842, 1198421, 632986, 1272092, 1751454, 1313591, 1066901, 1120391, 'Down']
[1127476, 2148724, 1396962, 222875, 1420053, 1087198, -363632, 409686, 1095157, 1198830, 623006, 1266776, 1741073, 1312515, 1061847, 1121833, 'Down']
[1127350, 2149085, 1397077, 224523, 1419296, 1089387, -364421, 413177, 1095111, 1198685, 633496, 1272635, 1750605, 1313528, 1066026, 1119472, 'Down']
[1127548, 2149646, 1397521, 223516, 1420145, 1087779, -363609, 411446, 1095417, 1199068, 622966, 1267080, 1740762, 1313228, 1061671, 1122253, 'Down']
[1127680, 2149949, 1397585, 224940, 1419827, 1090059, -362767, 412728, 1095332, 1199080, 634178, 1272890, 1750506, 1314011, 1066232, 1120153, 'Down']
[1127781, 2150114, 1396915, 223248, 1420279, 1088520, -363841, 411500, 1095737, 1199580, 623157, 1267201, 1741184, 1313970, 1062023, 1123064, 'Down']
[1127889, 2150189, 1398013, 224325, 1420321, 1089713, -364289, 411427, 1095626, 1198925, 633957, 1272251, 1749498, 1313206, 1065694, 1119984, 'Down']
[1127807, 2149966, 1396321, 222674, 1420620, 1088343, -363851, 411581, 1095766, 1199378, 623852, 1267258, 1741901, 1314091, 1062084, 1122806, 'Down']
[1127485, 2149558, 1398022, 223833, 1420573, 1089310, -364049, 412744, 1095385, 1198546, 633227, 1271827, 1748514, 1312672, 1065136, 1119714, 'Down']
[1127799, 2149856, 1396018, 222619, 1420359, 1088361, -364529, 411739, 1095375, 1199062, 623889, 1267513, 1742758, 1313862, 1062468, 1122619, 'Down']
[1127523, 2149675, 1398553, 223825, 1420069, 1088794, -364602, 412363, 1095133, 1198529, 631947, 1271434, 1747045, 1312351, 1064320, 1119825, 'Down']
[1127768, 2149800, 1395692, 222786, 1419763, 1088153, -364819, 412351, 1095189, 1199120, 625015, 1268425, 1744328, 1314160, 1063123, 1123102, 'Down']
[1127250, 2149319, 1398420, 223413, 1419771, 1088212, -364774, 412198, 1094669, 1198325, 630934, 1270733, 1746438, 1312257, 1064272, 1120680, 'Down']
[1128090, 2150039, 1395618, 222830, 1420211, 1088914, -362765, 413465, 1094812, 1198884, 626074, 1268593, 1746171, 1314032, 1064275, 1123236, 'Down']
[1127308, 2149240, 1398794, 223137, 1420223, 1088072, -364564, 412941, 1095259, 1198916, 629477, 1269990, 1745069, 1312119, 1063571, 1120769, 'Down']
[1127499, 2149519, 1395875, 222741, 1419907, 1088598, -362545, 413231, 1094392, 1198406, 627350, 1268955, 1747526, 1313818, 1064588, 1122533, 'Down']
[1126797, 2148801, 1399305, 223071, 1420701, 1087662, -363447, 412419, 1094995, 1198618, 627963, 1269014, 1743716, 1311701, 1062732, 1120524, 'Down']
[1126971, 2148892, 1395944, 222935, 1419945, 1088704, -364347, 412275, 1094133, 1198191, 628831, 1269507, 1748603, 1313744, 1064957, 1121698, 'Down']
[1126517, 2148257, 1399275, 222903, 1420141, 1087574, -364273, 411842, 1094303, 1198103, 626347, 1267930, 1742713, 1311675, 1062237, 1121038, 'Down']
[1127612, 2149230, 1396441, 223884, 1420276, 1089789, -362131, 414501, 1094264, 1198347, 629943, 1270310, 1749791, 1313986, 1065498, 1121737, 'Down']
[1127225, 2148705, 1399193, 223405, 1420876, 1088179, -362428, 412325, 1095114, 1199006, 625218, 1267845, 1740991, 1312754, 1060985, 1121092, 'Down']
[1127338, 2148631, 1396712, 223833, 1420450, 1089768, -362599, 413129, 1094304, 1198265, 631837, 1271406, 1750060, 1314182, 1065401, 1121162, 'Down']
[1126776, 2147972, 1398943, 222959, 1420788, 1087774, -362810, 412423, 1094916, 1198626, 624610, 1267396, 1740352, 1312274, 1061053, 1121666, 'Down']
[1127308, 2148400, 1397003, 223714, 1420533, 1089410, -361930, 412770, 1094014, 1197755, 632735, 1271320, 1750173, 1313390, 1065869, 1120613, 'Down']
[1126414, 2147650, 1398735, 222404, 1420621, 1087278, -363452, 411830, 1094534, 1198062, 623389, 1266453, 1739426, 1312268, 1060627, 1121477, 'Down']
[1126617, 2148008, 1397472, 223889, 1420097, 1089244, -362878, 412859, 1093801, 1197274, 633191, 1271448, 1750205, 1312944, 1065883, 1120292, 'Down']
[1126916, 2148414, 1397779, 222944, 1420707, 1087342, -362912, 410999, 1094231, 1197842, 622678, 1266147, 1739824, 1311990, 1061119, 1122313, 'Down']
[1126875, 2148380, 1398128, 224371, 1420047, 1089307, -361346, 413014, 1094219, 1197832, 633480, 1272389, 1749539, 1312729, 1065393, 1119892, 'Down']
[1126637, 2147986, 1397774, 222625, 1420215, 1087345, -363347, 412374, 1094081, 1197811, 622735, 1266738, 1740489, 1312483, 1061448, 1122926, 'Down']
[1127189, 2148467, 1398815, 224497, 1420138, 1089138, -361759, 413283, 1094413, 1197944, 633567, 1272278, 1749325, 1312582, 1065165, 1119773, 'Down']
[1127232, 2148388, 1398052, 223179, 1420662, 1087654, -361502, 413550, 1094629, 1198374, 623535, 1267098, 1741256, 1313074, 1061856, 1123214, 'Down']
[1126557, 2147555, 1399187, 223607, 1420221, 1087920, -363582, 411802, 1094313, 1197669, 633557, 1271930, 1748674, 1311870, 1065305, 1119818, 'Down']
[1126925, 2147861, 1397443, 222569, 1420264, 1087131, -363287, 412308, 1094049, 1197688, 623546, 1266709, 1742257, 1312534, 1062274, 1122640, 'Down']
[1126433, 2147565, 1399670, 223992, 1420022, 1087921, -362213, 412736, 1093970, 1197238, 632768, 1271300, 1747622, 1311288, 1064682, 1119722, 'Down']
[1127007, 2148342, 1397065, 223070, 1420174, 1087919, -361621, 412819, 1093729, 1197380, 624882, 1267270, 1743972, 1312972, 1063531, 1123440, 'Down']
[1126288, 2147768, 1399790, 223689, 1420195, 1088067, -362172, 412130, 1094326, 1197569, 631616, 1270438, 1746105, 1311553, 1064145, 1119871, 'Down']
[1126871, 2148344, 1396759, 222656, 1419991, 1088211, -361519, 412473, 1093620, 1197105, 625758, 1267216, 1744866, 1313159, 1063762, 1122665, 'Down']
[1126198, 2147785, 1399856, 223383, 1419868, 1087934, -362215, 413130, 1094023, 1197069, 630086, 1269137, 1744396, 1311339, 1063142, 1119461, 'Down']
[1126818, 2148452, 1396601, 223078, 1420271, 1088502, -362125, 412845, 1093744, 1197274, 627049, 1268024, 1745868, 1312972, 1064072, 1121769, 'Down']
[1126251, 2147919, 1399814, 223341, 1420693, 1087699, -361417, 413002, 1093599, 1197014, 628867, 1268677, 1743819, 1310908, 1063173, 1119932, 'Down']
[1126600, 2148151, 1396816, 223030, 1419963, 1088552, -360950, 413108, 1093610, 1197194, 628415, 1268978, 1747370, 1313195, 1064793, 1121259, 'Down']
[1126294, 2147741, 1400188, 222768, 1419733, 1086979, -362488, 411681, 1093814, 1196961, 627627, 1268178, 1742669, 1310890, 1062653, 1120126, 'Down']
[1127332, 2148841, 1397445, 223657, 1419746, 1089325, -361108, 413512, 1093881, 1197395, 630117, 1270016, 1748886, 1313124, 1065436, 1121177, 'Down']
[1126855, 2148425, 1400366, 223361, 1420007, 1087951, -362108, 412136, 1094234, 1197712, 626617, 1267966, 1741607, 1311484, 1062102, 1120880, 'Down']
[1127079, 2148617, 1397926, 223741, 1419728, 1089403, -361348, 413791, 1094033, 1197414, 631965, 1271009, 1749650, 1313452, 1065831, 1121078, 'Down']
[1126841, 2148358, 1400268, 222822, 1420869, 1087039, -360842, 412717, 1094316, 1197330, 625723, 1267217, 1740985, 1311164, 1061906, 1121553, 'Down']
[1126853, 2148385, 1398324, 223677, 1419870, 1089368, -361556, 413904, 1093863, 1196968, 632941, 1271091, 1750277, 1312478, 1066041, 1120682, 'Down']
[1126929, 2148456, 1399914, 223063, 1420504, 1087784, -361083, 412559, 1094272, 1197435, 624716, 1266690, 1740426, 1311304, 1061676, 1122066, 'Down']
[1126900, 2148449, 1398616, 223954, 1420001, 1089271, -360156, 413509, 1093852, 1197029, 634340, 1271724, 1750935, 1312483, 1066504, 1120591, 'Down']
[1126575, 2148282, 1399167, 222591, 1419800, 1087543, -361959, 413594, 1093688, 1196984, 623910, 1266233, 1740447, 1311334, 1061593, 1122248, 'Down']
[1126570, 2148265, 1398727, 224060, 1419664, 1089723, -361753, 414011, 1093504, 1196805, 634276, 1271954, 1749978, 1312209, 1065473, 1119532, 'Down']
[1126345, 2148016, 1398742, 222922, 1420121, 1088030, -361706, 413099, 1093468, 1196918, 623908, 1266051, 1740472, 1311980, 1061384, 1122524, 'Down']
[1126602, 2148158, 1398384, 224178, 1419704, 1089364, -361377, 413943, 1093218, 1196662, 634572, 1271505, 1750192, 1312408, 1065622, 1120004, 'Down']
[1126305, 2147841, 1397606, 222623, 1419704, 1087615, -362269, 412580, 1093764, 1197342, 623360, 1265875, 1740351, 1312284, 1060627, 1121954, 'Down']
[1125443, 2147019, 1398763, 223766, 1418625, 1088834, -362977, 413150, 1092720, 1196178, 633837, 1270792, 1748757, 1311444, 1064266, 1118834, 'Down']
[1125857, 2147371, 1397158, 222740, 1418964, 1087848, -362527, 413263, 1092489, 1196409, 623299, 1265585, 1742033, 1311966, 1061538, 1122505, 'Down']
[1126086, 2147559, 1399456, 224203, 1418953, 1088864, -363094, 412998, 1093057, 1196492, 632977, 1270587, 1748281, 1311137, 1064133, 1119071, 'Down']
[1126446, 2147819, 1397956, 223208, 1419695, 1088178, -360323, 412904, 1093507, 1197329, 624494, 1266650, 1742773, 1312716, 1061612, 1121810, 'Down']
[1126052, 2147218, 1400486, 224163, 1419836, 1088642, -361163, 413697, 1093163, 1196487, 632378, 1270475, 1746370, 1310817, 1063310, 1118409, 'Down']
[1126457, 2147385, 1398390, 223315, 1419967, 1088912, -360634, 414372, 1093469, 1197157, 625818, 1267427, 1743585, 1312762, 1062104, 1121183, 'Down']
[1125534, 2146262, 1400907, 223386, 1420069, 1088294, -362018, 413565, 1093189, 1196193, 631581, 1269616, 1745335, 1310916, 1063182, 1118810, 'Down']
[1125836, 2146465, 1397646, 222587, 1419371, 1088641, -362138, 413822, 1092893, 1196197, 626881, 1267374, 1745326, 1312193, 1062985, 1121026, 'Down']
[1125509, 2145899, 1400502, 222880, 1419373, 1087610, -361467, 412440, 1093075, 1195977, 630122, 1268828, 1743862, 1309770, 1062106, 1118663, 'Down']
[1126043, 2146395, 1396697, 222547, 1419023, 1088316, -362146, 413714, 1092577, 1195884, 628601, 1268351, 1746815, 1311819, 1063725, 1121217, 'Down']
[1125383, 2145880, 1400058, 222951, 1419960, 1087306, -362005, 411552, 1093174, 1196038, 628660, 1267941, 1742421, 1309796, 1061131, 1119018, 'Down']
[1125603, 2146255, 1397470, 223398, 1419362, 1088751, -360246, 413092, 1092693, 1195718, 629995, 1268891, 1747893, 1312118, 1064059, 1120721, 'Down']
[1125325, 2146172, 1400474, 223283, 1419619, 1087495, -362057, 413519, 1092963, 1195681, 627135, 1267116, 1741610, 1309947, 1061142, 1120231, 'Down']
[1125914, 2146952, 1398111, 224340, 1418826, 1089564, -361169, 414647, 1092832, 1195778, 631574, 1269859, 1748719, 1312355, 1064128, 1120532, 'Down']
[1125737, 2146892, 1400783, 224183, 1419255, 1088027, -361888, 413022, 1093553, 1196486, 626909, 1267326, 1741178, 1311235, 1060885, 1120948, 'Down']
[1125621, 2146783, 1398175, 224339, 1418340, 1088898, -361733, 412583, 1092651, 1195797, 633178, 1270476, 1750117, 1312106, 1064828, 1120272, 'Down']
[1125417, 2146701, 1400374, 223649, 1419212, 1087167, -362479, 412327, 1093038, 1195906, 625040, 1265977, 1739890, 1310158, 1059801, 1120210, 'Down']
[1125687, 2147018, 1399031, 224970, 1418707, 1089392, -361948, 413982, 1092529, 1195571, 633967, 1270667, 1750359, 1311794, 1064900, 1119467, 'Down']
[1125698, 2147254, 1399813, 223848, 1420002, 1087407, -362026, 411373, 1093045, 1196153, 624264, 1265412, 1740039, 1310673, 1060184, 1120580, 'Down']
[1125602, 2147418, 1399215, 225552, 1419016, 1089661, -361354, 413012, 1092354, 1195932, 634181, 1270688, 1749791, 1311628, 1064536, 1118028, 'Down']
[1125438, 2147542, 1399646, 224466, 1419192, 1088083, -362281, 413573, 1092319, 1196307, 623757, 1265388, 1740115, 1311468, 1060399, 1120835, 'Down']
[1125613, 2147791, 1398944, 225765, 1418450, 1089668, -361588, 413751, 1091979, 1195906, 634228, 1270827, 1749984, 1311774, 1064926, 1118326, 'Down']
[1125696, 2147825, 1398839, 224699, 1418605, 1088514, -363112, 413494, 1092394, 1196372, 623449, 1265313, 1740145, 1312055, 1060434, 1120930, 'Down']
[1125277, 2147158, 1399765, 225882, 1418138, 1089578, -361799, 412728, 1092089, 1195605, 634317, 1270587, 1749246, 1311562, 1064666, 1118323, 'Down']
[1125816, 2147321, 1398690, 224658, 1419576, 1088383, -360969, 412451, 1092637, 1195852, 623624, 1265049, 1741441, 1311845, 1061469, 1121742, 'Down']
[1124586, 2145942, 1400316, 225357, 1418675, 1089123, -362792, 412837, 1092528, 1195085, 633701, 1269777, 1748416, 1310960, 1064559, 1118567, 'Down']
[1125425, 2146545, 1398474, 224185, 1418990, 1088068, -360770, 411992, 1092805, 1195259, 624257, 1264817, 1742595, 1311543, 1062039, 1121800, 'Down']
[1125285, 2146422, 1401117, 225279, 1419212, 1089018, -360055, 412587, 1093166, 1195078, 633292, 1269424, 1747709, 1310402, 1064593, 1119063, 'Down']
[1125711, 2146870, 1398885, 223966, 1418871, 1088236, -360743, 412383, 1093498, 1195418, 625605, 1266049, 1743945, 1311891, 1063179, 1122491, 'Down']
[1125148, 2146359, 1401639, 224732, 1418635, 1088240, -361680, 412724, 1093742, 1195003, 632156, 1269026, 1745851, 1309749, 1063386, 1119018, 'Down']
[1125815, 2147096, 1398629, 224132, 1418397, 1088274, -362011, 412108, 1093374, 1195035, 626677, 1266498, 1744804, 1311996, 1063127, 1121972, 'Down']
[1124699, 2146167, 1401930, 224549, 1418649, 1087757, -363352, 411898, 1093606, 1194997, 630946, 1268528, 1744226, 1309996, 1062382, 1118882, 'Down']
[1125534, 2146914, 1398379, 224333, 1418455, 1089011, -360863, 413267, 1093100, 1194938, 627907, 1267460, 1746227, 1311768, 1063384, 1121689, 'Down']
[1125297, 2146476, 1401422, 224391, 1418909, 1088069, -362373, 411266, 1093598, 1195224, 629682, 1268039, 1743169, 1309995, 1061818, 1119858, 'Down']
[1125426, 2146501, 1398473, 223811, 1418348, 1089031, -362853, 411810, 1093095, 1194991, 629445, 1268103, 1747074, 1311998, 1063513, 1121117, 'Down']
[1124893, 2145976, 1401877, 223482, 1418743, 1087436, -359640, 412604, 1092999, 1194623, 627862, 1266711, 1741758, 1309516, 1061047, 1119997, 'Down']
[1125546, 2146797, 1399061, 224024, 1418605, 1088943, -360229, 412675, 1092920, 1194874, 630885, 1268684, 1748363, 1311582, 1064418, 1121075, 'Down']
[1124779, 2146215, 1401732, 223383, 1419247, 1087105, -361411, 411313, 1093022, 1194853, 626573, 1266244, 1740902, 1309495, 1060629, 1120214, 'Down']
[1125186, 2146754, 1398810, 224035, 1418645, 1088931, -361131, 411722, 1092516, 1194474, 631891, 1269204, 1748980, 1311134, 1064068, 1119900, 'Down']
[1125076, 2146819, 1401188, 223666, 1419606, 1087856, -361113, 412167, 1092817, 1194861, 625487, 1265705, 1740265, 1309873, 1060217, 1120884, 'Down']
[1125111, 2147024, 1399124, 224824, 1418532, 1089858, -361112, 413035, 1092553, 1194954, 633403, 1270288, 1750134, 1311507, 1064868, 1120326, 'Down']
[1124762, 2146546, 1400348, 223399, 1418584, 1087195, -361960, 411512, 1092460, 1194799, 624477, 1265146, 1740183, 1309805, 1060233, 1121483, 'Down']
[1124811, 2146369, 1398849, 224268, 1418069, 1088504, -360822, 411583, 1091951, 1194286, 633894, 1270207, 1750276, 1310589, 1064861, 1119391, 'Down']
[1125407, 2146947, 1400233, 223802, 1419592, 1087019, -359258, 412521, 1092732, 1195071, 623678, 1265157, 1739428, 1309863, 1059656, 1120514, 'Down']
[1125415, 2147140, 1400021, 225525, 1418690, 1089255, -360949, 413552, 1092615, 1195177, 634872, 1271501, 1749678, 1310895, 1064494, 1118373, 'Down']
[1125313, 2147238, 1399871, 224287, 1419616, 1088078, -360960, 413067, 1092610, 1195686, 624363, 1265987, 1740029, 1311180, 1060157, 1121084, 'Down']
[1124783, 2146832, 1399817, 225318, 1418406, 1089250, -361769, 413166, 1092252, 1195180, 634887, 1271222, 1749211, 1311230, 1064251, 1118073, 'Down']
[1124799, 2146913, 1399237, 224144, 1418168, 1087811, -361946, 412431, 1092214, 1195294, 623814, 1265287, 1740418, 1311619, 1060234, 1120975, 'Down']
[1124468, 2146499, 1400570, 225419, 1418682, 1089219, -359812, 413615, 1091966, 1194672, 634224, 1270177, 1748426, 1310635, 1063887, 1117893, 'Down']
[1124348, 2146066, 1398592, 223863, 1419081, 1088148, -362277, 414575, 1091942, 1194756, 623994, 1265211, 1741486, 1311409, 1060913, 1121241, 'Down']
[1123826, 2145254, 1399878, 224817, 1418099, 1088656, -362520, 414441, 1091203, 1193862, 632648, 1269249, 1747362, 1309955, 1063118, 1117891, 'Down']
[1124238, 2145234, 1397665, 223453, 1418669, 1087378, -361103, 413121, 1091234, 1193902, 623819, 1264747, 1742294, 1311018, 1060950, 1120771, 'Down']
[1124251, 2145072, 1400641, 224851, 1419284, 1088351, -360473, 413636, 1091616, 1193598, 631673, 1268316, 1745894, 1309284, 1062348, 1117488, 'Down']
[1124698, 2145694, 1398258, 224233, 1419047, 1088925, -361667, 414517, 1091848, 1194373, 625477, 1265837, 1743398, 1311622, 1061392, 1120604, 'Down']
[1124232, 2145539, 1400959, 224600, 1418716, 1088338, -362736, 413574, 1091474, 1193514, 630872, 1268130, 1744650, 1309570, 1061927, 1118085, 'Down']
[1125358, 2147033, 1397929, 224552, 1419414, 1089076, -359689, 413797, 1092013, 1194219, 626957, 1266733, 1744808, 1312034, 1062105, 1120332, 'Down']
[1124218, 2146457, 1401480, 224513, 1418648, 1088099, -362829, 413093, 1092156, 1193843, 630051, 1267784, 1743096, 1309713, 1061466, 1118292, 'Down']
[1125103, 2147903, 1398972, 224621, 1418188, 1089426, -362076, 413376, 1091917, 1194297, 629112, 1267618, 1746581, 1311748, 1063415, 1120846, 'Down']
[1124395, 2147582, 1402154, 224706, 1418923, 1088555, -360871, 413838, 1091973, 1194488, 629159, 1267210, 1742822, 1310154, 1061754, 1119765, 'Down']
[1125049, 2148165, 1399098, 224465, 1418489, 1089513, -361931, 414077, 1091473, 1194369, 630621, 1268273, 1748670, 1312413, 1064433, 1121130, 'Down']
[1124674, 2147662, 1401731, 223696, 1418921, 1087502, -362764, 412138, 1091926, 1194379, 627591, 1266267, 1742053, 1309865, 1060901, 1119965, 'Down']
[1125225, 2148066, 1398597, 223950, 1419032, 1089289, -361476, 414785, 1091259, 1194004, 631878, 1268662, 1749771, 1311667, 1064435, 1120357, 'Down']
[1124719, 2147552, 1401224, 223149, 1419742, 1087765, -363186, 413998, 1091746, 1194494, 625945, 1265728, 1740827, 1309812, 1060093, 1119911, 'Down']
[1125098, 2147997, 1399052, 224179, 1419170, 1089419, -363081, 414199, 1091031, 1194006, 632490, 1269691, 1749872, 1311673, 1064226, 1119440, 'Down']
[1124867, 2147721, 1401275, 223313, 1419239, 1087217, -363040, 412709, 1091390, 1194465, 624448, 1265619, 1739975, 1309754, 1059489, 1120112, 'Down']
[1125375, 2147985, 1399708, 224334, 1419017, 1089668, -361560, 414817, 1091210, 1194266, 633476, 1270658, 1749947, 1311107, 1064116, 1118949, 'Down']
[1124593, 2147102, 1400486, 222646, 1419144, 1087222, -363927, 413259, 1091257, 1194231, 623684, 1265319, 1739273, 1309956, 1059214, 1120141, 'Down']
[1124534, 2146988, 1399595, 223885, 1418884, 1088863, -363179, 413691, 1090438, 1193384, 633625, 1270338, 1749821, 1310339, 1064205, 1118325, 'Down']
[1124725, 2147108, 1400208, 223010, 1419190, 1087641, -363366, 414292, 1090970, 1194239, 622974, 1265147, 1739683, 1309880, 1059404, 1120409, 'Down']
[1124596, 2146889, 1399969, 224198, 1418636, 1089063, -362691, 414909, 1090645, 1193616, 634333, 1270975, 1749921, 1310118, 1064369, 1118524, 'Down']
[1124753, 2147003, 1398945, 222942, 1419151, 1087039, -363795, 412755, 1090983, 1194109, 623173, 1265501, 1740288, 1310118, 1059792, 1120980, 'Down']
[1124818, 2147097, 1400030, 224927, 1419104, 1088764, -362552, 414934, 1090783, 1193885, 634190, 1271355, 1748826, 1310245, 1063403, 1117831, 'Down']
[1124733, 2146818, 1398784, 223491, 1419109, 1087396, -362363, 415198, 1090897, 1194314, 624017, 1266286, 1740921, 1310693, 1060230, 1121449, 'Down']
[1124323, 2146386, 1400085, 224358, 1418959, 1088328, -362909, 413611, 1090515, 1193362, 633845, 1270458, 1747827, 1309157, 1063361, 1118213, 'Down']
[1124212, 2146359, 1398143, 223158, 1418624, 1087909, -363084, 415225, 1090676, 1193814, 624267, 1265773, 1741386, 1310418, 1060157, 1120889, 'Down']
[1123402, 2145496, 1400306, 224058, 1418613, 1088005, -362938, 415540, 1090090, 1192782, 632714, 1269669, 1746214, 1308810, 1062410, 1118106, 'Down']
[1123784, 2145791, 1398028, 222985, 1418969, 1087845, -362213, 414521, 1090135, 1193045, 624840, 1266006, 1742683, 1310138, 1060792, 1121051, 'Down']
[1123552, 2145479, 1400827, 223869, 1419136, 1087953, -362751, 413931, 1090257, 1192768, 631141, 1269043, 1744880, 1308388, 1061886, 1118257, 'Down']
[1123509, 2145353, 1398251, 222979, 1418602, 1087811, -362267, 413782, 1090175, 1192879, 625912, 1266783, 1743959, 1310341, 1061486, 1120768, 'Down']
[1123134, 2145042, 1401375, 223210, 1418674, 1087330, -363354, 414333, 1089890, 1192123, 629903, 1268288, 1743838, 1307691, 1061527, 1118687, 'Down']
[1123994, 2145785, 1398718, 223025, 1418597, 1088448, -362073, 415363, 1090135, 1192792, 627590, 1267940, 1745709, 1310391, 1062348, 1120997, 'Down']
[1123648, 2145264, 1401960, 223401, 1419044, 1087661, -361887, 413853, 1090462, 1192857, 628940, 1268198, 1742704, 1308095, 1060863, 1119234, 'Down']
[1124548, 2145889, 1398518, 223717, 1418767, 1088887, -362794, 415615, 1090441, 1193038, 629372, 1268621, 1747029, 1310252, 1063063, 1120824, 'Down']
[1123822, 2145044, 1401501, 223638, 1419275, 1087494, -359988, 414698, 1090809, 1193121, 627742, 1267393, 1740899, 1308023, 1059921, 1119536, 'Down']
[1124681, 2145937, 1398457, 224412, 1418667, 1089220, -361335, 415470, 1090412, 1193215, 631562, 1269960, 1748212, 1310346, 1063678, 1120787, 'Down']
[1123953, 2145411, 1401346, 223832, 1418958, 1087341, -362560, 413755, 1090651, 1193575, 626982, 1267607, 1739986, 1308642, 1059276, 1119743, 'Down']
[1124335, 2145966, 1399089, 224762, 1418907, 1089259, -360204, 413915, 1089925, 1193289, 632566, 1270781, 1748417, 1310351, 1063267, 1119608, 'Down']
[1123730, 2145556, 1401294, 224025, 1418635, 1087756, -363327, 414837, 1090173, 1193652, 625437, 1266633, 1738959, 1308861, 1058905, 1120129, 'Down']
[1124136, 2146162, 1399509, 225076, 1418643, 1089839, -360815, 414880, 1089441, 1193115, 633544, 1270706, 1749103, 1310434, 1063631, 1119433, 'Down']
