[4851195, 3446731, 714988, 821684, 1892837, 2347739, 923968, 815283, 2493939, 1656605, 1173272, 2714536, 2252751, 1329831, 508734, 1977644, 'Forward']
[4781256, 3447257, 707174, 821197, 1891468, 2343307, 926443, 819494, 2494270, 1653847, 1161780, 2706986, 2242189, 1326849, 501925, 1967819, 'Forward']
[4851116, 3448150, 716044, 823107, 1893712, 2349048, 925073, 817018, 2494964, 1657452, 1172790, 2705289, 2251450, 1330385, 508581, 1974387, 'Forward']
[4781495, 3447368, 705857, 820874, 1890264, 2342190, 925556, 818654, 2494576, 1654585, 1163663, 2716200, 2243882, 1327275, 502550, 1971842, 'Forward']
[4847322, 3448358, 716269, 823155, 1894096, 2348966, 925379, 816650, 2495016, 1657276, 1171105, 2695892, 2249100, 1329966, 506614, 1970475, 'Forward']
[4785479, 3446823, 704920, 820118, 1889834, 2341928, 924971, 818115, 2494439, 1655001, 1165313, 2725943, 2245893, 1327657, 503261, 1975912, 'Forward']
[4844075, 3447968, 715677, 823132, 1894148, 2349513, 924810, 816075, 2494711, 1656543, 1168783, 2687607, 2246655, 1329350, 505018, 1967044, 'Forward']
[4791477, 3445919, 704366, 819947, 1889370, 2341144, 925076, 817919, 2493838, 1654499, 1166566, 2733586, 2247750, 1327179, 504120, 1979036, 'Forward']
[4837981, 3447974, 715367, 823446, 1893899, 2349650, 924638, 816703, 2494703, 1655885, 1166711, 2680413, 2244539, 1328816, 504070, 1963512, 'Forward']
[4798654, 3445824, 704899, 820075, 1889184, 2341724, 925086, 818395, 2493495, 1654917, 1168037, 2739838, 2249808, 1327533, 505663, 1982557, 'Forward']
[4829429, 3448145, 715421, 823943, 1893961, 2349620, 925403, 817153, 2494496, 1655721, 1164428, 2675558, 2242450, 1328502, 503572, 1961378, 'Forward']
[4805378, 3445615, 705405, 819965, 1888841, 2341492, 923833, 817951, 2493341, 1655245, 1169467, 2743769, 2251007, 1327792, 506335, 1984540, 'Forward']
[4820600, 3448030, 714410, 823570, 1893978, 2349171, 925453, 816910, 2494632, 1655046, 1162564, 2671818, 2240303, 1327875, 502074, 1958385, 'Forward']
[4815082, 3445638, 706799, 820016, 1889514, 2342059, 923895, 817640, 2493537, 1655504, 1171271, 2745381, 2252752, 1328061, 507662, 1985591, 'Forward']
[4812758, 3448349, 713795, 823895, 1894072, 2348376, 925218, 817357, 2494981, 1654758, 1161539, 2671677, 2239187, 1327435, 501570, 1956834, 'Forward']
[4825160, 3446242, 708603, 821066, 1890436, 2342943, 924426, 817770, 2494132, 1656349, 1173300, 2745314, 2253987, 1328830, 509005, 1986178, 'Forward']
[4804056, 3448505, 712583, 823974, 1893792, 2347642, 925351, 817730, 2495323, 1654724, 1160835, 2673770, 2238659, 1327323, 501484, 1957124, 'Forward']
[4834521, 3446517, 709696, 821707, 1891198, 2344439, 924731, 817294, 2494399, 1656907, 1174374, 2742469, 2254969, 1329166, 509697, 1986350, 'Forward']
[4796063, 3448261, 710641, 823860, 1893414, 2347076, 926275, 817735, 2495067, 1654483, 1160007, 2677906, 2238142, 1326902, 500918, 1957980, 'Forward']
[4840910, 3446755, 710879, 822368, 1891646, 2345836, 925184, 817004, 2494227, 1657306, 1174710, 2736783, 2255126, 1329593, 509748, 1985148, 'Forward']
[4789145, 3447713, 708874, 823292, 1892438, 2346520, 926793, 818658, 2494439, 1654306, 1159910, 2684438, 2238799, 1326812, 500793, 1960416, 'Forward']
[4846118, 3446479, 711747, 821897, 1891347, 2346852, 925155, 816513, 2493512, 1657017, 1174607, 2729334, 2254497, 1329396, 509190, 1983175, 'Forward']
[4784177, 3447434, 707352, 821989, 1891278, 2344903, 926910, 817751, 2493563, 1653683, 1160156, 2691732, 2239003, 1326017, 500001, 1962518, 'Forward']
[4849971, 3447304, 713328, 822126, 1892242, 2347765, 926103, 816276, 2493626, 1657118, 1174561, 2720663, 2253172, 1329371, 508339, 1979918, 'Forward']
[4781742, 3447595, 706491, 821209, 1890912, 2344019, 927383, 817660, 2493882, 1653951, 1161874, 2700932, 2240345, 1326271, 500297, 1965613, 'Forward']
[4852488, 3447579, 714761, 821966, 1892582, 2348584, 925719, 816486, 2493978, 1657007, 1174144, 2710734, 2251620, 1329399, 506826, 1976466, 'Forward']
[4782480, 3447313, 706058, 820635, 1890382, 2342826, 927068, 817549, 2493725, 1653624, 1163375, 2710299, 2241981, 1326106, 500317, 1969433, 'Forward']
[4851379, 3448198, 716110, 822770, 1893668, 2349067, 926521, 816139, 2494376, 1656901, 1173302, 2701431, 2249925, 1329341, 505976, 1972882, 'Forward']
[4783649, 3447350, 705603, 820533, 1889973, 2342330, 926785, 818163, 2493980, 1654223, 1165515, 2720048, 2244123, 1326459, 501557, 1973594, 'Forward']
[4847276, 3448332, 716405, 823030, 1893684, 2349704, 925613, 815134, 2494379, 1656768, 1171926, 2692610, 2247790, 1329078, 504957, 1969343, 'Forward']
[4787776, 3447057, 705318, 820283, 1889417, 2342213, 926272, 817950, 2493554, 1654571, 1167284, 2728795, 2246259, 1326736, 502293, 1977485, 'Forward']
[4841530, 3448583, 716330, 823170, 1893845, 2349908, 925968, 816091, 2494580, 1656600, 1170149, 2685166, 2245970, 1328922, 503889, 1966287, 'Forward']
[4792311, 3446364, 705120, 819581, 1889387, 2341631, 925653, 817687, 2493507, 1654826, 1168997, 2735679, 2248323, 1326990, 503675, 1980343, 'Forward']
[4834304, 3448501, 715942, 823216, 1894445, 2350239, 926144, 816532, 2494337, 1655974, 1167908, 2677770, 2243692, 1328440, 503035, 1962564, 'Forward']
[4800163, 3445815, 705020, 819109, 1889224, 2341976, 925254, 817175, 2492985, 1655043, 1170510, 2740804, 2250252, 1327324, 505101, 1983279, 'Forward']
[4825785, 3448035, 714370, 822782, 1894104, 2349640, 926414, 816270, 2493754, 1655207, 1165351, 2673294, 2241691, 1327675, 501797, 1960112, 'Forward']
[4809098, 3446030, 705303, 819533, 1889629, 2342372, 925573, 818092, 2492696, 1655528, 1171948, 2744455, 2251946, 1327722, 506384, 1985503, 'Forward']
[4817711, 3447971, 713118, 822854, 1893856, 2349108, 925892, 817053, 2493869, 1655216, 1163765, 2671090, 2239980, 1327552, 501259, 1958230, 'Forward']
[4819081, 3445791, 706207, 819964, 1889567, 2343350, 924900, 817326, 2492314, 1655743, 1173168, 2745189, 2253097, 1327809, 507018, 1986607, 'Forward']
[4809252, 3447930, 712215, 823108, 1893351, 2349009, 926094, 817063, 2493609, 1654731, 1162322, 2671220, 2238560, 1327181, 500423, 1957609, 'Forward']
[4828123, 3445656, 707915, 820250, 1889775, 2344096, 925068, 817127, 2492349, 1656115, 1174305, 2743573, 2253901, 1328482, 508051, 1987319, 'Forward']
[4800029, 3447918, 711152, 822993, 1892852, 2348030, 925981, 817839, 2493453, 1654252, 1161098, 2673895, 2237645, 1326878, 499982, 1958280, 'Forward']
[4835773, 3445986, 709476, 820479, 1890126, 2345417, 924614, 817044, 2492545, 1656677, 1174912, 2739328, 2254358, 1329085, 508298, 1986824, 'Forward']
[4793094, 3447811, 709773, 822392, 1892422, 2346810, 926617, 818216, 2493759, 1654134, 1160415, 2679321, 2237826, 1326656, 499534, 1959500, 'Forward']
[4844336, 3446099, 710842, 820714, 1890920, 2345938, 924667, 816669, 2493416, 1656885, 1175262, 2732821, 2254397, 1329311, 508335, 1984587, 'Forward']
[4789242, 3447773, 708313, 822193, 1892049, 2345916, 926478, 818323, 2493836, 1653894, 1160445, 2686199, 2238403, 1326370, 499329, 1961194, 'Forward']
[4851107, 3446192, 711962, 820963, 1891466, 2346546, 923918, 815549, 2493486, 1657177, 1175078, 2725652, 2253995, 1329407, 508149, 1981961, 'Forward']
[4786593, 3446593, 706375, 821049, 1891022, 2344063, 926058, 817627, 2493121, 1653150, 1160513, 2694374, 2238915, 1325523, 499266, 1963028, 'Forward']
[4854963, 3446167, 713165, 821530, 1891964, 2347393, 924733, 815453, 2492748, 1656431, 1173774, 2716025, 2252005, 1328713, 507440, 1978093, 'Forward']
[4784696, 3446944, 705734, 821325, 1890557, 2344012, 926335, 818699, 2492622, 1653585, 1161454, 2703999, 2240249, 1325844, 500330, 1967130, 'Forward']
[4855418, 3447432, 714934, 823061, 1892804, 2349476, 925238, 816096, 2493143, 1657184, 1173044, 2707330, 2250730, 1329374, 507369, 1975743, 'Forward']
[4785232, 3446727, 705373, 821169, 1889716, 2343028, 926060, 818485, 2492789, 1654111, 1163064, 2713767, 2242336, 1326160, 501468, 1971310, 'Forward']
[4853470, 3447777, 716024, 823764, 1893343, 2349777, 925722, 816884, 2493388, 1656991, 1171700, 2697755, 2248594, 1329174, 506584, 1972058, 'Forward']
[4789556, 3447039, 705396, 821262, 1889636, 2342570, 926164, 818560, 2493246, 1654690, 1165436, 2723407, 2244569, 1326728, 502648, 1975620, 'Forward']
[4849674, 3448176, 716124, 823541, 1893635, 2350090, 924950, 816014, 2494164, 1657250, 1170622, 2689117, 2247015, 1329236, 505277, 1968256, 'Forward']
[4793946, 3446367, 704511, 820039, 1888889, 2341957, 925297, 816930, 2492764, 1654593, 1166946, 2731527, 2246800, 1326270, 502930, 1978503, 'Forward']
[4843817, 3447934, 715533, 823127, 1893638, 2349568, 925379, 815466, 2494015, 1656349, 1168393, 2681257, 2244439, 1328240, 503489, 1964027, 'Forward']
[4800385, 3445648, 704582, 819453, 1888761, 2341335, 924892, 817242, 2492712, 1654414, 1168692, 2737246, 2248388, 1326181, 504015, 1981027, 'Forward']
[4835072, 3447945, 715380, 823303, 1893894, 2349325, 925456, 815712, 2493756, 1655420, 1166196, 2675195, 2242143, 1327332, 502510, 1961323, 'Forward']
[4808551, 3445626, 705528, 819873, 1888782, 2341724, 924595, 817236, 2492473, 1654890, 1170310, 2741810, 2250186, 1326528, 505381, 1984326, 'Forward']
[4827016, 3447761, 714640, 823536, 1893726, 2349398, 925832, 816491, 2493842, 1655054, 1164351, 2671317, 2240397, 1327135, 501514, 1959411, 'Forward']
[4816506, 3445522, 706597, 820361, 1889154, 2342596, 925039, 817367, 2492573, 1655285, 1172012, 2744040, 2252224, 1327264, 506592, 1986292, 'Forward']
[4818165, 3448087, 713965, 823943, 1893785, 2348678, 925772, 816602, 2493980, 1654798, 1162992, 2670366, 2239288, 1326972, 501058, 1958621, 'Forward']
[4826425, 3445687, 707762, 820610, 1889497, 2343035, 924089, 816722, 2492659, 1655773, 1173682, 2744669, 2253580, 1327572, 507695, 1987487, 'Forward']
[4809078, 3448068, 712356, 823374, 1893346, 2348202, 925473, 816910, 2493945, 1654420, 1161757, 2671862, 2238242, 1326415, 500196, 1957573, 'Forward']
[4834669, 3445708, 708660, 820250, 1889945, 2343688, 924366, 816797, 2492798, 1656238, 1174640, 2741877, 2254218, 1327982, 508219, 1986380, 'Forward']
[4800826, 3447452, 710224, 822120, 1892385, 2346304, 925174, 816480, 2493703, 1653795, 1160564, 2675476, 2237572, 1325727, 499733, 1957698, 'Forward']
[4842475, 3445583, 709462, 820173, 1890138, 2344181, 924071, 816156, 2492553, 1655908, 1174626, 2736697, 2254021, 1327683, 508301, 1984841, 'Forward']
[4793783, 3447290, 708525, 821739, 1891573, 2345261, 925277, 816398, 2493105, 1653010, 1159774, 2681075, 2237476, 1324935, 499422, 1959039, 'Forward']
[4849391, 3445885, 710972, 820686, 1890720, 2345847, 923514, 816104, 2492743, 1656392, 1174508, 2729597, 2253822, 1328281, 508446, 1982851, 'Forward']
[4789935, 3446728, 707178, 821239, 1891031, 2344721, 925675, 817868, 2492901, 1653086, 1159767, 2688829, 2238078, 1325177, 499981, 1961663, 'Forward']
[4853468, 3445850, 712200, 821060, 1891332, 2346619, 924029, 816432, 2492509, 1656184, 1173796, 2721394, 2252273, 1328235, 508463, 1980239, 'Forward']
[4785200, 3445963, 705926, 820709, 1890395, 2343350, 925529, 817336, 2492523, 1652715, 1160094, 2697088, 2238697, 1324838, 500596, 1964276, 'Forward']
[4853096, 3446015, 713794, 821923, 1892048, 2348139, 924316, 816530, 2492709, 1656014, 1172755, 2711673, 2250817, 1328278, 508031, 1976849, 'Forward']
[4782260, 3446081, 705389, 820872, 1889912, 2343468, 924886, 818157, 2492605, 1652899, 1161267, 2706661, 2240284, 1325228, 501334, 1968561, 'Forward']
[4851855, 3446985, 714887, 822834, 1892513, 2348898, 924060, 815697, 2493085, 1656368, 1171688, 2702190, 2249081, 1328491, 507009, 1973789, 'Forward']
[4783459, 3446331, 704537, 820446, 1888827, 2341850, 924497, 817587, 2492585, 1653477, 1163109, 2717163, 2242239, 1325355, 501702, 1972916, 'Forward']
[4849819, 3447555, 715029, 822445, 1892446, 2348830, 923389, 814963, 2493565, 1656185, 1170383, 2693913, 2246804, 1328017, 505539, 1970222, 'Forward']
[4789723, 3445812, 703850, 819157, 1888552, 2341316, 924229, 816846, 2492744, 1653444, 1164761, 2725753, 2244168, 1325108, 502420, 1975870, 'Forward']
[4846947, 3447761, 715182, 822266, 1893617, 2349624, 924527, 815512, 2493468, 1655872, 1168366, 2685617, 2244758, 1327700, 504676, 1966534, 'Forward']
[4796868, 3445335, 703713, 818376, 1888669, 2341185, 924559, 817767, 2492272, 1653766, 1166345, 2733707, 2246426, 1325558, 504059, 1979899, 'Forward']
[4841706, 3446949, 714368, 821572, 1893244, 2349054, 924169, 816057, 2493142, 1654836, 1165841, 2678173, 2242384, 1327015, 503466, 1963183, 'Forward']
[4804597, 3444777, 703818, 818348, 1888494, 2341009, 924165, 816879, 2491792, 1653531, 1167576, 2739127, 2248051, 1325607, 504945, 1982442, 'Forward']
[4834922, 3447295, 714246, 822582, 1893723, 2348983, 924024, 815906, 2493093, 1654414, 1163894, 2673319, 2240614, 1326748, 502471, 1960248, 'Forward']
[4814193, 3444614, 705105, 819035, 1889023, 2341398, 923772, 816869, 2492172, 1654513, 1169917, 2742983, 2250393, 1326722, 506484, 1984856, 'Forward']
[4825182, 3446982, 713426, 822666, 1893795, 2348395, 925275, 816760, 2492990, 1653831, 1162135, 2670517, 2239137, 1326430, 501881, 1958469, 'Forward']
[4822228, 3444805, 705952, 819483, 1889489, 2342041, 924032, 817092, 2492094, 1654562, 1171310, 2744229, 2252127, 1326973, 507557, 1986342, 'Forward']
[4816061, 3447546, 712409, 822987, 1893547, 2348102, 925062, 816820, 2493493, 1653865, 1160996, 2670510, 2238237, 1326357, 501154, 1957772, 'Forward']
[4832581, 3445722, 707430, 820235, 1889152, 2343220, 922887, 816718, 2492504, 1655682, 1173158, 2743924, 2253192, 1327640, 508412, 1986961, 'Forward']
[4809667, 3448338, 711512, 823480, 1892649, 2347570, 925171, 817271, 2493629, 1654290, 1160576, 2673340, 2236989, 1326281, 500477, 1957095, 'Forward']
[4842176, 3446476, 709222, 821110, 1889550, 2344456, 923501, 816183, 2492720, 1656771, 1174344, 2741072, 2253672, 1328287, 509451, 1985895, 'Forward']
[4802410, 3447841, 709999, 822752, 1891785, 2346407, 924307, 816907, 2493230, 1653826, 1159676, 2678573, 2236937, 1325462, 500380, 1958050, 'Forward']
[4849297, 3445974, 710753, 821035, 1890108, 2345069, 922643, 815510, 2492767, 1656290, 1174200, 2735124, 2253530, 1327872, 508918, 1984315, 'Forward']
[4795655, 3447311, 708524, 822458, 1891155, 2345203, 923868, 817297, 2493258, 1653188, 1159273, 2685257, 2237377, 1324830, 499928, 1960098, 'Forward']
[4854384, 3446417, 712326, 822205, 1891297, 2346854, 923550, 816114, 2493013, 1656513, 1173922, 2727477, 2252949, 1328165, 509078, 1982099, 'Forward']
[4791969, 3447248, 707661, 822656, 1891357, 2344875, 925179, 817865, 2493491, 1653361, 1159803, 2692826, 2238522, 1325214, 501129, 1963354, 'Forward']
[4859155, 3446415, 713443, 822640, 1892002, 2347414, 923379, 815659, 2493471, 1656632, 1173451, 2718271, 2252259, 1328509, 509294, 1979947, 'Forward']
[4790907, 3446384, 706150, 821698, 1890220, 2343131, 924300, 816883, 2493183, 1652849, 1160359, 2701774, 2239807, 1324863, 501171, 1967018, 'Forward']
[4861250, 3447024, 714683, 823144, 1892651, 2348588, 924086, 815820, 2493444, 1656137, 1172236, 2709249, 2250573, 1328037, 507885, 1976625, 'Forward']
[4791851, 3446817, 705233, 821419, 1889672, 2343189, 925207, 817513, 2493572, 1653737, 1162327, 2711804, 2241513, 1325586, 502023, 1970807, 'Forward']
[4860629, 3447531, 714868, 823277, 1892622, 2349375, 924264, 814353, 2493462, 1656677, 1171504, 2699998, 2248577, 1328454, 506811, 1973012, 'Forward']
[4794976, 3446921, 704310, 821056, 1888997, 2342532, 925600, 817369, 2492629, 1654108, 1164267, 2721442, 2243168, 1325621, 502409, 1974324, 'Forward']
[4857713, 3448436, 715368, 823539, 1892703, 2350094, 925160, 815590, 2493350, 1656813, 1170609, 2691073, 2246202, 1328437, 505693, 1968722, 'Forward']
[4799637, 3446889, 703918, 820270, 1888140, 2341894, 925577, 817097, 2492291, 1654382, 1166561, 2729963, 2244985, 1325756, 503060, 1977685, 'Forward']
[4850840, 3448667, 715166, 823322, 1892692, 2349992, 925308, 814719, 2493275, 1656257, 1168716, 2683147, 2243981, 1327883, 503671, 1964753, 'Forward']
[4804191, 3447133, 704343, 819975, 1887696, 2341925, 924876, 816597, 2492299, 1654773, 1168689, 2736810, 2247158, 1326237, 503300, 1980556, 'Forward']
[4843249, 3449567, 715448, 823669, 1892861, 2350170, 925930, 815011, 2493757, 1656320, 1167511, 2677073, 2241862, 1328041, 501993, 1961734, 'Forward']
[4811540, 3446976, 705252, 819912, 1887729, 2341972, 924747, 817419, 2492566, 1655433, 1171144, 2741946, 2249121, 1326861, 504523, 1983598, 'Forward']
[4833205, 3449253, 714881, 823518, 1892692, 2349672, 925124, 815583, 2493687, 1655535, 1165759, 2672881, 2239937, 1326869, 500821, 1959428, 'Forward']
[4818893, 3446640, 706054, 819589, 1887852, 2342335, 924456, 815772, 2492842, 1655804, 1173149, 2744817, 2250911, 1326778, 505507, 1985252, 'Forward']
[4823688, 3448812, 713744, 822788, 1892530, 2348927, 925467, 814810, 2493930, 1654921, 1164374, 2671122, 2238276, 1326222, 500100, 1957457, 'Forward']
[4828528, 3446416, 707173, 819154, 1888045, 2342451, 923788, 814853, 2492731, 1655853, 1174717, 2744977, 2252228, 1326974, 506329, 1985917, 'Forward']
[4814679, 3448902, 712293, 822423, 1892091, 2347774, 925275, 815091, 2493764, 1654598, 1163096, 2671461, 2237218, 1325978, 498977, 1956356, 'Forward']
[4836122, 3446825, 708129, 820113, 1888905, 2343810, 924606, 816304, 2492193, 1656382, 1175438, 2743067, 2252749, 1327557, 507066, 1986176, 'Forward']
[4804558, 3448928, 710352, 822843, 1891890, 2347651, 925604, 816598, 2493098, 1654754, 1161837, 2674901, 2236453, 1326193, 499068, 1957272, 'Forward']
[4843361, 3447145, 708838, 820802, 1889419, 2345506, 923787, 815391, 2492063, 1657415, 1176177, 2738553, 2253031, 1328490, 507828, 1985682, 'Forward']
[4799705, 3448747, 708257, 822269, 1891395, 2347111, 925870, 816284, 2492548, 1654702, 1161401, 2680951, 2236330, 1325956, 499046, 1959493, 'Forward']
[4852307, 3447275, 709733, 820806, 1890125, 2346574, 924086, 816295, 2492072, 1657738, 1176003, 2732649, 2252953, 1328657, 508187, 1984277, 'Forward']
[4796360, 3448776, 706826, 822392, 1890667, 2346306, 925479, 818283, 2492802, 1654649, 1161446, 2688487, 2237033, 1325440, 499273, 1961659, 'Forward']
[4859967, 3448052, 711746, 822280, 1890995, 2347985, 924257, 816320, 2493060, 1658232, 1176353, 2725047, 2252466, 1329079, 508293, 1982229, 'Forward']
[4793775, 3448311, 705623, 821415, 1889733, 2344643, 924057, 816725, 2492996, 1654475, 1162082, 2697337, 2238390, 1325450, 499421, 1964779, 'Forward']
[4862372, 3448128, 712957, 822076, 1891152, 2348080, 923557, 814247, 2492797, 1657763, 1174492, 2715590, 2251018, 1328671, 506817, 1977775, 'Forward']
[4791628, 3448087, 705403, 821253, 1889444, 2343510, 925086, 817897, 2492757, 1654625, 1162567, 2706289, 2239769, 1325636, 500376, 1967566, 'Forward']
[4861945, 3448212, 714824, 822602, 1892127, 2348944, 923800, 815311, 2493279, 1657925, 1173638, 2706005, 2249270, 1329029, 507126, 1974537, 'Forward']
[4792355, 3447355, 704867, 820625, 1888835, 2342513, 923844, 816934, 2492882, 1654471, 1164149, 2716372, 2241514, 1325620, 501357, 1971638, 'Forward']
[4858851, 3448305, 715410, 823030, 1892756, 2349075, 923948, 815040, 2493871, 1657229, 1172515, 2696356, 2247068, 1328404, 505831, 1970544, 'Forward']
[4795319, 3447102, 704169, 820117, 1888603, 2341190, 924469, 816495, 2493173, 1654389, 1166462, 2725075, 2243710, 1325299, 502367, 1975301, 'Forward']
[4855065, 3449184, 715421, 823301, 1893112, 2349550, 924138, 815148, 2494101, 1656846, 1171236, 2687959, 2245410, 1327663, 504687, 1966786, 'Forward']
[4801873, 3447654, 704041, 819770, 1888258, 2341421, 924065, 816644, 2493207, 1655082, 1169023, 2733057, 2246208, 1325480, 503645, 1978833, 'Forward']
[4849206, 3450028, 715393, 823483, 1893230, 2349819, 924824, 815231, 2494031, 1656873, 1169712, 2681153, 2243276, 1327270, 503878, 1963368, 'Forward']
[4808384, 3447981, 704537, 819720, 1887915, 2341347, 923830, 816098, 2492712, 1655867, 1170692, 2740230, 2248387, 1326062, 504908, 1981858, 'Forward']
[4840915, 3450416, 715096, 823550, 1892955, 2349351, 924112, 814348, 2493935, 1656855, 1167473, 2676482, 2241548, 1327155, 502597, 1960859, 'Forward']
[4816101, 3447853, 705103, 819581, 1887696, 2341465, 923305, 815813, 2492817, 1656416, 1172287, 2744303, 2250302, 1326730, 505785, 1984113, 'Forward']
[4831290, 3450156, 713805, 823300, 1892340, 2348892, 924577, 815202, 2493727, 1656083, 1165225, 2672865, 2239343, 1326975, 500931, 1958565, 'Forward']
[4824948, 3447825, 705859, 819895, 1887409, 2342118, 923161, 816366, 2492547, 1656717, 1173653, 2745993, 2251317, 1327351, 506182, 1985804, 'Forward']
[4823115, 3449959, 712381, 823013, 1891730, 2348413, 924194, 815914, 2493703, 1655826, 1163666, 2671651, 2237670, 1326667, 499645, 1956966, 'Forward']
[4835110, 3447277, 707007, 819553, 1887470, 2343004, 922910, 815161, 2492765, 1656856, 1175089, 2745040, 2252623, 1327637, 506612, 1985733, 'Forward']
[4814839, 3449679, 711231, 822360, 1891071, 2346941, 924403, 815283, 2493751, 1654991, 1162924, 2673937, 2236904, 1325849, 498776, 1956496, 'Forward']
[4843616, 3447745, 708616, 819960, 1888290, 2343480, 923227, 814993, 2492783, 1657114, 1176505, 2741814, 2252727, 1327544, 507099, 1984936, 'Forward']
[4806305, 3449530, 710233, 822338, 1890874, 2346624, 924497, 816293, 2493460, 1654832, 1162603, 2677539, 2236222, 1325567, 499044, 1957208, 'Forward']
[4849557, 3447939, 710383, 820765, 1889269, 2345105, 923157, 815233, 2492782, 1657488, 1177312, 2736625, 2252737, 1327993, 508254, 1984071, 'Forward']
[4799581, 3449162, 709143, 822052, 1890578, 2345519, 924394, 816184, 2493346, 1654303, 1162639, 2683445, 2236271, 1324951, 499387, 1958807, 'Forward']
[4857262, 3447861, 712198, 821155, 1890038, 2345648, 923114, 815138, 2492858, 1657138, 1177474, 2729839, 2252340, 1327713, 508599, 1982223, 'Forward']
[4796064, 3448890, 708088, 821956, 1890158, 2344737, 924812, 817449, 2493533, 1654036, 1163117, 2691773, 2237372, 1324897, 499996, 1961720, 'Forward']
[4861729, 3447949, 713141, 821498, 1890421, 2347181, 922196, 814975, 2493149, 1657229, 1176815, 2721282, 2251793, 1328194, 508460, 1979604, 'Forward']
[4792830, 3448364, 706182, 820863, 1889209, 2343788, 923796, 816579, 2493011, 1653951, 1163355, 2700374, 2238602, 1324870, 500025, 1964748, 'Forward']
[4861874, 3447956, 713761, 821298, 1891045, 2347610, 923545, 814737, 2492915, 1657083, 1175246, 2711259, 2250203, 1327921, 507425, 1975804, 'Forward']
[4791015, 3447544, 704506, 819623, 1888282, 2342279, 923481, 816472, 2492329, 1653424, 1163609, 2709432, 2240159, 1324101, 500816, 1968116, 'Forward']
[4860591, 3448141, 714435, 821490, 1891420, 2348576, 922738, 813808, 2492706, 1656553, 1173231, 2701142, 2248002, 1327191, 506183, 1972071, 'Forward']
[4793360, 3447204, 704143, 819596, 1888027, 2341566, 923647, 817053, 2492179, 1653648, 1165197, 2719026, 2242065, 1324203, 501634, 1972348, 'Forward']
[4857666, 3447899, 714813, 821982, 1892060, 2348565, 923059, 814566, 2492986, 1656352, 1171885, 2692135, 2246010, 1327174, 505436, 1968254, 'Forward']
[4796557, 3446053, 703640, 818872, 1887799, 2341052, 923381, 816837, 2492012, 1653818, 1166807, 2727543, 2244045, 1324598, 502783, 1975829, 'Forward']
[4851258, 3447518, 714885, 822117, 1892142, 2348890, 923075, 815562, 2492653, 1655613, 1169398, 2684102, 2243547, 1326754, 504288, 1964932, 'Forward']
[4802513, 3445499, 703518, 818480, 1887345, 2340702, 923153, 816878, 2491612, 1653871, 1168338, 2734868, 2245498, 1324976, 504012, 1979332, 'Forward']
[4844262, 3447372, 714297, 821788, 1892309, 2348549, 923232, 814529, 2492748, 1654881, 1167344, 2677187, 2241092, 1326145, 503052, 1961097, 'Forward']
[4810851, 3444888, 703544, 817759, 1887407, 2340186, 922705, 815687, 2491510, 1653488, 1169886, 2739878, 2247850, 1324450, 505004, 1981582, 'Forward']
[4836920, 3447186, 713467, 821550, 1892407, 2348691, 923008, 815162, 2492638, 1653916, 1164977, 2671908, 2239300, 1325147, 501722, 1958361, 'Forward']
[4818721, 3444814, 704370, 818027, 1887738, 2341061, 923279, 816505, 2491472, 1653991, 1171236, 2742684, 2249605, 1324967, 506017, 1984059, 'Forward']
[4827687, 3447260, 712438, 821395, 1892396, 2348421, 924096, 815689, 2492661, 1653494, 1163171, 2669029, 2237681, 1324818, 501116, 1956842, 'Forward']
[4829696, 3444971, 705597, 817897, 1887790, 2341970, 922467, 815402, 2491451, 1654092, 1172876, 2743745, 2250904, 1325105, 507054, 1985085, 'Forward']
[4820419, 3447620, 711668, 821419, 1891994, 2347402, 923992, 815478, 2492815, 1653251, 1162142, 2670590, 2236588, 1324379, 500208, 1956059, 'Forward']
[4838796, 3445608, 707391, 818648, 1888161, 2342540, 921729, 815820, 2491818, 1655137, 1174579, 2742858, 2251893, 1325821, 507823, 1985109, 'Forward']
[4812627, 3447784, 710717, 821336, 1891163, 2346024, 923054, 815503, 2492773, 1653175, 1161486, 2673369, 2235721, 1324055, 499689, 1956054, 'Forward']
[4847687, 3445695, 709122, 819358, 1888739, 2343407, 921665, 814880, 2491820, 1655503, 1175546, 2738808, 2252431, 1326218, 508508, 1984416, 'Forward']
[4805315, 3447370, 709453, 821353, 1891175, 2345620, 924098, 816245, 2492627, 1652804, 1161018, 2678923, 2236003, 1323925, 500137, 1957873, 'Forward']
[4855521, 3445654, 710512, 819793, 1889859, 2345519, 922989, 815765, 2491962, 1655816, 1175807, 2732833, 2252601, 1326789, 509454, 1983890, 'Forward']
[4800113, 3446744, 707608, 820811, 1890673, 2345492, 923879, 817012, 2492088, 1652311, 1160655, 2685740, 2236555, 1323617, 500216, 1960982, 'Forward']
[4861514, 3445583, 711435, 819997, 1890436, 2346638, 922175, 815135, 2491951, 1655497, 1175238, 2724796, 2252017, 1326781, 508648, 1981458, 'Forward']
[4797387, 3446298, 705923, 819695, 1890019, 2343882, 923835, 817013, 2491963, 1652022, 1160795, 2693876, 2237483, 1323294, 500133, 1962733, 'Forward']
[4864552, 3445780, 712242, 819737, 1891057, 2346840, 922330, 814981, 2491756, 1655220, 1173981, 2715706, 2250473, 1326342, 507919, 1977312, 'Forward']
[4795038, 3445813, 704377, 818692, 1889435, 2342408, 923463, 817251, 2491667, 1651776, 1161430, 2702814, 2238739, 1322879, 500467, 1965311, 'Forward']
[4865112, 3446466, 713461, 820487, 1892023, 2347812, 922661, 814881, 2492029, 1655119, 1172890, 2705937, 2248925, 1326241, 507042, 1973207, 'Forward']
[4796135, 3446003, 704212, 818903, 1888814, 2342097, 923552, 817326, 2491723, 1652229, 1163264, 2712751, 2240723, 1323337, 501659, 1969440, 'Forward']
[4864377, 3447186, 714723, 821544, 1892227, 2348730, 923337, 815778, 2492404, 1655327, 1171953, 2697199, 2247371, 1326516, 506818, 1970171, 'Forward']
[4800890, 3446019, 703917, 818911, 1887856, 2341325, 923410, 817159, 2491820, 1652910, 1165248, 2722470, 2242820, 1323791, 503128, 1973113, 'Forward']
[4862082, 3447837, 715689, 822618, 1892371, 2349477, 923316, 816020, 2492831, 1655609, 1170416, 2688814, 2244641, 1326514, 505696, 1966164, 'Forward']
[4806341, 3446018, 704572, 819674, 1887747, 2341357, 922967, 817200, 2491940, 1653458, 1167392, 2730960, 2244454, 1324291, 504286, 1976995, 'Forward']
[4855765, 3447949, 715880, 823302, 1892807, 2349659, 923428, 816042, 2493014, 1655251, 1168636, 2681435, 2242525, 1326235, 504704, 1963322, 'Forward']
[4813830, 3445673, 704720, 819703, 1887996, 2341836, 923317, 817364, 2491945, 1653880, 1169151, 2737863, 2246916, 1324867, 505426, 1980733, 'Forward']
[4849161, 3447822, 715080, 823239, 1893118, 2350187, 923430, 816954, 2492889, 1654614, 1166312, 2675633, 2240606, 1326026, 503641, 1960419, 'Forward']
[4820475, 3445093, 704828, 819091, 1888029, 2341575, 922716, 817513, 2491562, 1653659, 1170507, 2741921, 2248662, 1324894, 506486, 1983014, 'Forward']
[4838543, 3447106, 713965, 822634, 1893065, 2348835, 923668, 816266, 2492625, 1653440, 1164178, 2671057, 2238724, 1325045, 502505, 1957986, 'Forward']
[4827484, 3444611, 705590, 819101, 1888670, 2341303, 923278, 817180, 2491590, 1653668, 1172092, 2743538, 2250266, 1325139, 507565, 1984585, 'Forward']
[4826986, 3446966, 712426, 822303, 1893104, 2347205, 924710, 817029, 2492533, 1652737, 1162614, 2669923, 2237148, 1324515, 501873, 1956578, 'Forward']
[4834432, 3444713, 706230, 818997, 1888936, 2341632, 923147, 816589, 2491458, 1654221, 1173699, 2743027, 2251637, 1325443, 508647, 1984990, 'Forward']
[4818202, 3447124, 710920, 822138, 1892344, 2346562, 924771, 817857, 2491885, 1652469, 1161675, 2670832, 2236178, 1323947, 501045, 1956009, 'Forward']
[4843898, 3445442, 707804, 819588, 1888872, 2342733, 923501, 816562, 2490873, 1654807, 1175232, 2741143, 2252187, 1326024, 509098, 1985564, 'Forward']
[4810326, 3447925, 710163, 822106, 1891607, 2345695, 925698, 816510, 2491860, 1652850, 1161714, 2675657, 2235568, 1324132, 500533, 1957064, 'Forward']
[4852652, 3446612, 710174, 820423, 1889413, 2344035, 924033, 816629, 2491464, 1655918, 1176891, 2737030, 2252569, 1326821, 509441, 1984713, 'Forward']
[4803475, 3448505, 709486, 822037, 1890876, 2345069, 925766, 818154, 2492455, 1653448, 1162760, 2681751, 2235848, 1324491, 500179, 1958994, 'Forward']
[4857733, 3447108, 711733, 820710, 1889970, 2345228, 924724, 816599, 2491858, 1656442, 1177853, 2730937, 2252209, 1327481, 509323, 1983489, 'Forward']
[4796703, 3447525, 707195, 820456, 1889991, 2343610, 925251, 817044, 2491977, 1652966, 1162893, 2689894, 2236353, 1324136, 499834, 1961350, 'Forward']
[4861284, 3446661, 712257, 820138, 1890371, 2346342, 924251, 816247, 2491605, 1655855, 1176733, 2721873, 2250612, 1326965, 508037, 1979448, 'Forward']
[4794109, 3446762, 705749, 819645, 1889662, 2343033, 925840, 818174, 2491504, 1652551, 1163090, 2698098, 2237494, 1323881, 500214, 1963962, 'Forward']
[4862949, 3446680, 713291, 820469, 1891361, 2347252, 924680, 816018, 2491392, 1655813, 1175675, 2711966, 2249447, 1327087, 507772, 1975943, 'Forward']
[4793043, 3446400, 704560, 819007, 1888924, 2342312, 925432, 817420, 2490888, 1652370, 1164058, 2707293, 2238834, 1323740, 500809, 1967413, 'Forward']
[4862632, 3446976, 714166, 820821, 1891877, 2348345, 924681, 815575, 2491271, 1655462, 1174204, 2702389, 2247505, 1327017, 506785, 1972491, 'Forward']
[4794917, 3446096, 704083, 818756, 1888492, 2341733, 925051, 817793, 2490651, 1652523, 1165637, 2716593, 2240824, 1324028, 501802, 1971453, 'Forward']
[4859849, 3447331, 714989, 821437, 1892463, 2349198, 924506, 816703, 2491491, 1655537, 1172880, 2692837, 2245469, 1327019, 505940, 1968948, 'Forward']
[4798794, 3445671, 703779, 818259, 1888097, 2341212, 924366, 817782, 2490575, 1652945, 1167373, 2725445, 2242996, 1324148, 503161, 1975321, 'Forward']
[4855797, 3447685, 715137, 821643, 1892723, 2349034, 924617, 816372, 2491555, 1655128, 1171044, 2685100, 2243332, 1326375, 504857, 1965301, 'Forward']
[4805801, 3445887, 703686, 818260, 1887952, 2341200, 924618, 817350, 2490859, 1653683, 1169657, 2733772, 2245218, 1324685, 504286, 1978741, 'Forward']
[4850413, 3448093, 714677, 822034, 1893103, 2349473, 924936, 816609, 2492005, 1655177, 1169440, 2678938, 2241536, 1326258, 504191, 1962244, 'Forward']
[4812968, 3445775, 703984, 818635, 1887988, 2341386, 924470, 818443, 2491084, 1654237, 1171687, 2740045, 2247398, 1325112, 506192, 1981796, 'Forward']
[4841807, 3447696, 713822, 821934, 1892696, 2348607, 924129, 816592, 2492064, 1654709, 1167358, 2673388, 2239338, 1325806, 503298, 1959240, 'Forward']
[4820552, 3444993, 704044, 817826, 1887698, 2341024, 923050, 816773, 2490243, 1653910, 1172537, 2742938, 2248710, 1324657, 506526, 1983435, 'Forward']
[4832338, 3447019, 712468, 821216, 1892396, 2348257, 924214, 815824, 2491141, 1653486, 1164762, 2670452, 2237452, 1324635, 501899, 1956974, 'Forward']
[4829548, 3444566, 705398, 817874, 1888107, 2341933, 922716, 817266, 2490211, 1654078, 1173851, 2744183, 2250532, 1324972, 507750, 1984454, 'Forward']
[4823297, 3446874, 711931, 821201, 1892539, 2347546, 924143, 816678, 2491495, 1652847, 1163211, 2669767, 2236594, 1324115, 501295, 1955813, 'Forward']
[4838872, 3444641, 706984, 818287, 1888972, 2342522, 923469, 817358, 2490512, 1654281, 1174979, 2742612, 2251952, 1325530, 508731, 1985428, 'Forward']
[4814070, 3446644, 710455, 820779, 1891880, 2346269, 924070, 817107, 2491414, 1652464, 1161800, 2672243, 2235961, 1323830, 500754, 1956179, 'Forward']
[4846682, 3444871, 708244, 818373, 1888981, 2343085, 922392, 816224, 2490542, 1654861, 1175515, 2739167, 2252604, 1325783, 508678, 1984530, 'Forward']
[4806603, 3447220, 709029, 820759, 1891424, 2345883, 925285, 816960, 2491361, 1652654, 1161274, 2677888, 2235945, 1323663, 499421, 1957351, 'Forward']
[4855201, 3445544, 709641, 819026, 1889279, 2344953, 922735, 815392, 2490817, 1655793, 1176233, 2734401, 2252465, 1326581, 508306, 1983395, 'Forward']
[4802348, 3447405, 707720, 820698, 1890385, 2345095, 924520, 817773, 2491233, 1652731, 1161431, 2684780, 2235933, 1323657, 499028, 1959016, 'Forward']
[4861297, 3446479, 711579, 820170, 1889916, 2346181, 923100, 816323, 2491078, 1656188, 1176547, 2726986, 2251538, 1326995, 508078, 1980960, 'Forward']
[4796804, 3447067, 706599, 820390, 1889626, 2343982, 924571, 817470, 2491340, 1652810, 1162136, 2693570, 2236531, 1323678, 499290, 1961956, 'Forward']
[4862180, 3446664, 712977, 820959, 1890998, 2347291, 923825, 816452, 2491367, 1656301, 1175729, 2718203, 2250158, 1327142, 507496, 1978192, 'Forward']
[4793495, 3446361, 705783, 820305, 1889703, 2343378, 924774, 818482, 2491413, 1652750, 1163130, 2702587, 2238346, 1323843, 500410, 1965873, 'Forward']
[4862801, 3446532, 714461, 821559, 1892186, 2348238, 924040, 816148, 2491645, 1655701, 1174848, 2708720, 2249155, 1326963, 507501, 1975213, 'Forward']
[4793172, 3445926, 705143, 819566, 1889510, 2342619, 925293, 818549, 2491352, 1652635, 1164865, 2711584, 2240680, 1323851, 501814, 1969392, 'Forward']
[4862394, 3446288, 714756, 820828, 1892668, 2348684, 923707, 815210, 2491592, 1655385, 1173583, 2698466, 2247648, 1326647, 506835, 1970674, 'Forward']
[4796205, 3445419, 703647, 818269, 1888735, 2341339, 924303, 817686, 2490565, 1652284, 1165749, 2721150, 2242550, 1323323, 502231, 1972172, 'Forward']
[4858053, 3446850, 714508, 821085, 1892663, 2348716, 923592, 815623, 2491408, 1654967, 1171342, 2689283, 2245424, 1325910, 504931, 1965501, 'Forward']
[4800882, 3445694, 703377, 818413, 1887916, 2341155, 923602, 817634, 2490588, 1652952, 1167558, 2728965, 2244572, 1323581, 502532, 1975268, 'Forward']
[4853407, 3447770, 714732, 822175, 1892513, 2349298, 923553, 815741, 2491805, 1655331, 1170054, 2682116, 2243290, 1326150, 503818, 1963015, 'Forward']
[4808041, 3445792, 703538, 818804, 1887406, 2340804, 922988, 817099, 2490677, 1653803, 1170028, 2736188, 2246547, 1324392, 503748, 1979155, 'Forward']
[4847824, 3448335, 714781, 823101, 1892729, 2349453, 924074, 816478, 2491981, 1655197, 1168418, 2675951, 2240860, 1325973, 502907, 1959958, 'Forward']
[4819107, 3445991, 704654, 819680, 1887481, 2341622, 923114, 818227, 2490822, 1654716, 1172341, 2742303, 2248767, 1325228, 506178, 1982573, 'Forward']
[4840226, 3448350, 714576, 823456, 1892676, 2349134, 923962, 816779, 2492066, 1655068, 1166912, 2672599, 2239117, 1325611, 502625, 1957893, 'Forward']
[4826552, 3445788, 706147, 819845, 1888051, 2341924, 922851, 817072, 2490664, 1654977, 1174137, 2745067, 2250565, 1325475, 507721, 1984614, 'Forward']
[4829768, 3447980, 713805, 822960, 1892979, 2348796, 924278, 817419, 2492028, 1654282, 1165044, 2670898, 2238070, 1325114, 502345, 1956908, 'Forward']
[4834867, 3445068, 706656, 818557, 1888576, 2342213, 922731, 816666, 2490596, 1654836, 1175016, 2744405, 2251862, 1325667, 508706, 1985484, 'Forward']
[4820201, 3447461, 711579, 821274, 1892472, 2347598, 924365, 816758, 2491385, 1653112, 1162818, 2671109, 2236417, 1324228, 500931, 1955678, 'Forward']
[4842856, 3444892, 707135, 817833, 1888556, 2343132, 922053, 815584, 2490291, 1654899, 1175528, 2741707, 2252319, 1325597, 508279, 1984507, 'Forward']
[4811502, 3447019, 709324, 820359, 1891450, 2346606, 923776, 816980, 2490972, 1652532, 1161561, 2674198, 2235681, 1323368, 499007, 1955550, 'Forward']
[4849856, 3445328, 708584, 818485, 1889109, 2344231, 922477, 815789, 2490489, 1655273, 1176096, 2737133, 2252464, 1325887, 507788, 1983326, 'Forward']
[4803688, 3447378, 708558, 820636, 1890828, 2345849, 923836, 817803, 2491224, 1652468, 1161698, 2680173, 2235952, 1323280, 499004, 1957102, 'Forward']
[4856497, 3446389, 710904, 820024, 1889685, 2345804, 922323, 816509, 2491144, 1656152, 1177177, 2731381, 2252581, 1326710, 508160, 1982084, 'Forward']
[4798009, 3447369, 707788, 821224, 1890400, 2344804, 923978, 818337, 2491690, 1652986, 1162639, 2688147, 2236821, 1323595, 499537, 1959722, 'Forward']
[4861176, 3446429, 712920, 821241, 1890733, 2346591, 922008, 815938, 2491507, 1656251, 1177059, 2723330, 2251887, 1326847, 508490, 1979433, 'Forward']
[4796041, 3446705, 706823, 820735, 1889861, 2343498, 923559, 816599, 2491556, 1652805, 1163213, 2697501, 2238201, 1323517, 500560, 1963257, 'Forward']
[4864560, 3446454, 713833, 821413, 1891421, 2347673, 922607, 815735, 2491547, 1656056, 1175837, 2714728, 2250527, 1326767, 508215, 1976804, 'Forward']
[4794392, 3446307, 705358, 820340, 1889301, 2342893, 923473, 818021, 2491078, 1652736, 1163790, 2707143, 2239640, 1323617, 501489, 1967688, 'Forward']
[4863022, 3446465, 714196, 821430, 1892094, 2348429, 922906, 815972, 2491326, 1655899, 1174156, 2704725, 2248782, 1326867, 507842, 1973480, 'Forward']
[4794065, 3445659, 703861, 819204, 1888910, 2342390, 923820, 818202, 2490586, 1652621, 1164481, 2715616, 2241260, 1323580, 502422, 1971001, 'Forward']
[4861071, 3446722, 714100, 821444, 1892420, 2349282, 923037, 816039, 2491293, 1655703, 1172122, 2694859, 2246500, 1326618, 506479, 1969480, 'Forward']
[4798542, 3445265, 702603, 818435, 1887985, 2341601, 922851, 817884, 2490258, 1652801, 1165887, 2724581, 2242889, 1323474, 502538, 1973846, 'Forward']
[4856770, 3447016, 714034, 821765, 1892646, 2349415, 922434, 816526, 2491118, 1655185, 1170098, 2686036, 2243771, 1325891, 504633, 1964396, 'Forward']
[4804972, 3445256, 703123, 818617, 1887858, 2341256, 922397, 818050, 2490160, 1653292, 1167752, 2731891, 2244880, 1323900, 503728, 1976745, 'Forward']
