[3523435, 2947965, 1528180, 899094, 51663, 1451428, -138031, 450022, 1594774, 277979, 1226756, 1702084, 2212189, 1662541, 465338, 1776520, 'Forward']
[3518397, 2945546, 1536318, 893541, 53184, 1428749, -127960, 448641, 1584781, 267177, 1404449, 1883204, 2301746, 1701482, 506346, 1845789, 'Forward']
[3504433, 2947934, 1517226, 898999, 52582, 1447855, -138632, 450946, 1594850, 278159, 1223652, 1702854, 2210748, 1657571, 462363, 1776076, 'Forward']
[3536602, 2944659, 1547155, 893158, 52609, 1431878, -129889, 448061, 1583911, 265639, 1403818, 1878884, 2302206, 1704423, 508198, 1844813, 'Forward']
[3485770, 2948845, 1505325, 899593, 54040, 1444232, -134350, 451517, 1596110, 279431, 1226379, 1709086, 2212706, 1654952, 461476, 1777125, 'Forward']
[3554423, 2944018, 1557287, 892936, 51085, 1435610, -133047, 448044, 1583917, 265277, 1397899, 1868999, 2299975, 1706405, 509122, 1841700, 'Forward']
[3470463, 2949163, 1497194, 899568, 55436, 1439486, -131913, 452042, 1596163, 279702, 1236409, 1721907, 2217557, 1653565, 462049, 1781930, 'Forward']
[3569559, 2944093, 1566019, 893382, 50862, 1439209, -134304, 447254, 1584059, 265381, 1387829, 1855437, 2294875, 1706212, 508858, 1837710, 'Forward']
[3456961, 2949637, 1489307, 899601, 55779, 1435321, -131007, 451851, 1596308, 280243, 1249914, 1737956, 2223966, 1653651, 464036, 1786923, 'Forward']
[3581148, 2944077, 1572263, 894101, 49249, 1444126, -136768, 447239, 1584188, 265668, 1372054, 1836742, 2287043, 1705236, 506454, 1831170, 'Forward']
[3448918, 2949996, 1486059, 899584, 55955, 1431979, -129238, 451959, 1595588, 280105, 1268391, 1758544, 2232908, 1656222, 467262, 1794795, 'Forward']
[3587247, 2944494, 1574454, 895140, 49252, 1447965, -137671, 447360, 1584877, 266778, 1352548, 1815637, 2277227, 1702112, 502634, 1823106, 'Forward']
[3445324, 2949663, 1484665, 899157, 56276, 1429304, -129024, 452879, 1594842, 279542, 1288817, 1780619, 2242796, 1659925, 471910, 1802421, 'Forward']
[3588854, 2943960, 1574432, 895366, 48429, 1451117, -138781, 446734, 1585206, 267306, 1330516, 1793217, 2265583, 1697531, 497499, 1814815, 'Forward']
[3445740, 2948982, 1487037, 898203, 56910, 1426206, -126414, 452513, 1592781, 277675, 1312863, 1805042, 2254547, 1664885, 477270, 1812051, 'Forward']
[3584270, 2944276, 1570578, 895850, 48820, 1453332, -140868, 448216, 1586700, 269238, 1306116, 1768701, 2253259, 1691468, 491626, 1805313, 'Forward']
[3450709, 2948515, 1491179, 897230, 56767, 1424546, -125422, 451810, 1591133, 276280, 1335900, 1827059, 2266454, 1670816, 482836, 1820646, 'Forward']
[3575682, 2943872, 1564221, 895991, 48676, 1454035, -142244, 447305, 1587778, 271019, 1282261, 1745711, 2241273, 1684347, 485052, 1796198, 'Forward']
[3461428, 2947159, 1500320, 896094, 55716, 1423474, -127297, 452041, 1588776, 273742, 1359539, 1848687, 2278570, 1678107, 488984, 1830090, 'Forward']
[3563889, 2944716, 1556737, 896948, 49051, 1454256, -141361, 447743, 1589554, 272996, 1261345, 1727115, 2230382, 1677234, 477892, 1789142, 'Forward']
[3474701, 2946698, 1509593, 895256, 55239, 1423597, -126545, 450722, 1587410, 272337, 1379154, 1865376, 2287758, 1685432, 495286, 1837086, 'Forward']
[3548010, 2945950, 1545370, 898018, 50178, 1453015, -141552, 448351, 1591223, 275373, 1243731, 1712243, 2220487, 1670048, 471627, 1782386, 'Forward']
[3490131, 2946237, 1519263, 894793, 54408, 1424770, -127313, 449973, 1586046, 270728, 1393295, 1875700, 2294348, 1692058, 500139, 1841282, 'Forward']
[3531640, 2946850, 1534992, 898927, 50949, 1451797, -138706, 449320, 1592777, 277486, 1232209, 1703838, 2214093, 1663839, 467176, 1778020, 'Forward']
[3507767, 2945929, 1530647, 894608, 53714, 1426870, -128619, 448314, 1584706, 269197, 1403162, 1882033, 2299990, 1698182, 504686, 1844867, 'Forward']
[3513148, 2947224, 1523616, 899490, 51646, 1449481, -138423, 450126, 1594242, 279388, 1225970, 1700766, 2210918, 1658693, 463502, 1775778, 'Forward']
[3526466, 2944684, 1542396, 894185, 52351, 1430152, -130551, 449708, 1583321, 267620, 1406922, 1881543, 2302548, 1701648, 507854, 1845988, 'Forward']
[3493620, 2947813, 1511217, 900086, 53015, 1445893, -137400, 450434, 1594627, 280279, 1225680, 1704124, 2210899, 1654654, 461416, 1776533, 'Forward']
[3543784, 2943376, 1552532, 893691, 51514, 1433799, -132418, 448691, 1582287, 266853, 1403336, 1873688, 2301069, 1704537, 508625, 1843727, 'Forward']
[3476406, 2947756, 1501875, 899998, 54218, 1442284, -135567, 451712, 1593814, 280420, 1232557, 1714319, 2214862, 1653176, 461017, 1780007, 'Forward']
[3560327, 2942408, 1562803, 893287, 50494, 1437872, -134959, 447034, 1581668, 266368, 1395616, 1862738, 2297806, 1706303, 508366, 1840503, 'Forward']
[3461915, 2947680, 1494351, 899787, 55518, 1437936, -131351, 451832, 1593651, 280614, 1244294, 1729059, 2220269, 1652281, 462098, 1784766, 'Forward']
[3572941, 2942066, 1569641, 893717, 50151, 1441964, -134970, 446604, 1581887, 266316, 1382033, 1846123, 2291060, 1704833, 507318, 1834939, 'Forward']
[3450523, 2947315, 1488617, 899136, 55651, 1433873, -130676, 453592, 1593260, 280538, 1259742, 1746725, 2228165, 1653492, 464936, 1791157, 'Forward']
[3581998, 2941520, 1574673, 893462, 49198, 1445618, -139251, 446705, 1581711, 266224, 1364704, 1826424, 2282887, 1702459, 503822, 1828161, 'Forward']
[3444032, 2947458, 1486201, 898552, 56473, 1429916, -128544, 452552, 1592280, 279980, 1279285, 1767940, 2238583, 1656428, 468327, 1798770, 'Forward']
[3585942, 2942074, 1575202, 894471, 48552, 1449526, -140811, 446987, 1583093, 267875, 1343337, 1803609, 2272555, 1699158, 499635, 1819334, 'Forward']
[3443583, 2947616, 1487226, 898552, 56684, 1427340, -126280, 453286, 1591047, 278604, 1302267, 1791680, 2249832, 1661814, 473953, 1808183, 'Forward']
[3585397, 2942624, 1573237, 895699, 48656, 1452358, -140863, 446651, 1584327, 269087, 1320466, 1780538, 2260665, 1694080, 494820, 1810748, 'Forward']
[3447707, 2947214, 1490397, 897988, 56234, 1425724, -126757, 452664, 1590095, 277415, 1324939, 1814560, 2261196, 1667333, 479544, 1816370, 'Forward']
[3580502, 2942994, 1569067, 896772, 48626, 1454427, -141027, 448677, 1585664, 270867, 1296747, 1758056, 2248947, 1688106, 488816, 1801768, 'Forward']
[3455972, 2946056, 1497411, 896946, 55764, 1424253, -126251, 452317, 1588353, 275428, 1349003, 1838050, 2273738, 1673919, 486439, 1826099, 'Forward']
[3570238, 2942615, 1562375, 896468, 48916, 1454403, -141852, 448555, 1586699, 271844, 1273315, 1737129, 2237096, 1679875, 481686, 1793431, 'Forward']
[3467885, 2945147, 1506615, 895575, 55678, 1423429, -126315, 451311, 1586106, 272701, 1369767, 1857175, 2284632, 1680658, 492570, 1834383, 'Forward']
[3555794, 2943819, 1552333, 897557, 50119, 1453932, -140896, 449967, 1588900, 274233, 1252816, 1719335, 2226930, 1672603, 475572, 1786179, 'Forward']
[3481505, 2944586, 1514830, 895066, 55254, 1424029, -126291, 451336, 1585484, 271252, 1386126, 1870299, 2293423, 1688437, 498522, 1839430, 'Forward']
[3539124, 2944072, 1541097, 897880, 50507, 1452348, -141410, 449783, 1590356, 275993, 1236784, 1706351, 2218919, 1666055, 469758, 1779511, 'Forward']
[3499186, 2943995, 1526947, 894255, 54085, 1425326, -128211, 450312, 1583669, 268994, 1399249, 1879590, 2300116, 1694775, 502903, 1843584, 'Forward']
[3521703, 2945261, 1530564, 898737, 51129, 1450192, -140713, 450149, 1592345, 278066, 1228217, 1701263, 2213718, 1660446, 464932, 1776460, 'Forward']
[3518026, 2943455, 1539350, 893865, 52738, 1427878, -130209, 449396, 1582833, 267896, 1405913, 1882065, 2303042, 1699337, 506267, 1845614, 'Forward']
[3503740, 2946185, 1520414, 899679, 52097, 1447166, -138196, 451074, 1593159, 279549, 1226218, 1702937, 2212597, 1655835, 462418, 1776584, 'Forward']
[3536680, 2942893, 1551227, 894119, 51735, 1431535, -130808, 449631, 1582108, 267512, 1405973, 1878550, 2303704, 1703046, 508547, 1845523, 'Forward']
[3485272, 2946736, 1509702, 900303, 53098, 1443407, -135890, 451951, 1593440, 281028, 1229397, 1709890, 2214346, 1653533, 461304, 1778546, 'Forward']
[3554121, 2942184, 1561895, 894165, 50097, 1435526, -134838, 449051, 1581095, 266976, 1400606, 1869064, 2300909, 1705142, 509002, 1842630, 'Forward']
[3468899, 2947250, 1500873, 900749, 54000, 1439579, -134785, 452576, 1593325, 281389, 1238781, 1722411, 2218202, 1652236, 461613, 1782340, 'Forward']
[3567744, 2941898, 1569240, 894420, 49436, 1439968, -135488, 448782, 1580748, 267044, 1388892, 1854151, 2294655, 1705478, 507922, 1837444, 'Forward']
[3454739, 2947089, 1492809, 900125, 54430, 1435669, -133058, 453464, 1592544, 281785, 1251587, 1737290, 2224230, 1652940, 463229, 1787327, 'Forward']
[3578807, 2940981, 1575472, 894080, 48499, 1444446, -136724, 448238, 1580319, 267171, 1373093, 1834974, 2286811, 1704291, 504992, 1831185, 'Forward']
[3446021, 2946495, 1489256, 899083, 54525, 1431589, -130954, 453909, 1591100, 280825, 1270118, 1757596, 2233172, 1655345, 465999, 1795307, 'Forward']
[3584463, 2940974, 1577532, 894421, 47792, 1447919, -138825, 448019, 1580782, 267791, 1353204, 1813259, 2276757, 1701307, 500761, 1823193, 'Forward']
[3442216, 2946030, 1488358, 897982, 54819, 1427714, -129697, 452260, 1590159, 279964, 1290870, 1779384, 2243953, 1658509, 470507, 1803083, 'Forward']
[3586052, 2941203, 1577437, 894850, 46691, 1450141, -140824, 447172, 1581758, 268791, 1331235, 1790057, 2266235, 1695726, 496039, 1814213, 'Forward']
[3443915, 2946450, 1490301, 897910, 54926, 1424989, -128676, 453093, 1589352, 278882, 1315004, 1802914, 2255993, 1663642, 475578, 1811628, 'Forward']
[3582959, 2941686, 1574011, 895635, 46580, 1452933, -142826, 447716, 1583646, 270677, 1307949, 1766547, 2254259, 1690428, 489849, 1804604, 'Forward']
[3450603, 2946131, 1495953, 897596, 54737, 1424007, -125847, 452622, 1587937, 277084, 1339733, 1826550, 2268441, 1670053, 481835, 1821489, 'Forward']
[3574543, 2942012, 1567979, 896719, 46788, 1454243, -143458, 448464, 1585342, 272321, 1285191, 1744997, 2242648, 1683453, 484129, 1796422, 'Forward']
[3460268, 2945276, 1503452, 896740, 54410, 1423618, -127221, 453030, 1586089, 274765, 1361489, 1846785, 2279496, 1677092, 488009, 1829711, 'Forward']
[3562025, 2942413, 1559419, 897510, 47661, 1454439, -141812, 448484, 1586636, 274038, 1264053, 1726138, 2231976, 1676304, 477909, 1789047, 'Forward']
[3472486, 2944184, 1512006, 895860, 53714, 1423801, -127985, 452255, 1584482, 272858, 1380693, 1862874, 2289479, 1683940, 494592, 1836689, 'Forward']
[3546867, 2942542, 1549311, 897803, 48389, 1453821, -142225, 449002, 1588125, 275761, 1246493, 1710985, 2223102, 1669058, 471870, 1782743, 'Forward']
[3488165, 2942705, 1522627, 894476, 52994, 1425084, -127621, 452543, 1582375, 270295, 1395744, 1874386, 2297358, 1690519, 500003, 1842485, 'Forward']
[3529480, 2942682, 1538290, 898082, 49415, 1451872, -141481, 450804, 1589013, 276746, 1233633, 1701460, 2216096, 1662141, 467105, 1778863, 'Forward']
[3504925, 2941473, 1533375, 893678, 52205, 1426834, -129407, 450428, 1580868, 268326, 1405157, 1879917, 2301623, 1696087, 504236, 1845541, 'Forward']
[3510778, 2942993, 1527001, 899097, 49920, 1449972, -139865, 452526, 1590205, 278468, 1227605, 1698874, 2212519, 1657168, 463669, 1776428, 'Forward']
[3522906, 2939818, 1545635, 893576, 50317, 1429833, -131657, 449743, 1579279, 266909, 1409004, 1880409, 2304342, 1701061, 507515, 1847044, 'Forward']
[3491728, 2942683, 1516303, 899722, 50464, 1445994, -138605, 453014, 1589759, 279273, 1228544, 1704084, 2212933, 1654021, 461561, 1777842, 'Forward']
[3539894, 2938391, 1556415, 893667, 49437, 1433372, -132680, 449760, 1578145, 265911, 1406029, 1873902, 2302663, 1703715, 509032, 1845513, 'Forward']
[3473474, 2942212, 1506502, 900022, 51726, 1441823, -135947, 452954, 1589920, 279885, 1234359, 1713293, 2215684, 1651879, 461862, 1780802, 'Forward']
[3555218, 2936980, 1566116, 893400, 48248, 1437044, -135277, 448634, 1577308, 265337, 1397332, 1861727, 2298730, 1704278, 508725, 1841811, 'Forward']
[3456996, 2941672, 1497621, 899238, 52596, 1437027, -136230, 452731, 1589183, 279858, 1244859, 1726860, 2220631, 1650906, 461959, 1785175, 'Forward']
[3567900, 2935578, 1573875, 892915, 47266, 1441499, -136745, 449368, 1576541, 264821, 1383164, 1844623, 2291330, 1703677, 506155, 1835933, 'Forward']
[3445527, 2941278, 1492569, 899023, 53996, 1433406, -130389, 454321, 1588100, 279257, 1260484, 1745537, 2228418, 1652186, 464448, 1792667, 'Forward']
[3576131, 2935096, 1577917, 893257, 46799, 1446072, -140375, 447968, 1576599, 265337, 1364596, 1824362, 2282503, 1700986, 502900, 1828954, 'Forward']
[3438722, 2941104, 1490037, 898406, 54305, 1430565, -128684, 454747, 1586875, 278241, 1279189, 1765949, 2237981, 1654987, 467230, 1800406, 'Forward']
[3579430, 2936147, 1578554, 894117, 46880, 1450231, -139680, 448489, 1577477, 266221, 1343318, 1801658, 2272091, 1697551, 498462, 1821149, 'Forward']
[3437544, 2941692, 1490552, 897464, 54087, 1428397, -130014, 454567, 1586312, 277477, 1300986, 1788074, 2248786, 1659082, 471742, 1808688, 'Forward']
[3578533, 2937558, 1576719, 895006, 46777, 1452855, -142225, 449474, 1579100, 267609, 1320604, 1778435, 2260413, 1691966, 492350, 1812332, 'Forward']
[3441252, 2942630, 1493841, 897072, 54564, 1425510, -128192, 453528, 1585727, 276746, 1325591, 1811918, 2260814, 1665511, 477583, 1817959, 'Forward']
[3574095, 2938948, 1572734, 895528, 46804, 1453860, -143124, 447742, 1581456, 270243, 1297659, 1755319, 2248271, 1686318, 486900, 1803027, 'Forward']
[3451194, 2943194, 1501861, 896379, 54313, 1424034, -129911, 453864, 1584112, 275341, 1350668, 1835856, 2273636, 1673104, 484297, 1827523, 'Forward']
[3564799, 2940934, 1565677, 897028, 47657, 1454546, -142291, 450107, 1583579, 273007, 1275607, 1735468, 2237132, 1679582, 480384, 1794762, 'Forward']
[3463363, 2943360, 1510391, 895794, 53811, 1423701, -128407, 452771, 1582938, 273756, 1372128, 1854937, 2284434, 1680409, 491310, 1835510, 'Forward']
[3551860, 2942281, 1556394, 898148, 48289, 1454498, -142470, 450519, 1585728, 275598, 1256255, 1718483, 2227246, 1672633, 474286, 1787832, 'Forward']
[3478132, 2942786, 1519746, 895140, 53179, 1424713, -128122, 452221, 1581731, 272128, 1389709, 1869499, 2293582, 1687626, 496753, 1841563, 'Forward']
[3535594, 2942366, 1545578, 898220, 48979, 1453004, -142208, 450797, 1586668, 276747, 1241024, 1706622, 2219386, 1665615, 468728, 1782422, 'Forward']
[3494861, 2942263, 1529928, 894577, 53098, 1425979, -128149, 451172, 1579926, 270149, 1402690, 1879185, 2300477, 1694115, 501828, 1845784, 'Forward']
[3518000, 2942860, 1534108, 898629, 49814, 1450583, -142135, 451050, 1588065, 278564, 1231543, 1700703, 2214695, 1659848, 464347, 1778547, 'Forward']
[3513932, 2940419, 1543077, 893347, 51268, 1428081, -132657, 451042, 1578085, 267945, 1409110, 1881486, 2304384, 1698570, 505007, 1847805, 'Forward']
[3499129, 2943680, 1523137, 899519, 51327, 1447464, -139150, 452700, 1588503, 279690, 1228472, 1701541, 2213465, 1654619, 461208, 1778433, 'Forward']
[3531854, 2940549, 1553255, 893691, 50786, 1431465, -132171, 449997, 1577651, 267725, 1408355, 1876699, 2304378, 1702329, 507427, 1846954, 'Forward']
[3481048, 2944218, 1511994, 899591, 51907, 1443190, -138970, 451997, 1589140, 281085, 1231835, 1707844, 2214648, 1652268, 460531, 1779877, 'Forward']
[3549769, 2939829, 1563482, 893484, 49219, 1435132, -134420, 449848, 1577186, 267010, 1403026, 1867320, 2301541, 1703744, 507623, 1843957, 'Forward']
[3464987, 2945345, 1501958, 900525, 52917, 1439056, -134736, 453924, 1589593, 281823, 1241107, 1720131, 2218658, 1650994, 460546, 1783346, 'Forward']
[3565614, 2939955, 1572507, 894377, 48137, 1439711, -137358, 449165, 1577675, 267548, 1392581, 1853219, 2295986, 1704894, 507004, 1838883, 'Forward']
[3452865, 2945634, 1496122, 900638, 53507, 1435019, -134198, 454066, 1589652, 282286, 1256022, 1738130, 2226056, 1652371, 462518, 1789518, 'Forward']
[3576527, 2940136, 1577822, 895099, 46868, 1443130, -140295, 447001, 1577682, 267900, 1377237, 1835904, 2288138, 1703521, 504023, 1832473, 'Forward']
[3444589, 2946032, 1492034, 900947, 54061, 1431146, -130875, 455094, 1589344, 282379, 1273619, 1757766, 2234308, 1654661, 465352, 1795673, 'Forward']
[3583179, 2940386, 1580659, 896224, 47580, 1447272, -138702, 448594, 1578974, 269063, 1358305, 1814846, 2278968, 1701195, 501182, 1824826, 'Forward']
[3440062, 2945347, 1489997, 900054, 54814, 1427663, -131036, 456043, 1588517, 281219, 1295043, 1779773, 2245187, 1658342, 470342, 1803833, 'Forward']
[3583468, 2939396, 1579558, 895633, 46857, 1449270, -142512, 447271, 1579250, 268866, 1335704, 1791187, 2267418, 1695767, 495881, 1815643, 'Forward']
[3441967, 2944422, 1493361, 898700, 54812, 1424973, -129112, 454830, 1586564, 278819, 1317525, 1802948, 2256915, 1662468, 475467, 1812872, 'Forward']
[3579501, 2939591, 1576078, 896347, 47261, 1451486, -143250, 448446, 1580802, 270359, 1312138, 1768146, 2256102, 1689116, 490286, 1806805, 'Forward']
[3447316, 2943563, 1497555, 897624, 54971, 1422518, -128727, 453379, 1585156, 277130, 1340429, 1824669, 2268765, 1668166, 481167, 1821131, 'Forward']
[3570994, 2940302, 1569222, 897218, 47707, 1452214, -142931, 449855, 1582395, 272268, 1289141, 1745633, 2244617, 1681984, 484035, 1797529, 'Forward']
[3456292, 2943493, 1504091, 897112, 54101, 1421517, -129605, 452711, 1583971, 275895, 1362884, 1844501, 2280391, 1675349, 487697, 1829314, 'Forward']
[3559531, 2941034, 1560795, 898012, 47715, 1452448, -142806, 449343, 1584242, 274921, 1267152, 1724733, 2233251, 1674682, 477484, 1788935, 'Forward']
[3470050, 2942910, 1513705, 896714, 54118, 1422186, -127832, 453556, 1581713, 273541, 1384473, 1863006, 2291368, 1683231, 494771, 1837351, 'Forward']
[3544847, 2942042, 1550604, 899575, 49008, 1452373, -141919, 450582, 1585852, 277058, 1250282, 1710858, 2224531, 1668014, 472216, 1782842, 'Forward']
[3486204, 2942766, 1524006, 896728, 53019, 1423684, -129887, 451672, 1580429, 272288, 1399451, 1875044, 2299195, 1689797, 500263, 1842517, 'Forward']
[3528848, 2943347, 1540378, 900754, 49517, 1451135, -141035, 451874, 1587403, 279375, 1238686, 1703223, 2218359, 1661902, 467643, 1778984, 'Forward']
[3503931, 2942352, 1535234, 896558, 52518, 1426085, -130138, 451443, 1579375, 271223, 1409354, 1881882, 2304069, 1696100, 505117, 1846006, 'Forward']
[3510927, 2943596, 1529275, 900974, 50082, 1448696, -141369, 451830, 1588034, 280761, 1232638, 1701788, 2215106, 1657301, 464258, 1777470, 'Forward']
[3522666, 2941135, 1547550, 895737, 51250, 1429430, -130919, 450990, 1577781, 269511, 1412151, 1881442, 2305851, 1700548, 507701, 1846852, 'Forward']
[3491848, 2944156, 1517378, 901273, 51782, 1445298, -138048, 452499, 1588941, 282377, 1232171, 1705208, 2214937, 1653709, 462452, 1778251, 'Forward']
[3540699, 2939608, 1558369, 894610, 50453, 1432486, -133181, 450516, 1576621, 268152, 1408853, 1874497, 2305090, 1702804, 508664, 1844934, 'Forward']
[3474324, 2943986, 1507245, 900930, 53450, 1440772, -136851, 455241, 1588605, 282184, 1237572, 1714336, 2218194, 1651136, 461523, 1780762, 'Forward']
[3556858, 2938822, 1567312, 894344, 49751, 1436295, -136340, 449446, 1576189, 267659, 1400082, 1862373, 2300912, 1703405, 508244, 1841226, 'Forward']
[3460228, 2943715, 1500332, 900452, 53911, 1436535, -134150, 454798, 1587836, 281915, 1248713, 1728836, 2223771, 1650513, 462033, 1785659, 'Forward']
[3569743, 2938535, 1574823, 895019, 49390, 1440512, -136477, 449841, 1576229, 267692, 1386726, 1846498, 2294385, 1703199, 506642, 1836173, 'Forward']
[3447646, 2944061, 1493232, 900798, 55116, 1432336, -132679, 455770, 1588038, 282269, 1263396, 1745836, 2230677, 1652014, 464519, 1791414, 'Forward']
[3577839, 2938192, 1578133, 895090, 48239, 1444254, -140757, 448557, 1576986, 268247, 1368253, 1824908, 2284734, 1700956, 503580, 1827811, 'Forward']
[3441862, 2943654, 1491402, 899694, 55400, 1428453, -131722, 455241, 1586740, 281117, 1283248, 1766730, 2240360, 1654624, 468112, 1799014, 'Forward']
[3582386, 2938187, 1580678, 895170, 48092, 1447197, -140884, 448189, 1577507, 268895, 1348218, 1803384, 2274673, 1696625, 499228, 1820143, 'Forward']
[3441054, 2943638, 1493116, 898893, 55673, 1424968, -130471, 453870, 1586002, 280041, 1305798, 1790372, 2251928, 1658613, 472977, 1807780, 'Forward']
[3581711, 2938948, 1579649, 896019, 47700, 1449835, -144389, 449323, 1578778, 270220, 1325825, 1780779, 2263295, 1691174, 493139, 1811077, 'Forward']
[3444942, 2943876, 1497233, 898898, 55743, 1423445, -128413, 454481, 1584731, 279064, 1329927, 1814150, 2263793, 1664187, 478074, 1816846, 'Forward']
[3575928, 2939564, 1574739, 897296, 47785, 1451537, -144429, 447362, 1580172, 272720, 1302195, 1757763, 2251229, 1684885, 487049, 1801626, 'Forward']
[3452808, 2942736, 1504012, 898248, 54546, 1422559, -129594, 455861, 1582409, 277502, 1353602, 1836582, 2275987, 1671120, 484102, 1825367, 'Forward']
[3566043, 2939537, 1568291, 898363, 47681, 1452805, -144570, 450731, 1581130, 274442, 1279870, 1737668, 2240032, 1678089, 479857, 1793709, 'Forward']
[3463467, 2941530, 1512226, 897466, 54764, 1421808, -129295, 452382, 1580175, 275209, 1375435, 1856726, 2286976, 1678584, 490172, 1833571, 'Forward']
[3551518, 2939682, 1558704, 899318, 48836, 1452521, -144944, 450494, 1582251, 276144, 1258489, 1719190, 2229169, 1670168, 473375, 1785567, 'Forward']
[3477281, 2940740, 1521332, 897293, 54730, 1422969, -128512, 453772, 1578736, 273131, 1392267, 1870422, 2295855, 1685707, 496518, 1839493, 'Forward']
[3534573, 2940021, 1546762, 899746, 50468, 1451055, -141804, 450375, 1584280, 277855, 1242783, 1706218, 2221303, 1663413, 468840, 1779672, 'Forward']
[3494545, 2939652, 1532392, 896002, 53870, 1424107, -129770, 451759, 1577579, 270639, 1404842, 1878813, 2302878, 1691886, 502251, 1843691, 'Forward']
[3517241, 2941147, 1535678, 900535, 51073, 1448901, -142638, 452834, 1585976, 279226, 1233727, 1700609, 2216989, 1657295, 464388, 1776667, 'Forward']
[3512978, 2939517, 1543260, 895718, 52694, 1426629, -131474, 450719, 1577089, 269479, 1411287, 1881145, 2306201, 1696842, 505103, 1845322, 'Forward']
[3499628, 2941960, 1524794, 901051, 51666, 1446232, -140825, 453200, 1587292, 280864, 1231208, 1701323, 2214997, 1653246, 461247, 1775994, 'Forward']
[3532721, 2938591, 1556502, 895127, 51234, 1429993, -133058, 450254, 1575889, 268352, 1412311, 1878524, 2306976, 1700816, 507491, 1845882, 'Forward']
[3481360, 2942710, 1514053, 901344, 52895, 1441719, -138580, 452784, 1587762, 282048, 1234432, 1708843, 2216864, 1650485, 460153, 1778313, 'Forward']
[3549464, 2937942, 1565555, 895049, 50851, 1433715, -135398, 449165, 1575610, 268203, 1404879, 1867754, 2303498, 1702535, 507458, 1841961, 'Forward']
[3465332, 2942835, 1505264, 901629, 54420, 1437688, -136113, 454237, 1587472, 282311, 1242764, 1720547, 2221241, 1649111, 460560, 1782078, 'Forward']
[3564527, 2937532, 1574671, 895686, 50462, 1438042, -136189, 449110, 1575503, 267775, 1394424, 1853969, 2298366, 1702321, 507249, 1837967, 'Forward']
[3452123, 2942597, 1498584, 901333, 55432, 1433446, -134246, 455652, 1587348, 282375, 1256968, 1736874, 2227541, 1649885, 462972, 1787815, 'Forward']
[3574729, 2936585, 1580211, 895040, 48913, 1441396, -140939, 448416, 1575154, 267672, 1378793, 1835201, 2290062, 1701255, 504729, 1831515, 'Forward']
[3442952, 2942438, 1493850, 900448, 55634, 1428914, -132943, 454806, 1586464, 281694, 1273898, 1755732, 2235522, 1651292, 465431, 1794286, 'Forward']
[3580220, 2936667, 1582071, 895375, 48519, 1445139, -142147, 448886, 1575650, 268303, 1359113, 1813336, 2279954, 1697488, 501120, 1822935, 'Forward']
[3439512, 2942228, 1493367, 899784, 56054, 1426176, -130232, 455335, 1585133, 281103, 1294670, 1777240, 2246628, 1655263, 470507, 1802191, 'Forward']
[3581464, 2936473, 1582326, 895850, 47837, 1448059, -143382, 448932, 1576166, 269764, 1337730, 1790926, 2270153, 1693470, 496542, 1814745, 'Forward']
[3439235, 2941685, 1495059, 899440, 55816, 1423358, -129666, 454862, 1583320, 279785, 1317605, 1800108, 2258676, 1660186, 475807, 1811620, 'Forward']
[3577765, 2937454, 1578398, 897763, 48285, 1451095, -141870, 449886, 1577575, 271832, 1313715, 1766251, 2258177, 1687792, 491332, 1805733, 'Forward']
[3444839, 2941506, 1499346, 899315, 55576, 1422341, -129130, 453791, 1582125, 279373, 1341746, 1823009, 2270721, 1667078, 482553, 1820772, 'Forward']
[3569617, 2937647, 1571512, 898366, 48161, 1452211, -144151, 449579, 1578843, 274175, 1290357, 1744182, 2246058, 1681053, 484718, 1796691, 'Forward']
[3455182, 2940241, 1507286, 897899, 55095, 1421728, -129698, 454653, 1579528, 277133, 1364005, 1844434, 2281766, 1673998, 488534, 1829101, 'Forward']
[3559427, 2937672, 1565543, 898712, 48431, 1452604, -144989, 452040, 1579345, 275776, 1269627, 1726818, 2235254, 1674171, 478636, 1790026, 'Forward']
[3468508, 2939327, 1517335, 897084, 55105, 1421620, -129103, 453431, 1577516, 275068, 1384066, 1863106, 2291805, 1681713, 494764, 1837280, 'Forward']
[3543708, 2937844, 1554632, 898700, 49777, 1450987, -144498, 450758, 1581013, 277810, 1251283, 1711972, 2225281, 1666756, 472407, 1782744, 'Forward']
[3483095, 2938554, 1526770, 896167, 54928, 1422196, -129716, 453266, 1575607, 272806, 1398700, 1874406, 2298843, 1687426, 499430, 1841627, 'Forward']
[3526618, 2939025, 1543548, 899986, 51151, 1449787, -142401, 452562, 1582881, 279950, 1238310, 1702242, 2218436, 1659899, 467392, 1777921, 'Forward']
[3501316, 2937915, 1539046, 895586, 53968, 1424494, -129134, 451905, 1574395, 271409, 1408799, 1881083, 2304752, 1693996, 504639, 1845788, 'Forward']
[3508566, 2939619, 1532939, 900312, 52126, 1446880, -140786, 452844, 1583764, 281446, 1232169, 1700516, 2215398, 1654966, 463766, 1776865, 'Forward']
[3519532, 2937098, 1550529, 895123, 52799, 1427353, -133719, 452501, 1573522, 270238, 1412013, 1881056, 2306576, 1698334, 507571, 1846676, 'Forward']
[3489951, 2940659, 1521694, 901057, 53371, 1443890, -139173, 454539, 1584737, 282595, 1232340, 1704582, 2215981, 1651649, 462012, 1777897, 'Forward']
[3537292, 2937212, 1560431, 895023, 51922, 1431500, -134667, 452355, 1573821, 269967, 1409229, 1873983, 2305874, 1700982, 508772, 1844924, 'Forward']
[3472129, 2941298, 1510019, 900970, 54255, 1439599, -137274, 454370, 1585976, 283595, 1237815, 1712577, 2218477, 1649461, 461594, 1779549, 'Forward']
[3554738, 2936261, 1570846, 894653, 50996, 1434719, -136529, 449793, 1573199, 268799, 1401480, 1862301, 2302076, 1701864, 508881, 1840905, 'Forward']
[3458174, 2942188, 1502926, 901773, 55771, 1435240, -134030, 455382, 1585988, 284119, 1249557, 1727996, 2224667, 1648723, 462726, 1784630, 'Forward']
[3568139, 2936452, 1577909, 895850, 50292, 1439310, -137254, 449942, 1573993, 269729, 1388516, 1846683, 2296217, 1701527, 507844, 1835425, 'Forward']
[3446768, 2941339, 1497111, 901100, 55573, 1430644, -134071, 455101, 1585449, 283640, 1264983, 1746291, 2232722, 1649926, 465504, 1790804, 'Forward']
[3576815, 2935257, 1582858, 895729, 49256, 1442580, -140241, 449680, 1573848, 269102, 1370495, 1826448, 2287208, 1698660, 504631, 1828076, 'Forward']
[3439809, 2941009, 1494615, 900660, 56358, 1426868, -132483, 455641, 1584284, 282165, 1284084, 1767074, 2242405, 1652061, 469402, 1798882, 'Forward']
[3580341, 2935237, 1583288, 896250, 49006, 1446131, -142265, 449005, 1574927, 270122, 1348935, 1803252, 2276975, 1694480, 500475, 1819272, 'Forward']
[3438318, 2940026, 1494934, 899422, 57067, 1423675, -131235, 454309, 1582868, 280993, 1305522, 1789309, 2254238, 1656136, 474091, 1806876, 'Forward']
[3579389, 2934887, 1582118, 896608, 49412, 1448538, -142786, 449399, 1575102, 270683, 1325716, 1779873, 2265924, 1689178, 494976, 1810521, 'Forward']
[3441895, 2939433, 1499175, 899124, 57174, 1422026, -131257, 455651, 1580956, 279511, 1328845, 1812780, 2266194, 1661770, 480018, 1816545, 'Forward']
[3574233, 2935758, 1577706, 898115, 50104, 1450729, -142344, 450034, 1576570, 272546, 1302271, 1757219, 2253918, 1682306, 488919, 1802297, 'Forward']
[3450223, 2939265, 1505655, 898928, 57371, 1421471, -127838, 454916, 1580094, 278257, 1353186, 1835645, 2278230, 1668757, 487430, 1825594, 'Forward']
[3564941, 2936600, 1571026, 899274, 50042, 1451712, -143341, 450315, 1578751, 275125, 1280551, 1736990, 2242393, 1676089, 483430, 1794379, 'Forward']
[3461979, 2939233, 1514071, 898805, 56687, 1420691, -129337, 453979, 1578989, 276808, 1375803, 1856525, 2289313, 1676860, 493676, 1834385, 'Forward']
[3551018, 2937760, 1560660, 900498, 50708, 1451001, -143200, 451402, 1581043, 277936, 1260520, 1719598, 2231176, 1668931, 476872, 1786558, 'Forward']
[3475946, 2938847, 1522520, 898211, 56539, 1421046, -128759, 453251, 1577453, 275466, 1393650, 1870581, 2296948, 1683580, 500162, 1840188, 'Forward']
[3534492, 2937293, 1549417, 900490, 51039, 1449718, -145239, 451275, 1582207, 279764, 1244961, 1706430, 2222482, 1661759, 471593, 1780426, 'Forward']
[3492335, 2936046, 1533529, 896586, 54942, 1422617, -131734, 452323, 1574680, 272187, 1405779, 1878757, 2303532, 1689150, 504746, 1844405, 'Forward']
[3515792, 2936745, 1537667, 900877, 52996, 1447656, -141162, 452783, 1582211, 280018, 1234833, 1699594, 2217497, 1654916, 467557, 1777380, 'Forward']
[3510543, 2934042, 1545783, 895486, 54528, 1425384, -130847, 452426, 1572739, 269838, 1411967, 1880855, 2307546, 1693787, 509277, 1846857, 'Forward']
[3496711, 2936139, 1526670, 900650, 53820, 1444524, -139325, 452775, 1582367, 280786, 1230922, 1700007, 2216214, 1650345, 465149, 1777254, 'Forward']
[3527656, 2932427, 1555775, 894853, 53554, 1428596, -132871, 451640, 1571493, 268481, 1410755, 1875987, 2307377, 1697376, 511154, 1845792, 'Forward']
[3477534, 2935545, 1515125, 900992, 54664, 1440937, -139117, 453928, 1582664, 281539, 1232959, 1705136, 2216986, 1647472, 463301, 1778033, 'Forward']
[3544161, 2930984, 1566172, 894996, 52022, 1432617, -134864, 450344, 1569866, 267510, 1405051, 1866262, 2305005, 1699352, 510935, 1843425, 'Forward']
[3460145, 2935599, 1505474, 901261, 54949, 1437023, -136836, 454602, 1581936, 281967, 1241848, 1717289, 2221704, 1646368, 463347, 1782114, 'Forward']
[3558236, 2930036, 1574871, 894965, 50208, 1437467, -137582, 449266, 1569378, 267163, 1393588, 1851392, 2299243, 1699526, 509374, 1838130, 'Forward']
[3447310, 2935387, 1499462, 901024, 55536, 1433108, -133059, 454621, 1581398, 281854, 1255784, 1734137, 2228903, 1647634, 465063, 1788365, 'Forward']
[3567829, 2929494, 1579357, 895051, 49434, 1441128, -140555, 449541, 1569489, 267297, 1378105, 1833372, 2291275, 1698056, 506975, 1831880, 'Forward']
[3436998, 2935128, 1493818, 900361, 56458, 1429343, -132171, 456769, 1580656, 281201, 1272310, 1752293, 2236590, 1649053, 467664, 1794411, 'Forward']
[3573891, 2929032, 1582063, 895090, 49414, 1444742, -139826, 449000, 1569903, 267631, 1359449, 1811703, 2281872, 1695373, 503737, 1824333, 'Forward']
[3431752, 2934452, 1492108, 899479, 56864, 1425514, -131286, 455676, 1579231, 279958, 1293017, 1773826, 2247083, 1651916, 472407, 1802675, 'Forward']
[3575005, 2928935, 1581172, 895538, 49085, 1447547, -141530, 449379, 1570197, 268574, 1336682, 1787896, 2270345, 1690408, 499203, 1815178, 'Forward']
[3432334, 2933571, 1493539, 898098, 57091, 1422478, -130526, 453901, 1577819, 278429, 1315410, 1796607, 2258219, 1656871, 478175, 1810939, 'Forward']
[3571823, 2929106, 1578512, 895737, 49125, 1449734, -144200, 450487, 1571224, 269332, 1313351, 1764807, 2258471, 1684485, 493238, 1806007, 'Forward']
[3438917, 2933560, 1500004, 897620, 56683, 1421290, -129112, 455992, 1576119, 276613, 1339506, 1820634, 2270223, 1663203, 484093, 1820587, 'Forward']
[3564349, 2930164, 1573163, 896833, 48649, 1451042, -144754, 450292, 1573278, 271643, 1290655, 1743720, 2246446, 1677708, 487142, 1797734, 'Forward']
[3448835, 2933804, 1507802, 897041, 55946, 1420345, -130006, 453960, 1574767, 275061, 1362737, 1842335, 2281786, 1670608, 490124, 1829503, 'Forward']
[3552872, 2931643, 1565247, 897848, 49352, 1450725, -144143, 449983, 1575595, 274262, 1269429, 1724690, 2235478, 1670542, 480467, 1789630, 'Forward']
[3461860, 2933782, 1516679, 896302, 55526, 1419877, -130921, 452523, 1573629, 273768, 1382195, 1859298, 2291777, 1677394, 496216, 1835974, 'Forward']
[3539068, 2933075, 1555905, 899145, 50408, 1449913, -143532, 451651, 1577431, 276571, 1251573, 1709958, 2226774, 1663289, 474609, 1783192, 'Forward']
[3479355, 2933906, 1529175, 896460, 55170, 1421090, -128784, 453807, 1572492, 272613, 1399216, 1873515, 2300822, 1684993, 503001, 1842811, 'Forward']
[3522655, 2934560, 1545431, 900537, 51799, 1448004, -141807, 451930, 1579561, 279549, 1239795, 1701991, 2220455, 1657548, 470785, 1779385, 'Forward']
[3496713, 2933733, 1539354, 896457, 54578, 1422818, -131450, 451678, 1571547, 271455, 1409360, 1879363, 2305685, 1690498, 507972, 1845457, 'Forward']
[3504404, 2935187, 1533567, 901183, 52604, 1445609, -141166, 453758, 1580501, 281238, 1233331, 1698639, 2216987, 1652437, 467135, 1776690, 'Forward']
[3515679, 2932381, 1551596, 895731, 53908, 1426154, -132772, 451914, 1570135, 269596, 1413176, 1879489, 2307947, 1695112, 511018, 1846633, 'Forward']
[3485635, 2935556, 1522447, 901495, 54267, 1442415, -140814, 453935, 1580917, 281756, 1232876, 1702487, 2216238, 1648340, 464671, 1777422, 'Forward']
[3533970, 2931890, 1563151, 895551, 52871, 1429880, -133667, 450073, 1569408, 268658, 1410064, 1872899, 2306539, 1697811, 512187, 1845340, 'Forward']
[3468439, 2936545, 1512621, 901766, 55478, 1438583, -136810, 453971, 1581911, 282766, 1238487, 1711617, 2219238, 1646565, 464687, 1780430, 'Forward']
[3550502, 2931609, 1572554, 895328, 52085, 1433838, -136439, 450590, 1569461, 268149, 1401943, 1860907, 2302618, 1699002, 512029, 1841705, 'Forward']
[3453927, 2936826, 1505138, 901380, 56458, 1433897, -135127, 454229, 1581713, 282700, 1249610, 1726216, 2224981, 1646121, 465438, 1785175, 'Forward']
[3563889, 2931417, 1580356, 895190, 51407, 1437456, -138355, 448952, 1569603, 267997, 1388549, 1844953, 2296179, 1698244, 510072, 1835853, 'Forward']
[3442815, 2937509, 1499588, 901335, 57173, 1429336, -133384, 455247, 1581547, 282402, 1265464, 1744442, 2232792, 1647370, 467573, 1791310, 'Forward']
[3572786, 2932439, 1583732, 896413, 50356, 1441242, -140570, 449195, 1570981, 268944, 1371072, 1824588, 2287189, 1696149, 506530, 1828131, 'Forward']
[3435767, 2938306, 1494958, 901550, 57362, 1425675, -133431, 456285, 1581654, 282665, 1284172, 1764410, 2241718, 1649927, 470763, 1797680, 'Forward']
[3577709, 2932463, 1585392, 897179, 49565, 1444570, -142542, 448290, 1571643, 270007, 1350734, 1802317, 2276541, 1692719, 502275, 1819489, 'Forward']
[3435235, 2937797, 1496566, 901213, 57697, 1422920, -128976, 455725, 1580415, 281737, 1306958, 1788437, 2253295, 1654593, 476297, 1807315, 'Forward']
[3576524, 2932598, 1583355, 897787, 49680, 1447500, -144019, 448474, 1572568, 271420, 1327645, 1779424, 2264684, 1687021, 497233, 1811272, 'Forward']
[3438793, 2936889, 1500396, 899786, 57314, 1420748, -128440, 453932, 1578578, 280323, 1329919, 1811902, 2264520, 1659770, 481840, 1816427, 'Forward']
[3570651, 2932676, 1578837, 898032, 49604, 1449216, -144178, 449924, 1573668, 273205, 1303735, 1756621, 2252584, 1681066, 491470, 1802347, 'Forward']
[3446611, 2935916, 1507001, 898417, 56605, 1419557, -129233, 454486, 1576276, 277867, 1353063, 1834290, 2276467, 1666622, 488510, 1825383, 'Forward']
[3561438, 2932884, 1571937, 898339, 49266, 1449966, -144634, 449363, 1574895, 274659, 1280506, 1735633, 2240824, 1673443, 484610, 1793296, 'Forward']
[3458107, 2935381, 1515602, 897458, 56202, 1418699, -128571, 453070, 1574362, 275389, 1375908, 1855418, 2288420, 1673129, 494941, 1833763, 'Forward']
[3547551, 2933591, 1562951, 898787, 49472, 1449378, -145093, 449875, 1576592, 276434, 1259925, 1717879, 2230487, 1665462, 478050, 1785566, 'Forward']
[3471764, 2935164, 1524958, 897140, 55367, 1419602, -129458, 453122, 1572823, 273770, 1392679, 1869335, 2297214, 1680129, 500818, 1839624, 'Forward']
[3530217, 2934936, 1551020, 899992, 50899, 1448322, -143049, 451176, 1578476, 279076, 1244148, 1704790, 2222324, 1658633, 472740, 1779578, 'Forward']
[3487939, 2934432, 1534844, 896459, 54552, 1421359, -130120, 451340, 1571547, 272462, 1404994, 1876900, 2303663, 1686387, 505836, 1842746, 'Forward']
[3512728, 2935697, 1540090, 901018, 51451, 1446175, -142403, 452282, 1579617, 281231, 1235080, 1698491, 2218054, 1652914, 468813, 1776230, 'Forward']
[3506980, 2933900, 1547702, 896241, 53063, 1423652, -130114, 451396, 1569902, 271430, 1412533, 1880485, 2307745, 1691875, 509728, 1845634, 'Forward']
[3494627, 2936734, 1529371, 901641, 52648, 1443244, -139361, 453156, 1580268, 282948, 1232827, 1700305, 2216615, 1649215, 466403, 1776574, 'Forward']
[3524872, 2933452, 1558417, 895949, 51867, 1426888, -134299, 450346, 1569495, 270566, 1412441, 1876821, 2307934, 1695268, 511657, 1845049, 'Forward']
[3475820, 2937230, 1517630, 902106, 53534, 1439612, -139031, 454052, 1581025, 283723, 1235110, 1706618, 2217730, 1645950, 464521, 1777681, 'Forward']
[3541488, 2932266, 1567964, 895372, 51203, 1430848, -135208, 449458, 1568823, 269389, 1405914, 1866927, 2304741, 1696960, 511760, 1842110, 'Forward']
[3459750, 2937295, 1508791, 902026, 54632, 1435320, -136537, 453713, 1580955, 283494, 1243295, 1718439, 2221713, 1644687, 464631, 1781251, 'Forward']
[3555833, 2931985, 1576081, 895819, 50491, 1434743, -136855, 449122, 1568978, 269228, 1395362, 1853004, 2299151, 1697249, 511061, 1837508, 'Forward']
[3444879, 2937193, 1500403, 901776, 55733, 1430799, -133729, 455704, 1580742, 283885, 1255736, 1733360, 2227745, 1645006, 466581, 1786482, 'Forward']
[3567633, 2931192, 1582628, 895664, 49304, 1438621, -139077, 448666, 1568703, 269187, 1380161, 1834667, 2291939, 1696104, 509166, 1831459, 'Forward']
