[1188667, 1265663, -1629275, -1383363, -76244, 971020, 192277, -87365, 977993, 244950, -932755, 327746, 868974, 1427367, 58196, 99798, 'Forward']
[1198411, 1282058, -1631614, -1376117, -125119, 958580, 202113, -91236, 968920, 236942, -943748, 421799, 923671, 1437094, 60131, 154273, 'Forward']
[1190113, 1267044, -1627410, -1381705, -77995, 970762, 195009, -85434, 979951, 247546, -933769, 320625, 860781, 1425606, 52484, 96435, 'Forward']
[1195879, 1279028, -1633725, -1378275, -122731, 959533, 198942, -93045, 967073, 234575, -942236, 427693, 931061, 1439641, 66944, 157374, 'Forward']
[1190942, 1268032, -1626994, -1380718, -82028, 969544, 196266, -85175, 979748, 247938, -936642, 317551, 854531, 1423530, 45508, 96410, 'Forward']
[1194548, 1277456, -1634425, -1379058, -117909, 961334, 198139, -93411, 966102, 233377, -940151, 429471, 935253, 1441917, 73373, 158295, 'Forward']
[1193476, 1271119, -1625398, -1378432, -86616, 968960, 198539, -84126, 980850, 250036, -938278, 317173, 850833, 1422473, 40040, 96961, 'Forward']
[1192596, 1274996, -1635608, -1381121, -112724, 962935, 195683, -94148, 966209, 233130, -937594, 427341, 937728, 1443748, 78189, 156505, 'Forward']
[1194311, 1272710, -1625818, -1378215, -93480, 966278, 198840, -84828, 980293, 249684, -941166, 320993, 850788, 1420783, 34247, 100322, 'Forward']
[1191473, 1273214, -1635757, -1382390, -106667, 964265, 192910, -94592, 966553, 232741, -935223, 421797, 936662, 1443349, 81776, 153150, 'Forward']
[1196469, 1275523, -1625106, -1376647, -99825, 964842, 200661, -84733, 980381, 250022, -942544, 328243, 852917, 1420455, 31987, 104759, 'Forward']
[1189766, 1270588, -1635930, -1383640, -100224, 966033, 192458, -93958, 967386, 233012, -933161, 412716, 932707, 1442618, 84378, 147723, 'Forward']
[1198017, 1277953, -1624931, -1375027, -106459, 963337, 202595, -84596, 979339, 249332, -944598, 338031, 857768, 1420607, 31206, 110989, 'Forward']
[1188341, 1268657, -1635191, -1384063, -93179, 968259, 191518, -93062, 968450, 234101, -931443, 400888, 926172, 1441963, 85591, 140920, 'Forward']
[1198463, 1279720, -1625344, -1374007, -112287, 962003, 203890, -84496, 977825, 247942, -945914, 350517, 865489, 1423008, 32382, 118333, 'Forward']
[1186927, 1266571, -1634774, -1384400, -86995, 970018, 190377, -91648, 969764, 235713, -930184, 387170, 918235, 1441210, 84014, 133216, 'Forward']
[1199357, 1281204, -1626284, -1373294, -118031, 960722, 203579, -85627, 975701, 246269, -946982, 364540, 875796, 1425387, 34341, 126691, 'Forward']
[1187191, 1265677, -1633371, -1384300, -81804, 971560, 190674, -90509, 971541, 238001, -929319, 372883, 908062, 1439292, 80686, 125557, 'Forward']
[1199872, 1282046, -1627102, -1373605, -122211, 959844, 204399, -86635, 974241, 244769, -946801, 379255, 886357, 1428050, 38483, 134728, 'Forward']
[1186748, 1264449, -1632105, -1384866, -78057, 972333, 190047, -89893, 973378, 239778, -929267, 358387, 896896, 1436049, 76001, 118134, 'Forward']
[1199922, 1282702, -1627822, -1373868, -125091, 959348, 203861, -87928, 972825, 242747, -946270, 393060, 897352, 1430280, 43332, 142295, 'Forward']
[1187347, 1264610, -1630438, -1383997, -75441, 973460, 190521, -87932, 975688, 242447, -929651, 344292, 885311, 1432965, 70199, 110337, 'Forward']
[1198234, 1281594, -1630219, -1375191, -126785, 959199, 202335, -89686, 970951, 240306, -945909, 405322, 908199, 1433383, 49422, 148197, 'Forward']
[1186739, 1264075, -1630263, -1383896, -75667, 972497, 191411, -87741, 976081, 243405, -932192, 332735, 874486, 1429701, 62229, 104917, 'Forward']
[1197200, 1281142, -1631709, -1375897, -126448, 959614, 201419, -90899, 968550, 237501, -945455, 415789, 918089, 1436072, 55484, 154071, 'Forward']
[1187967, 1265521, -1628761, -1382558, -76860, 972530, 192823, -85901, 977825, 245447, -933838, 323615, 865770, 1427396, 56115, 100554, 'Forward']
[1196427, 1280562, -1632612, -1376795, -124606, 960270, 199858, -91839, 967682, 235774, -943617, 423095, 927508, 1438512, 63227, 157308, 'Forward']
[1189532, 1267264, -1627356, -1381268, -79716, 971453, 194776, -85050, 979256, 247204, -935627, 317563, 858729, 1424390, 49952, 97716, 'Forward']
[1194470, 1278345, -1634397, -1378834, -121268, 960838, 197867, -93089, 966459, 234088, -942043, 427373, 934232, 1440407, 70566, 159174, 'Forward']
[1191591, 1269546, -1626371, -1379836, -83951, 969639, 195846, -84108, 979609, 248322, -938553, 315253, 854056, 1422237, 43553, 97579, 'Forward']
[1193618, 1276759, -1634859, -1380075, -115911, 962357, 196098, -92755, 966552, 233533, -939291, 427165, 938218, 1442476, 76499, 158402, 'Forward']
[1193688, 1271948, -1625556, -1378430, -88941, 968181, 197840, -83339, 980749, 249827, -940067, 316378, 852108, 1421360, 38585, 98624, 'Forward']
[1191531, 1273802, -1636200, -1382119, -110155, 963568, 194111, -93513, 966239, 232790, -937392, 423758, 939174, 1443367, 81075, 155799, 'Forward']
[1195010, 1273877, -1625269, -1377239, -95299, 966178, 200773, -83284, 979884, 249761, -943016, 321820, 852518, 1420121, 34706, 102925, 'Forward']
[1190513, 1272220, -1635442, -1382404, -103146, 965678, 193893, -92865, 966657, 233184, -935035, 416991, 936565, 1443283, 84919, 151913, 'Forward']
[1196331, 1276051, -1625027, -1375839, -101514, 964625, 201708, -83543, 979426, 249862, -944350, 330190, 856072, 1420964, 33522, 107712, 'Forward']
[1188463, 1269366, -1635741, -1383684, -96412, 967575, 191853, -92826, 967024, 233447, -933268, 407241, 932293, 1443149, 86651, 146027, 'Forward']
[1197708, 1278360, -1625374, -1374599, -107877, 963144, 203010, -83937, 978131, 248739, -946154, 341573, 862485, 1422189, 33223, 114552, 'Forward']
[1186980, 1267243, -1636003, -1384676, -90183, 968869, 190633, -92511, 968324, 234689, -932089, 394462, 925037, 1442041, 86511, 138545, 'Forward']
[1198123, 1279696, -1626422, -1374050, -113880, 961253, 203760, -84535, 976542, 247165, -947912, 354251, 871562, 1423414, 34376, 121755, 'Forward']
[1186232, 1265711, -1634945, -1384850, -84167, 970701, 190262, -90452, 969795, 236125, -931429, 379679, 916524, 1439836, 84622, 130342, 'Forward']
[1199082, 1281370, -1627185, -1373585, -118781, 960618, 204240, -84952, 975121, 245696, -948260, 368233, 881679, 1426017, 37538, 129432, 'Forward']
[1185871, 1264486, -1634212, -1385172, -79743, 971568, 190145, -89785, 971553, 238176, -930876, 365358, 905796, 1437417, 80188, 122325, 'Forward']
[1198835, 1281872, -1628656, -1374029, -123131, 959568, 203969, -86797, 973230, 243629, -948433, 383008, 892243, 1427978, 41236, 137293, 'Forward']
[1185809, 1264021, -1632607, -1384532, -76695, 972657, 189860, -88134, 973007, 240106, -931341, 351658, 894229, 1434128, 74918, 115487, 'Forward']
[1198739, 1282460, -1629336, -1373807, -125635, 959423, 203422, -87770, 971244, 241560, -947630, 397193, 903730, 1431484, 47256, 145420, 'Forward']
[1186297, 1264101, -1630841, -1383481, -75110, 973223, 191635, -86871, 975139, 242689, -931570, 338985, 883207, 1431925, 69194, 109076, 'Forward']
[1197878, 1281719, -1630443, -1374134, -126258, 959694, 202533, -88587, 969128, 238989, -946709, 409781, 914514, 1434392, 53854, 152494, 'Forward']
[1187087, 1264341, -1629061, -1382227, -75156, 972647, 192392, -85297, 976446, 244353, -932933, 328672, 872968, 1429102, 62356, 104514, 'Forward']
[1197746, 1281269, -1630674, -1374305, -124564, 959857, 201537, -89786, 968337, 237283, -944427, 418656, 923715, 1437118, 60607, 156633, 'Forward']
[1189079, 1265700, -1627220, -1380474, -76274, 972693, 193996, -83511, 978791, 247068, -933722, 320327, 864381, 1426901, 55721, 100008, 'Forward']
[1195806, 1278586, -1632929, -1376364, -122374, 960983, 199354, -90306, 966847, 235194, -942659, 424890, 931407, 1439965, 67531, 159573, 'Forward']
[1190724, 1267398, -1626386, -1379188, -80334, 971013, 195859, -82618, 979273, 248038, -936181, 315698, 857528, 1424007, 48522, 98580, 'Forward']
[1194372, 1277144, -1634083, -1377785, -118632, 961575, 197318, -91067, 966251, 234037, -940234, 427262, 936931, 1441995, 74189, 160000, 'Forward']
[1192536, 1270031, -1625322, -1377482, -84925, 969717, 197581, -81873, 980071, 249314, -938202, 314717, 853614, 1422419, 42759, 98301, 'Forward']
[1193090, 1275619, -1634480, -1378559, -112828, 963851, 195930, -90808, 966243, 233441, -937557, 426187, 939570, 1443955, 79725, 158036, 'Forward']
[1194197, 1272372, -1624742, -1375989, -90849, 968224, 198664, -81099, 980279, 249945, -940450, 318089, 852875, 1422200, 38392, 100514, 'Forward']
[1191537, 1273380, -1634771, -1379887, -106635, 965246, 194312, -90831, 966389, 233151, -935428, 421869, 939635, 1444477, 84156, 155029, 'Forward']
[1195779, 1274735, -1624237, -1374624, -97326, 965968, 200815, -81555, 979863, 250207, -942624, 324828, 854654, 1421600, 35342, 104827, 'Forward']
[1189071, 1270151, -1635615, -1381745, -100839, 966557, 191533, -91177, 966432, 233192, -933981, 413589, 936505, 1444171, 86742, 150229, 'Forward']
[1196806, 1276526, -1624589, -1373536, -104192, 964280, 201822, -81855, 978292, 249206, -945374, 334341, 859035, 1421848, 33424, 111713, 'Forward']
[1187940, 1268084, -1635365, -1382416, -93847, 968479, 191371, -90598, 967447, 234193, -932406, 402204, 930323, 1443081, 87631, 144265, 'Forward']
[1197727, 1278258, -1625538, -1372756, -110204, 962917, 202837, -82579, 977246, 248365, -946874, 346155, 865837, 1422613, 34224, 118248, 'Forward']
[1186377, 1265794, -1635399, -1383218, -87702, 970165, 190126, -90344, 968030, 234672, -932083, 389345, 921899, 1440629, 86063, 137112, 'Forward']
[1198817, 1280154, -1625879, -1371860, -115878, 961904, 203668, -82997, 975728, 246687, -947797, 360103, 875093, 1424137, 35557, 126158, 'Forward']
[1186603, 1265239, -1633318, -1382548, -81920, 972194, 190565, -88488, 970523, 237338, -930290, 374968, 912540, 1439396, 83638, 128610, 'Forward']
[1198904, 1281124, -1626810, -1371898, -120779, 960691, 203586, -84478, 974089, 244934, -947795, 374983, 886219, 1427269, 39609, 134211, 'Forward']
[1186140, 1264170, -1632260, -1382963, -78196, 972675, 189703, -87388, 971993, 238986, -930241, 360986, 901541, 1436478, 78959, 121596, 'Forward']
[1199192, 1281894, -1627478, -1372158, -124258, 959634, 203419, -85416, 972301, 242942, -947472, 389929, 896747, 1430161, 44465, 142667, 'Forward']
[1186520, 1263647, -1630541, -1382839, -75722, 972963, 190134, -86210, 973999, 241300, -930375, 347698, 889484, 1433893, 73868, 114809, 'Forward']
[1199155, 1282081, -1628514, -1372927, -125643, 959212, 202487, -86888, 970730, 240800, -946276, 403024, 907617, 1432459, 50637, 149715, 'Forward']
[1187476, 1264332, -1628904, -1382114, -74352, 972668, 190892, -85181, 975917, 243662, -930967, 335443, 879270, 1430505, 66989, 108404, 'Forward']
[1198061, 1281219, -1630015, -1374004, -125674, 959103, 201269, -88422, 969100, 238682, -944796, 414219, 918432, 1435716, 57137, 155070, 'Forward']
[1188440, 1265136, -1627318, -1380742, -74834, 972509, 192705, -83566, 977486, 245640, -932554, 325368, 869593, 1427890, 60224, 103012, 'Forward']
[1196413, 1279482, -1631698, -1375313, -123992, 959973, 199774, -89310, 967396, 236231, -943524, 421738, 927588, 1438339, 63661, 158555, 'Forward']
[1189185, 1265787, -1626814, -1379850, -78078, 972035, 193624, -82789, 977938, 246974, -935070, 318454, 861706, 1425143, 52707, 100573, 'Forward']
[1195242, 1278158, -1632733, -1376146, -121071, 961857, 197511, -90124, 966237, 234943, -941334, 426117, 934151, 1440743, 70165, 160647, 'Forward']
[1191379, 1268275, -1625368, -1377911, -81945, 971407, 195642, -81564, 979164, 248673, -936647, 315071, 856133, 1423453, 46248, 98969, 'Forward']
[1193449, 1275793, -1634081, -1377941, -116892, 962848, 196261, -90968, 965560, 233533, -938944, 427587, 938932, 1442940, 76625, 160690, 'Forward']
[1192661, 1269920, -1625037, -1376952, -87769, 969084, 196789, -82127, 979271, 249164, -938922, 316238, 853750, 1422253, 40732, 100726, 'Forward']
[1192396, 1274188, -1634136, -1378731, -110940, 964452, 194359, -90732, 965633, 233247, -936386, 425085, 940239, 1443804, 81335, 158715, 'Forward']
[1194680, 1272557, -1623620, -1374856, -93404, 967776, 199193, -80794, 979733, 249986, -940564, 320843, 853758, 1421239, 37253, 103928, 'Forward']
[1190348, 1271304, -1634345, -1380247, -104412, 965903, 192606, -91258, 965932, 232476, -934043, 419391, 939178, 1443781, 85554, 155526, 'Forward']
[1196666, 1275459, -1622943, -1373196, -99595, 966097, 200679, -81330, 979456, 249781, -942489, 328419, 856936, 1421428, 34203, 108798, 'Forward']
[1188768, 1269103, -1634088, -1381303, -97537, 968379, 191268, -90665, 967120, 233701, -931816, 409946, 935590, 1444596, 87482, 149180, 'Forward']
[1197657, 1277306, -1623184, -1372417, -105871, 964453, 202429, -81290, 978358, 249102, -944201, 339352, 862874, 1422648, 33515, 115088, 'Forward']
[1187635, 1266900, -1633531, -1382083, -90867, 969548, 190287, -89970, 968068, 234418, -930444, 398062, 928919, 1443014, 87058, 142710, 'Forward']
[1198738, 1278843, -1623429, -1371570, -112177, 962422, 202723, -82716, 976642, 247337, -945685, 352379, 870864, 1423640, 33533, 123182, 'Forward']
[1187432, 1265610, -1632028, -1381894, -84541, 971302, 190005, -88472, 970072, 236415, -928741, 384410, 919926, 1441177, 85619, 135243, 'Forward']
[1199945, 1280643, -1623771, -1370768, -117078, 961547, 203398, -83300, 975551, 246227, -945696, 366434, 880455, 1426123, 36906, 130906, 'Forward']
[1187239, 1264592, -1630858, -1381881, -78980, 972906, 189723, -87386, 972003, 238616, -927829, 369716, 909329, 1439137, 82519, 127143, 'Forward']
[1199496, 1281061, -1625600, -1371424, -121305, 960699, 202547, -84833, 973602, 244263, -945944, 380840, 891326, 1428895, 41073, 138893, 'Forward']
[1186328, 1263291, -1630343, -1382410, -76013, 973783, 189299, -86863, 973238, 240130, -928539, 355616, 898366, 1435769, 76808, 119637, 'Forward']
[1198971, 1281218, -1627230, -1372019, -124351, 960228, 202046, -86596, 971271, 241502, -946185, 395076, 902732, 1430852, 45892, 146693, 'Forward']
[1186891, 1263431, -1629171, -1381920, -74301, 973833, 189651, -86050, 974701, 242202, -929451, 342752, 887487, 1432521, 70127, 113340, 'Forward']
[1199024, 1281468, -1628056, -1372224, -125110, 960114, 202099, -87169, 970086, 240190, -944642, 407476, 914218, 1433611, 52460, 152930, 'Forward']
[1187344, 1263546, -1627871, -1381101, -74079, 973388, 190650, -84483, 976360, 244196, -930691, 331207, 877274, 1429143, 63705, 107393, 'Forward']
[1197545, 1280146, -1629805, -1373349, -124683, 960273, 200165, -88633, 967913, 237612, -943632, 417724, 923924, 1436684, 58740, 158648, 'Forward']
[1189107, 1265093, -1626051, -1379257, -75369, 972976, 192481, -83021, 977871, 246564, -932082, 322964, 867736, 1427372, 56728, 103948, 'Forward']
[1196725, 1279304, -1630456, -1373916, -121901, 961544, 199456, -88842, 967236, 236470, -941199, 424305, 931433, 1439687, 66296, 161473, 'Forward']
[1189934, 1266329, -1625004, -1378181, -78242, 972424, 194591, -82173, 978736, 248086, -934153, 317495, 860490, 1425302, 50395, 101618, 'Forward']
[1194548, 1276916, -1631962, -1375878, -118198, 962989, 196651, -89854, 965980, 234543, -939493, 427528, 936971, 1442185, 72654, 162737, 'Forward']
[1191472, 1267991, -1624359, -1377104, -82918, 971125, 195355, -81408, 979135, 248861, -936829, 315301, 855290, 1423067, 43782, 101296, 'Forward']
[1192524, 1274289, -1633273, -1377818, -113570, 964293, 195128, -90589, 965202, 233111, -937710, 427194, 939872, 1443381, 78043, 162072, 'Forward']
[1193432, 1270566, -1623289, -1375532, -88623, 969265, 197879, -81196, 979342, 249663, -939180, 317474, 853337, 1421735, 38033, 103290, 'Forward']
[1191275, 1272362, -1633380, -1379063, -107579, 965710, 193127, -90613, 965613, 233020, -935005, 423231, 940326, 1443603, 82054, 158954, 'Forward']
[1195160, 1272990, -1622693, -1374188, -95271, 967330, 198082, -81333, 979202, 249771, -941076, 323349, 854181, 1420776, 33917, 107076, 'Forward']
[1190325, 1270574, -1632988, -1379883, -101014, 967416, 191497, -90968, 966487, 233450, -932454, 415978, 937557, 1443917, 84410, 154393, 'Forward']
[1197817, 1276446, -1621581, -1371913, -100918, 966317, 201215, -80306, 979509, 250444, -942132, 332471, 858287, 1421566, 33150, 112492, 'Forward']
[1189600, 1269149, -1631749, -1379716, -92989, 970304, 191362, -88835, 968437, 235441, -929650, 405692, 932761, 1443853, 87487, 147722, 'Forward']
[1198247, 1277656, -1622170, -1371215, -106881, 965283, 202037, -80622, 978579, 249697, -943276, 344266, 865649, 1423399, 33861, 118790, 'Forward']
[1187209, 1265933, -1632208, -1381478, -87105, 971763, 189995, -88496, 968657, 235650, -929220, 393252, 925554, 1442336, 86516, 140961, 'Forward']
[1198339, 1278570, -1623462, -1371199, -113439, 963404, 202398, -82153, 975980, 247384, -945535, 357957, 874449, 1425165, 34872, 127517, 'Forward']
[1186242, 1264017, -1631798, -1382139, -82390, 972682, 187936, -88682, 969527, 236635, -929277, 379451, 915959, 1440951, 83654, 134437, 'Forward']
[1199198, 1279890, -1624412, -1370836, -118671, 962107, 202674, -83515, 974321, 245454, -946156, 372364, 884374, 1427218, 37323, 135907, 'Forward']
[1186197, 1263023, -1630904, -1382196, -77971, 973946, 188504, -87242, 971643, 238785, -928648, 364500, 905306, 1437728, 79746, 126180, 'Forward']
[1199658, 1281238, -1625580, -1370755, -122547, 961528, 202234, -84214, 972367, 243386, -946276, 386696, 895822, 1429539, 42146, 143790, 'Forward']
[1186957, 1263388, -1629164, -1381503, -74796, 974921, 188466, -85079, 973998, 241684, -928338, 350417, 894435, 1435635, 74129, 118240, 'Forward']
[1199497, 1281526, -1626850, -1371367, -124283, 960725, 201820, -85339, 970866, 241392, -945232, 400285, 907457, 1433365, 48089, 150436, 'Forward']
[1186782, 1262836, -1628517, -1381621, -73902, 974099, 189417, -84491, 975226, 243146, -929516, 338358, 883280, 1432562, 67848, 112226, 'Forward']
[1198676, 1280827, -1628073, -1372449, -125300, 960198, 200127, -87316, 968751, 238881, -944192, 412125, 917259, 1435271, 54540, 157108, 'Forward']
[1188658, 1264210, -1625764, -1379842, -74173, 973753, 190602, -83532, 976743, 245401, -930658, 328100, 872837, 1429174, 61450, 107632, 'Forward']
[1198254, 1279969, -1628192, -1372907, -122970, 961454, 199647, -87749, 968231, 238101, -941274, 421031, 926676, 1438821, 62713, 161311, 'Forward']
[1190323, 1265353, -1623949, -1378381, -75583, 973507, 192948, -81776, 978559, 247928, -931917, 320841, 864601, 1426889, 55140, 104385, 'Forward']
[1196501, 1277797, -1630254, -1374781, -120371, 962204, 196944, -89128, 966879, 235981, -939978, 426371, 933869, 1440823, 69447, 163773, 'Forward']
[1191660, 1267169, -1623552, -1377138, -79357, 972237, 194649, -81202, 979326, 249448, -934444, 316479, 858039, 1424313, 47913, 102610, 'Forward']
[1194113, 1275768, -1632190, -1376646, -116438, 963152, 195715, -89558, 965914, 234848, -938208, 428539, 938237, 1442602, 75512, 163965, 'Forward']
[1192138, 1268814, -1624137, -1376562, -85354, 970057, 194996, -80680, 978994, 249718, -937806, 316607, 854075, 1422344, 41445, 103591, 'Forward']
[1191935, 1273725, -1633538, -1378116, -111944, 964358, 193262, -90113, 964929, 233253, -937156, 426782, 940360, 1443461, 79275, 162926, 'Forward']
[1194320, 1272359, -1622818, -1374086, -91146, 969372, 197679, -80049, 979139, 249971, -940523, 320019, 853784, 1421591, 36996, 106578, 'Forward']
[1191243, 1272756, -1633022, -1378252, -104761, 967515, 192226, -89403, 966445, 234048, -933901, 421218, 940979, 1445082, 84904, 158776, 'Forward']
[1195800, 1274643, -1622615, -1372853, -97278, 967847, 199110, -79730, 979287, 250268, -942019, 327200, 857591, 1422514, 35070, 110452, 'Forward']
[1189252, 1269822, -1633313, -1379941, -98326, 969080, 190531, -89182, 966296, 233694, -932519, 413014, 938243, 1444966, 87395, 154210, 'Forward']
[1197417, 1276579, -1622377, -1371870, -103812, 965855, 200894, -80357, 978116, 249498, -944103, 337444, 862843, 1423188, 34517, 117243, 'Forward']
[1188728, 1268099, -1632249, -1380406, -91404, 970711, 189602, -88400, 967929, 235145, -930374, 401513, 932025, 1444413, 89238, 147584, 'Forward']
[1198688, 1278452, -1622768, -1371110, -110211, 963596, 201736, -80993, 977088, 248557, -945176, 349814, 870145, 1424906, 36389, 124552, 'Forward']
[1187507, 1265885, -1632186, -1381620, -85275, 971672, 188979, -87169, 969027, 236133, -929730, 387965, 922792, 1442085, 88555, 140357, 'Forward']
[1199331, 1279957, -1623853, -1370906, -115218, 962666, 202800, -80984, 975347, 247132, -946500, 363209, 878797, 1426302, 38751, 132347, 'Forward']
[1186895, 1264387, -1631277, -1382126, -79667, 973181, 189174, -85688, 970582, 238010, -929256, 373020, 912619, 1440186, 85338, 132274, 'Forward']
[1200342, 1281561, -1624170, -1370598, -119247, 961580, 203252, -81755, 974030, 245468, -946477, 376938, 889415, 1428692, 42685, 139701, 'Forward']
[1186846, 1263701, -1629809, -1382163, -75789, 973746, 189120, -84632, 972667, 240271, -928865, 358128, 901484, 1437501, 81162, 123677, 'Forward']
[1199908, 1281730, -1625692, -1371199, -122554, 960447, 202773, -83129, 971818, 243118, -946443, 391053, 900807, 1431270, 48051, 147067, 'Forward']
[1187635, 1263938, -1628237, -1381058, -73256, 973910, 190152, -83204, 974322, 242640, -929397, 344677, 890445, 1434264, 75388, 116807, 'Forward']
[1199243, 1281337, -1627189, -1371799, -124210, 960160, 201495, -84359, 970339, 241245, -945224, 403780, 911945, 1434420, 53973, 153534, 'Forward']
[1187243, 1263130, -1627740, -1381053, -73263, 973279, 189670, -82425, 975677, 244231, -930800, 332911, 879991, 1431737, 67989, 111145, 'Forward']
[1198191, 1280591, -1628986, -1372674, -124126, 959947, 200429, -85888, 968069, 238313, -944482, 414440, 922015, 1437072, 59795, 159560, 'Forward']
[1188903, 1264790, -1626237, -1379288, -73870, 973329, 191705, -81219, 977289, 246725, -932316, 323627, 870491, 1428555, 60940, 106655, 'Forward']
[1196812, 1279148, -1630535, -1373851, -122088, 960909, 198275, -88025, 967027, 237193, -942575, 422383, 930914, 1439457, 67673, 163240, 'Forward']
[1190176, 1265961, -1624839, -1378091, -76581, 972265, 192992, -80572, 978392, 248349, -934379, 317781, 863006, 1425446, 54625, 104078, 'Forward']
[1195205, 1277140, -1631286, -1375151, -118625, 962092, 197228, -88311, 965729, 235055, -940497, 426727, 937623, 1441365, 74047, 165076, 'Forward']
[1192027, 1268086, -1623076, -1376101, -80175, 971335, 196604, -80055, 979175, 249548, -935915, 315000, 857900, 1423725, 48778, 103404, 'Forward']
[1193822, 1275299, -1631774, -1376330, -113625, 963768, 195433, -89287, 965487, 234099, -937437, 426918, 941365, 1443669, 80875, 164218, 'Forward']
[1193226, 1269706, -1622666, -1375109, -86159, 969966, 196873, -79960, 978974, 250021, -938468, 316425, 855385, 1423176, 43259, 105284, 'Forward']
[1192185, 1272673, -1632093, -1377714, -107478, 965941, 193896, -89540, 965041, 233504, -935335, 424069, 942574, 1445162, 84930, 162889, 'Forward']
[1195077, 1271808, -1621867, -1373771, -91985, 968707, 198291, -80009, 979035, 250629, -940279, 321207, 856132, 1422433, 39152, 109146, 'Forward']
[1191145, 1270877, -1632070, -1378661, -100786, 967668, 192487, -89591, 965610, 233821, -932886, 417313, 940666, 1445075, 88079, 159023, 'Forward']
[1197080, 1274850, -1621463, -1372128, -98464, 966978, 200830, -79906, 978973, 251029, -941546, 329403, 859185, 1422455, 36844, 114104, 'Forward']
[1189358, 1268502, -1632323, -1380065, -94764, 969342, 191060, -89524, 966722, 234631, -930722, 407282, 935755, 1444291, 89766, 152537, 'Forward']
[1197915, 1276777, -1622333, -1371522, -105762, 965097, 201492, -81271, 977455, 249488, -943845, 340017, 865007, 1422905, 35670, 120093, 'Forward']
[1187771, 1266309, -1632299, -1381130, -88492, 971069, 189875, -88641, 967722, 235281, -929654, 394690, 928813, 1442689, 88918, 145086, 'Forward']
[1198288, 1278137, -1623273, -1371400, -112173, 963262, 201871, -82762, 975510, 247508, -945663, 353181, 873572, 1424706, 36104, 127740, 'Forward']
[1186753, 1264399, -1631492, -1381852, -83013, 972017, 188911, -88519, 968678, 236391, -929066, 381175, 919671, 1441290, 86412, 138072, 'Forward']
[1199463, 1279818, -1623447, -1370601, -117025, 962084, 202840, -83009, 974050, 245876, -945873, 367503, 884018, 1427154, 39199, 136064, 'Forward']
[1186603, 1263254, -1630345, -1382080, -78086, 973356, 189322, -87400, 970552, 238110, -928359, 366656, 909990, 1439121, 82674, 130363, 'Forward']
[1199675, 1280427, -1624535, -1370900, -120701, 961542, 202930, -84332, 972629, 244028, -945738, 381724, 895309, 1429631, 43284, 144078, 'Forward']
[1186389, 1262462, -1628900, -1381793, -74243, 974317, 189455, -86116, 972413, 240206, -928692, 352072, 898612, 1435581, 77453, 122610, 'Forward']
[1199126, 1280608, -1625778, -1371288, -122999, 961033, 201970, -85678, 971080, 242167, -945248, 395138, 905955, 1432187, 48870, 150669, 'Forward']
[1186572, 1262241, -1627804, -1381443, -72902, 974559, 189802, -85131, 974160, 242390, -929599, 339327, 886927, 1432741, 71419, 115784, 'Forward']
[1199002, 1280766, -1626606, -1371342, -123863, 961362, 202118, -86853, 968954, 239740, -944404, 407803, 916236, 1434584, 54955, 157617, 'Forward']
[1188321, 1263572, -1625072, -1379082, -71987, 975267, 192569, -82938, 976726, 245671, -929670, 328376, 876321, 1430254, 65360, 109771, 'Forward']
[1197171, 1278839, -1628309, -1372542, -122718, 962139, 200462, -87242, 967594, 237866, -942443, 417293, 926076, 1438469, 62970, 161660, 'Forward']
[1188124, 1263250, -1625019, -1378751, -74466, 974216, 192420, -82167, 976699, 246325, -932529, 320487, 867757, 1427244, 58253, 106544, 'Forward']
[1195210, 1276617, -1629933, -1373875, -120483, 962651, 199085, -88709, 965597, 235670, -941084, 423581, 933562, 1440364, 69466, 165073, 'Forward']
[1188538, 1263707, -1624045, -1377580, -78092, 973256, 194169, -81564, 977378, 248093, -934675, 315330, 860450, 1424888, 51306, 104616, 'Forward']
[1192272, 1273465, -1631156, -1375458, -116664, 964071, 196228, -89805, 963667, 233510, -939745, 426347, 938850, 1441976, 75228, 166519, 'Forward']
[1189513, 1265334, -1622482, -1375766, -81981, 972538, 196782, -80266, 977618, 249032, -937164, 313640, 856494, 1423057, 45201, 104764, 'Forward']
[1189443, 1270268, -1631897, -1377358, -110798, 966011, 195917, -89607, 963567, 233057, -937163, 425019, 942346, 1443627, 81676, 164897, 'Forward']
[1189827, 1266211, -1622358, -1375014, -88213, 970407, 198078, -80653, 976731, 248409, -940380, 316059, 855199, 1421199, 39977, 107037, 'Forward']
[1186881, 1266907, -1632687, -1378768, -105409, 967287, 192798, -90014, 963112, 232049, -935279, 420216, 942270, 1443798, 85292, 161273, 'Forward']
[1191031, 1267832, -1622080, -1373454, -94770, 968567, 199127, -80337, 976302, 248351, -942458, 322107, 856815, 1420856, 36741, 110691, 'Forward']
[1185039, 1264025, -1632918, -1379821, -98726, 968943, 191377, -89932, 963447, 231899, -933138, 412188, 939203, 1443928, 87927, 156419, 'Forward']
[1191396, 1268737, -1622747, -1372830, -101403, 966145, 200207, -81279, 975409, 247732, -944158, 331256, 861127, 1420931, 34510, 116567, 'Forward']
[1182921, 1260948, -1632962, -1381032, -92392, 970022, 189568, -90193, 963550, 231609, -932119, 401378, 933287, 1441797, 87602, 150941, 'Forward']
[1192738, 1270931, -1622603, -1371425, -107922, 964726, 201313, -81702, 974072, 246474, -945674, 342941, 867962, 1422228, 33986, 123676, 'Forward']
[1181612, 1258481, -1632249, -1381828, -85681, 972084, 189822, -89167, 965515, 233540, -930050, 387792, 925434, 1441582, 87146, 143062, 'Forward']
[1192876, 1271529, -1623368, -1371417, -113638, 963413, 202353, -82843, 972058, 244355, -947067, 356240, 876508, 1424148, 35439, 131452, 'Forward']
[1180279, 1256256, -1631302, -1382534, -80379, 973227, 189058, -88403, 966319, 234128, -930084, 373327, 915075, 1439147, 84022, 135324, 'Forward']
[1192473, 1271868, -1624293, -1371649, -118542, 962023, 202085, -84153, 970082, 242236, -947787, 370473, 886784, 1426559, 39079, 139472, 'Forward']
[1179589, 1254815, -1629802, -1382633, -76449, 973893, 188324, -87577, 967693, 235671, -930339, 358436, 904296, 1436312, 78912, 127869, 'Forward']
[1192886, 1272770, -1624854, -1371457, -122060, 961332, 201881, -84959, 968162, 239769, -947640, 384545, 898091, 1429395, 43611, 147688, 'Forward']
[1180430, 1255200, -1627904, -1381629, -73380, 974628, 190056, -85665, 970105, 238438, -930004, 344435, 893001, 1433786, 74278, 120494, 'Forward']
[1192897, 1273590, -1626034, -1371504, -123612, 960984, 201816, -86419, 966569, 238133, -946571, 397870, 909202, 1432104, 49761, 154493, 'Forward']
[1181554, 1256131, -1626440, -1380494, -72247, 974756, 190275, -84538, 971984, 241060, -930814, 332578, 882410, 1430837, 67496, 114433, 'Forward']
[1193316, 1274234, -1627114, -1372076, -123855, 961218, 199882, -87987, 965403, 236341, -944927, 409811, 919772, 1435196, 56066, 160540, 'Forward']
[1184112, 1258516, -1624735, -1379142, -72762, 974569, 191341, -83768, 974056, 243924, -931642, 323205, 872363, 1428248, 60470, 109491, 'Forward']
[1193627, 1274398, -1628038, -1372829, -121925, 961981, 199674, -88256, 964999, 235702, -942068, 418715, 928872, 1438718, 63484, 164182, 'Forward']
[1185940, 1260115, -1623784, -1378584, -75204, 973443, 192889, -82874, 976005, 246036, -932816, 316639, 864668, 1425675, 53845, 106067, 'Forward']
[1192464, 1273114, -1629671, -1374744, -119094, 962666, 197129, -90262, 963726, 233495, -940310, 424348, 936128, 1440267, 69548, 166601, 'Forward']
[1188191, 1262798, -1622421, -1377025, -79296, 972473, 194476, -82105, 976887, 247465, -934862, 313666, 858740, 1423717, 46929, 105169, 'Forward']
[1190862, 1271210, -1630567, -1376429, -114854, 963761, 195441, -90562, 962888, 232093, -938265, 426328, 940650, 1442458, 76095, 167405, 'Forward']
[1189790, 1264930, -1621369, -1375725, -84499, 970379, 195948, -81791, 976759, 247763, -937673, 314260, 855740, 1421687, 41641, 107099, 'Forward']
[1189909, 1269558, -1630227, -1377383, -108602, 965431, 193417, -90923, 963238, 232149, -935251, 424030, 942416, 1443065, 81982, 165632, 'Forward']
[1192379, 1268172, -1619718, -1373645, -89630, 969118, 198502, -81081, 977355, 248767, -939139, 318226, 855273, 1420905, 37947, 109815, 'Forward']
[1188605, 1267589, -1630332, -1378374, -101785, 967421, 192251, -90628, 963943, 232078, -932561, 418271, 941662, 1443634, 86161, 161738, 'Forward']
[1194672, 1271249, -1619764, -1371729, -96299, 967306, 199809, -81153, 977146, 248959, -940874, 326201, 858227, 1420549, 35599, 115079, 'Forward']
[1188153, 1266547, -1630956, -1379113, -95709, 969228, 189693, -90364, 965183, 233689, -929969, 409851, 937203, 1443654, 87834, 156750, 'Forward']
[1196921, 1274438, -1620615, -1371035, -103242, 965558, 200464, -81847, 976546, 249443, -942182, 337192, 862727, 1422205, 32822, 121181, 'Forward']
[1187050, 1264572, -1631533, -1381144, -89403, 970454, 188659, -90672, 966509, 235080, -928220, 398149, 929412, 1443030, 86478, 149145, 'Forward']
[1197838, 1276236, -1621921, -1371176, -109906, 963556, 200531, -83483, 975014, 247843, -943893, 350025, 869554, 1422974, 32503, 128263, 'Forward']
[1185964, 1262532, -1631412, -1382153, -83912, 971976, 187646, -90110, 967497, 235937, -927758, 384961, 920396, 1440390, 84141, 141803, 'Forward']
[1198270, 1277322, -1622835, -1370999, -115802, 962764, 201068, -84436, 972910, 245746, -945126, 364319, 879182, 1424565, 34832, 136366, 'Forward']
[1185588, 1261378, -1629846, -1382105, -78701, 973607, 187616, -89124, 968822, 237226, -927523, 370429, 910030, 1437707, 81081, 134037, 'Forward']
[1198963, 1278656, -1622827, -1370234, -119175, 961890, 201821, -85295, 971457, 243908, -945183, 378415, 890060, 1427356, 39852, 143933, 'Forward']
[1186317, 1261476, -1627162, -1380707, -73918, 975204, 188809, -86733, 971217, 239759, -927189, 355705, 899471, 1436124, 77243, 125989, 'Forward']
[1198950, 1279250, -1623497, -1370190, -121731, 962042, 201421, -86031, 970260, 242278, -944265, 392435, 901848, 1431137, 46106, 151206, 'Forward']
[1186016, 1260582, -1626173, -1380783, -72254, 975231, 188558, -86673, 972642, 241608, -928103, 342615, 888416, 1432971, 71395, 119553, 'Forward']
[1198271, 1279150, -1624921, -1370624, -123404, 961528, 200024, -88093, 968153, 239877, -943697, 405137, 912857, 1433670, 52052, 158557, 'Forward']
[1187623, 1262205, -1624049, -1378748, -71366, 975676, 190811, -84364, 975251, 244971, -928360, 331194, 878274, 1430511, 65190, 113833, 'Forward']
[1197652, 1278618, -1626428, -1371656, -122869, 962336, 198961, -89020, 967353, 238727, -941382, 416189, 923346, 1437610, 59233, 163861, 'Forward']
[1188902, 1263297, -1623401, -1378381, -73658, 974511, 190279, -84559, 976420, 246674, -930042, 323210, 868787, 1427814, 57507, 110427, 'Forward']
[1196969, 1277736, -1627802, -1373079, -120964, 962643, 197672, -90345, 966269, 236878, -939340, 423336, 930916, 1439811, 65138, 166955, 'Forward']
[1190393, 1264824, -1622384, -1377206, -76401, 973820, 192869, -83107, 977714, 248471, -931906, 317279, 861303, 1425333, 50259, 107197, 'Forward']
[1195005, 1275559, -1629157, -1374792, -117427, 963788, 195729, -91249, 964874, 234839, -937722, 427130, 937326, 1441461, 71731, 168226, 'Forward']
[1191771, 1266557, -1621038, -1375875, -80704, 972686, 193971, -82602, 978300, 249250, -934162, 315130, 856607, 1423157, 44182, 106440, 'Forward']
[1193154, 1273362, -1629818, -1376271, -112843, 965330, 193243, -91536, 963995, 233412, -935700, 427625, 940948, 1443029, 77588, 167818, 'Forward']
[1193873, 1269256, -1619633, -1373951, -86371, 971079, 195991, -82024, 978461, 250224, -936424, 317318, 854378, 1421902, 39374, 108494, 'Forward']
[1192270, 1271467, -1629203, -1376929, -105817, 967751, 192227, -91315, 965080, 234251, -932265, 423979, 941529, 1444525, 83260, 164832, 'Forward']
[1195597, 1271067, -1618823, -1372712, -92002, 969571, 198266, -81631, 978183, 250342, -938670, 323135, 855695, 1421550, 36216, 112779, 'Forward']
[1190831, 1268722, -1629199, -1378314, -98972, 969478, 191392, -90491, 965424, 234061, -930536, 417268, 939796, 1444133, 86938, 161270, 'Forward']
[1196957, 1273056, -1619058, -1371544, -98551, 968148, 199416, -81804, 977731, 250234, -940710, 331757, 859404, 1421866, 34344, 118335, 'Forward']
[1189447, 1266894, -1629739, -1379060, -92431, 971460, 189738, -90660, 966154, 234869, -929297, 406995, 934449, 1444129, 87769, 155106, 'Forward']
[1198738, 1276328, -1619450, -1369922, -105144, 966917, 200649, -81989, 976818, 250006, -942319, 343032, 865792, 1423522, 33416, 124640, 'Forward']
[1188345, 1265695, -1629613, -1379847, -86624, 973249, 188463, -89699, 967640, 236383, -927589, 394945, 928013, 1443466, 87170, 147566, 'Forward']
[1198710, 1277728, -1621488, -1370519, -112318, 964931, 200394, -83368, 975185, 247912, -943946, 356629, 875248, 1425374, 34067, 131813, 'Forward']
[1187638, 1264832, -1629195, -1380247, -81536, 974430, 188110, -89131, 968750, 237054, -927678, 380919, 919166, 1441152, 83492, 139823, 'Forward']
[1199540, 1279699, -1621973, -1369703, -117000, 963956, 201239, -83736, 973883, 246843, -944465, 370516, 885957, 1428206, 37347, 138934, 'Forward']
[1186366, 1262778, -1628643, -1381196, -76961, 974958, 187440, -88181, 969983, 238788, -927758, 366709, 909236, 1438551, 80321, 131704, 'Forward']
[1199914, 1280662, -1622744, -1369476, -120523, 962844, 201313, -85027, 971734, 244472, -945097, 385569, 897360, 1429959, 42402, 147470, 'Forward']
[1186750, 1262414, -1626846, -1380489, -73577, 975717, 187467, -86487, 972282, 241560, -927761, 353250, 898203, 1436333, 76163, 124782, 'Forward']
[1199918, 1280758, -1623488, -1369786, -122475, 962313, 201032, -85926, 970234, 242749, -944391, 399715, 908142, 1433159, 49062, 155329, 'Forward']
[1187366, 1262261, -1625127, -1379919, -71893, 975520, 188715, -85541, 974188, 243709, -928657, 340531, 886710, 1432728, 70952, 118721, 'Forward']
[1199983, 1281003, -1624097, -1370035, -122664, 962471, 200159, -87307, 969055, 240837, -942965, 411034, 918980, 1435319, 56445, 161288, 'Forward']
[1189116, 1263759, -1623050, -1378504, -71560, 976022, 189951, -84101, 976705, 246641, -928918, 329754, 877418, 1430552, 64968, 112831, 'Forward']
[1198798, 1279946, -1625776, -1371650, -121788, 963169, 198313, -88847, 967674, 239024, -941019, 420563, 928561, 1438855, 63535, 165684, 'Forward']
[1191034, 1265832, -1621267, -1376720, -73102, 975794, 192162, -82791, 978372, 248901, -930326, 321974, 868319, 1428200, 58082, 108870, 'Forward']
[1197947, 1279183, -1626650, -1372214, -118554, 964661, 197284, -89548, 966931, 237689, -938619, 426543, 936440, 1441580, 71106, 167626, 'Forward']
[1191700, 1266851, -1620945, -1375986, -76947, 974433, 192480, -82098, 979166, 250386, -932548, 317742, 862338, 1425693, 52145, 106769, 'Forward']
[1194873, 1275765, -1629101, -1375012, -115281, 964557, 194257, -90909, 965171, 235466, -937568, 429434, 942143, 1442673, 77111, 168861, 'Forward']
[1193264, 1268762, -1620085, -1374324, -81794, 972744, 195078, -81282, 978722, 250649, -936003, 317167, 858708, 1422776, 45134, 108239, 'Forward']
[1193469, 1273990, -1629281, -1375475, -109571, 966821, 193032, -90456, 964869, 234875, -935204, 428020, 944804, 1443957, 83045, 168067, 'Forward']
