[2687893, 2587239, -847925, -318648, 355597, 1110066, 989458, 427528, 1686967, 1844716, 548751, 1163642, 1790503, 2448376, -1470262, -120593, 'Forward']
[2691476, 2605740, -886113, -316940, 349930, 1103849, 1005366, 436008, 1685857, 1845715, 523839, 1231147, 1776247, 2444079, -1481729, -67379, 'Forward']
[2687998, 2586400, -848516, -318936, 356379, 1110075, 988171, 427996, 1688485, 1846468, 540533, 1150712, 1788758, 2447796, -1471012, -128154, 'Forward']
[2690610, 2604743, -886486, -318145, 347904, 1102570, 1003818, 434876, 1683849, 1842833, 531983, 1242278, 1777035, 2442884, -1482946, -60120, 'Forward']
[2689582, 2587451, -849930, -317416, 358529, 1110926, 991337, 430805, 1690574, 1848537, 532281, 1140818, 1787109, 2448015, -1471097, -133173, 'Forward']
[2690371, 2603960, -885284, -317853, 347502, 1103297, 1003010, 435216, 1683100, 1842073, 541278, 1249798, 1779670, 2444495, -1481099, -56638, 'Forward']
[2689782, 2587757, -853236, -316965, 359089, 1110732, 992306, 431763, 1691734, 1850340, 524241, 1134047, 1785541, 2448219, -1471045, -136844, 'Forward']
[2689322, 2602142, -882987, -318441, 346756, 1103064, 1003457, 433995, 1681309, 1839826, 549055, 1254193, 1781395, 2444146, -1479496, -54534, 'Forward']
[2690645, 2589668, -856797, -316088, 359238, 1110733, 993081, 433284, 1693221, 1851929, 516773, 1132298, 1783780, 2448500, -1470657, -136566, 'Forward']
[2688268, 2600377, -879522, -319089, 346138, 1103277, 1000808, 432566, 1680201, 1838344, 555942, 1254897, 1783180, 2444663, -1478197, -55109, 'Forward']
[2691155, 2592179, -861273, -315757, 358984, 1110017, 995107, 434061, 1693772, 1852880, 509966, 1134588, 1781549, 2447742, -1471344, -133785, 'Forward']
[2687578, 2598345, -874911, -319730, 345771, 1103607, 997197, 430459, 1679548, 1837248, 561441, 1250297, 1785175, 2444845, -1476713, -59492, 'Forward']
[2692058, 2594771, -865765, -315376, 358558, 1109484, 996945, 435293, 1694277, 1853616, 505651, 1140354, 1779366, 2447423, -1472475, -128656, 'Forward']
[2686635, 2595353, -870222, -320750, 346046, 1103958, 994862, 429710, 1679496, 1836592, 564960, 1241673, 1786601, 2444306, -1475574, -66315, 'Forward']
[2691795, 2596254, -871161, -316282, 357112, 1107568, 997832, 435797, 1693528, 1852518, 502271, 1149824, 1777078, 2445361, -1474865, -121330, 'Forward']
[2685645, 2591866, -865737, -321998, 346352, 1103554, 990633, 427007, 1679583, 1835905, 565825, 1229746, 1787781, 2443499, -1474931, -75173, 'Forward']
[2691660, 2598006, -876014, -316528, 355648, 1105742, 999721, 436622, 1692427, 1851195, 501109, 1162014, 1775384, 2443612, -1476945, -112446, 'Forward']
[2684510, 2588427, -861281, -322441, 346988, 1103940, 988464, 426312, 1679892, 1835885, 564446, 1215026, 1788105, 2443616, -1473685, -85341, 'Forward']
[2690905, 2599308, -880727, -317031, 353688, 1104174, 1001028, 436287, 1690408, 1849180, 502187, 1176699, 1773310, 2442440, -1478573, -101280, 'Forward']
[2684889, 2587174, -856886, -321429, 349408, 1105460, 988419, 426848, 1681221, 1837185, 561498, 1199442, 1788438, 2444148, -1471999, -95021, 'Forward']
[2691504, 2602241, -883820, -315943, 352628, 1104635, 1001990, 437800, 1689714, 1848669, 506709, 1192633, 1773239, 2443044, -1478981, -89953, 'Forward']
[2685660, 2586405, -853081, -320243, 351151, 1107544, 986612, 427156, 1683861, 1840043, 557427, 1183033, 1789028, 2446050, -1470595, -106050, 'Forward']
[2690701, 2602947, -886091, -316995, 350388, 1103646, 1002691, 437239, 1688093, 1846431, 512735, 1208682, 1773144, 2442784, -1480110, -79587, 'Forward']
[2686214, 2585448, -850387, -320029, 353105, 1108551, 986329, 427637, 1685601, 1841170, 550864, 1168593, 1788102, 2445828, -1470299, -114765, 'Forward']
[2691041, 2604414, -886973, -317123, 349402, 1102761, 1003119, 436750, 1686902, 1844652, 520327, 1224160, 1773975, 2442560, -1480376, -68986, 'Forward']
[2687669, 2586071, -848874, -318957, 355277, 1109485, 987069, 429240, 1688452, 1844108, 544172, 1154670, 1787841, 2446337, -1469058, -123213, 'Forward']
[2690476, 2604495, -886973, -317968, 347494, 1102139, 1001872, 435412, 1685168, 1842490, 528979, 1237130, 1775126, 2442000, -1480542, -61000, 'Forward']
[2688518, 2586580, -849255, -318190, 356769, 1109918, 986994, 429204, 1690143, 1846122, 536011, 1143885, 1786326, 2446352, -1469252, -129431, 'Forward']
[2689778, 2603724, -885363, -318274, 346958, 1102381, 1002692, 434801, 1683687, 1840775, 537788, 1246777, 1777087, 2442109, -1479268, -55568, 'Forward']
[2689103, 2587221, -850744, -317225, 358212, 1110482, 988714, 431042, 1691906, 1848165, 527980, 1136505, 1785020, 2446358, -1468233, -132906, 'Forward']
[2688719, 2602233, -883224, -318941, 345800, 1102557, 1000313, 433946, 1682089, 1838611, 546007, 1252941, 1778829, 2441657, -1478829, -52169, 'Forward']
[2689186, 2588154, -854571, -317258, 358173, 1110318, 989883, 431642, 1692777, 1849078, 519574, 1132383, 1782670, 2445859, -1469380, -134074, 'Forward']
[2687852, 2600629, -880156, -319328, 345329, 1103024, 998755, 432686, 1680622, 1836679, 553140, 1254668, 1780540, 2441939, -1477866, -51752, 'Forward']
[2690181, 2590493, -858072, -316098, 358549, 1110595, 992228, 433616, 1694268, 1850902, 513165, 1132574, 1780878, 2446032, -1469068, -132626, 'Forward']
[2686149, 2597598, -876462, -320380, 344495, 1103174, 995928, 430760, 1679762, 1835204, 559204, 1252493, 1782258, 2442040, -1475905, -54281, 'Forward']
[2690514, 2592457, -863409, -315984, 358009, 1109302, 993489, 434664, 1694038, 1850755, 506862, 1137341, 1778096, 2445174, -1470651, -127601, 'Forward']
[2685689, 2595123, -871865, -320994, 345237, 1103242, 993571, 429224, 1679988, 1834882, 563699, 1245230, 1784607, 2442626, -1473951, -60388, 'Forward']
[2690386, 2594109, -868638, -316317, 357000, 1108046, 994682, 435843, 1693941, 1850787, 503249, 1144952, 1776562, 2444201, -1471578, -121663, 'Forward']
[2684631, 2592137, -867149, -321296, 345857, 1103777, 991550, 429054, 1679464, 1834060, 565696, 1235152, 1785958, 2442674, -1472603, -67480, 'Forward']
[2690529, 2596315, -873649, -315977, 355856, 1106621, 997009, 436370, 1693339, 1850317, 501617, 1156486, 1774918, 2443546, -1472744, -112397, 'Forward']
[2683881, 2589159, -862715, -321822, 346312, 1104359, 988202, 427987, 1680028, 1834348, 565633, 1222042, 1786729, 2442753, -1471205, -76353, 'Forward']
[2690468, 2598395, -878425, -316402, 353836, 1105413, 998421, 436973, 1691688, 1848626, 502037, 1171242, 1772691, 2442423, -1474923, -100836, 'Forward']
[2684566, 2588042, -857803, -320850, 348259, 1105720, 987011, 427786, 1681447, 1835491, 563766, 1207180, 1787103, 2443445, -1470000, -85737, 'Forward']
[2690405, 2600329, -882039, -316152, 352286, 1104734, 999101, 437562, 1691048, 1847803, 505675, 1185922, 1772315, 2442993, -1475829, -91218, 'Forward']
[2684210, 2585612, -854146, -320880, 349420, 1106419, 985677, 426960, 1683127, 1836802, 559871, 1190239, 1787475, 2443712, -1469130, -98069, 'Forward']
[2690207, 2601738, -884773, -316668, 350596, 1103296, 1001017, 437695, 1689063, 1845255, 510407, 1202392, 1772085, 2440896, -1477501, -80244, 'Forward']
[2684804, 2584530, -851411, -320718, 351405, 1107544, 984416, 427313, 1685183, 1838489, 554373, 1175430, 1787772, 2443949, -1468284, -107371, 'Forward']
[2689462, 2602544, -887251, -317719, 348752, 1102690, 1000331, 436211, 1687425, 1843054, 516950, 1218575, 1772570, 2440519, -1478559, -69440, 'Forward']
[2685243, 2584151, -850082, -320045, 353422, 1108832, 983925, 427976, 1687200, 1840697, 546986, 1160920, 1787173, 2444346, -1467612, -116244, 'Forward']
[2688906, 2603229, -887574, -317704, 347639, 1102890, 1000852, 436865, 1685849, 1841164, 524882, 1232510, 1773876, 2440381, -1478333, -60469, 'Forward']
[2685548, 2584263, -849598, -319117, 355069, 1109732, 985051, 428514, 1689197, 1842584, 539241, 1148851, 1786352, 2444569, -1466678, -123125, 'Forward']
[2687791, 2602406, -886619, -318413, 346179, 1102529, 1000066, 435457, 1684173, 1838815, 533475, 1243567, 1775395, 2439827, -1477693, -53738, 'Forward']
[2686495, 2584700, -850464, -318251, 356060, 1110208, 984533, 430119, 1690976, 1844485, 530886, 1139224, 1784815, 2444575, -1466705, -128431, 'Forward']
[2686943, 2600755, -884343, -318797, 344822, 1102145, 998953, 434190, 1682563, 1836615, 542039, 1250457, 1777160, 2440201, -1477365, -50434, 'Forward']
[2686125, 2584359, -853019, -317822, 356128, 1109767, 986625, 430921, 1692271, 1845652, 522999, 1133341, 1782487, 2444678, -1467284, -131471, 'Forward']
[2684340, 2597408, -882029, -319776, 343355, 1101583, 996534, 431959, 1680347, 1833599, 549368, 1254417, 1777953, 2440050, -1477087, -48662, 'Forward']
[2685773, 2585534, -856668, -316799, 356649, 1109794, 988551, 432566, 1692727, 1846648, 515001, 1131614, 1780263, 2444596, -1467847, -131390, 'Forward']
[2681837, 2594123, -878563, -320824, 342643, 1102048, 994412, 430708, 1678846, 1831946, 555940, 1253097, 1779801, 2440363, -1475663, -51371, 'Forward']
[2684033, 2585756, -861896, -317885, 355468, 1108563, 988523, 432019, 1691982, 1846024, 507815, 1134182, 1776808, 2443261, -1469915, -128451, 'Forward']
[2680058, 2591114, -874269, -321608, 342806, 1102641, 991617, 429730, 1677216, 1829786, 559728, 1248613, 1780930, 2439898, -1475033, -54604, 'Forward']
[2683970, 2587385, -866768, -317379, 355090, 1107592, 990777, 434007, 1691812, 1846071, 502669, 1140801, 1774972, 2442709, -1470968, -122123, 'Forward']
[2678321, 2587142, -869749, -322463, 342915, 1102664, 989020, 428668, 1676854, 1829031, 562661, 1239430, 1782636, 2440427, -1473411, -61615, 'Forward']
[2683519, 2588858, -871536, -317423, 353992, 1106746, 993366, 435327, 1691085, 1845314, 499854, 1150470, 1773098, 2441717, -1472383, -114596, 'Forward']
[2677637, 2584600, -864229, -322491, 344393, 1104058, 987919, 427881, 1677447, 1829145, 563662, 1226912, 1784150, 2440860, -1471720, -70683, 'Forward']
[2683170, 2591031, -876258, -317744, 352165, 1105361, 994642, 435508, 1689914, 1844208, 499504, 1163201, 1771320, 2440839, -1474373, -104854, 'Forward']
[2677358, 2582522, -860260, -322565, 344665, 1104144, 984456, 425587, 1678177, 1829793, 562485, 1212331, 1784540, 2441403, -1471495, -80386, 'Forward']
[2683458, 2593641, -881064, -317517, 350198, 1103883, 995405, 435244, 1688719, 1843155, 501747, 1177202, 1770108, 2440285, -1476849, -95052, 'Forward']
[2676978, 2580269, -856922, -322630, 346088, 1104864, 982396, 424795, 1679465, 1830859, 559443, 1195406, 1785095, 2441240, -1470917, -92325, 'Forward']
[2682790, 2594812, -885385, -318363, 348355, 1102721, 996613, 434710, 1686792, 1840866, 505603, 1193036, 1769425, 2438823, -1478484, -84178, 'Forward']
[2677177, 2578440, -854730, -322890, 347624, 1105572, 981158, 423408, 1681182, 1832350, 554117, 1178996, 1784814, 2440894, -1470138, -102907, 'Forward']
[2681847, 2594959, -889030, -319863, 345958, 1101313, 995817, 433631, 1684525, 1837890, 510908, 1208424, 1769086, 2437757, -1480436, -73942, 'Forward']
[2677799, 2577665, -853079, -322441, 349817, 1107018, 981690, 425144, 1682621, 1833395, 547164, 1164158, 1783953, 2441118, -1470379, -111706, 'Forward']
[2682852, 2597130, -889196, -319288, 346047, 1101933, 998767, 433698, 1683709, 1836615, 518948, 1223076, 1770456, 2438161, -1480175, -64191, 'Forward']
[2679455, 2578639, -851123, -321214, 352267, 1108387, 981897, 425492, 1685638, 1836702, 540681, 1150386, 1783888, 2442865, -1468925, -120786, 'Forward']
[2682674, 2597439, -888507, -320095, 344414, 1101380, 997187, 432676, 1682316, 1834892, 527765, 1235398, 1771920, 2438860, -1480096, -57433, 'Forward']
[2680842, 2579473, -851571, -320812, 353136, 1108745, 981215, 425980, 1687477, 1838647, 532549, 1140404, 1781841, 2443106, -1469274, -126779, 'Forward']
[2682475, 2597109, -887301, -320918, 342687, 1100928, 996729, 430944, 1680639, 1832843, 536445, 1245411, 1772825, 2438558, -1480244, -51510, 'Forward']
[2682493, 2581563, -853363, -319662, 353861, 1108990, 984074, 427140, 1689353, 1840888, 524829, 1133814, 1780119, 2442930, -1469827, -129509, 'Forward']
[2682640, 2596928, -884670, -321201, 341519, 1100833, 994892, 429218, 1680044, 1831746, 545368, 1250841, 1774868, 2438643, -1479855, -48784, 'Forward']
[2683431, 2583208, -856504, -319616, 353598, 1108070, 984235, 427258, 1691094, 1842605, 517372, 1129838, 1778203, 2442232, -1470966, -131179, 'Forward']
[2682334, 2595747, -880930, -321620, 341141, 1100848, 993103, 428579, 1678694, 1829763, 552588, 1252274, 1776702, 2438428, -1478903, -48466, 'Forward']
[2685194, 2586635, -859747, -318267, 354515, 1108320, 985690, 429773, 1692544, 1844328, 511335, 1130765, 1776701, 2442698, -1470866, -128465, 'Forward']
[2681658, 2593753, -876400, -322301, 340819, 1101551, 989639, 427606, 1678792, 1829282, 559388, 1248660, 1779299, 2439511, -1476919, -51937, 'Forward']
[2685761, 2588903, -864868, -318065, 353704, 1107510, 987284, 430960, 1692851, 1844927, 505864, 1135568, 1774433, 2441831, -1472213, -123541, 'Forward']
[2681074, 2591289, -872338, -322929, 340988, 1102035, 987439, 425799, 1678016, 1828084, 562712, 1241466, 1780369, 2438882, -1475887, -57344, 'Forward']
[2686363, 2591481, -869854, -317792, 353177, 1106798, 989826, 432293, 1692869, 1844831, 502325, 1143750, 1772117, 2441028, -1473518, -117015, 'Forward']
[2680765, 2588871, -867263, -323101, 342051, 1103068, 984953, 424777, 1678644, 1828270, 564914, 1230655, 1781620, 2439578, -1474410, -65436, 'Forward']
[2687012, 2594095, -874974, -317503, 351696, 1106310, 992293, 433316, 1692240, 1844392, 501096, 1155452, 1770236, 2440187, -1475166, -107969, 'Forward']
[2680314, 2586328, -863081, -323324, 342344, 1103996, 982143, 423798, 1679523, 1829105, 564924, 1216777, 1782777, 2440280, -1473097, -75329, 'Forward']
[2687013, 2596253, -879796, -317752, 349734, 1104718, 992476, 433401, 1690835, 1843240, 501883, 1169734, 1768766, 2439902, -1477230, -97493, 'Forward']
[2680948, 2584846, -858212, -322755, 344149, 1104816, 981140, 423961, 1680921, 1830216, 562576, 1201746, 1783593, 2440831, -1471756, -85063, 'Forward']
[2687482, 2598481, -882520, -317678, 348352, 1103099, 994046, 433376, 1690168, 1841993, 505621, 1185659, 1768875, 2439043, -1477538, -86060, 'Forward']
[2681368, 2583214, -853914, -322456, 345985, 1105036, 978913, 422661, 1683264, 1832340, 558747, 1185246, 1784670, 2440938, -1469586, -96241, 'Forward']
[2686602, 2599030, -885446, -318613, 346363, 1101568, 994496, 433216, 1687968, 1839610, 510426, 1201253, 1768488, 2437836, -1478723, -75701, 'Forward']
[2681539, 2581822, -851221, -321751, 348379, 1106531, 979746, 423412, 1684639, 1833754, 552419, 1169617, 1784083, 2440896, -1468617, -106040, 'Forward']
[2685818, 2599592, -887138, -319014, 344955, 1101516, 994934, 432088, 1686252, 1837666, 517186, 1216972, 1769041, 2437850, -1479155, -65331, 'Forward']
[2681755, 2581322, -850153, -321319, 349959, 1107774, 978555, 423377, 1686496, 1835416, 545146, 1156287, 1783172, 2442062, -1468565, -113573, 'Forward']
[2685086, 2600136, -887620, -319459, 343375, 1101373, 994948, 431490, 1684393, 1835178, 524961, 1231295, 1769915, 2437880, -1479965, -55503, 'Forward']
[2683165, 2582559, -849467, -319810, 352170, 1108929, 980470, 424977, 1688600, 1837775, 537240, 1145247, 1782026, 2442453, -1468193, -119210, 'Forward']
[2686028, 2601532, -885356, -318575, 343494, 1101980, 995742, 431525, 1684178, 1834490, 534557, 1241834, 1772335, 2439342, -1478319, -49277, 'Forward']
[2684485, 2583928, -849856, -318716, 353299, 1109648, 980417, 425733, 1691371, 1840589, 530020, 1136245, 1781273, 2443563, -1467382, -124957, 'Forward']
[2684999, 2600071, -883306, -319693, 342086, 1101703, 994085, 429419, 1682628, 1832277, 543037, 1249618, 1774184, 2439086, -1477848, -45431, 'Forward']
[2684688, 2584528, -853047, -318930, 353724, 1108857, 981155, 426322, 1692562, 1841799, 521708, 1131460, 1779211, 2443054, -1468035, -127085, 'Forward']
[2683324, 2597279, -881140, -321360, 340567, 1100762, 991473, 428248, 1680868, 1829722, 550435, 1252334, 1775558, 2438254, -1477391, -44818, 'Forward']
[2685187, 2586005, -857519, -318614, 353806, 1108028, 984189, 428105, 1693278, 1842487, 514330, 1130385, 1776464, 2441898, -1469177, -125817, 'Forward']
[2681920, 2594586, -878234, -322464, 339975, 1100562, 989334, 425844, 1679668, 1827972, 556842, 1250910, 1776858, 2437583, -1476426, -46490, 'Forward']
[2684642, 2587019, -862738, -319261, 352580, 1106801, 984011, 428041, 1692910, 1842368, 507627, 1132985, 1773387, 2439997, -1471249, -122787, 'Forward']
[2680457, 2591588, -874125, -323526, 339589, 1100420, 985659, 423896, 1678300, 1826056, 560881, 1244839, 1777842, 2436395, -1476278, -51522, 'Forward']
[2684552, 2588923, -868185, -319435, 351388, 1105334, 985048, 428565, 1692352, 1841878, 502677, 1139602, 1770981, 2438653, -1473344, -116975, 'Forward']
[2679477, 2588662, -869744, -324145, 339912, 1101233, 984078, 422759, 1678117, 1825489, 563504, 1235333, 1779398, 2436707, -1475049, -58872, 'Forward']
[2684599, 2590971, -873276, -319504, 350291, 1104322, 987868, 428699, 1691908, 1841475, 500461, 1149900, 1769070, 2437813, -1474633, -109252, 'Forward']
[2678530, 2585492, -865678, -325259, 340042, 1100843, 980023, 418671, 1678102, 1824837, 563947, 1222656, 1780131, 2436736, -1474230, -67932, 'Forward']
[2685315, 2593426, -878083, -319243, 348819, 1102970, 988357, 429245, 1691182, 1840514, 500524, 1162611, 1767651, 2437241, -1476443, -99976, 'Forward']
[2678793, 2583514, -860678, -324492, 341906, 1102251, 979014, 419697, 1679633, 1826254, 562900, 1207656, 1781232, 2437736, -1472334, -78978, 'Forward']
[2685492, 2595705, -881835, -318987, 347673, 1102534, 991924, 429414, 1689953, 1839395, 502902, 1178124, 1766835, 2436672, -1477124, -89343, 'Forward']
[2679176, 2581862, -856848, -324207, 343512, 1103791, 977286, 418891, 1681425, 1828124, 559775, 1192409, 1781990, 2438474, -1470461, -89072, 'Forward']
[2684936, 2596812, -885693, -319945, 345252, 1101254, 991451, 429024, 1688472, 1837802, 507125, 1194441, 1766423, 2436261, -1478490, -78018, 'Forward']
[2679024, 2580170, -854037, -324058, 344968, 1104468, 976768, 419404, 1682763, 1829364, 554067, 1176721, 1781545, 2438587, -1469811, -98994, 'Forward']
[2684899, 2598512, -887372, -319469, 344255, 1100736, 993120, 429892, 1686306, 1835581, 513180, 1210924, 1766545, 2435876, -1478602, -66482, 'Forward']
[2680316, 2580303, -851265, -322334, 347673, 1106478, 976372, 420237, 1685653, 1832409, 548072, 1161692, 1782310, 2440030, -1467250, -108481, 'Forward']
[2684599, 2599403, -888030, -319493, 343083, 1100696, 994037, 429078, 1685230, 1834068, 521038, 1224670, 1768254, 2436172, -1477840, -57908, 'Forward']
[2681032, 2580273, -850647, -321518, 349239, 1106858, 976543, 421120, 1687623, 1834336, 540132, 1148375, 1781129, 2440359, -1466874, -116472, 'Forward']
[2684332, 2599469, -887199, -319581, 341550, 1100573, 992747, 429396, 1683746, 1832046, 529412, 1236601, 1769377, 2436045, -1478054, -50483, 'Forward']
[2682549, 2581623, -850061, -319794, 351195, 1108230, 978148, 423222, 1690032, 1837104, 532474, 1138836, 1780130, 2440890, -1466729, -121362, 'Forward']
[2683553, 2598631, -885002, -320485, 340518, 1099977, 991880, 427057, 1682481, 1830251, 538517, 1246464, 1771541, 2436301, -1477893, -44316, 'Forward']
[2683564, 2583132, -851918, -319244, 352212, 1107887, 979408, 423960, 1691768, 1838653, 524241, 1132902, 1778481, 2440198, -1467462, -123548, 'Forward']
[2682970, 2597548, -882205, -320975, 339738, 1100063, 990210, 425950, 1681568, 1828463, 546775, 1251146, 1773662, 2436142, -1476943, -42444, 'Forward']
[2684291, 2584735, -855084, -318819, 352641, 1107569, 980596, 423785, 1693152, 1840268, 516798, 1129986, 1776588, 2440110, -1467873, -124549, 'Forward']
[2681966, 2595414, -878811, -321812, 339138, 1100082, 987975, 423853, 1680302, 1826866, 553808, 1252072, 1775399, 2436295, -1476014, -42812, 'Forward']
[2685365, 2587131, -858855, -317834, 353212, 1107485, 983063, 426310, 1693992, 1841300, 510238, 1131739, 1774415, 2439907, -1468797, -121534, 'Forward']
[2681098, 2592725, -874232, -322186, 339334, 1100697, 985758, 422148, 1679979, 1825774, 559984, 1248758, 1777742, 2436670, -1474325, -45826, 'Forward']
[2686214, 2589421, -863060, -316708, 353257, 1107700, 985563, 427434, 1694745, 1841953, 505537, 1137992, 1773072, 2439859, -1469779, -115638, 'Forward']
[2681007, 2590801, -868952, -321630, 340648, 1102874, 985506, 422956, 1680602, 1825872, 564425, 1241783, 1780307, 2438251, -1471807, -51295, 'Forward']
[2685831, 2591009, -868433, -317127, 351674, 1106968, 986997, 428243, 1694603, 1841983, 502873, 1147177, 1771212, 2439323, -1470677, -108599, 'Forward']
[2680105, 2588237, -864935, -322214, 340863, 1103858, 982188, 420948, 1680449, 1825480, 565587, 1230398, 1781004, 2438084, -1471290, -60014, 'Forward']
[2685612, 2593464, -873619, -317440, 349918, 1106169, 988824, 429182, 1693555, 1840931, 501495, 1158905, 1769067, 2438646, -1472735, -100362, 'Forward']
[2679616, 2585719, -860295, -322786, 341749, 1104244, 979711, 419722, 1681337, 1825716, 565008, 1216273, 1781963, 2438168, -1470034, -70162, 'Forward']
[2685691, 2595452, -878029, -317764, 348232, 1104252, 989354, 428393, 1692585, 1839684, 503171, 1173124, 1767941, 2437629, -1474318, -90150, 'Forward']
[2679867, 2583800, -855657, -322331, 343413, 1104746, 977961, 418889, 1682773, 1827048, 563007, 1201330, 1782685, 2438516, -1468813, -80107, 'Forward']
[2686011, 2597552, -880906, -317520, 347050, 1102805, 991073, 428836, 1691126, 1838067, 507072, 1189656, 1767521, 2436999, -1475514, -78273, 'Forward']
[2680419, 2582377, -851668, -321780, 345519, 1105838, 976652, 418730, 1684929, 1828827, 559033, 1185126, 1783407, 2439716, -1467302, -91025, 'Forward']
[2685467, 2598421, -883651, -318464, 345030, 1101149, 991454, 428231, 1689578, 1835975, 512284, 1205034, 1767670, 2436662, -1476577, -68158, 'Forward']
[2680213, 2580758, -849725, -322355, 346805, 1105449, 976140, 417953, 1686190, 1829774, 552040, 1169078, 1782777, 2439442, -1466777, -101117, 'Forward']
[2684562, 2599199, -885897, -319202, 343164, 1100480, 992618, 427508, 1687275, 1833231, 518736, 1219516, 1767768, 2435783, -1476916, -58555, 'Forward']
[2680377, 2580606, -849506, -321304, 348483, 1107559, 976566, 419627, 1688047, 1832051, 544583, 1154664, 1781879, 2439911, -1465655, -110227, 'Forward']
[2683100, 2599015, -887486, -319572, 341214, 1101365, 992484, 427606, 1685159, 1831272, 526244, 1232059, 1768621, 2436322, -1476770, -51008, 'Forward']
[2679885, 2579953, -851419, -321145, 348770, 1108422, 975482, 419512, 1688893, 1833541, 535643, 1142710, 1779520, 2440896, -1466446, -117193, 'Forward']
[2681064, 2597067, -887886, -321443, 338665, 1100490, 990287, 424890, 1682422, 1828083, 533843, 1241363, 1768887, 2435765, -1478293, -45496, 'Forward']
[2680504, 2580532, -853033, -321239, 349669, 1108180, 976743, 419917, 1689865, 1834512, 526676, 1134485, 1776970, 2439692, -1467901, -121177, 'Forward']
[2680540, 2596098, -885171, -322608, 337809, 1099961, 988603, 423252, 1680971, 1825913, 542414, 1248423, 1770569, 2435588, -1478428, -41827, 'Forward']
[2681900, 2582561, -854304, -320402, 350984, 1107983, 978376, 421524, 1692069, 1836486, 519732, 1129925, 1775776, 2439970, -1468501, -123437, 'Forward']
[2680163, 2594585, -880688, -323236, 337903, 1099924, 986851, 421699, 1680589, 1824483, 551023, 1250638, 1773363, 2436317, -1477187, -41956, 'Forward']
[2682494, 2584036, -857259, -320191, 351682, 1107417, 979610, 422427, 1693243, 1837583, 513353, 1129302, 1774049, 2439633, -1469453, -122620, 'Forward']
[2679148, 2591953, -876468, -324053, 338195, 1100143, 984322, 419695, 1679486, 1822743, 557582, 1248551, 1775344, 2436123, -1476556, -44248, 'Forward']
[2683186, 2586021, -861642, -319564, 351990, 1107259, 982881, 424527, 1693636, 1838076, 507603, 1132895, 1771836, 2439350, -1470764, -118602, 'Forward']
[2679191, 2590200, -871696, -323719, 339436, 1101574, 984645, 419792, 1679656, 1822474, 562700, 1243086, 1777402, 2437369, -1474626, -48487, 'Forward']
[2684501, 2589233, -866077, -318337, 351894, 1106897, 985251, 426158, 1694696, 1839225, 504434, 1140294, 1770556, 2439567, -1471428, -112575, 'Forward']
[2678586, 2587686, -866928, -323586, 339372, 1102158, 981342, 418516, 1680407, 1822870, 565931, 1233145, 1779335, 2438628, -1472751, -56429, 'Forward']
[2684288, 2591201, -871454, -318390, 349605, 1105283, 986459, 426199, 1693555, 1838496, 502355, 1151825, 1768121, 2439608, -1473141, -103240, 'Forward']
[2678539, 2585746, -861945, -323292, 340645, 1102975, 979158, 418522, 1680841, 1823311, 566426, 1221196, 1780422, 2439344, -1471002, -64367, 'Forward']
[2685297, 2594637, -875580, -317632, 348970, 1104514, 988609, 427786, 1693116, 1838232, 503233, 1165866, 1767545, 2439534, -1473870, -92760, 'Forward']
[2679034, 2584578, -856955, -322659, 342435, 1104311, 977376, 418332, 1682922, 1825255, 565534, 1206819, 1782159, 2440688, -1468662, -74479, 'Forward']
[2685200, 2596798, -878917, -317531, 347503, 1103748, 989667, 427858, 1692507, 1837691, 506367, 1181727, 1767222, 2439105, -1474045, -81401, 'Forward']
[2679055, 2582594, -853137, -322232, 344466, 1105570, 976355, 418499, 1684433, 1826804, 561863, 1191558, 1782687, 2440854, -1466567, -84047, 'Forward']
[2684906, 2598001, -882201, -317739, 346244, 1102871, 990573, 427973, 1691006, 1835799, 510817, 1197287, 1767303, 2438665, -1474358, -70654, 'Forward']
[2679316, 2581163, -849903, -321683, 346794, 1106683, 976387, 419206, 1686368, 1828285, 556239, 1175330, 1782844, 2441464, -1465024, -94705, 'Forward']
[2684437, 2598712, -883903, -318364, 344809, 1101809, 991534, 427888, 1689278, 1833557, 516974, 1212832, 1767662, 2438118, -1474599, -60495, 'Forward']
[2679622, 2580239, -848153, -321477, 348281, 1106830, 975098, 418009, 1687950, 1829750, 549300, 1160578, 1782201, 2440735, -1464646, -104127, 'Forward']
[2683614, 2599251, -884952, -318828, 342879, 1100991, 992208, 426712, 1687295, 1831375, 524458, 1226707, 1768526, 2437042, -1475209, -51844, 'Forward']
[2680131, 2580194, -848078, -320710, 349457, 1107566, 975589, 418311, 1690010, 1832306, 541365, 1147670, 1781167, 2441512, -1463946, -112162, 'Forward']
[2681753, 2597809, -885844, -320608, 340080, 1099808, 990124, 423951, 1684793, 1828381, 532059, 1238654, 1768985, 2436895, -1476077, -44340, 'Forward']
[2680494, 2580747, -850070, -320502, 350222, 1107786, 975387, 418699, 1691329, 1833523, 532342, 1138106, 1778950, 2441401, -1465068, -116780, 'Forward']
[2680930, 2596926, -884570, -321302, 339257, 1099959, 988738, 423328, 1683421, 1826355, 540513, 1246037, 1770580, 2437348, -1475840, -40353, 'Forward']
[2680654, 2581040, -852303, -320405, 351196, 1107817, 975873, 419432, 1692568, 1834862, 524157, 1131525, 1776771, 2440862, -1465541, -119923, 'Forward']
[2679778, 2594982, -881744, -322242, 338590, 1099731, 987061, 420985, 1681540, 1823815, 548058, 1250692, 1772021, 2435812, -1475246, -37909, 'Forward']
[2681237, 2582660, -855091, -319784, 351684, 1107432, 977416, 420267, 1693642, 1836256, 516627, 1129829, 1774673, 2440190, -1466040, -119502, 'Forward']
[2679001, 2593013, -877589, -322576, 338748, 1099913, 985757, 419922, 1680810, 1822610, 555349, 1251411, 1774284, 2436336, -1473609, -38266, 'Forward']
[2682115, 2584848, -858894, -319025, 352276, 1107034, 980271, 421403, 1694467, 1837153, 510262, 1131934, 1772717, 2440067, -1466710, -116548, 'Forward']
[2678836, 2591240, -872877, -322669, 339273, 1100826, 983484, 417997, 1680787, 1822038, 561061, 1247296, 1776613, 2437410, -1471822, -42168, 'Forward']
[2682923, 2587441, -863193, -318425, 351902, 1106422, 982457, 422659, 1695277, 1838139, 506029, 1137794, 1770991, 2440162, -1468054, -111578, 'Forward']
[2677397, 2587944, -868859, -323862, 339021, 1100680, 980840, 416165, 1680388, 1821198, 564684, 1239216, 1777783, 2437214, -1471200, -48606, 'Forward']
[2683295, 2589783, -868952, -318608, 350714, 1104911, 983702, 422641, 1694474, 1837526, 502661, 1146954, 1768392, 2438990, -1470599, -104126, 'Forward']
[2677194, 2585681, -863994, -323910, 340046, 1101616, 978187, 414751, 1680888, 1821495, 566232, 1227194, 1779104, 2438368, -1470165, -57954, 'Forward']
[2682946, 2591556, -873707, -318698, 348979, 1103642, 984877, 423080, 1693709, 1836929, 502271, 1159364, 1767013, 2438579, -1471881, -95391, 'Forward']
[2676067, 2582602, -859734, -324528, 340719, 1102021, 975267, 412921, 1681208, 1821495, 565296, 1213328, 1779952, 2437801, -1469068, -67684, 'Forward']
[2681768, 2592789, -878266, -319637, 346914, 1102016, 986579, 422694, 1691613, 1834676, 503325, 1173853, 1765470, 2436783, -1473508, -84817, 'Forward']
[2675716, 2580694, -855524, -324338, 342412, 1103075, 973867, 412976, 1682336, 1822571, 562229, 1197823, 1780462, 2437565, -1467037, -77593, 'Forward']
[2681518, 2594599, -881976, -319830, 345238, 1100900, 986377, 422606, 1690223, 1833133, 507034, 1189274, 1765124, 2435610, -1474156, -73549, 'Forward']
[2675287, 2578680, -852654, -324240, 343957, 1103727, 972036, 412497, 1683647, 1823425, 557294, 1181101, 1780376, 2437289, -1466183, -88508, 'Forward']
[2680248, 2594814, -885117, -320786, 342960, 1099633, 987876, 421452, 1688043, 1830517, 512300, 1204773, 1764807, 2434464, -1475121, -62989, 'Forward']
[2675123, 2576993, -851291, -324356, 344906, 1104019, 971068, 412246, 1684772, 1824562, 550222, 1166190, 1779195, 2437148, -1466036, -97178, 'Forward']
[2679782, 2595347, -887551, -321732, 340740, 1098359, 987249, 420370, 1685894, 1827871, 518604, 1219686, 1764966, 2433527, -1476928, -52597, 'Forward']
[2676407, 2577220, -850421, -323750, 346923, 1104861, 972056, 412839, 1687191, 1826841, 542852, 1152076, 1778665, 2437362, -1465921, -105753, 'Forward']
[2679448, 2595603, -887497, -322271, 339586, 1098128, 986935, 420581, 1684781, 1826052, 527225, 1231816, 1766486, 2433176, -1476764, -45740, 'Forward']
[2676992, 2577092, -850609, -323483, 348080, 1104838, 970898, 413601, 1689185, 1828628, 534855, 1140757, 1777365, 2437291, -1465904, -112896, 'Forward']
[2678711, 2594880, -885786, -323197, 338627, 1097163, 985382, 418337, 1682948, 1823352, 535551, 1242321, 1767958, 2432576, -1476716, -39476, 'Forward']
[2678193, 2578761, -850927, -322072, 350320, 1105544, 973203, 414763, 1691219, 1830980, 526817, 1133764, 1776323, 2437416, -1465253, -116091, 'Forward']
[2678470, 2594655, -882170, -322541, 338801, 1097935, 984734, 418317, 1682272, 1822496, 544261, 1248664, 1770658, 2433914, -1474591, -36254, 'Forward']
[2679096, 2580479, -852924, -320849, 351218, 1105463, 974978, 416098, 1693108, 1833129, 519435, 1129443, 1774863, 2438456, -1464814, -117933, 'Forward']
[2676945, 2592024, -879421, -323718, 337531, 1097338, 982152, 415614, 1680785, 1820388, 551507, 1250695, 1772126, 2433672, -1473809, -35898, 'Forward']
[2679050, 2581722, -857737, -320569, 350720, 1104884, 974851, 416579, 1693134, 1833440, 511524, 1129523, 1771863, 2436847, -1466854, -115926, 'Forward']
[2675685, 2589533, -876305, -324550, 337405, 1098256, 979957, 414037, 1679531, 1818764, 557153, 1248748, 1773710, 2433574, -1473086, -37722, 'Forward']
[2679866, 2584085, -862793, -320475, 350843, 1105098, 977011, 417576, 1693928, 1834405, 505962, 1133739, 1769944, 2436936, -1467811, -111558, 'Forward']
[2675965, 2587983, -871605, -324603, 338503, 1100006, 978417, 413984, 1679887, 1818691, 562031, 1242565, 1775914, 2434383, -1471729, -42969, 'Forward']
[2680894, 2586993, -866732, -319836, 350593, 1104935, 979437, 419371, 1694521, 1835307, 503048, 1142332, 1768613, 2436546, -1469156, -104689, 'Forward']
[2675591, 2585561, -866045, -324965, 339240, 1100570, 975258, 411963, 1680291, 1818705, 564978, 1233777, 1777691, 2434780, -1470459, -49300, 'Forward']
[2681768, 2589849, -870739, -319225, 350023, 1103790, 980773, 419719, 1694553, 1835299, 501758, 1154446, 1767199, 2435976, -1470250, -95216, 'Forward']
[2675739, 2583498, -860108, -324179, 341337, 1101344, 973427, 410414, 1681481, 1819256, 565737, 1221587, 1779328, 2435398, -1468375, -57870, 'Forward']
[2681594, 2593432, -878705, -318477, 347772, 1101831, 985306, 420509, 1692559, 1832972, 506117, 1184690, 1765666, 2435188, -1471698, -74196, 'Forward']
[2675644, 2579388, -852547, -323208, 344920, 1103946, 970844, 410141, 1684454, 1822278, 560516, 1191417, 1780681, 2436603, -1464715, -79108, 'Forward']
[2680918, 2594795, -882801, -319451, 345293, 1100916, 984832, 419667, 1690756, 1831124, 510439, 1200621, 1765071, 2434544, -1472954, -63550, 'Forward']
[2675702, 2578276, -850501, -323420, 346025, 1105168, 969936, 409822, 1686114, 1823772, 554146, 1175105, 1780266, 2436930, -1464094, -90050, 'Forward']
[2680968, 2596507, -884543, -319715, 343883, 1101031, 986252, 420242, 1688891, 1828926, 516516, 1215666, 1765323, 2434440, -1473412, -53863, 'Forward']
[2676754, 2577991, -848308, -322364, 347952, 1106744, 969636, 411399, 1688562, 1826388, 547620, 1160393, 1779936, 2438436, -1462601, -99411, 'Forward']
[2680617, 2596446, -885045, -320461, 342010, 1099614, 985307, 418654, 1687413, 1827111, 524582, 1229294, 1766493, 2434567, -1473516, -45278, 'Forward']
[2676643, 2576623, -848122, -322916, 348357, 1105562, 968101, 410892, 1690147, 1827756, 539587, 1147107, 1778561, 2438317, -1462766, -107722, 'Forward']
[2679059, 2595253, -884558, -321814, 339709, 1097928, 983285, 417227, 1684589, 1823503, 532023, 1240640, 1766830, 2432901, -1474614, -38108, 'Forward']
[2677808, 2577938, -848391, -321572, 350237, 1105474, 970152, 411518, 1691835, 1829593, 530859, 1138028, 1776982, 2437601, -1462683, -112023, 'Forward']
[2678995, 2594856, -882180, -321777, 339496, 1097720, 983926, 416281, 1683709, 1822083, 540987, 1247819, 1769519, 2433434, -1472895, -34153, 'Forward']
[2678969, 2579520, -850941, -320716, 351183, 1105522, 971552, 413211, 1693519, 1831563, 523399, 1131703, 1775653, 2437886, -1462364, -115036, 'Forward']
[2677481, 2592917, -880609, -323190, 338184, 1097626, 981867, 414389, 1681728, 1819771, 548612, 1251357, 1770757, 2433225, -1472507, -32735, 'Forward']
[2679204, 2581394, -855699, -320835, 351216, 1105620, 971988, 413866, 1693970, 1832285, 515465, 1130012, 1772810, 2437208, -1464055, -114075, 'Forward']
[2676347, 2591240, -878081, -324067, 337632, 1098767, 979063, 412561, 1680989, 1818561, 555496, 1250555, 1772573, 2433391, -1472204, -34157, 'Forward']
[2679417, 2583558, -860719, -320609, 350966, 1106088, 974194, 415460, 1694350, 1833053, 509178, 1132023, 1770237, 2436721, -1466426, -111594, 'Forward']
[2675109, 2588560, -874416, -325284, 337301, 1099815, 976205, 411044, 1679794, 1816919, 560702, 1246661, 1773941, 2433548, -1472543, -37916, 'Forward']
[2680027, 2585711, -865662, -320587, 350457, 1105679, 975724, 416107, 1694344, 1833221, 504654, 1139129, 1768046, 2435991, -1469220, -105250, 'Forward']
[2674588, 2585498, -869510, -325840, 338433, 1099982, 974526, 409231, 1680191, 1816769, 564565, 1238366, 1776144, 2433870, -1471525, -44115, 'Forward']
[2679938, 2586986, -870275, -320549, 349832, 1103468, 978904, 416376, 1694145, 1832794, 502436, 1148212, 1766635, 2434735, -1470798, -98138, 'Forward']
[2673732, 2582351, -864254, -325856, 339508, 1100168, 972264, 408846, 1680388, 1816482, 565963, 1226052, 1777630, 2433524, -1470365, -53285, 'Forward']
[2679821, 2588947, -874242, -320168, 348633, 1102500, 980333, 417335, 1692997, 1831622, 502116, 1160971, 1764994, 2433957, -1472664, -88371, 'Forward']
[2674397, 2580862, -858361, -324888, 341791, 1101729, 970553, 408476, 1682062, 1817744, 565737, 1212246, 1779124, 2434705, -1468632, -62370, 'Forward']
[2681118, 2592140, -877278, -319600, 348161, 1101873, 983342, 418258, 1693028, 1831519, 505436, 1175977, 1765067, 2433979, -1473269, -77528, 'Forward']
[2674633, 2579106, -854033, -325103, 343406, 1102611, 969342, 407457, 1683880, 1819310, 563478, 1196827, 1780206, 2435280, -1467027, -72853, 'Forward']
[2680702, 2593590, -881067, -320622, 345788, 1100404, 982314, 416952, 1691460, 1829620, 509180, 1191643, 1764573, 2432938, -1474722, -66667, 'Forward']
[2674645, 2577546, -851583, -324980, 344649, 1103403, 967488, 406948, 1685191, 1820605, 558117, 1180425, 1779631, 2435083, -1466691, -83400, 'Forward']
[2679452, 2594023, -884817, -321685, 343026, 1099337, 982397, 416185, 1689104, 1827277, 514410, 1207188, 1763822, 2431894, -1475836, -55881, 'Forward']
[2674624, 2576349, -850722, -324779, 346041, 1103583, 966499, 406649, 1686385, 1822195, 550786, 1164875, 1778467, 2434261, -1465918, -92877, 'Forward']
[2678794, 2594625, -886616, -322073, 341452, 1098432, 983593, 416282, 1687237, 1825113, 520783, 1220922, 1764673, 2430791, -1475968, -47308, 'Forward']
[2674518, 2575652, -850022, -324140, 347079, 1104558, 966352, 408025, 1688202, 1824074, 542747, 1150787, 1777699, 2434609, -1464720, -101504, 'Forward']
[2677185, 2593931, -887306, -322809, 339371, 1097302, 981770, 414142, 1684473, 1821941, 527885, 1233741, 1765069, 2430144, -1476282, -38543, 'Forward']
[2674328, 2575061, -850615, -323786, 348109, 1104189, 965890, 407577, 1689512, 1825491, 533692, 1139252, 1776101, 2434059, -1464832, -107843, 'Forward']
[2676002, 2592896, -886001, -323515, 338285, 1096670, 980525, 412943, 1682363, 1819287, 535338, 1242068, 1766297, 2429473, -1476186, -33515, 'Forward']
[2675437, 2576351, -852190, -323139, 349384, 1104264, 966630, 408684, 1691372, 1827448, 525048, 1130706, 1774238, 2433737, -1465285, -112300, 'Forward']
[2674670, 2590682, -883526, -325164, 336955, 1095733, 977703, 410106, 1680951, 1817064, 543380, 1247217, 1768000, 2428141, -1476110, -31291, 'Forward']
[2675624, 2577125, -854886, -323319, 349694, 1103386, 968267, 409757, 1692213, 1828282, 516806, 1127613, 1771978, 2432450, -1466496, -112458, 'Forward']
[2674015, 2588938, -880347, -325981, 336534, 1095525, 977496, 409739, 1679833, 1815450, 550507, 1249432, 1769842, 2428339, -1474851, -30109, 'Forward']
[2676752, 2579668, -859081, -322421, 349882, 1103346, 970588, 411508, 1693382, 1829864, 509978, 1128149, 1769955, 2432100, -1466919, -110365, 'Forward']
[2673602, 2587581, -876460, -325844, 336779, 1097167, 975533, 408398, 1679586, 1815206, 556824, 1246211, 1771936, 2429102, -1472797, -33544, 'Forward']
[2677101, 2582162, -863656, -321790, 349831, 1103886, 972645, 412857, 1693870, 1831069, 505199, 1132228, 1767781, 2432335, -1467553, -106661, 'Forward']
[2672546, 2585256, -871301, -325859, 337559, 1098874, 973630, 408192, 1679124, 1814535, 561401, 1239903, 1773723, 2429648, -1471194, -38655, 'Forward']
