[2384154, 1747284, 348322, -324896, 473747, 901922, -330153, -129744, 252918, 303716, 1061771, 90261, 1326739, -506140, -529660, 606848, 'Forward']
[2464926, 1779219, 379150, -309078, 475768, 918941, -336279, -130771, 254510, 307411, 1014722, 88199, 1294526, -505421, -534047, 579201, 'Forward']
[2391872, 1748237, 351342, -324681, 473783, 901569, -330612, -130200, 252339, 304356, 1075871, 96952, 1332569, -507084, -525807, 612815, 'Forward']
[2455366, 1777838, 375632, -309288, 476169, 918377, -334506, -130805, 254820, 306444, 1001876, 81513, 1289637, -504643, -537389, 574310, 'Forward']
[2402324, 1750268, 354799, -324429, 473971, 902204, -330118, -130038, 252405, 305615, 1087107, 103384, 1336673, -507567, -522465, 616468, 'Forward']
[2443856, 1774529, 371300, -311031, 476419, 916977, -335324, -130764, 255025, 304988, 991751, 75339, 1286634, -504464, -540358, 570536, 'Forward']
[2413870, 1752825, 358745, -324250, 473743, 902714, -332084, -131947, 251542, 305552, 1094533, 107664, 1339066, -509223, -520966, 618571, 'Forward']
[2430546, 1770850, 366078, -312982, 475496, 915546, -334625, -131202, 255009, 304019, 985683, 70415, 1285291, -504113, -543270, 568496, 'Forward']
[2427062, 1756606, 363402, -322952, 473640, 904501, -332122, -132606, 251120, 306187, 1098374, 111277, 1339198, -509788, -519529, 619540, 'Forward']
[2417146, 1767474, 361139, -314072, 475882, 913929, -334362, -130485, 255226, 303547, 983275, 67465, 1285614, -503533, -544477, 568632, 'Forward']
[2441050, 1761596, 369068, -320429, 473661, 907094, -333497, -130204, 251447, 307745, 1098988, 114404, 1337762, -509453, -518420, 618973, 'Forward']
[2404809, 1763289, 356724, -315244, 475649, 912151, -330812, -129117, 255445, 303592, 985629, 66575, 1288221, -502806, -543900, 571303, 'Forward']
[2453491, 1766396, 373595, -317513, 474251, 909728, -333612, -130965, 251810, 308598, 1095880, 115511, 1334584, -509110, -517699, 616330, 'Forward']
[2393570, 1759027, 352505, -317135, 475374, 910264, -331509, -128284, 255525, 303334, 990720, 66718, 1291871, -502439, -543474, 573960, 'Forward']
[2464004, 1770459, 377701, -315797, 474555, 912269, -334683, -132906, 251805, 308728, 1088805, 114930, 1330162, -509109, -518779, 612349, 'Forward']
[2384541, 1754697, 349099, -319385, 475413, 908052, -331274, -129111, 255478, 302984, 998726, 68070, 1296888, -502584, -542443, 578167, 'Forward']
[2471895, 1774315, 380648, -313958, 474814, 914633, -335311, -132212, 252481, 309201, 1078708, 112736, 1324513, -508499, -520574, 607000, 'Forward']
[2378706, 1750637, 346377, -322172, 474394, 905586, -331932, -128955, 254413, 302245, 1010046, 70419, 1303042, -503435, -541162, 584052, 'Forward']
[2475880, 1776619, 382074, -312688, 474786, 915957, -336378, -131620, 252198, 308570, 1065745, 108320, 1317701, -508511, -523754, 600865, 'Forward']
[2376193, 1748077, 345320, -323820, 474057, 903247, -329869, -129269, 253998, 302107, 1023909, 74523, 1309990, -504148, -537870, 590187, 'Forward']
[2476373, 1778242, 382515, -311097, 475296, 917011, -335935, -130819, 252699, 308178, 1051539, 103082, 1310356, -507902, -525901, 594245, 'Forward']
[2377193, 1747074, 345854, -324240, 474492, 902301, -329077, -129507, 253303, 302514, 1039673, 80082, 1317018, -504806, -534344, 597609, 'Forward']
[2473659, 1779479, 381890, -309918, 476129, 918284, -334998, -131354, 253469, 308317, 1036259, 97314, 1303408, -506531, -528782, 587697, 'Forward']
[2381271, 1746723, 347028, -325043, 473845, 901837, -329256, -130850, 252699, 303121, 1055076, 86612, 1323965, -505653, -530834, 604113, 'Forward']
[2468133, 1779574, 379962, -309387, 476379, 919185, -335388, -131680, 253596, 307417, 1020410, 90420, 1296730, -505913, -532891, 581482, 'Forward']
[2388421, 1747872, 349658, -324788, 474403, 902451, -329784, -128873, 252507, 304270, 1069539, 93902, 1330253, -506132, -527130, 610444, 'Forward']
[2459978, 1778665, 376811, -309562, 476431, 919098, -335288, -131779, 254661, 307016, 1006333, 84198, 1291335, -504632, -536489, 575579, 'Forward']
[2398147, 1749812, 353068, -324581, 473562, 902671, -329997, -130072, 252428, 305451, 1082686, 100800, 1335002, -506967, -524503, 614174, 'Forward']
[2449530, 1776824, 373321, -309674, 475984, 918684, -333946, -129562, 255159, 306457, 996120, 78501, 1287576, -503672, -539894, 571313, 'Forward']
[2409485, 1752426, 357278, -323404, 474297, 903192, -330390, -130728, 252155, 306353, 1092396, 106477, 1338121, -507592, -521822, 617881, 'Forward']
[2436979, 1773565, 368499, -310421, 476170, 917581, -335084, -130715, 255689, 305636, 988234, 73313, 1285432, -502851, -542415, 568436, 'Forward']
[2422251, 1755393, 361950, -322125, 473760, 905288, -331588, -131515, 251936, 307312, 1097714, 110626, 1339101, -507965, -520218, 618728, 'Forward']
[2423396, 1768877, 363365, -312092, 476332, 915719, -333473, -130558, 255307, 304454, 984108, 69439, 1285274, -502677, -544108, 568272, 'Forward']
[2435081, 1758744, 366327, -320771, 473901, 906640, -333254, -132133, 251386, 307461, 1098892, 113222, 1338460, -508781, -518943, 618726, 'Forward']
[2409683, 1764102, 358287, -314317, 476186, 913460, -331693, -129775, 255009, 303228, 983374, 66568, 1286850, -502865, -544821, 569229, 'Forward']
[2447669, 1763184, 371412, -318446, 474484, 909221, -333525, -130846, 251314, 307793, 1096278, 114377, 1336231, -508977, -518243, 617172, 'Forward']
[2397256, 1759752, 353928, -316048, 475830, 911460, -330888, -129307, 254927, 302709, 986622, 65746, 1290293, -502549, -544560, 572008, 'Forward']
[2459112, 1767896, 375415, -316236, 474611, 911251, -334105, -132776, 251784, 308645, 1090898, 114712, 1332563, -508742, -518440, 613367, 'Forward']
[2387075, 1755600, 349429, -318179, 476237, 908536, -330882, -128927, 254906, 302476, 993585, 66473, 1294900, -502955, -543882, 575079, 'Forward']
[2468274, 1772497, 378980, -313467, 475061, 913527, -335201, -133107, 251990, 308945, 1082266, 113514, 1327414, -508733, -520188, 608499, 'Forward']
[2380142, 1752407, 346990, -319135, 475320, 906863, -330422, -128489, 255017, 302943, 1004336, 69517, 1300484, -502431, -542213, 580719, 'Forward']
[2474028, 1775920, 381437, -311109, 475468, 915743, -335714, -131492, 252496, 309349, 1071048, 110920, 1320841, -507966, -522275, 603531, 'Forward']
[2376725, 1749693, 345537, -320935, 474632, 904828, -330513, -129012, 254578, 302909, 1017330, 73371, 1307239, -503294, -539892, 587620, 'Forward']
[2476481, 1777960, 382242, -309616, 475530, 917116, -335004, -132374, 252873, 309102, 1057593, 106208, 1314099, -507852, -524885, 597284, 'Forward']
[2376719, 1747933, 345186, -321497, 475156, 904000, -328134, -128607, 254214, 302983, 1032556, 78303, 1314240, -503836, -536021, 593892, 'Forward']
[2475737, 1779133, 382140, -308192, 475931, 919125, -335209, -130859, 253783, 308913, 1042473, 100732, 1306844, -506357, -527208, 590018, 'Forward']
[2379411, 1746521, 345790, -322833, 474232, 902824, -330833, -129550, 253230, 302968, 1048043, 84081, 1321408, -504919, -532642, 600732, 'Forward']
[2471147, 1778682, 380465, -308110, 476364, 919100, -334651, -131174, 253774, 307737, 1026026, 93567, 1299473, -506026, -531338, 582753, 'Forward']
[2385306, 1746346, 347657, -323530, 474525, 902198, -329680, -130419, 252531, 303418, 1063084, 90558, 1327882, -506052, -528600, 606795, 'Forward']
[2464058, 1778115, 377590, -307946, 476314, 919725, -335214, -130486, 254164, 306879, 1011393, 86599, 1293449, -505191, -534730, 577047, 'Forward']
[2393994, 1747791, 350383, -323484, 473441, 902624, -330432, -129469, 252047, 304498, 1076764, 97219, 1332989, -506731, -525381, 612402, 'Forward']
[2454538, 1776538, 373903, -308411, 476331, 918978, -335027, -130859, 254778, 306448, 998907, 80458, 1288531, -503933, -538321, 572373, 'Forward']
[2404724, 1750120, 354176, -323078, 473834, 902437, -330719, -131616, 251516, 305323, 1087669, 103361, 1336852, -507776, -522647, 616291, 'Forward']
[2442861, 1774564, 369666, -308742, 476467, 917567, -333628, -129186, 255207, 305717, 989668, 75096, 1285634, -503334, -541117, 568898, 'Forward']
[2417546, 1754079, 359587, -321190, 473712, 904140, -331350, -130285, 252175, 307168, 1095329, 109352, 1338539, -507672, -520072, 618253, 'Forward']
[2430172, 1771242, 365541, -309844, 476219, 916244, -334393, -130179, 255696, 305317, 985351, 71338, 1284821, -502545, -542600, 568212, 'Forward']
[2430834, 1758107, 364899, -319379, 473927, 905718, -331904, -131408, 252217, 308110, 1099297, 113252, 1338647, -508075, -518583, 619088, 'Forward']
[2416609, 1767061, 361025, -311430, 476475, 914178, -331997, -129564, 256153, 304706, 984151, 68792, 1285839, -502117, -543650, 568899, 'Forward']
[2443623, 1762202, 369581, -317837, 474518, 907561, -332249, -131756, 252069, 308363, 1098586, 115065, 1337121, -508543, -518035, 618116, 'Forward']
[2403548, 1762033, 355668, -314330, 475919, 911837, -331299, -128976, 255540, 303423, 985453, 66538, 1288328, -502419, -544423, 571045, 'Forward']
[2455713, 1766559, 373329, -315984, 474696, 910182, -332658, -132219, 251615, 308503, 1093893, 115003, 1333851, -508761, -518861, 615839, 'Forward']
[2392128, 1757622, 350598, -316489, 475032, 909624, -331086, -129702, 255335, 303178, 990747, 66658, 1292253, -502107, -544530, 574327, 'Forward']
[2465277, 1770692, 376827, -313888, 474286, 912496, -335021, -132069, 251397, 308766, 1086304, 114044, 1328896, -508814, -520484, 611576, 'Forward']
[2383282, 1753773, 347590, -317934, 475114, 907494, -330850, -127880, 254772, 302661, 999655, 68012, 1297456, -502455, -543540, 579314, 'Forward']
[2472337, 1774518, 380196, -311274, 475041, 914664, -335276, -132165, 252303, 309152, 1076643, 112115, 1323457, -508044, -521741, 606431, 'Forward']
[2377845, 1750870, 345904, -319451, 474731, 905299, -330314, -130763, 254768, 302717, 1011661, 71614, 1304101, -502685, -541228, 584932, 'Forward']
[2475990, 1777773, 382402, -309131, 475651, 916659, -335255, -131631, 252850, 309302, 1063591, 108571, 1316732, -507468, -523673, 600317, 'Forward']
[2376311, 1749153, 345748, -320365, 475009, 904141, -329061, -127690, 254721, 303353, 1026013, 76466, 1311188, -503029, -537849, 591825, 'Forward']
[2476274, 1779541, 382912, -307740, 475660, 917890, -335120, -131487, 253448, 309337, 1049288, 103714, 1309959, -506805, -526720, 594388, 'Forward']
[2377479, 1747841, 345984, -321444, 474530, 902519, -329614, -130683, 254279, 303885, 1041367, 82287, 1318486, -504003, -534891, 598548, 'Forward']
[2472743, 1780056, 381705, -307141, 476356, 918532, -334371, -132624, 254172, 308743, 1033221, 97122, 1302717, -506322, -530466, 586353, 'Forward']
[2381904, 1747196, 347202, -322474, 474140, 902138, -329479, -129055, 253578, 304174, 1056932, 88483, 1325412, -505063, -530872, 604457, 'Forward']
[2466497, 1779344, 379116, -307214, 476005, 919226, -336056, -130540, 254438, 307951, 1017742, 89997, 1296209, -505069, -533911, 580173, 'Forward']
[2388740, 1747510, 349354, -323103, 473952, 901861, -330146, -131284, 252530, 304241, 1070781, 94503, 1331244, -506455, -527599, 610365, 'Forward']
[2457528, 1777289, 375760, -307798, 475544, 918931, -335155, -131662, 254629, 306382, 1003730, 82692, 1290706, -504735, -537460, 574254, 'Forward']
[2398624, 1749156, 353035, -322174, 473479, 902638, -329704, -130020, 251736, 304742, 1082779, 100771, 1335459, -507421, -524289, 615140, 'Forward']
[2446589, 1775285, 371702, -307504, 476206, 918945, -334879, -129080, 255106, 305890, 992653, 76993, 1286884, -503279, -540235, 571101, 'Forward']
[2410335, 1751624, 356969, -321352, 473601, 903875, -330368, -130896, 251489, 305696, 1091663, 106428, 1338262, -507882, -521570, 618505, 'Forward']
[2433792, 1771925, 366975, -308768, 476470, 917257, -333022, -130802, 255267, 304790, 985454, 72073, 1285244, -502909, -542404, 569120, 'Forward']
[2423140, 1755477, 361914, -319726, 473719, 905477, -330581, -130247, 251574, 306656, 1096474, 110796, 1339185, -508198, -519571, 619474, 'Forward']
[2420633, 1768446, 362165, -309960, 476492, 915922, -332063, -128969, 255621, 304268, 982686, 68982, 1285355, -502162, -543485, 569068, 'Forward']
[2437040, 1760101, 366748, -318005, 473848, 907149, -333123, -132170, 251963, 307837, 1098350, 114062, 1338090, -508302, -518333, 619100, 'Forward']
[2408312, 1764571, 357428, -312244, 475970, 913206, -331991, -129415, 256023, 304001, 983841, 67244, 1286992, -501917, -544515, 569693, 'Forward']
[2450649, 1765260, 372006, -316138, 474024, 909467, -334200, -132530, 252243, 308512, 1096304, 115459, 1335385, -508463, -518277, 616547, 'Forward']
[2396372, 1759753, 353201, -314665, 475805, 910831, -331058, -129293, 255954, 303502, 988262, 66469, 1290515, -502009, -544485, 571996, 'Forward']
[2461365, 1768891, 376433, -314149, 474555, 911987, -333051, -130320, 251916, 308612, 1090182, 114781, 1331732, -508692, -518328, 613329, 'Forward']
[2385961, 1755302, 349052, -317040, 475427, 908896, -331339, -128413, 255503, 302942, 995346, 67224, 1295143, -502006, -543194, 576596, 'Forward']
[2469224, 1772618, 379335, -312653, 474687, 913833, -333766, -132582, 251673, 308490, 1080788, 112723, 1325781, -508788, -520448, 608549, 'Forward']
[2378878, 1751561, 346325, -318711, 475269, 906778, -329056, -128969, 255002, 302530, 1005593, 69375, 1301193, -502449, -541237, 581896, 'Forward']
[2474315, 1775919, 381415, -310089, 474784, 916740, -335042, -131488, 252541, 308905, 1068347, 109730, 1319484, -507621, -522310, 602623, 'Forward']
[2375886, 1748991, 345005, -320433, 474473, 904901, -329727, -129034, 254333, 302431, 1018748, 73379, 1307849, -503134, -538911, 588924, 'Forward']
[2476053, 1778322, 382174, -308667, 475117, 917713, -335663, -131571, 252864, 308751, 1054195, 104912, 1312284, -507345, -525271, 596121, 'Forward']
[2376480, 1747828, 345320, -321436, 474477, 903189, -328523, -130234, 254137, 303043, 1034400, 79043, 1315212, -503850, -535880, 595221, 'Forward']
[2474405, 1780043, 382131, -306951, 476053, 919089, -335372, -129930, 253825, 309089, 1039491, 99772, 1305161, -506039, -528299, 589074, 'Forward']
[2379858, 1747690, 346768, -321598, 474542, 902752, -329007, -129039, 253832, 304124, 1050577, 86086, 1322160, -504153, -531778, 602487, 'Forward']
[2469809, 1780369, 380549, -306375, 476210, 919581, -336449, -132343, 254825, 308858, 1024318, 93511, 1298468, -504874, -531870, 582760, 'Forward']
[2386391, 1747944, 348904, -322015, 474140, 902523, -329089, -129152, 253234, 304758, 1065800, 92848, 1328945, -505292, -528458, 608747, 'Forward']
[2461985, 1779162, 377668, -306537, 476274, 919857, -334272, -129895, 255210, 307694, 1009285, 86197, 1292671, -504179, -535163, 577485, 'Forward']
[2394580, 1748847, 351688, -322208, 473631, 902472, -330030, -130129, 252653, 304963, 1078375, 98735, 1334040, -506386, -524824, 614151, 'Forward']
[2451781, 1777136, 373802, -307201, 475797, 918858, -334889, -130772, 255218, 306436, 996776, 79427, 1288293, -503427, -539008, 572684, 'Forward']
[2405691, 1751108, 355339, -321926, 472960, 902883, -330683, -130810, 251969, 305801, 1088522, 104525, 1337270, -507334, -522380, 617977, 'Forward']
[2439505, 1773914, 369106, -308344, 476383, 917452, -332809, -129963, 255465, 305489, 987919, 73580, 1285248, -502886, -541769, 569436, 'Forward']
[2418089, 1754313, 360227, -320396, 473992, 904025, -331965, -130619, 251873, 306754, 1095116, 109137, 1338860, -507855, -520103, 619425, 'Forward']
[2426947, 1770553, 364965, -309202, 476143, 915857, -333288, -129302, 255663, 304613, 983940, 69746, 1284964, -502521, -543486, 568846, 'Forward']
[2431802, 1758824, 365693, -317904, 474134, 905958, -331085, -131961, 252248, 307882, 1098512, 112941, 1338994, -507882, -518378, 619825, 'Forward']
[2413359, 1766268, 360161, -310650, 476418, 913653, -332970, -130118, 255968, 304329, 983286, 67645, 1286578, -501798, -544092, 569039, 'Forward']
[2444918, 1763096, 370810, -316111, 474154, 907853, -332144, -131461, 252144, 308467, 1097759, 114877, 1337129, -508259, -517940, 618058, 'Forward']
[2401030, 1761986, 355882, -312650, 476103, 911466, -331025, -128177, 256078, 303862, 986367, 66677, 1289420, -501719, -543795, 571508, 'Forward']
[2457086, 1767943, 375509, -313754, 474416, 910442, -333980, -131679, 252255, 309170, 1093796, 115757, 1333854, -508259, -517891, 615245, 'Forward']
[2390409, 1757904, 351500, -314455, 475555, 909698, -331342, -128913, 256279, 304079, 992634, 67398, 1293526, -501248, -543561, 574985, 'Forward']
[2466681, 1772153, 379084, -311362, 474915, 913775, -334182, -131657, 252653, 309807, 1085736, 114885, 1328822, -507675, -519236, 610999, 'Forward']
[2382110, 1753726, 348364, -316275, 475285, 908134, -329137, -127801, 255627, 303660, 1001720, 69253, 1299408, -501321, -541535, 580352, 'Forward']
[2473106, 1775243, 381475, -309422, 475201, 915841, -334220, -130797, 252675, 309860, 1074316, 112054, 1322769, -507055, -520553, 605849, 'Forward']
[2377648, 1749773, 346178, -318736, 474946, 905430, -329085, -128629, 254697, 302811, 1013315, 71813, 1305222, -502406, -539286, 586442, 'Forward']
[2475867, 1777158, 382359, -308211, 475997, 916772, -335035, -131615, 252522, 308805, 1060435, 106838, 1315552, -507343, -523082, 599641, 'Forward']
[2375650, 1747570, 345031, -320333, 475019, 903215, -329393, -129505, 254049, 302550, 1026831, 76050, 1312021, -503268, -536637, 592501, 'Forward']
[2475201, 1778768, 382279, -307288, 475921, 917554, -334246, -130960, 252864, 308278, 1045090, 101077, 1308336, -506782, -526242, 592621, 'Forward']
[2377914, 1747422, 345941, -320668, 474498, 902711, -328711, -128207, 253666, 303352, 1042668, 82107, 1319350, -503859, -533045, 599501, 'Forward']
[2472003, 1779864, 381003, -306308, 476100, 918773, -335783, -130673, 254118, 308758, 1030282, 95765, 1301529, -505038, -529751, 585644, 'Forward']
[2383344, 1747118, 347456, -321580, 474333, 901796, -329500, -129368, 252979, 303773, 1058488, 88818, 1326109, -505008, -529704, 605524, 'Forward']
[2466431, 1779322, 379093, -305978, 476142, 919233, -334614, -130830, 254538, 307945, 1015183, 88757, 1295245, -504368, -533518, 579320, 'Forward']
[2391679, 1748386, 350626, -321386, 473889, 902349, -329509, -128796, 252744, 305146, 1073297, 96153, 1332119, -505345, -525788, 611911, 'Forward']
[2457527, 1778092, 376224, -306114, 476456, 919172, -335150, -130775, 254841, 307050, 1002244, 82235, 1290459, -503510, -536695, 575167, 'Forward']
[2401927, 1750695, 354496, -320339, 474343, 903435, -329563, -130066, 252953, 306432, 1084935, 102772, 1336661, -505628, -522360, 616261, 'Forward']
[2446210, 1775658, 372348, -306318, 476619, 918860, -333782, -129395, 255952, 306628, 992458, 76935, 1287230, -501827, -538828, 571366, 'Forward']
[2413415, 1753256, 358993, -319640, 473942, 904011, -330715, -129539, 252265, 306827, 1093536, 108016, 1339319, -506358, -519808, 620081, 'Forward']
[2432970, 1772369, 367313, -307496, 476774, 917133, -332730, -128752, 255909, 305515, 985833, 71967, 1285719, -501192, -541451, 570391, 'Forward']
[2426475, 1756730, 363706, -318525, 474043, 905620, -331587, -131208, 251985, 307591, 1097644, 111861, 1339581, -506818, -518106, 620728, 'Forward']
[2419469, 1768044, 362312, -309481, 476724, 915606, -332390, -128498, 255815, 304605, 982810, 68396, 1286018, -500851, -542611, 569794, 'Forward']
[2439784, 1760403, 368318, -317052, 474378, 907661, -332186, -130845, 251497, 307893, 1097702, 114017, 1338212, -507483, -517234, 619798, 'Forward']
[2406518, 1763261, 357074, -311832, 476109, 913124, -331123, -128231, 255409, 303662, 983532, 66165, 1287720, -501159, -543579, 571016, 'Forward']
[2452537, 1765650, 373103, -314767, 474759, 909877, -333260, -130864, 251781, 308724, 1095019, 115191, 1335261, -507508, -517297, 617445, 'Forward']
[2394968, 1759397, 352809, -313996, 476451, 910316, -330976, -129994, 255714, 303537, 989044, 66319, 1291738, -501031, -543143, 574282, 'Forward']
[2463464, 1770588, 377482, -312221, 474980, 912140, -334690, -130021, 252605, 309485, 1089214, 115170, 1331235, -507227, -517921, 613422, 'Forward']
[2385974, 1755436, 349834, -315377, 475769, 908219, -329212, -127665, 255824, 303649, 997936, 68086, 1297031, -500772, -541854, 579059, 'Forward']
[2471405, 1774439, 380584, -309877, 475147, 914381, -334771, -131445, 252810, 309990, 1079989, 113358, 1325676, -506627, -519492, 609088, 'Forward']
[2379381, 1752121, 346776, -317208, 475511, 906487, -329074, -127965, 255727, 303711, 1008614, 70801, 1302781, -500927, -539989, 584181, 'Forward']
[2475557, 1777190, 382237, -308565, 475891, 916405, -333900, -131456, 253225, 309740, 1067507, 109600, 1319360, -506376, -521333, 602800, 'Forward']
[2376106, 1749170, 345363, -319459, 475018, 904547, -329391, -129044, 254553, 303043, 1021567, 74334, 1309780, -502090, -537668, 590633, 'Forward']
[2476216, 1778894, 382289, -307556, 475999, 918051, -334693, -131176, 253274, 309319, 1052301, 104192, 1311893, -505903, -525061, 595965, 'Forward']
[2376604, 1747294, 345159, -320880, 474590, 903343, -329509, -129236, 253802, 303292, 1036800, 79606, 1316752, -503008, -534940, 597198, 'Forward']
[2474071, 1779654, 381603, -306626, 476169, 919130, -335692, -130304, 253690, 308832, 1037010, 98159, 1304573, -505095, -528714, 588895, 'Forward']
[2380760, 1747224, 346411, -321259, 474929, 902940, -329048, -127587, 253611, 304003, 1052498, 86292, 1323775, -503501, -531314, 604048, 'Forward']
[2469242, 1780082, 379766, -306014, 476192, 919786, -334800, -130137, 254674, 308528, 1021898, 91860, 1298170, -503841, -532000, 583135, 'Forward']
[2387948, 1747814, 348680, -321631, 474527, 902289, -329066, -129285, 253234, 304807, 1067616, 93435, 1329918, -504469, -527558, 610400, 'Forward']
[2461563, 1778894, 376975, -305875, 476740, 919002, -334953, -130646, 255047, 307701, 1007761, 84995, 1292469, -503268, -535688, 577362, 'Forward']
[2397325, 1749298, 352364, -321005, 473965, 902162, -330179, -130048, 252821, 305940, 1080630, 100094, 1334994, -505337, -524463, 614980, 'Forward']
[2451576, 1776859, 373868, -305854, 476769, 918511, -334352, -130068, 255411, 306661, 996387, 78650, 1288229, -502636, -539244, 572863, 'Forward']
[2408791, 1751895, 357152, -319953, 474368, 903003, -329603, -130110, 252451, 306560, 1090590, 105935, 1338420, -506323, -521391, 619074, 'Forward']
[2438813, 1773995, 369233, -307070, 477019, 917331, -332512, -130205, 255944, 306081, 988017, 73628, 1286004, -501474, -541159, 570557, 'Forward']
[2421250, 1755434, 361538, -319307, 474266, 904539, -331317, -130134, 252076, 307457, 1096224, 110127, 1339558, -506860, -519533, 620249, 'Forward']
[2425901, 1770312, 364058, -309050, 476473, 915832, -333602, -129646, 255813, 305248, 983806, 69742, 1285592, -501056, -543396, 569412, 'Forward']
[2434595, 1759248, 365915, -318009, 474008, 906536, -331752, -130594, 251676, 307935, 1098431, 113079, 1338901, -507237, -518879, 619619, 'Forward']
[2412460, 1765644, 359001, -311236, 476078, 913693, -332140, -129917, 255713, 304268, 983162, 67205, 1286934, -500927, -544799, 569379, 'Forward']
[2447481, 1763677, 370543, -316047, 474590, 909096, -333183, -130190, 251553, 308360, 1096751, 114555, 1337038, -507531, -518911, 617702, 'Forward']
[2399867, 1761331, 354256, -312864, 476176, 912073, -331387, -128541, 255479, 303875, 985891, 66220, 1289997, -500723, -544767, 571849, 'Forward']
[2459475, 1768568, 375425, -313218, 474663, 911514, -333418, -132306, 251841, 309252, 1091925, 115474, 1333442, -507320, -518915, 615175, 'Forward']
[2389242, 1757055, 350219, -314404, 475940, 909345, -329742, -130214, 255681, 303667, 992342, 67187, 1294421, -500832, -544258, 575849, 'Forward']
[2468466, 1773134, 378951, -309992, 475364, 913606, -334545, -131712, 252743, 310002, 1083349, 114627, 1328152, -506804, -519877, 610119, 'Forward']
[2382222, 1753738, 347696, -315805, 475410, 906849, -329808, -129679, 255668, 303803, 1002546, 69736, 1299967, -500937, -542326, 581059, 'Forward']
[2475205, 1776491, 381565, -307938, 475205, 915522, -333737, -130328, 252872, 310119, 1072401, 111699, 1322034, -506583, -521744, 605452, 'Forward']
[2378176, 1750247, 345438, -317983, 474659, 904457, -330066, -128775, 255066, 303700, 1015108, 73129, 1306451, -501701, -539967, 587680, 'Forward']
[2477268, 1778139, 381755, -307225, 475877, 916816, -336062, -131254, 253113, 309577, 1058419, 106902, 1314709, -506568, -524725, 598331, 'Forward']
[2377146, 1748089, 344663, -319329, 475057, 903771, -328066, -128028, 254331, 303341, 1029286, 77453, 1313559, -502881, -536960, 593582, 'Forward']
[2476223, 1779381, 381591, -306007, 476010, 918628, -333868, -131052, 253616, 309219, 1043303, 101288, 1307763, -505641, -527133, 591779, 'Forward']
[2379030, 1746840, 344974, -320400, 474515, 902927, -329612, -129848, 253502, 303484, 1044408, 83243, 1320399, -503738, -533592, 599953, 'Forward']
[2471779, 1779494, 379866, -305256, 476336, 919824, -335331, -130494, 253734, 308301, 1027230, 94371, 1300612, -504891, -531699, 584658, 'Forward']
[2384618, 1747002, 347271, -320269, 474840, 903084, -327748, -127471, 253096, 304166, 1059998, 89969, 1327167, -504125, -529489, 607171, 'Forward']
[2465224, 1779085, 378097, -304642, 476992, 919659, -333678, -129918, 254681, 307787, 1012537, 87805, 1294621, -503494, -534297, 579317, 'Forward']
[2392679, 1748214, 350190, -320422, 474681, 902122, -329851, -129067, 252852, 305088, 1074205, 96835, 1332897, -504993, -525936, 612740, 'Forward']
[2455959, 1777584, 374807, -305090, 477140, 918575, -334484, -131204, 255166, 306632, 999798, 81251, 1289735, -503051, -538231, 573872, 'Forward']
[2402918, 1750236, 354044, -319777, 473857, 902642, -330083, -130145, 252159, 305638, 1085400, 103091, 1336870, -506171, -523335, 616546, 'Forward']
[2444370, 1775134, 370730, -305162, 476840, 918468, -333691, -129244, 255617, 306120, 990031, 75894, 1286524, -501821, -541099, 570428, 'Forward']
[2415411, 1753816, 358783, -318130, 474116, 904299, -330547, -130921, 252348, 307272, 1093302, 108787, 1339218, -506095, -520492, 619392, 'Forward']
[2431707, 1771730, 365891, -306777, 476747, 916881, -332623, -129502, 255946, 305481, 984335, 71423, 1285362, -501223, -542908, 569067, 'Forward']
[2428214, 1756799, 363248, -317304, 474088, 905699, -331303, -129480, 251953, 307513, 1096915, 111789, 1339428, -506993, -519136, 620061, 'Forward']
[2417616, 1766691, 360334, -309114, 476071, 914781, -332587, -129590, 255621, 304151, 981613, 67488, 1285803, -501267, -544538, 569086, 'Forward']
[2441305, 1760991, 367575, -315495, 474096, 907828, -333141, -130651, 251590, 307890, 1096898, 113566, 1337514, -507501, -519002, 618634, 'Forward']
[2404999, 1762630, 355406, -310747, 476248, 912648, -330661, -128675, 255699, 303841, 983573, 66205, 1288074, -500857, -544660, 570723, 'Forward']
[2453743, 1765716, 372466, -313091, 474870, 909901, -331713, -131646, 251558, 308474, 1093461, 114704, 1334752, -507799, -518182, 616601, 'Forward']
[2393091, 1758029, 350625, -312656, 476210, 910177, -331293, -127943, 255435, 303448, 988254, 66032, 1291701, -500933, -544111, 573769, 'Forward']
[2464457, 1769971, 376206, -310851, 474666, 912484, -333975, -131819, 251887, 309026, 1086436, 114180, 1329917, -507574, -519287, 612491, 'Forward']
[2384563, 1754204, 347551, -314611, 475018, 908006, -330223, -128696, 255049, 303011, 996890, 67576, 1297022, -501437, -543192, 578809, 'Forward']
[2471966, 1774168, 379616, -308399, 475309, 914983, -334719, -129809, 252050, 309215, 1076602, 112298, 1324409, -507307, -521053, 607953, 'Forward']
[2378554, 1751113, 345520, -315942, 475915, 906242, -328186, -128207, 255010, 302890, 1008488, 70642, 1303526, -501706, -540779, 584924, 'Forward']
[2476259, 1777295, 381597, -306332, 475598, 916896, -334757, -130537, 253367, 309865, 1064328, 109137, 1318049, -506174, -522842, 601371, 'Forward']
[2376813, 1748943, 344878, -317556, 474838, 904362, -329138, -128078, 254631, 303137, 1022778, 75335, 1310516, -502274, -538107, 591342, 'Forward']
[2476879, 1779081, 381951, -305634, 476010, 917793, -335695, -131882, 253544, 309599, 1050062, 104165, 1310999, -505799, -526101, 594828, 'Forward']
[2377830, 1747739, 344705, -319124, 475137, 902668, -329497, -129982, 254173, 303679, 1037842, 80936, 1317781, -503133, -535278, 596832, 'Forward']
[2474578, 1780345, 381103, -304325, 476304, 919160, -334444, -129324, 254146, 309226, 1034442, 98003, 1303998, -505023, -529573, 587145, 'Forward']
[2382245, 1747710, 346441, -319213, 474710, 902575, -328463, -128441, 253739, 304519, 1054036, 87774, 1324795, -503478, -531018, 604421, 'Forward']
[2468866, 1779870, 379438, -303761, 476675, 919609, -334068, -130440, 254603, 308544, 1018985, 91231, 1297361, -503988, -532890, 581519, 'Forward']
[2388926, 1748113, 348974, -319005, 474505, 903001, -328711, -128504, 253105, 305156, 1068412, 94362, 1330862, -504353, -527219, 610788, 'Forward']
[2460049, 1778302, 376250, -303397, 477224, 919772, -334178, -128971, 254690, 307604, 1004742, 84137, 1291556, -502747, -536423, 576495, 'Forward']
[2398036, 1749305, 352302, -318648, 474533, 902935, -329762, -129278, 252171, 305677, 1080620, 100479, 1335429, -505237, -524124, 615510, 'Forward']
[2449525, 1776370, 372581, -303826, 476905, 919112, -334424, -129922, 255052, 306678, 993286, 77894, 1287845, -502018, -539799, 572006, 'Forward']
[2409525, 1752099, 356415, -317760, 474545, 903442, -330470, -131391, 252033, 306736, 1090041, 106269, 1338602, -505982, -521766, 618532, 'Forward']
[2437163, 1772959, 367576, -305007, 477026, 917786, -333561, -129115, 255321, 305671, 985970, 72863, 1285712, -501541, -542480, 569192, 'Forward']
[2422530, 1755655, 360777, -316280, 474209, 905405, -332330, -130137, 251757, 307564, 1095893, 110559, 1339462, -506395, -520131, 619715, 'Forward']
[2424371, 1769562, 362979, -306399, 476636, 916174, -331937, -129549, 256117, 305572, 983112, 69826, 1285593, -500445, -543861, 568259, 'Forward']
[2436761, 1760069, 366315, -314902, 473951, 906971, -331724, -129594, 252198, 308623, 1098689, 114175, 1338983, -506873, -518622, 619364, 'Forward']
[2411697, 1765570, 358281, -308663, 476679, 913102, -331091, -129168, 256447, 304758, 984137, 67746, 1287419, -500892, -544373, 569736, 'Forward']
[2449690, 1764684, 371376, -312835, 474999, 908488, -332526, -130564, 252697, 309106, 1097289, 115734, 1336766, -507450, -517831, 617345, 'Forward']
[2398901, 1760921, 353628, -310430, 476716, 910886, -331045, -127923, 256537, 304282, 987289, 67131, 1290701, -500689, -543812, 572209, 'Forward']
[2460602, 1769136, 375486, -310446, 475321, 911253, -334733, -131302, 252776, 309561, 1091171, 115881, 1332776, -507180, -518358, 613828, 'Forward']
[2388812, 1756390, 349615, -312664, 476084, 908956, -329978, -128522, 256027, 303671, 993885, 67673, 1295232, -500721, -543196, 576096, 'Forward']
[2469527, 1773079, 378434, -308457, 475046, 914073, -333082, -130066, 252614, 309613, 1082220, 113955, 1327819, -506902, -519672, 609870, 'Forward']
[2381435, 1752882, 345950, -315130, 474894, 907159, -329908, -127337, 255561, 303560, 1003638, 69670, 1300658, -500713, -541869, 581548, 'Forward']
[2475148, 1776274, 380396, -307414, 475368, 916054, -335369, -132030, 252939, 309884, 1070429, 110965, 1321095, -506447, -522468, 603681, 'Forward']
[2377668, 1749653, 344737, -317205, 474808, 904937, -329106, -128424, 254881, 303070, 1016543, 73098, 1307488, -501861, -539732, 587304, 'Forward']
[2477083, 1778074, 381765, -305975, 475783, 917304, -335197, -130718, 253228, 308961, 1056889, 105761, 1314312, -506391, -524936, 597101, 'Forward']
[2377336, 1747960, 345032, -318103, 475330, 903939, -328415, -128494, 254715, 303124, 1031594, 77842, 1314923, -502366, -536226, 594084, 'Forward']
[2476573, 1779450, 382039, -304971, 476224, 918625, -335972, -129914, 254154, 308885, 1041871, 100221, 1307523, -505324, -527807, 590326, 'Forward']
[2380810, 1747300, 346271, -319456, 474101, 902418, -329966, -128777, 254321, 303551, 1047485, 84262, 1322299, -503485, -533164, 601202, 'Forward']
[2472508, 1780607, 380972, -304218, 476454, 918857, -334286, -130507, 255354, 308772, 1026780, 94249, 1300712, -504454, -531591, 583703, 'Forward']
[2386553, 1748033, 348389, -319774, 474297, 901817, -330704, -129575, 254032, 304471, 1063253, 91323, 1328801, -504593, -529423, 607586, 'Forward']
[2465453, 1780032, 378212, -303948, 476731, 919246, -334998, -130131, 255818, 308299, 1012000, 87613, 1294502, -503201, -535616, 577600, 'Forward']
[2395163, 1749244, 350874, -319764, 473842, 902030, -329944, -130179, 253450, 305726, 1076814, 98283, 1333966, -504903, -526100, 612467, 'Forward']
[2455625, 1777916, 374047, -304397, 476500, 918983, -333633, -129068, 255598, 307358, 999064, 80720, 1289530, -502322, -538951, 572956, 'Forward']
[2405648, 1751181, 354040, -319392, 473623, 902900, -331317, -129195, 252735, 306536, 1086973, 104259, 1337495, -505555, -523209, 616598, 'Forward']
[2443921, 1774917, 369381, -305977, 476266, 917777, -333683, -128562, 255495, 305893, 989390, 74904, 1286255, -502037, -542244, 569341, 'Forward']
[2417693, 1753987, 358619, -318440, 474270, 904055, -330173, -129923, 252150, 306891, 1094487, 108863, 1339398, -506626, -520717, 618663, 'Forward']
[2430115, 1771145, 364825, -306443, 477120, 916529, -332643, -129492, 255927, 305207, 983831, 70390, 1285410, -501067, -543116, 567722, 'Forward']
[2430271, 1757645, 364175, -316166, 474896, 906061, -331493, -129369, 251989, 307476, 1097735, 112206, 1339481, -506962, -518397, 618810, 'Forward']
[2416601, 1766854, 360390, -308309, 476845, 914632, -332086, -127919, 256128, 304151, 982658, 67503, 1286818, -501067, -543407, 568462, 'Forward']
[2443888, 1762230, 369306, -314990, 474487, 907406, -334544, -131295, 252147, 307923, 1097858, 114377, 1338464, -507815, -517723, 617759, 'Forward']
[2404097, 1762717, 355784, -310692, 476514, 911767, -331342, -127729, 256260, 303479, 984933, 66098, 1289692, -501472, -544086, 570332, 'Forward']
[2456822, 1767248, 374261, -312508, 474497, 909774, -333264, -130977, 252593, 308727, 1094195, 115429, 1335560, -507997, -517766, 615403, 'Forward']
[2394052, 1758756, 351582, -312436, 475393, 909577, -330712, -127725, 256756, 303799, 990825, 66877, 1294038, -501091, -543403, 574041, 'Forward']
[2467514, 1771572, 377622, -310015, 474361, 912183, -333622, -131134, 253194, 309772, 1086933, 115116, 1330605, -507355, -519042, 611614, 'Forward']
[2385103, 1754153, 347523, -314840, 475468, 906642, -330290, -128193, 255918, 303202, 999453, 68131, 1298727, -501604, -542691, 578822, 'Forward']
[2474233, 1775126, 379838, -308309, 475395, 914389, -334883, -131365, 253121, 309493, 1076204, 112093, 1324316, -507299, -521266, 605691, 'Forward']
[2379772, 1750894, 345309, -316584, 474932, 905339, -328885, -128060, 255452, 303142, 1011261, 71157, 1304596, -501680, -540493, 584375, 'Forward']
[2477352, 1777577, 381183, -306579, 476181, 916331, -335346, -131039, 253417, 309583, 1063529, 108218, 1317361, -506387, -523274, 599907, 'Forward']
[2377179, 1748780, 344470, -318054, 475577, 903479, -329639, -128145, 255257, 303353, 1025185, 75621, 1311549, -502394, -537577, 590225, 'Forward']
[2477203, 1779435, 382171, -305332, 476596, 917389, -334783, -131311, 253880, 309126, 1048738, 103007, 1310548, -506198, -525905, 592699, 'Forward']
[2378704, 1747616, 345390, -318924, 475177, 902276, -328791, -129083, 254598, 303673, 1040566, 81701, 1319079, -503206, -533778, 597359, 'Forward']
[2474411, 1780196, 381123, -304537, 476729, 918526, -335041, -130437, 254959, 309050, 1032790, 96907, 1303361, -504946, -529183, 585776, 'Forward']
[2383517, 1747136, 346806, -319957, 474658, 901640, -329418, -129032, 254069, 303761, 1056178, 87758, 1325961, -504380, -530239, 604282, 'Forward']
[2468534, 1779774, 378848, -304516, 476607, 918781, -335169, -131599, 255494, 307810, 1017371, 89432, 1296961, -504362, -533567, 579481, 'Forward']
[2390908, 1748581, 349424, -319751, 474546, 901972, -329359, -128355, 254001, 304904, 1070700, 94849, 1332157, -504995, -526873, 610160, 'Forward']
[2460142, 1779410, 375894, -303641, 476285, 919289, -334512, -128494, 256127, 307725, 1004042, 83460, 1291648, -502789, -536782, 574912, 'Forward']
[2400808, 1750733, 352730, -318690, 473939, 902104, -330208, -130143, 253506, 306617, 1083466, 102249, 1336140, -505248, -523913, 615311, 'Forward']
[2449296, 1776996, 372224, -303915, 476796, 918369, -334199, -128949, 256124, 307162, 993922, 78157, 1287529, -501779, -539887, 571084, 'Forward']
[2412173, 1753192, 357363, -317575, 474161, 903167, -330687, -128706, 252720, 307402, 1092445, 107819, 1339056, -505828, -520782, 618515, 'Forward']
[2436333, 1773638, 367819, -305029, 476959, 917057, -332683, -128265, 256242, 306133, 986697, 72973, 1286102, -501060, -541703, 568967, 'Forward']
[2424777, 1756318, 362225, -316974, 474668, 903952, -331179, -131267, 252636, 307712, 1097654, 111604, 1340098, -506670, -518593, 619053, 'Forward']
[2422874, 1769097, 362813, -307314, 477006, 914672, -333508, -127613, 256664, 304883, 983030, 68755, 1286068, -500926, -542982, 567430, 'Forward']
[2438467, 1760040, 367459, -315690, 474873, 905804, -331802, -130491, 252373, 307580, 1098565, 113672, 1339357, -507541, -517486, 618386, 'Forward']
[2409632, 1764177, 357676, -309505, 476745, 912343, -332244, -128154, 256171, 303435, 983273, 66084, 1288075, -501172, -543621, 569066, 'Forward']
