[3128229, 2352280, 1542261, 621423, 114373, 1296744, -106136, 368098, 1092101, 575002, 1177040, 1638556, 1675619, 1253382, 593509, 1504507, 'Jaw']
[3030397, 2355121, 1474938, 625689, 119297, 1293300, -98674, 374214, 1102470, 585540, 1080908, 1561743, 1627643, 1237841, 569748, 1471950, 'Jaw']
[3137263, 2353603, 1545750, 621061, 115585, 1299153, -105271, 368072, 1094610, 575728, 1165518, 1622220, 1668394, 1255047, 592761, 1500052, 'Jaw']
[3024521, 2353444, 1472594, 626222, 118880, 1290105, -98989, 373075, 1102341, 584296, 1094126, 1578116, 1634914, 1236228, 571583, 1477102, 'Jaw']
[3139983, 2355208, 1545680, 622513, 115491, 1301280, -107639, 367698, 1095211, 576109, 1149156, 1604185, 1661290, 1252462, 589672, 1493603, 'Jaw']
[3024312, 2352537, 1473901, 624836, 118513, 1288668, -97271, 373212, 1101396, 582913, 1110190, 1596637, 1642481, 1237598, 573923, 1483315, 'Jaw']
[3140149, 2355805, 1544687, 622650, 115672, 1302289, -108769, 367584, 1094145, 577740, 1132268, 1585601, 1652462, 1250804, 587181, 1487901, 'Jaw']
[3027281, 2351054, 1477466, 624127, 117394, 1286614, -98617, 372513, 1098599, 583390, 1128410, 1615953, 1649853, 1237638, 577039, 1489885, 'Jaw']
[3137675, 2357515, 1540488, 623738, 116427, 1304123, -109924, 368328, 1098212, 578293, 1113954, 1567311, 1643483, 1248775, 582903, 1480801, 'Jaw']
[3034055, 2350009, 1482550, 623615, 117515, 1286339, -97144, 373495, 1098639, 580983, 1147392, 1635038, 1658925, 1239578, 580815, 1496643, 'Jaw']
[3129137, 2356988, 1533447, 623340, 116643, 1303997, -110132, 367649, 1098342, 579092, 1095782, 1550204, 1634458, 1246528, 579192, 1474497, 'Jaw']
[3043284, 2348444, 1489344, 622145, 116529, 1285310, -97418, 372160, 1096201, 579326, 1163640, 1649003, 1665668, 1241335, 584377, 1502003, 'Jaw']
[3118963, 2358266, 1525037, 624614, 117655, 1304035, -109347, 368097, 1098928, 580900, 1080321, 1535377, 1625957, 1243678, 575836, 1468471, 'Jaw']
[3056766, 2348460, 1497418, 622397, 116052, 1285802, -96772, 373125, 1094000, 577252, 1177647, 1659882, 1671439, 1242666, 588041, 1506198, 'Jaw']
[3106909, 2358738, 1516225, 624945, 117924, 1303300, -108968, 368615, 1100280, 582691, 1069272, 1526611, 1619675, 1241683, 572873, 1464974, 'Jaw']
[3071772, 2348203, 1507037, 621344, 116121, 1286010, -99225, 370824, 1093427, 576630, 1188171, 1666584, 1675026, 1244021, 590757, 1509553, 'Jaw']
[3093669, 2358726, 1507040, 625036, 118883, 1302246, -108727, 369541, 1100195, 584170, 1062228, 1522846, 1615220, 1239269, 570561, 1462572, 'Jaw']
[3087347, 2348616, 1515837, 621051, 114937, 1287560, -100400, 371310, 1092029, 576397, 1193590, 1668307, 1677318, 1245633, 592223, 1510856, 'Jaw']
[3079218, 2359075, 1497263, 626413, 119138, 1300692, -105699, 371327, 1100165, 585532, 1058916, 1524332, 1612406, 1236054, 568924, 1461705, 'Jaw']
[3103683, 2349317, 1524952, 620970, 114504, 1289798, -102942, 369668, 1091955, 576355, 1194686, 1665550, 1676492, 1247043, 594220, 1510818, 'Jaw']
[3065012, 2357683, 1488616, 625860, 118930, 1298047, -105326, 371080, 1100105, 584773, 1059586, 1530365, 1611930, 1234393, 567587, 1462432, 'Jaw']
[3118343, 2349834, 1533066, 620737, 114012, 1291521, -105080, 367383, 1089686, 574821, 1190797, 1657673, 1673769, 1247043, 594147, 1508697, 'Jaw']
[3051721, 2356739, 1480706, 626340, 119672, 1296033, -102633, 373063, 1099441, 585275, 1065305, 1540049, 1613071, 1232714, 567708, 1464463, 'Jaw']
[3131126, 2350683, 1539956, 620228, 114382, 1293891, -106526, 366985, 1089768, 575511, 1183265, 1646055, 1669228, 1247536, 594593, 1506236, 'Jaw']
[3041620, 2355229, 1475900, 625573, 119483, 1292872, -104391, 372144, 1098284, 585262, 1074961, 1553792, 1617035, 1231023, 568539, 1468806, 'Jaw']
[3139909, 2352343, 1543699, 620780, 115587, 1296392, -107427, 366153, 1089064, 575320, 1172222, 1630847, 1662598, 1247838, 592887, 1501342, 'Jaw']
[3033132, 2353537, 1472627, 624606, 119840, 1290073, -100293, 371829, 1097660, 584859, 1088024, 1569407, 1622125, 1231272, 571160, 1473909, 'Jaw']
[3143727, 2353536, 1544697, 620757, 116019, 1298442, -110060, 365904, 1089359, 576112, 1158263, 1612889, 1654412, 1247407, 590809, 1495650, 'Jaw']
[3028171, 2352685, 1471349, 624376, 119146, 1287968, -98806, 371991, 1096004, 584275, 1102885, 1586411, 1628467, 1231301, 572406, 1478958, 'Jaw']
[3145494, 2356451, 1544396, 622681, 116795, 1301156, -108177, 366457, 1088861, 578172, 1142914, 1594557, 1647230, 1247061, 588931, 1490218, 'Jaw']
[3029651, 2352542, 1474049, 624560, 118183, 1286732, -98257, 372255, 1093871, 584392, 1121064, 1606373, 1639138, 1233210, 575939, 1486206, 'Jaw']
[3142765, 2356993, 1542184, 622457, 115740, 1301912, -110649, 365185, 1088462, 579722, 1124980, 1576344, 1640412, 1245886, 584744, 1483817, 'Jaw']
[3032667, 2351917, 1479255, 624130, 118604, 1285607, -98888, 370625, 1090822, 584769, 1138612, 1625802, 1652024, 1234450, 579193, 1493018, 'Jaw']
[3135952, 2358692, 1537170, 623029, 116858, 1302635, -109407, 365835, 1089709, 584675, 1108078, 1559759, 1635940, 1245481, 582370, 1477647, 'Jaw']
[3040816, 2350902, 1486019, 622519, 116422, 1283881, -100480, 370020, 1088938, 585250, 1155815, 1642458, 1666502, 1237525, 582749, 1498903, 'Jaw']
[3126263, 2359858, 1530638, 623732, 118049, 1302863, -109629, 366003, 1089872, 587535, 1091355, 1544425, 1633407, 1244616, 577799, 1471444, 'Jaw']
[3049574, 2350622, 1493422, 622098, 117781, 1283674, -97456, 367845, 1086531, 585479, 1171716, 1655751, 1679706, 1242555, 587399, 1504434, 'Jaw']
[3112886, 2359972, 1521933, 624141, 118949, 1302866, -109731, 366094, 1088846, 589384, 1077540, 1532201, 1630495, 1244414, 575710, 1466731, 'Jaw']
[3059516, 2349906, 1502051, 621455, 116667, 1285137, -100171, 368489, 1083312, 584105, 1183722, 1664376, 1690906, 1247516, 590203, 1508135, 'Jaw']
[3095185, 2360000, 1512762, 624661, 118951, 1302314, -109461, 365173, 1087563, 591135, 1067711, 1525656, 1631438, 1244813, 572766, 1463607, 'Jaw']
[3070853, 2350096, 1511395, 621358, 115738, 1286347, -101427, 367606, 1079673, 584159, 1191769, 1668807, 1700439, 1250975, 592538, 1510504, 'Jaw']
[3079035, 2360617, 1503839, 626141, 119669, 1301740, -106528, 368709, 1086116, 593737, 1062987, 1524837, 1634783, 1243341, 570783, 1462627, 'Jaw']
[3084494, 2350980, 1520802, 621747, 115302, 1288462, -102345, 367703, 1076639, 585886, 1196475, 1668815, 1710038, 1254410, 594878, 1512081, 'Jaw']
[3062322, 2360097, 1493741, 626149, 119162, 1298997, -107519, 367514, 1083978, 595313, 1062441, 1527909, 1643331, 1242948, 569323, 1462169, 'Jaw']
[3098400, 2351565, 1529438, 621311, 114533, 1289788, -104921, 365023, 1073893, 586071, 1195529, 1663203, 1716088, 1256866, 595092, 1510438, 'Jaw']
[3048423, 2359366, 1485616, 626654, 120057, 1296755, -104666, 368394, 1081796, 596835, 1065799, 1536148, 1652953, 1241937, 569014, 1463476, 'Jaw']
[3111980, 2352727, 1537330, 621689, 115662, 1292819, -105343, 365077, 1072895, 587966, 1190621, 1653469, 1720362, 1258749, 596099, 1507920, 'Jaw']
[3036428, 2358446, 1479366, 626856, 120262, 1294462, -104360, 369033, 1081097, 598651, 1073613, 1547937, 1665318, 1242550, 569654, 1466902, 'Jaw']
[3123450, 2353893, 1544142, 621913, 115439, 1295653, -106910, 364564, 1071906, 589622, 1182194, 1640875, 1721949, 1261377, 595230, 1504906, 'Jaw']
[3026886, 2356837, 1475805, 626422, 119487, 1291461, -102563, 369708, 1079279, 599455, 1084917, 1563716, 1678964, 1242867, 570791, 1472097, 'Jaw']
[3130114, 2355271, 1547881, 622041, 115454, 1298061, -108221, 364872, 1071634, 591706, 1170043, 1624977, 1720946, 1261513, 593172, 1500197, 'Jaw']
[3019416, 2355252, 1474519, 625746, 119427, 1289312, -100220, 371951, 1078053, 600232, 1099145, 1581109, 1693609, 1243679, 572721, 1478112, 'Jaw']
[3131535, 2356777, 1548026, 622569, 116035, 1300236, -110001, 365093, 1072296, 593924, 1154215, 1606236, 1717695, 1261297, 590874, 1494487, 'Jaw']
[3017781, 2354302, 1475449, 625388, 118753, 1287362, -100265, 370534, 1077116, 600295, 1115750, 1600460, 1708920, 1245098, 575208, 1484297, 'Jaw']
[3134056, 2357759, 1545902, 622883, 116331, 1301422, -111058, 363057, 1072755, 595424, 1137521, 1587949, 1714029, 1260541, 587585, 1487769, 'Jaw']
[3023731, 2352767, 1478427, 624610, 118577, 1285664, -99692, 369645, 1075414, 599492, 1133430, 1618876, 1723748, 1246357, 577935, 1489994, 'Jaw']
[3131528, 2358674, 1540996, 623248, 116695, 1302540, -112298, 363097, 1074229, 597159, 1118730, 1568278, 1708627, 1258742, 583881, 1480080, 'Jaw']
[3030735, 2351836, 1483350, 624029, 117587, 1285316, -99052, 371087, 1074714, 598643, 1150916, 1636287, 1737386, 1249095, 581202, 1496115, 'Jaw']
[3124439, 2359562, 1534927, 624572, 116805, 1304157, -111850, 365776, 1075728, 599236, 1101300, 1551539, 1703253, 1256957, 580598, 1474402, 'Jaw']
[3039742, 2351218, 1490528, 623947, 116643, 1285394, -99255, 370557, 1073459, 598265, 1167398, 1651499, 1749468, 1251478, 584909, 1502379, 'Jaw']
[3113837, 2360516, 1526395, 625643, 117639, 1304678, -110400, 366947, 1077253, 601520, 1086182, 1537996, 1699041, 1255244, 576956, 1469063, 'Jaw']
[3051265, 2350927, 1498337, 623768, 116585, 1286356, -99731, 370583, 1073318, 597446, 1181903, 1662723, 1759729, 1255084, 588915, 1507328, 'Jaw']
[3100517, 2360628, 1517461, 626222, 118254, 1303689, -110741, 366709, 1078078, 602944, 1074757, 1529020, 1697287, 1252228, 573375, 1465455, 'Jaw']
[3063489, 2350109, 1507847, 622530, 115459, 1286109, -99608, 367716, 1072129, 596532, 1192040, 1669249, 1767643, 1257165, 591526, 1510474, 'Jaw']
[3084890, 2361041, 1507631, 626865, 118547, 1302747, -109288, 368720, 1078629, 603818, 1066638, 1524528, 1696857, 1249883, 570900, 1462813, 'Jaw']
[3076745, 2350900, 1516802, 622680, 115113, 1288325, -102371, 368132, 1071997, 596758, 1198092, 1670011, 1771547, 1259764, 593465, 1511683, 'Jaw']
[3069210, 2360326, 1498542, 626955, 119594, 1300853, -106196, 367542, 1079661, 604877, 1064687, 1525693, 1699208, 1248832, 569392, 1462147, 'Jaw']
[3090946, 2350978, 1526150, 621619, 115161, 1289595, -102749, 366457, 1071603, 596023, 1199243, 1666431, 1773731, 1261047, 595187, 1511057, 'Jaw']
[3054326, 2359877, 1489727, 627021, 119581, 1298347, -106103, 370287, 1080576, 605650, 1065835, 1531173, 1703995, 1246757, 568489, 1462311, 'Jaw']
[3104884, 2352367, 1534785, 621950, 115001, 1292156, -105048, 365979, 1072898, 596486, 1196594, 1658554, 1772720, 1262758, 595505, 1509310, 'Jaw']
[3040870, 2358884, 1482582, 626898, 120149, 1295787, -104086, 368709, 1081163, 606385, 1072456, 1541131, 1710025, 1246053, 568923, 1464615, 'Jaw']
[3115756, 2353529, 1540909, 622147, 114921, 1294809, -106375, 366385, 1073123, 596899, 1189731, 1646666, 1769414, 1263146, 594967, 1505679, 'Jaw']
[3029502, 2357955, 1477067, 627335, 119555, 1293525, -102378, 369747, 1081297, 606969, 1081225, 1554116, 1717995, 1246238, 569717, 1468815, 'Jaw']
[3125672, 2355378, 1546017, 623137, 115596, 1297816, -107692, 365444, 1073897, 598067, 1179309, 1632340, 1764700, 1265055, 594169, 1502143, 'Jaw']
[3022995, 2356660, 1474530, 627152, 118962, 1291094, -101433, 369799, 1080977, 606879, 1094129, 1570610, 1727711, 1247116, 571365, 1474220, 'Jaw']
[3131930, 2356418, 1548012, 623739, 115129, 1300081, -109434, 366995, 1074739, 599205, 1165379, 1615392, 1757918, 1265071, 591957, 1497107, 'Jaw']
[3021419, 2355026, 1474471, 626651, 118497, 1289306, -101144, 371473, 1080498, 606300, 1109441, 1588604, 1737839, 1247251, 573239, 1480221, 'Jaw']
[3135782, 2357580, 1547942, 623871, 115877, 1302376, -109901, 365914, 1075824, 600023, 1150066, 1597148, 1750048, 1263975, 589410, 1491015, 'Jaw']
[3023718, 2353746, 1477101, 625805, 118501, 1287491, -98540, 370944, 1080031, 605676, 1127094, 1607998, 1749175, 1247969, 576697, 1486637, 'Jaw']
[3133250, 2357968, 1543706, 623428, 116198, 1302428, -111921, 364014, 1077432, 601452, 1132142, 1577905, 1741599, 1261594, 585927, 1483777, 'Jaw']
[3027267, 2352147, 1480661, 624461, 117243, 1285312, -99740, 370008, 1078836, 603888, 1143677, 1624839, 1759721, 1249229, 579085, 1491800, 'Jaw']
[3129120, 2359506, 1538948, 624640, 116741, 1303617, -110663, 365894, 1079017, 603219, 1113994, 1559566, 1733735, 1259844, 582293, 1476983, 'Jaw']
[3036528, 2351516, 1487100, 624059, 116659, 1285144, -100100, 370323, 1078700, 603688, 1161538, 1642397, 1770513, 1251899, 583035, 1498283, 'Jaw']
[3121685, 2360038, 1532144, 625067, 116766, 1304366, -112585, 366422, 1080806, 604672, 1097407, 1544824, 1726569, 1257592, 578220, 1471234, 'Jaw']
[3046944, 2350916, 1494574, 623753, 116400, 1285627, -99172, 369421, 1078024, 602440, 1176448, 1656061, 1779106, 1254271, 586518, 1503535, 'Jaw']
[3109738, 2360171, 1522871, 625891, 117816, 1304229, -111263, 366409, 1082327, 606467, 1082919, 1532650, 1720904, 1255506, 575155, 1465865, 'Jaw']
[3058180, 2350073, 1502637, 623442, 115873, 1286197, -99505, 369841, 1077183, 601342, 1187882, 1664514, 1785690, 1256589, 589615, 1507347, 'Jaw']
[3096155, 2360166, 1513634, 626849, 118476, 1303701, -110122, 368199, 1083314, 607307, 1072499, 1525921, 1718182, 1252339, 572521, 1463506, 'Jaw']
[3072856, 2349899, 1512696, 623338, 115303, 1287700, -102999, 368297, 1076780, 600377, 1196160, 1669320, 1790188, 1258867, 592331, 1510875, 'Jaw']
[3082456, 2359784, 1504901, 627387, 118933, 1302133, -108022, 367141, 1084476, 608526, 1067844, 1524957, 1717639, 1250440, 570088, 1462457, 'Jaw']
[3087437, 2349731, 1522163, 622865, 115049, 1289458, -101434, 369350, 1077430, 599712, 1200389, 1668561, 1791586, 1260425, 594496, 1511623, 'Jaw']
[3066771, 2358928, 1495034, 627480, 119074, 1300249, -107247, 370658, 1085111, 608518, 1066691, 1527834, 1719346, 1248759, 569701, 1462255, 'Jaw']
[3101027, 2350010, 1530624, 622236, 115174, 1291287, -103565, 367829, 1076414, 599680, 1199217, 1662329, 1790085, 1261621, 595193, 1510077, 'Jaw']
[3052650, 2357872, 1486153, 627350, 119443, 1297660, -106450, 370914, 1086026, 609428, 1069955, 1534693, 1723210, 1247094, 569082, 1463140, 'Jaw']
[3114426, 2350483, 1537494, 622167, 114232, 1293319, -105685, 366584, 1077212, 599139, 1194020, 1652340, 1786963, 1263111, 594650, 1506935, 'Jaw']
[3040406, 2356079, 1479251, 627800, 119109, 1295210, -104943, 370980, 1085464, 609459, 1076849, 1546515, 1728969, 1246482, 569057, 1465933, 'Jaw']
[3125246, 2351376, 1543338, 622974, 114892, 1296587, -107498, 366383, 1077732, 599811, 1185135, 1639523, 1781691, 1263824, 594518, 1503675, 'Jaw']
[3030694, 2353789, 1475255, 627235, 119217, 1292466, -102565, 370618, 1084954, 608801, 1087223, 1561843, 1737271, 1245744, 570314, 1470869, 'Jaw']
[3130871, 2351706, 1546393, 622604, 114955, 1298743, -109387, 365076, 1078912, 599318, 1172068, 1623561, 1774708, 1263347, 592836, 1498796, 'Jaw']
[3022736, 2351129, 1473041, 626145, 118188, 1290044, -100476, 371264, 1084270, 607794, 1099903, 1578305, 1745873, 1246018, 571626, 1475835, 'Jaw']
[3133085, 2352308, 1547289, 623073, 114659, 1300973, -110647, 366694, 1079307, 600085, 1155721, 1604521, 1765622, 1262970, 589926, 1493021, 'Jaw']
[3019852, 2349438, 1474005, 625751, 117723, 1288639, -99422, 373624, 1084881, 606761, 1116039, 1596480, 1755311, 1246798, 574389, 1482542, 'Jaw']
[3130674, 2352924, 1544369, 623478, 115717, 1302400, -111973, 364899, 1080330, 601121, 1138212, 1584717, 1756338, 1261451, 587057, 1486510, 'Jaw']
[3020695, 2347271, 1476717, 624463, 117274, 1286138, -99371, 371603, 1082891, 604974, 1133195, 1614438, 1764807, 1246873, 577051, 1488096, 'Jaw']
[3125876, 2352936, 1540082, 622759, 116207, 1303061, -112123, 364904, 1081075, 601370, 1119292, 1565394, 1746866, 1259074, 584001, 1479275, 'Jaw']
[3026235, 2346710, 1481763, 623617, 117304, 1285247, -100040, 371579, 1081569, 603768, 1150125, 1632034, 1774499, 1248455, 580626, 1493907, 'Jaw']
[3119543, 2354479, 1534250, 624115, 116697, 1304493, -112294, 367756, 1082224, 603907, 1102250, 1548701, 1737860, 1256507, 580241, 1472847, 'Jaw']
[3035071, 2346248, 1489752, 623419, 116322, 1285923, -98871, 371091, 1080780, 603171, 1167675, 1648118, 1783188, 1250911, 584688, 1500775, 'Jaw']
[3109094, 2355775, 1527175, 625985, 117598, 1305619, -109603, 369186, 1084577, 605881, 1087163, 1536109, 1730605, 1255156, 577145, 1468400, 'Jaw']
[3045540, 2346482, 1497678, 624104, 115585, 1286932, -99234, 371992, 1081266, 602698, 1181544, 1660460, 1789700, 1254735, 588731, 1506525, 'Jaw']
[3096624, 2356902, 1517645, 627173, 117936, 1305093, -110503, 368252, 1086321, 608301, 1074781, 1526927, 1724032, 1253656, 574048, 1464699, 'Jaw']
[3058966, 2346976, 1506783, 624005, 115525, 1288073, -101250, 370698, 1081204, 602186, 1191815, 1666767, 1792771, 1257770, 591422, 1509566, 'Jaw']
[3082791, 2356961, 1508117, 627081, 117789, 1303885, -110386, 368841, 1087558, 609409, 1066967, 1522685, 1720634, 1251465, 570842, 1462390, 'Jaw']
[3073223, 2346882, 1516183, 623110, 114041, 1288592, -102446, 369476, 1080908, 600824, 1196884, 1668386, 1793627, 1259600, 592553, 1511164, 'Jaw']
[3068624, 2356956, 1498653, 627269, 118495, 1301733, -106709, 370574, 1088560, 610518, 1063473, 1523764, 1719702, 1250216, 568693, 1461255, 'Jaw']
[3088424, 2347591, 1525559, 621925, 114172, 1290712, -103103, 369774, 1082098, 601066, 1198203, 1664856, 1791982, 1261457, 594182, 1510695, 'Jaw']
[3054451, 2356574, 1489474, 626726, 118400, 1299287, -107303, 370700, 1090124, 611024, 1064394, 1528739, 1720714, 1248494, 567536, 1461774, 'Jaw']
[3103035, 2349192, 1533535, 621649, 114620, 1292720, -103153, 368793, 1082179, 601142, 1195254, 1657047, 1787956, 1263044, 594500, 1508191, 'Jaw']
[3042108, 2355990, 1481623, 626651, 119227, 1296704, -104500, 372084, 1091407, 611472, 1070325, 1538337, 1723642, 1247723, 568642, 1463694, 'Jaw']
[3115289, 2349606, 1539543, 620910, 113854, 1294605, -107595, 367653, 1082838, 601142, 1188273, 1645266, 1781611, 1264706, 594433, 1504652, 'Jaw']
[3032123, 2354359, 1476965, 625857, 118599, 1294295, -103723, 372815, 1091147, 609492, 1077917, 1551390, 1729144, 1248263, 568552, 1467292, 'Jaw']
[3126221, 2351844, 1545917, 621479, 113901, 1297944, -108687, 366540, 1084818, 601296, 1178001, 1631277, 1774936, 1267649, 593237, 1501422, 'Jaw']
[3025859, 2353591, 1474873, 626963, 117965, 1291753, -102344, 372607, 1092823, 611462, 1091615, 1568184, 1736176, 1247176, 570347, 1473210, 'Jaw']
[3130815, 2353157, 1547567, 621724, 114575, 1299729, -108759, 365212, 1085440, 602151, 1163283, 1614574, 1766354, 1266608, 591272, 1496823, 'Jaw']
[3021023, 2353254, 1474336, 627252, 117974, 1289941, -100160, 373794, 1092518, 612019, 1105956, 1585804, 1743639, 1249328, 572973, 1479104, 'Jaw']
[3132304, 2356432, 1546832, 624183, 115128, 1303098, -109393, 369261, 1089282, 605398, 1148056, 1596336, 1755038, 1267769, 589550, 1490924, 'Jaw']
[3020598, 2352324, 1475645, 625922, 117005, 1288529, -100280, 373824, 1093372, 612040, 1124510, 1605379, 1750744, 1252882, 576568, 1485990, 'Jaw']
[3128713, 2355508, 1542833, 621975, 114643, 1302874, -112534, 366897, 1090831, 606201, 1129989, 1577076, 1744014, 1266276, 585409, 1483917, 'Jaw']
[3022709, 2350430, 1479026, 622255, 116496, 1286205, -99436, 372840, 1094637, 611963, 1140091, 1622768, 1755898, 1256876, 578736, 1491294, 'Jaw']
[3124044, 2358138, 1538593, 624057, 116272, 1304423, -110961, 367833, 1093537, 607093, 1112031, 1559571, 1726516, 1264246, 582457, 1476722, 'Jaw']
[3028241, 2349292, 1484999, 620903, 116390, 1285698, -97911, 372085, 1094269, 608410, 1158788, 1641044, 1756855, 1257365, 582634, 1497129, 'Jaw']
[3113159, 2358779, 1531148, 623543, 117100, 1305286, -109832, 369095, 1096603, 610705, 1094836, 1543706, 1709983, 1263537, 579072, 1470642, 'Jaw']
[3038114, 2350200, 1493373, 622993, 116477, 1286351, -99499, 372607, 1092919, 604261, 1174810, 1654745, 1754162, 1260583, 586749, 1503012, 'Jaw']
[3103308, 2360075, 1523156, 624870, 117711, 1305727, -110678, 368384, 1099067, 607191, 1082331, 1533589, 1695206, 1262347, 575243, 1466341, 'Jaw']
[3051379, 2348803, 1501555, 621269, 116129, 1287515, -99891, 371876, 1095482, 603662, 1186555, 1664147, 1751610, 1267401, 589502, 1507101, 'Jaw']
[3091219, 2359716, 1512851, 624995, 118745, 1305383, -108294, 371505, 1099422, 607729, 1070353, 1525053, 1681253, 1260274, 572234, 1462952, 'Jaw']
[3065909, 2349707, 1510323, 622276, 115257, 1288902, -100055, 371455, 1093776, 601516, 1194304, 1667737, 1742275, 1266357, 592147, 1509728, 'Jaw']
[3076660, 2360036, 1503911, 625452, 118252, 1303405, -109087, 370725, 1102608, 606857, 1064805, 1524501, 1669038, 1256973, 569618, 1461599, 'Jaw']
[3079783, 2349511, 1519864, 619979, 114396, 1289835, -102405, 370327, 1092389, 597012, 1197041, 1667808, 1734832, 1270092, 593407, 1510591, 'Jaw']
[3061149, 2359480, 1494870, 625597, 119101, 1300916, -105184, 370548, 1101511, 607488, 1063063, 1527123, 1661827, 1254531, 568596, 1461322, 'Jaw']
[3094353, 2350201, 1529067, 619586, 114575, 1291491, -103152, 368652, 1092114, 595233, 1197644, 1662541, 1725830, 1268620, 595206, 1509869, 'Jaw']
[3047168, 2357268, 1485565, 624019, 118728, 1297985, -105154, 371273, 1102275, 603901, 1066136, 1533722, 1656330, 1251809, 568182, 1462116, 'Jaw']
[3109290, 2350978, 1536751, 617875, 113953, 1294033, -106789, 367153, 1091645, 592128, 1191117, 1651520, 1715027, 1269098, 594249, 1506443, 'Jaw']
[3033452, 2356555, 1478901, 624848, 119338, 1295304, -102821, 371289, 1100939, 601717, 1072838, 1544931, 1653947, 1251392, 567823, 1464919, 'Jaw']
[3117431, 2350641, 1541364, 618977, 114314, 1296471, -106377, 366278, 1092996, 590150, 1181675, 1638183, 1705070, 1268852, 593569, 1502463, 'Jaw']
[3022229, 2355433, 1473746, 623518, 118331, 1293073, -102670, 372323, 1102393, 598127, 1081993, 1557659, 1655944, 1251268, 568512, 1468662, 'Jaw']
[3125163, 2353362, 1544267, 620303, 113794, 1298564, -109751, 366112, 1093212, 591274, 1168849, 1622963, 1694923, 1268134, 591424, 1497868, 'Jaw']
[3016640, 2353233, 1471038, 623065, 117644, 1290795, -100814, 372059, 1101490, 600243, 1096907, 1575967, 1659393, 1251254, 570264, 1474308, 'Jaw']
[3128719, 2354577, 1545279, 619284, 114301, 1301913, -109594, 365613, 1094967, 591621, 1153359, 1604566, 1684458, 1268219, 589242, 1492245, 'Jaw']
[3013763, 2351279, 1472256, 621874, 116959, 1288827, -99890, 370091, 1100871, 600220, 1113021, 1594844, 1666166, 1250987, 572805, 1480762, 'Jaw']
[3126900, 2354901, 1542636, 619015, 114356, 1303558, -110733, 365985, 1096106, 590679, 1135013, 1584628, 1674156, 1264199, 585442, 1485293, 'Jaw']
[3016262, 2352202, 1475855, 622098, 116737, 1287783, -99204, 371081, 1098561, 598465, 1130081, 1613181, 1673483, 1251423, 576036, 1487069, 'Jaw']
[3124174, 2358754, 1539429, 621200, 116334, 1304572, -108979, 366652, 1099269, 595011, 1119131, 1568157, 1663435, 1261197, 583270, 1479378, 'Jaw']
[3020720, 2350274, 1480653, 619566, 116345, 1286584, -98710, 370708, 1097839, 596659, 1149124, 1631680, 1681544, 1251770, 580608, 1493946, 'Jaw']
[3115524, 2357971, 1532831, 619415, 115997, 1304517, -110706, 365928, 1097600, 594978, 1100691, 1549716, 1653824, 1260967, 579041, 1472541, 'Jaw']
[3029463, 2350112, 1487310, 619828, 115696, 1286358, -99809, 370942, 1097563, 594381, 1164872, 1646738, 1688864, 1254415, 583080, 1499290, 'Jaw']
[3105226, 2358003, 1525394, 619718, 116677, 1305168, -109331, 365827, 1098843, 597399, 1084653, 1535684, 1645268, 1259048, 575635, 1467378, 'Jaw']
[3040902, 2350179, 1495932, 620521, 115477, 1286357, -97671, 370668, 1095675, 591519, 1178967, 1658672, 1695051, 1253005, 586944, 1504723, 'Jaw']
[3094973, 2360728, 1517494, 623065, 117732, 1304819, -107668, 368622, 1099791, 598908, 1073581, 1528622, 1639110, 1251733, 573004, 1464679, 'Jaw']
[3053997, 2347904, 1503924, 617095, 114082, 1287044, -101275, 368697, 1092896, 589451, 1189179, 1665672, 1698009, 1256590, 589495, 1508295, 'Jaw']
[3080750, 2359241, 1507050, 621576, 117468, 1303937, -107681, 368820, 1098599, 599387, 1064572, 1521973, 1634397, 1252492, 569240, 1461020, 'Jaw']
[3068202, 2346624, 1512818, 615677, 113678, 1287568, -99724, 367684, 1089991, 590150, 1193323, 1665295, 1700798, 1259571, 591392, 1508854, 'Jaw']
[3066785, 2359843, 1497075, 623185, 118884, 1301612, -105459, 371216, 1099756, 598084, 1060165, 1520998, 1633479, 1246165, 568045, 1459555, 'Jaw']
[3085589, 2350631, 1523495, 618106, 114520, 1290534, -101029, 368698, 1092062, 589684, 1197704, 1664725, 1702529, 1259749, 594098, 1509862, 'Jaw']
[3050761, 2357752, 1488786, 621343, 118224, 1298943, -106900, 369946, 1098192, 596903, 1063375, 1528485, 1634578, 1245102, 567541, 1461127, 'Jaw']
[3097034, 2349947, 1531498, 616013, 113049, 1291542, -104800, 367388, 1090291, 586182, 1194283, 1657274, 1700799, 1260474, 593512, 1507480, 'Jaw']
[3037178, 2357633, 1481706, 622376, 118588, 1296683, -103044, 370527, 1099573, 599725, 1067486, 1537592, 1639693, 1244721, 567213, 1462633, 'Jaw']
[3109341, 2350542, 1539099, 615455, 113565, 1294490, -104468, 366557, 1090111, 587677, 1186884, 1646186, 1698158, 1260804, 593533, 1504700, 'Jaw']
[3025527, 2355785, 1475254, 622119, 118469, 1293618, -101466, 373154, 1101221, 597631, 1074991, 1550060, 1645869, 1243609, 567727, 1466185, 'Jaw']
[3118723, 2352672, 1541844, 616962, 113903, 1297266, -105785, 366848, 1092146, 587567, 1175932, 1631540, 1694096, 1260996, 592698, 1500543, 'Jaw']
[3018272, 2354419, 1471023, 620973, 117898, 1291423, -99141, 372440, 1097334, 597408, 1088667, 1565139, 1652819, 1242456, 569045, 1470893, 'Jaw']
[3126555, 2353587, 1544387, 617632, 114082, 1299477, -108097, 367373, 1094286, 586098, 1162653, 1614526, 1687675, 1260205, 590684, 1495432, 'Jaw']
[3014746, 2352251, 1470787, 620036, 117049, 1289209, -99152, 373764, 1099767, 597193, 1103969, 1583763, 1662448, 1242230, 571188, 1477279, 'Jaw']
[3126843, 2355015, 1544082, 617419, 114558, 1301185, -107372, 366875, 1094779, 586704, 1146057, 1595042, 1680345, 1259897, 588260, 1489488, 'Jaw']
[3014779, 2351585, 1472917, 620460, 117214, 1287563, -97625, 372147, 1100635, 595504, 1120162, 1603023, 1672113, 1241878, 574687, 1483511, 'Jaw']
[3126025, 2356491, 1541284, 618621, 115361, 1303598, -108186, 367670, 1097216, 589201, 1128547, 1576949, 1673108, 1258567, 585490, 1483087, 'Jaw']
[3018299, 2350396, 1477475, 619304, 115904, 1286412, -97688, 372216, 1099132, 592425, 1138860, 1621826, 1682663, 1244605, 578014, 1490347, 'Jaw']
[3120291, 2356823, 1536005, 619114, 115382, 1304044, -109994, 367599, 1099180, 591693, 1110094, 1558936, 1665215, 1254850, 580843, 1476118, 'Jaw']
[3024891, 2349029, 1483490, 618398, 115178, 1285068, -98081, 371127, 1100078, 591073, 1156102, 1637626, 1692722, 1247061, 581168, 1496425, 'Jaw']
[3112905, 2358718, 1530430, 620227, 116026, 1304193, -109488, 368141, 1100304, 590800, 1094005, 1543536, 1657561, 1252265, 577137, 1470536, 'Jaw']
[3035599, 2349469, 1491489, 618143, 115133, 1285195, -98167, 371555, 1099842, 590261, 1172641, 1653694, 1700478, 1248645, 585481, 1502572, 'Jaw']
[3100866, 2358299, 1521173, 620005, 116232, 1303658, -108264, 367065, 1102500, 589971, 1079727, 1531754, 1650784, 1250310, 573823, 1465458, 'Jaw']
[3046455, 2349032, 1498923, 618661, 114846, 1286167, -97346, 371849, 1097366, 587741, 1183708, 1661683, 1706893, 1250547, 588320, 1505608, 'Jaw']
[3085173, 2358833, 1511010, 621310, 116722, 1303364, -107300, 369334, 1105469, 594574, 1068705, 1524190, 1647027, 1246521, 571683, 1462280, 'Jaw']
[3058643, 2348744, 1507264, 617420, 113655, 1287359, -99110, 368964, 1096694, 583969, 1191511, 1665884, 1711113, 1252346, 590774, 1508074, 'Jaw']
[3070932, 2358616, 1501248, 620984, 117374, 1302660, -106915, 370538, 1103992, 596017, 1062688, 1521109, 1645139, 1246542, 569285, 1460070, 'Jaw']
[3073915, 2348386, 1517710, 616428, 113734, 1288926, -99090, 368944, 1097948, 583140, 1195700, 1666354, 1713374, 1255565, 593405, 1509984, 'Jaw']
[3055331, 2357532, 1492045, 621536, 117890, 1300337, -104582, 369971, 1105076, 594935, 1060224, 1524002, 1644967, 1242935, 568156, 1460223, 'Jaw']
[3086968, 2348727, 1526185, 615582, 112665, 1290991, -102737, 367870, 1096955, 581440, 1193509, 1660428, 1712046, 1256507, 593627, 1508015, 'Jaw']
[3041555, 2357515, 1484397, 622217, 117392, 1298281, -103791, 370287, 1105241, 592973, 1063081, 1532141, 1647145, 1240771, 566976, 1461130, 'Jaw']
[3101100, 2350614, 1534092, 616778, 113348, 1294475, -102381, 368578, 1099093, 581909, 1189449, 1652243, 1709328, 1256849, 593952, 1505982, 'Jaw']
[3029607, 2356847, 1476683, 622056, 118074, 1296546, -102193, 372246, 1105163, 594779, 1069992, 1542903, 1651688, 1241507, 567842, 1464120, 'Jaw']
[3112891, 2352051, 1539150, 617282, 113067, 1296721, -105171, 366902, 1097160, 582644, 1180635, 1638559, 1704988, 1257236, 593258, 1502549, 'Jaw']
[3021037, 2355601, 1472471, 621876, 117284, 1293448, -101251, 371211, 1105155, 591326, 1080832, 1558203, 1657208, 1239710, 568133, 1468818, 'Jaw']
[3121736, 2353465, 1542872, 617715, 113253, 1299332, -105754, 367480, 1097380, 580738, 1168336, 1623493, 1697882, 1257989, 591195, 1497714, 'Jaw']
[3016047, 2354051, 1470372, 622311, 116653, 1290964, -100305, 372283, 1106055, 590640, 1094131, 1574741, 1665048, 1239540, 570225, 1474183, 'Jaw']
[3126256, 2354448, 1544021, 617546, 113643, 1301248, -108413, 365296, 1096718, 584475, 1153220, 1605841, 1689977, 1257029, 588979, 1492266, 'Jaw']
[3014427, 2352397, 1471103, 621168, 116807, 1288696, -97057, 372669, 1104293, 588714, 1109977, 1592981, 1673660, 1240529, 573044, 1480106, 'Jaw']
[3126980, 2355575, 1541887, 618321, 113955, 1301946, -110498, 364816, 1097768, 582602, 1135993, 1586534, 1682133, 1254366, 586548, 1485923, 'Jaw']
[3015439, 2350228, 1473319, 619115, 116079, 1286495, -96351, 371313, 1102915, 587019, 1127320, 1611535, 1682653, 1240868, 575362, 1485785, 'Jaw']
[3123468, 2355891, 1538040, 617778, 114583, 1302935, -109584, 365286, 1098215, 581362, 1117080, 1566585, 1673011, 1253237, 582749, 1478352, 'Jaw']
[3020572, 2349162, 1478332, 618336, 115567, 1285665, -97827, 371325, 1100865, 586607, 1146243, 1629211, 1692442, 1241880, 579085, 1492179, 'Jaw']
[3114685, 2356993, 1530838, 619268, 114877, 1303962, -110894, 366416, 1102517, 583717, 1099544, 1549383, 1664306, 1249785, 578826, 1471728, 'Jaw']
[3027951, 2348732, 1484842, 618426, 114667, 1285463, -97381, 371217, 1099946, 583863, 1161886, 1644688, 1699988, 1243163, 582496, 1497665, 'Jaw']
[3104317, 2358181, 1523301, 620757, 115236, 1304586, -108634, 366369, 1102622, 584963, 1084751, 1536111, 1657181, 1248088, 575667, 1466697, 'Jaw']
[3037827, 2347670, 1492845, 618247, 113966, 1286120, -98484, 371035, 1098779, 581266, 1175352, 1656127, 1706599, 1245997, 585971, 1502937, 'Jaw']
[3091840, 2358413, 1514609, 621219, 116213, 1304419, -109365, 368149, 1103545, 585292, 1070979, 1525384, 1651417, 1245530, 572179, 1462955, 'Jaw']
[3050791, 2347966, 1501756, 618303, 113332, 1286396, -98844, 369374, 1099896, 577616, 1186548, 1664234, 1712506, 1248196, 589291, 1506923, 'Jaw']
[3078553, 2357498, 1505917, 620729, 115735, 1302620, -108771, 366632, 1103297, 585482, 1062593, 1521038, 1648395, 1242526, 569753, 1460033, 'Jaw']
[3064939, 2347551, 1511166, 616436, 112522, 1287134, -101332, 367841, 1097026, 575128, 1192576, 1666205, 1714834, 1248597, 590746, 1508049, 'Jaw']
[3063591, 2357528, 1496432, 621834, 116856, 1300078, -107451, 367444, 1105880, 583969, 1059396, 1521360, 1647582, 1239472, 567765, 1458469, 'Jaw']
[3080302, 2347427, 1520777, 615633, 112172, 1288509, -103489, 367273, 1096120, 573955, 1194276, 1663934, 1715486, 1249054, 592289, 1507819, 'Jaw']
[3049652, 2356153, 1487952, 621477, 116745, 1298178, -104851, 369641, 1105744, 584349, 1059810, 1526171, 1648452, 1237543, 566406, 1458527, 'Jaw']
[3095350, 2348703, 1529686, 615794, 111873, 1291488, -103807, 366578, 1095903, 574776, 1191477, 1655692, 1713739, 1250820, 592940, 1506023, 'Jaw']
[3036067, 2355400, 1479412, 622025, 116630, 1295818, -104458, 369401, 1104893, 583994, 1064628, 1534774, 1651831, 1236853, 565991, 1460930, 'Jaw']
[3107496, 2349395, 1535975, 616790, 112419, 1294080, -105563, 365883, 1096640, 573651, 1184173, 1644533, 1709849, 1250618, 592479, 1503027, 'Jaw']
[3024800, 2354310, 1474075, 621472, 116610, 1293623, -102684, 369914, 1104821, 585018, 1073211, 1548071, 1657049, 1235562, 566635, 1465107, 'Jaw']
[3116981, 2351428, 1540866, 617656, 112338, 1296905, -108357, 364451, 1095852, 575567, 1174593, 1630364, 1703860, 1252336, 591445, 1499487, 'Jaw']
[3017099, 2353702, 1470376, 622564, 116447, 1291694, -100491, 370402, 1104194, 585973, 1085818, 1564376, 1663102, 1234855, 568064, 1470019, 'Jaw']
[3123106, 2352659, 1542509, 618291, 112870, 1299598, -108392, 364854, 1098660, 576998, 1160897, 1614374, 1697138, 1252228, 589990, 1494542, 'Jaw']
[3012722, 2351203, 1469000, 619998, 116285, 1288925, -100783, 370969, 1103976, 584915, 1100348, 1581865, 1671359, 1236045, 570445, 1475634, 'Jaw']
[3125228, 2353235, 1541890, 618370, 113279, 1300507, -110189, 364753, 1097256, 578744, 1143863, 1594331, 1688770, 1249908, 586897, 1487863, 'Jaw']
[3013104, 2350075, 1470857, 620206, 115408, 1286919, -97537, 371348, 1103364, 582309, 1117416, 1600549, 1680316, 1234129, 573584, 1481882, 'Jaw']
[3123726, 2354245, 1538651, 617920, 113878, 1302336, -109625, 365518, 1100318, 578542, 1126539, 1576061, 1680236, 1248102, 584533, 1481377, 'Jaw']
[3016458, 2348880, 1474179, 619033, 115139, 1285961, -99223, 370471, 1103029, 582278, 1134759, 1618596, 1689405, 1236709, 577070, 1487955, 'Jaw']
[3119471, 2355490, 1534531, 618877, 113922, 1303646, -111860, 365266, 1100331, 581274, 1108830, 1557704, 1671209, 1245258, 580612, 1474393, 'Jaw']
[3024070, 2347824, 1480696, 618663, 114510, 1285322, -99373, 369670, 1101659, 581372, 1153517, 1636878, 1698472, 1238357, 580559, 1494638, 'Jaw']
[3111232, 2355827, 1527626, 619348, 114634, 1303215, -111786, 363423, 1102454, 582369, 1091760, 1542412, 1663786, 1243637, 576449, 1468508, 'Jaw']
[3033982, 2347338, 1488202, 618669, 114170, 1285020, -98398, 369448, 1099445, 580669, 1168526, 1650566, 1706293, 1239087, 584105, 1499773, 'Jaw']
[3101155, 2357424, 1519505, 621268, 115716, 1304615, -110614, 367416, 1103686, 583037, 1077107, 1530540, 1656909, 1240652, 573592, 1464094, 'Jaw']
[3046643, 2347305, 1496925, 618202, 113359, 1285852, -98495, 369104, 1100338, 580272, 1181922, 1661120, 1712494, 1241723, 587464, 1504727, 'Jaw']
[3088617, 2357820, 1510096, 621151, 116002, 1303597, -108268, 367845, 1105353, 585711, 1067009, 1523604, 1652606, 1239489, 570353, 1460738, 'Jaw']
[3060907, 2347316, 1506267, 616951, 112936, 1286778, -100773, 368662, 1098606, 579746, 1190491, 1666052, 1716465, 1244984, 589811, 1506945, 'Jaw']
[3074482, 2356933, 1500611, 621369, 116513, 1302286, -109096, 368929, 1105512, 586545, 1061049, 1521015, 1650124, 1237006, 568110, 1458901, 'Jaw']
[3075740, 2347038, 1515000, 616842, 112684, 1288632, -102427, 367978, 1098310, 577666, 1193498, 1664910, 1718396, 1245493, 591279, 1507860, 'Jaw']
[3060696, 2356712, 1491540, 621808, 117072, 1300297, -105509, 368730, 1106652, 587222, 1059105, 1523156, 1650355, 1235008, 567091, 1458702, 'Jaw']
[3091430, 2347841, 1524162, 616270, 112686, 1290397, -102814, 365606, 1097606, 577112, 1192739, 1660296, 1717828, 1245978, 592941, 1507467, 'Jaw']
[3047294, 2356042, 1482667, 621888, 117322, 1297745, -106373, 368757, 1107781, 588197, 1061512, 1530256, 1653293, 1233394, 566200, 1459818, 'Jaw']
[3105303, 2348888, 1531986, 616850, 112554, 1293384, -105905, 367524, 1097879, 578272, 1188945, 1651206, 1714332, 1247797, 592859, 1505139, 'Jaw']
[3034291, 2354500, 1475255, 622107, 117134, 1295178, -103574, 370322, 1106647, 587791, 1068016, 1541078, 1657028, 1232047, 566300, 1463215, 'Jaw']
[3116371, 2350031, 1537535, 617048, 112638, 1295871, -104691, 365897, 1098409, 577777, 1179858, 1638443, 1710636, 1247134, 592678, 1502206, 'Jaw']
[3025775, 2353194, 1470891, 621337, 116863, 1293120, -101923, 370761, 1107114, 587475, 1078677, 1555470, 1663390, 1231962, 567658, 1467695, 'Jaw']
[3125137, 2350989, 1541531, 617314, 112542, 1298529, -109243, 366517, 1101293, 577525, 1167704, 1622905, 1704967, 1247804, 590918, 1497679, 'Jaw']
[3019628, 2352401, 1468241, 621941, 116933, 1290816, -100723, 372103, 1106909, 586306, 1091031, 1572222, 1671715, 1230365, 569006, 1472899, 'Jaw']
[3129757, 2352839, 1541851, 618019, 113258, 1300675, -108475, 364220, 1101607, 578579, 1152589, 1604571, 1696817, 1247290, 589106, 1490942, 'Jaw']
[3018542, 2350710, 1469428, 620783, 116078, 1288754, -99009, 371024, 1109308, 585025, 1108124, 1590993, 1679906, 1231252, 572340, 1478348, 'Jaw']
[3129623, 2353184, 1540651, 617748, 112672, 1302080, -111294, 364691, 1103446, 577351, 1135265, 1586478, 1689041, 1245291, 585458, 1485025, 'Jaw']
[3019557, 2349677, 1471639, 620463, 115987, 1287483, -98686, 371032, 1108406, 581908, 1124371, 1609174, 1688169, 1231423, 574591, 1484504, 'Jaw']
[3126140, 2354723, 1536212, 619113, 114184, 1304023, -111217, 365210, 1104785, 577650, 1117341, 1567198, 1678653, 1243801, 582573, 1478303, 'Jaw']
[3023497, 2348136, 1476287, 619543, 114839, 1286557, -97911, 371256, 1106853, 578785, 1142569, 1625878, 1695296, 1233088, 578637, 1490944, 'Jaw']
