[2464403, 1768644, 373711, -306540, 476057, 909929, -331908, -128117, 252226, 309045, 1082899, 114062, 1332024, -503066, -517244, 612127, 'Jaw']
[2390845, 1754998, 347149, -309721, 476915, 906501, -329695, -125333, 255511, 302903, 988631, 65961, 1296011, -497084, -541769, 575463, 'Jaw']
[2472672, 1772559, 376614, -305215, 476438, 911867, -332958, -128648, 252213, 308972, 1073952, 111857, 1326762, -503332, -519106, 607138, 'Jaw']
[2383094, 1751192, 343588, -311728, 476531, 904226, -328570, -125305, 255075, 302760, 998796, 68209, 1301587, -497503, -540580, 580321, 'Jaw']
[2477066, 1775499, 378011, -303090, 476717, 913960, -332733, -127425, 252703, 309227, 1061746, 108581, 1319867, -502485, -521366, 600982, 'Jaw']
[2379265, 1748378, 341934, -313165, 476582, 902694, -327859, -124461, 254471, 302517, 1011164, 71758, 1307694, -497892, -537777, 586580, 'Jaw']
[2478971, 1777698, 379071, -301692, 476978, 915485, -334897, -128174, 252947, 308779, 1047786, 103590, 1312701, -502044, -523720, 595156, 'Jaw']
[2379566, 1746715, 342119, -314407, 475564, 901212, -328913, -126394, 253818, 302727, 1026689, 77064, 1314815, -498815, -535129, 593843, 'Jaw']
[2477012, 1778588, 378622, -300253, 477253, 916786, -334225, -126339, 253122, 308274, 1032405, 97681, 1305441, -501399, -527030, 588670, 'Jaw']
[2382181, 1746093, 343391, -314271, 476450, 900727, -325911, -125368, 253181, 303362, 1041891, 83541, 1322056, -499476, -530696, 601034, 'Jaw']
[2472253, 1779057, 377556, -299350, 477745, 917242, -332784, -127041, 254291, 308286, 1017028, 91580, 1298761, -500110, -529692, 581744, 'Jaw']
[2388516, 1746367, 345812, -315487, 475432, 899758, -329999, -125855, 252749, 303730, 1057425, 90258, 1328390, -500896, -527068, 606945, 'Jaw']
[2464857, 1777788, 375058, -300331, 477876, 916782, -333863, -128086, 254508, 306963, 1002781, 84304, 1292888, -499866, -534212, 575574, 'Jaw']
[2396842, 1747356, 348657, -316036, 475035, 899557, -328880, -127031, 252080, 304166, 1070516, 96422, 1333487, -502191, -524074, 611140, 'Jaw']
[2454826, 1775897, 370925, -300875, 477544, 916595, -333293, -125683, 254746, 305855, 990282, 77538, 1288302, -499143, -537844, 570558, 'Jaw']
[2407440, 1750320, 351808, -314940, 475446, 901076, -328553, -126967, 252202, 305746, 1080544, 102912, 1337061, -502235, -521466, 615018, 'Jaw']
[2442921, 1773336, 366135, -301604, 477760, 915725, -333507, -127097, 255450, 305317, 981358, 72689, 1285467, -498153, -540568, 567515, 'Jaw']
[2420042, 1753703, 356431, -313471, 475247, 902416, -329808, -126630, 251787, 306622, 1087482, 107959, 1338613, -502789, -519688, 617301, 'Jaw']
[2430098, 1770054, 361755, -302345, 478075, 914424, -331030, -124997, 255522, 304865, 977171, 68848, 1284846, -497124, -542113, 567166, 'Jaw']
[2432912, 1757462, 361627, -311871, 475634, 903892, -329888, -127418, 251630, 307484, 1090564, 111266, 1338501, -503037, -517413, 617680, 'Jaw']
[2416595, 1765426, 356853, -304330, 477930, 912074, -331404, -125542, 255437, 303959, 975694, 65851, 1285828, -497031, -542863, 567344, 'Jaw']
[2446407, 1761326, 366924, -310524, 475518, 905621, -331506, -128988, 251168, 307636, 1089988, 113196, 1336866, -503738, -516877, 616803, 'Jaw']
[2403687, 1760862, 352456, -306411, 477416, 909642, -330511, -124726, 255173, 303027, 978037, 64343, 1288586, -497058, -543230, 569520, 'Jaw']
[2458425, 1766180, 371688, -308153, 475566, 908128, -332429, -128168, 251636, 308450, 1085949, 113994, 1333440, -503362, -517041, 613384, 'Jaw']
[2393396, 1756564, 348066, -309054, 476929, 907229, -329839, -124995, 255352, 302798, 984322, 64953, 1292926, -496962, -542441, 572614, 'Jaw']
[2468272, 1770666, 374682, -306510, 476154, 910384, -333051, -128287, 251882, 308673, 1078234, 112593, 1328628, -503330, -518311, 608857, 'Jaw']
[2385154, 1752908, 343999, -311533, 476235, 904729, -330611, -125448, 255280, 302763, 993286, 66551, 1297900, -497165, -541477, 576743, 'Jaw']
[2475100, 1774276, 376528, -304762, 476179, 912106, -334454, -129073, 252335, 309120, 1067587, 110145, 1322247, -502938, -520491, 602828, 'Jaw']
[2380089, 1749398, 341758, -313263, 475855, 902739, -328787, -125044, 254184, 302249, 1004951, 69616, 1304270, -497935, -539425, 583054, 'Jaw']
[2477741, 1776354, 377725, -303009, 476446, 913937, -333814, -128928, 252341, 308715, 1053601, 105523, 1315563, -502573, -522705, 596750, 'Jaw']
[2378908, 1747312, 341241, -313854, 475578, 901554, -328151, -124236, 253748, 302411, 1018484, 74080, 1310982, -498345, -536310, 589313, 'Jaw']
[2478294, 1778191, 378376, -301297, 476943, 915940, -334569, -127234, 253021, 308774, 1039106, 100582, 1308446, -501316, -525186, 590614, 'Jaw']
[2380451, 1745715, 342075, -315525, 475887, 900128, -327302, -125811, 253104, 302518, 1033788, 79858, 1318180, -499372, -532797, 596364, 'Jaw']
[2474645, 1778609, 377356, -300962, 477030, 916281, -334448, -127875, 253387, 307833, 1023086, 93649, 1301160, -500911, -529173, 583433, 'Jaw']
[2385366, 1745851, 343828, -316362, 475165, 899361, -328961, -125911, 252495, 303198, 1049626, 86415, 1325056, -500440, -529733, 602906, 'Jaw']
[2468771, 1778595, 375597, -300634, 477502, 916334, -333853, -127017, 254271, 307499, 1008321, 87046, 1295134, -499922, -533121, 577064, 'Jaw']
[2393538, 1747152, 346995, -316403, 475193, 899398, -328676, -126846, 252619, 304358, 1064095, 93770, 1331247, -501035, -525811, 608415, 'Jaw']
[2460310, 1777289, 372636, -300920, 477597, 916357, -333441, -127268, 254722, 306442, 995232, 80536, 1290106, -499264, -536430, 572269, 'Jaw']
[2403551, 1749281, 350173, -315554, 475018, 900496, -329462, -125414, 252578, 305691, 1076347, 100609, 1335506, -501382, -522730, 613323, 'Jaw']
[2449054, 1774712, 368026, -301551, 477386, 915850, -333520, -126481, 255163, 305998, 984978, 74828, 1286389, -497973, -539558, 568677, 'Jaw']
[2415068, 1751829, 353928, -314889, 474752, 900929, -331523, -127578, 251751, 306339, 1084696, 105765, 1337744, -502488, -520325, 616005, 'Jaw']
[2436845, 1771507, 363423, -302521, 477597, 914082, -332227, -127248, 255169, 304979, 978434, 69976, 1284511, -497677, -541884, 566439, 'Jaw']
[2428712, 1755685, 359279, -312952, 475348, 902245, -329865, -126762, 251397, 306949, 1090386, 110119, 1338827, -503124, -517828, 617837, 'Jaw']
[2423387, 1767498, 358612, -303292, 477699, 912538, -331146, -124797, 255432, 304238, 976269, 66771, 1285046, -496898, -542168, 567095, 'Jaw']
[2441293, 1759611, 363979, -310745, 475364, 904833, -331077, -126876, 251424, 307763, 1090626, 112515, 1337110, -502774, -516716, 617089, 'Jaw']
[2409557, 1762473, 353601, -305413, 477962, 910691, -330240, -124595, 255079, 303511, 976545, 64433, 1286546, -496326, -542647, 568335, 'Jaw']
[2453898, 1764342, 369161, -308518, 476521, 907547, -331351, -126470, 251418, 308422, 1087878, 113552, 1334329, -502674, -516282, 614792, 'Jaw']
[2398403, 1758629, 349463, -307751, 477705, 908754, -329221, -124590, 255433, 303520, 981627, 64538, 1290375, -495984, -541986, 571143, 'Jaw']
[2465350, 1769047, 373143, -307098, 476516, 909980, -332936, -127842, 251467, 308752, 1082257, 113228, 1330510, -503093, -517369, 610898, 'Jaw']
[2389523, 1754740, 345861, -310068, 477410, 906271, -327597, -126027, 255047, 302888, 989392, 65755, 1295764, -496714, -541514, 575146, 'Jaw']
[2473922, 1773678, 376464, -304698, 476759, 912477, -332549, -128250, 252375, 309532, 1072791, 111854, 1325144, -502294, -518689, 605723, 'Jaw']
[2382986, 1751763, 343108, -311635, 476917, 904629, -327881, -124118, 255277, 303509, 1000292, 69053, 1301560, -496219, -540114, 580388, 'Jaw']
[2478972, 1776573, 378434, -303075, 476903, 914033, -333777, -127075, 252905, 309857, 1060932, 108659, 1318695, -501660, -521494, 599893, 'Jaw']
[2380172, 1748943, 342156, -313468, 476321, 902274, -328135, -125039, 254549, 303147, 1013802, 73093, 1308540, -497425, -537763, 587257, 'Jaw']
[2479775, 1778690, 379306, -301420, 477524, 915718, -333834, -126797, 253453, 309579, 1046509, 103810, 1311787, -501111, -524450, 593335, 'Jaw']
[2379904, 1747036, 341908, -314486, 476512, 900961, -327629, -125281, 254218, 303366, 1028863, 78534, 1315925, -498047, -534586, 593541, 'Jaw']
[2477406, 1778922, 378418, -300319, 478480, 916688, -334423, -127626, 253970, 308868, 1030796, 97817, 1304859, -500324, -527802, 586040, 'Jaw']
[2383366, 1745575, 343118, -315425, 476426, 900151, -327887, -126051, 253138, 303245, 1043837, 84540, 1323175, -499195, -531001, 600210, 'Jaw']
[2471864, 1778105, 376556, -300308, 478220, 916924, -334256, -129288, 253786, 307558, 1014499, 90277, 1297976, -499835, -531780, 579494, 'Jaw']
[2389679, 1745974, 345360, -315634, 475929, 900157, -326047, -126606, 252550, 303923, 1058319, 90841, 1329220, -500159, -527235, 606052, 'Jaw']
[2464091, 1777407, 373881, -299751, 478619, 917691, -332674, -125636, 254349, 307031, 1000158, 83546, 1292504, -498589, -534765, 574469, 'Jaw']
[2398442, 1747876, 348330, -314879, 476094, 900376, -328802, -126724, 252301, 305261, 1071107, 97740, 1334183, -500477, -523924, 611377, 'Jaw']
[2454088, 1775718, 370067, -299837, 477942, 916784, -334178, -126138, 254770, 306347, 988937, 77704, 1288082, -497838, -538470, 569776, 'Jaw']
[2409234, 1750573, 352397, -313742, 475869, 900971, -328729, -125938, 252231, 306398, 1081267, 103994, 1337210, -501056, -521458, 614394, 'Jaw']
[2442036, 1772854, 365474, -300539, 478124, 915380, -331977, -125425, 255300, 305597, 980643, 72481, 1285438, -496945, -540810, 566563, 'Jaw']
[2422302, 1753635, 356742, -312769, 475423, 902029, -329541, -128241, 251595, 306902, 1088112, 108478, 1338896, -501979, -519133, 616194, 'Jaw']
[2429400, 1769347, 360603, -301901, 478110, 913535, -330770, -126881, 255414, 304874, 976253, 68531, 1285209, -496378, -542472, 565500, 'Jaw']
[2435526, 1758157, 361453, -310579, 475974, 904052, -330382, -126572, 251882, 308061, 1090852, 111874, 1338888, -502084, -517704, 616222, 'Jaw']
[2416126, 1765056, 355239, -303574, 477810, 911745, -330886, -125194, 255807, 304466, 975625, 66122, 1286522, -495884, -543381, 565863, 'Jaw']
[2448554, 1762032, 366167, -309010, 475856, 905821, -331216, -127565, 251576, 308136, 1089057, 113500, 1336704, -502595, -517444, 614391, 'Jaw']
[2403479, 1760335, 350598, -306010, 477331, 909110, -331581, -125768, 255141, 303121, 978156, 64556, 1289340, -496281, -544010, 568473, 'Jaw']
[2460618, 1766979, 370974, -306683, 476032, 909026, -332016, -127829, 251520, 308572, 1084476, 113756, 1333282, -502615, -518189, 611816, 'Jaw']
[2393040, 1756204, 346860, -307849, 477483, 907435, -328432, -123875, 255284, 303205, 984687, 65436, 1293930, -495918, -542798, 572683, 'Jaw']
[2469874, 1770809, 374456, -304969, 476575, 910301, -333028, -129114, 251739, 308718, 1076584, 112598, 1328046, -502737, -518698, 607530, 'Jaw']
[2385074, 1752152, 343713, -310037, 477133, 904372, -328410, -126168, 254841, 302637, 994273, 67096, 1298994, -496768, -541460, 577127, 'Jaw']
[2476086, 1774622, 377059, -302382, 476796, 912894, -332638, -127809, 252325, 309238, 1065989, 109974, 1321925, -502219, -520353, 601772, 'Jaw']
[2380676, 1749483, 342131, -311246, 476439, 903117, -328256, -123866, 254652, 302961, 1006974, 70975, 1305533, -496845, -538529, 583728, 'Jaw']
[2478952, 1777139, 378494, -300657, 477314, 914534, -333856, -128484, 252943, 309241, 1052671, 105835, 1315326, -501529, -522625, 596266, 'Jaw']
[2379252, 1747588, 341385, -312450, 476697, 901134, -328039, -125587, 254179, 302969, 1021262, 75573, 1312796, -497695, -535708, 590497, 'Jaw']
[2478226, 1778363, 378497, -299671, 477697, 915726, -334647, -128784, 253222, 308625, 1038011, 100180, 1308271, -501173, -526110, 589837, 'Jaw']
[2381333, 1746291, 341930, -313621, 476009, 900470, -327631, -124994, 253699, 303167, 1036749, 81257, 1319972, -498615, -532539, 597247, 'Jaw']
[2474889, 1779039, 376950, -298870, 477808, 917266, -332969, -126390, 254128, 308510, 1021794, 93667, 1301065, -499642, -529699, 582299, 'Jaw']
[2386923, 1746190, 343730, -314504, 475961, 900433, -326745, -125696, 253302, 304062, 1052260, 88170, 1326824, -499032, -528717, 603078, 'Jaw']
[2467865, 1778057, 374340, -299440, 477366, 917099, -334081, -127774, 254186, 307406, 1006756, 86453, 1294969, -499108, -533878, 575827, 'Jaw']
[2394186, 1747106, 346131, -314750, 474805, 899997, -328538, -126820, 252375, 304628, 1065466, 94481, 1332160, -500430, -526254, 608326, 'Jaw']
[2458570, 1776741, 370853, -299253, 477204, 916743, -333507, -127054, 254865, 306994, 993197, 80123, 1289521, -497937, -537729, 570212, 'Jaw']
[2404749, 1749186, 349972, -314070, 475214, 899830, -329445, -128327, 252115, 305689, 1077112, 101219, 1336097, -501249, -523115, 611979, 'Jaw']
[2447793, 1774372, 367432, -299562, 478071, 915663, -333460, -125059, 255299, 306050, 983496, 74746, 1286496, -497495, -540204, 566444, 'Jaw']
[2417084, 1752560, 354992, -312271, 475147, 901804, -329035, -125865, 252071, 306849, 1085666, 107088, 1338726, -501618, -520032, 615415, 'Jaw']
[2435226, 1771217, 362921, -300389, 477984, 914412, -331829, -126464, 255439, 305380, 977615, 70606, 1285042, -496633, -541874, 565633, 'Jaw']
[2430314, 1756553, 359877, -310624, 475587, 903033, -330615, -127397, 251900, 307857, 1090000, 111304, 1339263, -502035, -518062, 616387, 'Jaw']
[2421643, 1767002, 358039, -301890, 477519, 912416, -331686, -125949, 255551, 304818, 975508, 67581, 1285544, -496121, -543375, 566036, 'Jaw']
[2443177, 1760479, 365126, -308625, 476147, 904916, -328616, -127123, 251616, 308307, 1090902, 113595, 1337785, -502424, -516965, 616478, 'Jaw']
[2408440, 1762380, 353060, -303859, 477487, 910501, -330637, -124197, 255558, 304088, 977027, 65726, 1287946, -495855, -543245, 567988, 'Jaw']
[2455693, 1765070, 369335, -306639, 475729, 907820, -331046, -127995, 251322, 308820, 1087299, 114291, 1334574, -502465, -517534, 613940, 'Jaw']
[2396889, 1757922, 348498, -306300, 477187, 908225, -329206, -125661, 255072, 303540, 982009, 65372, 1291537, -495821, -543388, 571158, 'Jaw']
[2465611, 1769038, 373367, -304886, 475985, 909806, -332545, -126773, 251482, 309035, 1080226, 113548, 1330253, -502470, -518335, 609728, 'Jaw']
[2387547, 1753868, 344969, -308372, 476655, 905374, -329301, -124647, 255037, 303192, 989693, 66536, 1296438, -496205, -542405, 575150, 'Jaw']
[2473752, 1773203, 376325, -302578, 476226, 911653, -333330, -128632, 251647, 309622, 1071150, 111833, 1324378, -502047, -520021, 604527, 'Jaw']
[2381545, 1750406, 342487, -310062, 476956, 903059, -328771, -125937, 254561, 303305, 1001321, 69472, 1302423, -496253, -540115, 580558, 'Jaw']
[2478308, 1776222, 378427, -300281, 477133, 913700, -333585, -127496, 252489, 309645, 1058751, 108232, 1318015, -501478, -521913, 598501, 'Jaw']
[2379318, 1747892, 341919, -311144, 475938, 901762, -328151, -125426, 254274, 303168, 1015036, 73922, 1309460, -496942, -537168, 587376, 'Jaw']
[2478754, 1777749, 378444, -299305, 477293, 914916, -335349, -128078, 252849, 309341, 1044291, 103314, 1311033, -500787, -525114, 591886, 'Jaw']
[2379643, 1746341, 341305, -312539, 476047, 900278, -328101, -125606, 253166, 303436, 1029656, 79267, 1316395, -497392, -534240, 593425, 'Jaw']
[2475965, 1778614, 377291, -298900, 476864, 915808, -335357, -128890, 253003, 308973, 1028636, 96914, 1303757, -500136, -528901, 584659, 'Jaw']
[2383488, 1746116, 342694, -313417, 475863, 900426, -326085, -124535, 253345, 304572, 1045270, 85572, 1323405, -498183, -530586, 599790, 'Jaw']
[2470454, 1778011, 375371, -298988, 477244, 916975, -333697, -127208, 253469, 308304, 1013052, 89819, 1297069, -498967, -532098, 578301, 'Jaw']
[2389640, 1745882, 344615, -314682, 475315, 899723, -328443, -126992, 251966, 304268, 1059393, 91292, 1329140, -499662, -527571, 605800, 'Jaw']
[2462806, 1777335, 372544, -298959, 477870, 917265, -333389, -126921, 254301, 307062, 998897, 82617, 1291268, -498031, -535850, 572533, 'Jaw']
[2399670, 1748114, 348307, -314002, 475428, 900536, -327601, -125405, 252330, 305444, 1072893, 98567, 1334524, -500034, -523685, 611122, 'Jaw']
[2452759, 1775426, 369034, -299528, 477974, 915895, -333766, -127200, 254779, 306391, 988212, 76818, 1287824, -497245, -538465, 569010, 'Jaw']
[2410613, 1750521, 352233, -313581, 475312, 900218, -330055, -128331, 251909, 306310, 1082016, 104027, 1337433, -501574, -521060, 614213, 'Jaw']
[2440572, 1772371, 364885, -300432, 477848, 914724, -331888, -127182, 255310, 305193, 979644, 71550, 1285130, -497193, -541004, 566340, 'Jaw']
[2423222, 1754024, 357276, -312325, 475110, 902026, -329206, -126993, 251346, 306919, 1088285, 108693, 1338832, -501950, -518447, 617001, 'Jaw']
[2427094, 1768435, 359748, -302051, 478034, 913030, -332170, -125147, 254958, 304476, 975722, 67633, 1284853, -496559, -542787, 566266, 'Jaw']
[2436538, 1758174, 362010, -310696, 476150, 903844, -329826, -127004, 251776, 307829, 1090424, 111792, 1338567, -502197, -517561, 617091, 'Jaw']
[2413698, 1763812, 354535, -304194, 477606, 911300, -329211, -125123, 255403, 303732, 975792, 65211, 1286778, -496122, -543174, 567152, 'Jaw']
[2449165, 1762370, 366544, -309138, 476000, 906031, -331070, -128840, 251399, 308057, 1088468, 112914, 1335931, -502813, -517431, 614853, 'Jaw']
[2401387, 1759788, 349916, -306370, 477402, 908325, -330288, -125946, 255616, 303675, 979428, 64641, 1289474, -495978, -543353, 569294, 'Jaw']
[2460897, 1767565, 371053, -306470, 476412, 908676, -332732, -127625, 251798, 309038, 1084124, 113470, 1331974, -502636, -517958, 611482, 'Jaw']
[2391343, 1755417, 346236, -308452, 477040, 906399, -328784, -125454, 255653, 303561, 986656, 65541, 1294159, -495722, -542156, 573572, 'Jaw']
[2470108, 1771375, 374590, -304874, 476390, 910834, -333001, -127921, 252116, 309188, 1076061, 111749, 1327595, -501790, -518733, 607588, 'Jaw']
[2383418, 1751461, 342864, -310944, 476198, 903781, -328775, -125602, 254835, 303020, 995907, 66940, 1300035, -496527, -540905, 578387, 'Jaw']
[2475406, 1774464, 376201, -303680, 476291, 912298, -333711, -128633, 252653, 308839, 1063792, 108414, 1321104, -501697, -521214, 601372, 'Jaw']
[2379276, 1748695, 341198, -312666, 476679, 901795, -327420, -125850, 255147, 302889, 1008004, 70501, 1306367, -497356, -538480, 584105, 'Jaw']
[2477815, 1777103, 377949, -301514, 476832, 913995, -333461, -127389, 252573, 309220, 1050341, 104354, 1314373, -502072, -523179, 595327, 'Jaw']
[2378204, 1746654, 340759, -313948, 475677, 900441, -327279, -124664, 253862, 303341, 1022574, 75686, 1313750, -497832, -535471, 591316, 'Jaw']
[2476424, 1777908, 377011, -301211, 477120, 915045, -335164, -128215, 252937, 308459, 1034922, 98365, 1307008, -500694, -526926, 588515, 'Jaw']
[2380263, 1745380, 340705, -315861, 475946, 899372, -327984, -126069, 252433, 302917, 1037489, 80992, 1320368, -499464, -532870, 597300, 'Jaw']
[2472254, 1778167, 375208, -300795, 477210, 915699, -334619, -128900, 253519, 307946, 1018669, 91590, 1299825, -500255, -531013, 581047, 'Jaw']
[2386415, 1745786, 342670, -315581, 475115, 899065, -328194, -126893, 252241, 303202, 1052915, 87859, 1327311, -500441, -529718, 603437, 'Jaw']
[2465591, 1777900, 372688, -300127, 477466, 916631, -333725, -128148, 253058, 307762, 1003630, 85098, 1293858, -500024, -534875, 575160, 'Jaw']
[2394326, 1746697, 345049, -315826, 474680, 899496, -330845, -126032, 252283, 304565, 1066848, 94807, 1332397, -500653, -526221, 608992, 'Jaw']
[2455987, 1776073, 369743, -299983, 477668, 916855, -331737, -126782, 253971, 306455, 991458, 78310, 1289563, -498428, -538402, 570671, 'Jaw']
[2404829, 1749100, 349670, -315315, 475073, 900118, -328118, -128115, 251412, 305971, 1078500, 101104, 1336570, -501960, -522134, 614083, 'Jaw']
[2444367, 1773626, 365461, -301365, 477960, 915282, -332371, -126394, 254351, 304421, 982022, 72085, 1286413, -496758, -540738, 567484, 'Jaw']
[2416838, 1752800, 354355, -313433, 475242, 901545, -329827, -126437, 251756, 307495, 1085954, 106701, 1338549, -503017, -519940, 616147, 'Jaw']
[2431954, 1770631, 361253, -301540, 478613, 914186, -331359, -124943, 254782, 305765, 977172, 69338, 1284876, -497802, -541996, 566165, 'Jaw']
[2430442, 1756415, 359242, -312366, 475692, 903282, -330755, -126713, 250283, 306774, 1089716, 109889, 1339044, -501598, -517586, 616875, 'Jaw']
[2418930, 1766258, 355973, -304006, 477501, 911969, -330338, -125972, 255658, 303594, 975351, 65816, 1285339, -496788, -542836, 566436, 'Jaw']
[2443263, 1760780, 363758, -310402, 475146, 904682, -332004, -128781, 251346, 307234, 1089192, 111636, 1336451, -501385, -517477, 615440, 'Jaw']
[2406393, 1762462, 351380, -304828, 477676, 910962, -329884, -123314, 254356, 302034, 976677, 64348, 1285939, -496713, -543483, 568213, 'Jaw']
[2456777, 1766157, 368372, -307798, 475909, 908715, -332565, -127218, 251379, 305473, 1086697, 113568, 1331727, -502333, -517056, 613595, 'Jaw']
[2395480, 1757685, 346880, -306947, 477737, 908735, -327915, -123717, 254379, 297291, 982623, 64451, 1288846, -496526, -542909, 571842, 'Jaw']
[2466431, 1770141, 372089, -305574, 476879, 911198, -331456, -127699, 251774, 299992, 1079400, 112501, 1326675, -501222, -517544, 609861, 'Jaw']
[2385319, 1753527, 342949, -309106, 477079, 906597, -327464, -122839, 253309, 288529, 989214, 66327, 1292111, -496443, -541215, 576114, 'Jaw']
[2472649, 1773424, 375209, -303569, 476922, 913364, -333244, -126514, 251967, 286317, 1067964, 111109, 1317989, -502495, -519294, 604692, 'Jaw']
[2379257, 1750001, 340716, -311917, 476844, 903089, -327729, -124728, 253548, 272556, 1000354, 67693, 1296223, -495971, -539804, 581225, 'Jaw']
[2477753, 1777488, 378659, -299709, 478150, 914658, -331647, -125699, 251841, 273014, 1056276, 108193, 1309697, -503367, -521306, 598484, 'Jaw']
[2378816, 1748685, 342233, -311731, 477036, 902240, -327179, -123574, 253856, 261484, 1017252, 75139, 1299322, -499018, -535184, 589322, 'Jaw']
[2478600, 1779023, 378613, -299880, 477955, 916206, -333206, -126310, 253020, 259859, 1042355, 103023, 1297356, -501843, -523931, 592425, 'Jaw']
[2379800, 1746997, 341319, -313893, 476863, 900957, -326857, -124964, 253124, 251548, 1030650, 80040, 1299997, -499316, -532922, 595468, 'Jaw']
[2475099, 1778847, 376520, -300605, 478282, 916931, -334389, -126706, 252309, 251081, 1024867, 95749, 1281896, -499546, -528009, 585037, 'Jaw']
[2382541, 1745433, 340789, -316579, 475536, 900260, -328754, -124564, 251277, 247463, 1043996, 83490, 1298963, -497611, -530576, 601562, 'Jaw']
[2467257, 1777440, 372790, -300753, 477148, 916413, -334069, -127256, 252910, 249284, 1007156, 87336, 1268353, -499419, -533156, 578017, 'Jaw']
[2388436, 1746042, 344004, -315274, 475459, 899300, -327022, -126703, 251092, 248786, 1057562, 89868, 1296768, -501320, -527111, 606897, 'Jaw']
[2460883, 1778314, 371565, -298434, 478607, 916778, -332643, -125215, 254234, 249310, 994649, 81427, 1254234, -499443, -535343, 572834, 'Jaw']
[2401031, 1749297, 348566, -314921, 475923, 900823, -327439, -124680, 252482, 249321, 1074395, 98791, 1294103, -500921, -522685, 612964, 'Jaw']
[2450269, 1775760, 368038, -300308, 478455, 916752, -332480, -124600, 253828, 252141, 985621, 75932, 1241926, -496564, -537976, 569222, 'Jaw']
[2410330, 1751397, 352670, -313421, 476373, 901852, -328841, -124633, 249553, 249188, 1081683, 104011, 1287425, -500489, -520283, 615803, 'Jaw']
[2438057, 1772601, 363349, -300555, 478756, 915273, -330578, -126041, 255884, 249030, 975435, 71438, 1230684, -499188, -540778, 567207, 'Jaw']
[2425367, 1754820, 357307, -312740, 476262, 903599, -329420, -126078, 250601, 248668, 1087964, 109409, 1279389, -501486, -517937, 617337, 'Jaw']
[2423272, 1766502, 357361, -304166, 477916, 913424, -332408, -124617, 253184, 253077, 972096, 64767, 1221711, -495178, -542838, 566657, 'Jaw']
[2438309, 1759648, 360688, -311398, 476199, 904713, -329786, -126520, 250222, 248749, 1086333, 111046, 1270187, -504048, -517916, 616616, 'Jaw']
[2412401, 1764944, 352745, -304626, 478486, 911813, -329278, -124225, 251955, 252167, 971578, 64884, 1213669, -494770, -543938, 566686, 'Jaw']
[2452664, 1764642, 366786, -308667, 476578, 907452, -330464, -126789, 250351, 256665, 1087707, 113277, 1258338, -501884, -516392, 615740, 'Jaw']
[2400771, 1759193, 348153, -307113, 477685, 909282, -329560, -124737, 255796, 248836, 977126, 63446, 1208083, -496556, -543233, 570550, 'Jaw']
[2463869, 1768313, 370276, -306798, 476343, 909426, -331852, -128247, 249604, 248132, 1079935, 112257, 1245763, -501860, -518110, 611227, 'Jaw']
[2391001, 1756012, 344994, -308208, 477224, 907023, -328637, -123584, 252653, 249152, 983810, 65920, 1203279, -497678, -542482, 573912, 'Jaw']
[2473128, 1773231, 374695, -303832, 477148, 912447, -332336, -126754, 251018, 247830, 1071963, 112782, 1232356, -502119, -518696, 606744, 'Jaw']
[2382401, 1750468, 341234, -312987, 477406, 904728, -327603, -124668, 252005, 252373, 993717, 65841, 1202295, -493443, -540565, 578894, 'Jaw']
[2477544, 1775429, 376507, -302877, 477149, 913543, -334673, -128934, 250201, 243113, 1058945, 107865, 1219077, -503088, -520964, 600141, 'Jaw']
[2378414, 1747411, 339672, -314254, 476876, 902278, -327950, -126439, 253362, 244168, 1006601, 69631, 1201053, -496163, -538966, 584329, 'Jaw']
[2480811, 1778078, 376970, -300509, 477858, 915779, -332329, -127338, 253192, 244241, 1043624, 102347, 1207075, -501492, -523980, 593517, 'Jaw']
[2379834, 1747848, 340093, -313753, 476479, 901801, -325870, -125571, 253610, 243544, 1023373, 76465, 1202745, -497370, -534576, 592117, 'Jaw']
[2479144, 1779480, 376255, -300140, 477748, 917066, -332958, -127430, 253594, 243246, 1027958, 98717, 1195178, -499624, -527451, 586937, 'Jaw']
[2382170, 1744536, 338986, -316782, 475404, 900655, -328461, -127605, 250876, 242603, 1038210, 81632, 1206144, -495125, -532757, 597759, 'Jaw']
[2475372, 1779922, 374683, -299058, 477741, 917999, -333348, -126885, 252681, 248214, 1012069, 87422, 1185539, -497456, -532172, 579266, 'Jaw']
[2388036, 1744492, 342032, -316675, 475461, 900905, -329441, -126729, 251019, 236355, 1053416, 88629, 1210091, -498331, -529343, 603950, 'Jaw']
[2466890, 1778266, 371838, -299955, 478085, 917772, -335077, -128081, 253541, 244082, 996642, 82847, 1177759, -496962, -535715, 573876, 'Jaw']
[2398272, 1747628, 345814, -315395, 475662, 901129, -329541, -126515, 253074, 238176, 1066728, 96446, 1214177, -498995, -526049, 608566, 'Jaw']
[2456824, 1774731, 367895, -302803, 477683, 916545, -334412, -128471, 255423, 243448, 982940, 75498, 1172638, -494496, -539551, 568447, 'Jaw']
[2409555, 1747986, 349288, -315118, 475038, 900806, -332022, -128579, 249420, 238266, 1078223, 100602, 1217549, -500242, -523286, 612791, 'Jaw']
[2446294, 1773289, 364298, -300858, 478899, 916529, -333126, -126630, 258305, 245791, 974609, 67735, 1168325, -495945, -542559, 566060, 'Jaw']
[2421612, 1753192, 353907, -313863, 475884, 902758, -330254, -128314, 251166, 236597, 1085886, 108616, 1219244, -500417, -520318, 615216, 'Jaw']
[2432985, 1769079, 359330, -303108, 478296, 914648, -334000, -127506, 254007, 241089, 969719, 67183, 1166474, -492980, -544273, 564941, 'Jaw']
[2434380, 1755103, 357610, -313698, 475430, 904074, -332608, -129788, 253776, 238479, 1088073, 109304, 1219375, -500779, -519905, 615465, 'Jaw']
[2419830, 1764970, 353793, -304956, 477957, 913359, -332458, -126755, 256814, 242936, 967480, 63030, 1167081, -492231, -545586, 564711, 'Jaw']
[2449440, 1760351, 363192, -310399, 475395, 906770, -333623, -128082, 253956, 240495, 1088332, 110126, 1216932, -499638, -518708, 614583, 'Jaw']
[2405920, 1759127, 348959, -306389, 477893, 911570, -332068, -125775, 256510, 236930, 970972, 63018, 1169552, -492093, -545424, 567628, 'Jaw']
[2461016, 1763518, 367763, -307969, 476056, 908972, -334490, -129407, 251643, 236741, 1083307, 112335, 1214476, -501296, -518792, 612132, 'Jaw']
[2393010, 1753534, 343784, -309445, 477008, 908287, -332347, -126582, 255283, 240888, 977747, 62254, 1172777, -493622, -544989, 570947, 'Jaw']
[2471144, 1768639, 371151, -305648, 476528, 911802, -334787, -129115, 252580, 239223, 1073324, 108963, 1210699, -498776, -520233, 606897, 'Jaw']
[2384751, 1749607, 341227, -310661, 476821, 905961, -330212, -126149, 256592, 240901, 988026, 63515, 1178285, -494323, -542918, 575866, 'Jaw']
[2477516, 1770438, 373893, -304960, 477728, 914405, -334969, -128743, 252605, 235957, 1062973, 106992, 1206115, -499344, -521116, 602400, 'Jaw']
[2380250, 1746622, 339442, -313750, 476627, 904957, -331699, -125373, 255824, 237295, 999536, 66336, 1185443, -491928, -540921, 582100, 'Jaw']
[2479751, 1771834, 374774, -301984, 476941, 915836, -335796, -128856, 254298, 235575, 1050052, 103290, 1200362, -499436, -524425, 596354, 'Jaw']
[2377425, 1742941, 337665, -314289, 475476, 902405, -330590, -126522, 253903, 239173, 1013900, 70652, 1191346, -493234, -538619, 588317, 'Jaw']
[2479841, 1773929, 374917, -300063, 477528, 916895, -335772, -128691, 250957, 237010, 1032584, 95857, 1191416, -498448, -528453, 588880, 'Jaw']
[2380099, 1742705, 338568, -314179, 475373, 901479, -330817, -126891, 254134, 235955, 1031504, 79472, 1199657, -496198, -534696, 595746, 'Jaw']
[2475521, 1773231, 372913, -301428, 476802, 917014, -336635, -129476, 253627, 236883, 1016403, 90997, 1186102, -497294, -532246, 582640, 'Jaw']
[2384221, 1741190, 339567, -315717, 475618, 900565, -329977, -127299, 252217, 237962, 1046220, 82346, 1206997, -496286, -531440, 602018, 'Jaw']
[2468695, 1772776, 370795, -301191, 476565, 915861, -337503, -130771, 253608, 238057, 997787, 82983, 1180268, -496822, -536414, 575519, 'Jaw']
[2391702, 1740983, 342532, -316182, 475379, 899791, -331206, -127739, 254265, 234584, 1062250, 90270, 1214555, -498086, -528218, 607440, 'Jaw']
[2459328, 1771286, 369151, -300379, 477231, 916440, -335165, -126650, 254038, 238118, 986691, 76278, 1174593, -497072, -538564, 571405, 'Jaw']
[2401651, 1742970, 346324, -315762, 475774, 901004, -330994, -127295, 251954, 235284, 1074436, 96404, 1218513, -498147, -524656, 612880, 'Jaw']
[2449170, 1770082, 364233, -301454, 477618, 915941, -335973, -128634, 255310, 238014, 975647, 69989, 1172625, -494318, -541613, 568497, 'Jaw']
[2416114, 1747966, 351084, -313460, 475615, 901732, -331084, -127689, 255364, 238169, 1084579, 102814, 1221758, -498843, -522196, 616441, 'Jaw']
[2435523, 1764895, 358198, -303554, 477183, 913866, -335606, -128361, 257570, 237562, 968292, 65956, 1169983, -495050, -544263, 566806, 'Jaw']
[2429349, 1749919, 354593, -313763, 474525, 902204, -332756, -129330, 250790, 233331, 1085434, 105511, 1222877, -499939, -521239, 617450, 'Jaw']
[2423469, 1762644, 353778, -304666, 477584, 913098, -333111, -127206, 254964, 245617, 967668, 61019, 1169947, -492353, -545249, 567439, 'Jaw']
[2444251, 1755935, 360186, -310095, 475204, 904760, -333138, -129178, 251424, 236443, 1087629, 108970, 1222362, -500931, -519587, 617585, 'Jaw']
[2411906, 1759697, 349873, -304990, 477266, 911347, -332052, -126976, 258478, 240131, 967944, 62055, 1172076, -492636, -545059, 569827, 'Jaw']
[2459087, 1761071, 365499, -308799, 475220, 907691, -333371, -128785, 252259, 237041, 1085662, 111683, 1219559, -500339, -518656, 616572, 'Jaw']
[2399910, 1755292, 345248, -308087, 477174, 908473, -331578, -125246, 257296, 241107, 972438, 60841, 1174847, -492392, -544857, 573083, 'Jaw']
[2469815, 1765267, 369362, -307436, 475736, 909506, -334786, -128344, 253372, 239557, 1076520, 110295, 1215677, -498856, -519527, 612922, 'Jaw']
[2390040, 1750293, 341162, -310262, 476359, 905620, -330797, -126307, 254624, 241891, 981486, 62313, 1179505, -494981, -544417, 577367, 'Jaw']
[2479913, 1769876, 372613, -305080, 476253, 911484, -335146, -130566, 253234, 240273, 1067405, 107191, 1209801, -498992, -521612, 607625, 'Jaw']
[2385155, 1747134, 339086, -312388, 476437, 903746, -331252, -127181, 255803, 242852, 994597, 65848, 1184022, -494435, -542471, 583401, 'Jaw']
[2485087, 1773057, 373804, -302668, 476641, 913850, -336151, -128501, 252336, 241715, 1053531, 103208, 1204083, -498132, -524304, 602190, 'Jaw']
[2383436, 1745533, 337571, -312958, 475662, 902517, -330144, -126664, 256181, 239885, 1007999, 70862, 1189961, -495059, -539915, 589958, 'Jaw']
[2486597, 1775029, 374153, -301837, 476715, 915381, -335294, -129015, 252279, 241109, 1037933, 99544, 1196126, -498617, -527554, 595878, 'Jaw']
[2384532, 1744549, 337745, -314575, 476702, 901423, -327726, -126265, 254716, 240520, 1025492, 75448, 1196345, -495107, -536331, 597751, 'Jaw']
[2484719, 1776296, 373727, -301196, 477453, 916433, -334757, -128706, 254493, 242198, 1022613, 93760, 1188590, -498005, -530023, 590069, 'Jaw']
[2388245, 1743369, 339087, -315669, 474744, 899774, -330089, -127105, 254121, 239129, 1040654, 81222, 1203869, -497794, -532824, 605357, 'Jaw']
[2479269, 1775803, 371796, -300668, 476987, 916037, -336418, -129418, 252652, 241541, 1006246, 86662, 1182066, -498822, -534224, 584211, 'Jaw']
[2396097, 1744587, 342040, -315484, 475554, 899355, -330503, -127260, 252657, 238507, 1057811, 88270, 1209854, -499456, -529210, 611248, 'Jaw']
[2471948, 1775384, 370123, -300194, 477845, 916658, -336456, -128551, 253679, 240957, 992834, 80571, 1175633, -498549, -536964, 578481, 'Jaw']
[2404727, 1745260, 344558, -316064, 474947, 899738, -330427, -128216, 251832, 237617, 1070586, 93545, 1214967, -499751, -526010, 616383, 'Jaw']
[2462082, 1774269, 365939, -300016, 477288, 916161, -334558, -127744, 252953, 240107, 980032, 74102, 1171934, -498682, -540374, 574624, 'Jaw']
[2417950, 1748743, 348428, -314848, 474078, 900519, -333049, -128463, 250856, 236651, 1082507, 101608, 1217936, -502695, -523519, 619886, 'Jaw']
[2449946, 1770611, 361013, -301947, 476909, 914062, -335105, -128055, 254025, 239550, 972547, 69266, 1168452, -498082, -543956, 571534, 'Jaw']
[2431358, 1751454, 352519, -314073, 474354, 900434, -332085, -129068, 248116, 235782, 1088332, 105124, 1219835, -504668, -522044, 621501, 'Jaw']
[2436344, 1766547, 355524, -303724, 476289, 911437, -334200, -129304, 252427, 239396, 968041, 65097, 1167656, -498743, -545629, 570286, 'Jaw']
[2445337, 1755046, 356589, -313252, 473366, 901893, -333301, -129350, 246374, 235942, 1089505, 107689, 1219568, -504826, -521236, 620742, 'Jaw']
[2422642, 1761995, 350036, -305864, 476190, 909540, -334768, -127934, 249854, 239224, 967457, 61900, 1168466, -498864, -547029, 570652, 'Jaw']
[2458453, 1759208, 361541, -311295, 473964, 904073, -334054, -129971, 244552, 237187, 1087689, 109339, 1218404, -505748, -520856, 619137, 'Jaw']
[2409672, 1757636, 346126, -307763, 476404, 907408, -332619, -127214, 248732, 239247, 971968, 61426, 1171584, -499021, -546238, 573733, 'Jaw']
[2471131, 1764181, 366923, -308954, 475473, 906081, -335039, -131773, 244084, 237917, 1082853, 110251, 1216400, -505292, -520094, 616691, 'Jaw']
[2398831, 1752696, 342328, -310412, 476420, 904194, -332510, -128712, 247460, 239630, 979397, 61158, 1177146, -498932, -545413, 577414, 'Jaw']
[2480393, 1767897, 370439, -306836, 475154, 907745, -337075, -131321, 242831, 238350, 1073505, 108354, 1212655, -506969, -521568, 612182, 'Jaw']
[2391235, 1749089, 339380, -312124, 475416, 901688, -333556, -128086, 245920, 239850, 990500, 63598, 1183132, -500771, -544083, 582765, 'Jaw']
[2487125, 1771763, 373110, -304523, 476413, 909925, -334845, -131478, 242885, 241159, 1062419, 106244, 1208283, -506160, -523219, 606927, 'Jaw']
[2386402, 1746396, 337741, -313921, 475748, 899848, -329945, -129059, 244999, 240955, 1004533, 67528, 1191090, -500698, -540738, 589196, 'Jaw']
[2489393, 1774387, 374131, -302983, 475888, 911211, -336497, -132216, 242493, 243218, 1047808, 101973, 1203645, -505582, -525617, 600584, 'Jaw']
[2384664, 1744195, 336787, -315559, 474258, 897584, -332646, -130754, 243869, 242212, 1018842, 72207, 1200272, -502054, -538679, 595483, 'Jaw']
[2487859, 1776057, 374089, -301586, 476204, 912328, -336634, -132708, 242806, 244963, 1030450, 96403, 1198923, -505268, -529786, 593080, 'Jaw']
[2386614, 1743257, 338193, -315715, 475770, 896812, -330260, -130828, 242822, 243893, 1033825, 78655, 1210977, -503279, -534709, 602509, 'Jaw']
[2482851, 1776179, 373111, -300794, 477027, 913194, -337037, -132056, 242837, 247184, 1013605, 89983, 1195878, -504523, -532379, 587014, 'Jaw']
[2392110, 1743644, 340291, -315848, 475297, 896291, -330546, -131211, 241372, 245238, 1049438, 85386, 1221824, -504242, -531051, 609536, 'Jaw']
