[2995183, 2318116, 1471811, 552282, 115683, 1289399, -81743, 347305, 1076039, 636705, 1058001, 1592065, 1759822, 1232712, 568913, 1480196, 'Jaw']
[3072041, 2329026, 1511163, 554701, 117572, 1309242, -91773, 345070, 1079066, 639925, 983384, 1485518, 1710443, 1236974, 561710, 1450681, 'Jaw']
[3005425, 2317887, 1480414, 552396, 115316, 1289918, -81278, 346334, 1075490, 636253, 1072403, 1604890, 1766998, 1235883, 573037, 1486042, 'Jaw']
[3059748, 2329533, 1502640, 555503, 118252, 1308899, -92369, 343328, 1080050, 640822, 970816, 1476021, 1705197, 1235755, 558537, 1446756, 'Jaw']
[3017501, 2317883, 1489314, 552179, 114841, 1291282, -83830, 346760, 1075289, 635666, 1082678, 1612063, 1770937, 1238316, 575602, 1489219, 'Jaw']
[3045869, 2329127, 1493298, 556074, 118931, 1307968, -89159, 345438, 1080685, 641692, 962410, 1471463, 1702136, 1233697, 556307, 1444729, 'Jaw']
[3031234, 2317645, 1498442, 551430, 114720, 1293092, -83016, 345977, 1074327, 634512, 1088617, 1614329, 1773039, 1240327, 578686, 1491720, 'Jaw']
[3030951, 2328453, 1483410, 555675, 119627, 1306226, -89498, 346545, 1081481, 642537, 958108, 1471041, 1701416, 1232190, 554976, 1443640, 'Jaw']
[3044909, 2317360, 1507232, 549915, 114293, 1294008, -85618, 344330, 1073376, 633549, 1090519, 1611532, 1772454, 1241311, 579239, 1491548, 'Jaw']
[3016270, 2326930, 1474547, 555077, 119113, 1303248, -89577, 345798, 1080924, 642517, 958308, 1475352, 1703096, 1229526, 552710, 1443679, 'Jaw']
[3058561, 2318809, 1515004, 550207, 114475, 1296977, -85650, 343705, 1073129, 633453, 1087860, 1604315, 1769653, 1242184, 578514, 1489358, 'Jaw']
[3002689, 2325935, 1466290, 555299, 118761, 1301099, -86632, 347529, 1081255, 642924, 962641, 1484125, 1706853, 1229043, 553130, 1445243, 'Jaw']
[3070865, 2319877, 1521589, 550212, 113565, 1299335, -88740, 342001, 1073252, 633494, 1081167, 1593461, 1764542, 1243022, 578280, 1486332, 'Jaw']
[2991088, 2324902, 1459729, 555882, 118204, 1298258, -85251, 348108, 1080485, 642484, 970702, 1496840, 1712323, 1227947, 552940, 1448232, 'Jaw']
[3079902, 2321704, 1525790, 551255, 114147, 1302409, -89617, 343932, 1074241, 634347, 1071635, 1579715, 1758166, 1243780, 577686, 1482356, 'Jaw']
[2982715, 2323429, 1456434, 555703, 118568, 1295868, -82944, 348129, 1079958, 642258, 982801, 1512547, 1719858, 1227620, 554959, 1453348, 'Jaw']
[3086095, 2323718, 1528480, 551835, 115286, 1304737, -90237, 342250, 1074901, 635632, 1059126, 1563235, 1750190, 1244375, 576878, 1477657, 'Jaw']
[2978061, 2321462, 1455893, 554568, 118336, 1293222, -82152, 347515, 1079766, 641561, 997502, 1529889, 1728564, 1228258, 557797, 1458862, 'Jaw']
[3087807, 2324785, 1528491, 552118, 116242, 1306564, -91340, 343054, 1075334, 635926, 1043172, 1544832, 1741358, 1243663, 574614, 1471712, 'Jaw']
[2977741, 2320641, 1457639, 554384, 118090, 1292191, -81960, 348432, 1078966, 641059, 1013591, 1548204, 1737539, 1229598, 561280, 1464871, 'Jaw']
[3086736, 2326132, 1525941, 552736, 116715, 1308392, -92542, 343415, 1076714, 637486, 1026047, 1526146, 1731785, 1243198, 571657, 1465834, 'Jaw']
[2980592, 2319205, 1461792, 553565, 117444, 1290956, -81008, 347724, 1078006, 639763, 1031343, 1566835, 1747020, 1231140, 564206, 1471891, 'Jaw']
[3081526, 2326927, 1520893, 552982, 116715, 1309180, -92491, 342573, 1077668, 638101, 1007729, 1507773, 1722520, 1241239, 567266, 1459298, 'Jaw']
[2986706, 2318090, 1467367, 553027, 116167, 1290248, -80856, 348414, 1076887, 638049, 1048312, 1583451, 1755741, 1232490, 567012, 1477687, 'Jaw']
[3073722, 2327847, 1514590, 554238, 117658, 1309628, -92101, 343996, 1078720, 639558, 991473, 1492555, 1714394, 1239195, 563779, 1454078, 'Jaw']
[2995730, 2317500, 1475061, 552432, 115607, 1289751, -81565, 346368, 1076138, 636950, 1064235, 1598132, 1763435, 1235010, 570843, 1483272, 'Jaw']
[3063328, 2328529, 1507212, 555117, 117975, 1309232, -92185, 344891, 1079599, 640286, 976993, 1480711, 1708087, 1236914, 560181, 1448857, 'Jaw']
[3006519, 2316976, 1483338, 552197, 115030, 1289923, -82472, 345450, 1075140, 635756, 1076821, 1608209, 1769115, 1236688, 574192, 1487379, 'Jaw']
[3050242, 2328746, 1498396, 556103, 118213, 1308423, -91597, 344961, 1080125, 641194, 966180, 1473056, 1703539, 1234260, 556951, 1445058, 'Jaw']
[3019631, 2317657, 1492531, 552577, 114994, 1292163, -82890, 346275, 1074477, 635754, 1085421, 1613862, 1772235, 1239557, 577249, 1490209, 'Jaw']
[3036316, 2328635, 1489206, 556709, 119374, 1307635, -90911, 346604, 1081091, 642648, 959969, 1471350, 1701755, 1233345, 555798, 1443942, 'Jaw']
[3033965, 2317330, 1502934, 551674, 114415, 1293806, -84130, 345772, 1073565, 634581, 1090039, 1614840, 1773430, 1240993, 579095, 1492050, 'Jaw']
[3021252, 2327626, 1480073, 556522, 119926, 1305429, -87334, 346491, 1081045, 643227, 957710, 1473735, 1702311, 1231431, 554798, 1443888, 'Jaw']
[3048136, 2317852, 1511168, 551258, 114732, 1296156, -85946, 344584, 1072982, 634308, 1089405, 1609721, 1771747, 1242683, 580156, 1491249, 'Jaw']
[3007860, 2326843, 1470924, 557023, 119915, 1303630, -86749, 348398, 1080956, 643656, 959373, 1479809, 1704673, 1230750, 553560, 1444952, 'Jaw']
[3062033, 2318797, 1518183, 550968, 114315, 1298564, -88331, 343520, 1073123, 634628, 1085250, 1600950, 1767637, 1244029, 579966, 1489216, 'Jaw']
[2994979, 2324976, 1463010, 555884, 118929, 1299999, -86495, 348560, 1080529, 643104, 965165, 1489691, 1708732, 1229353, 552760, 1446597, 'Jaw']
[3073211, 2320009, 1523771, 550782, 114050, 1300817, -88857, 342936, 1072533, 634172, 1076882, 1588356, 1761878, 1244409, 578748, 1485433, 'Jaw']
[2985869, 2323118, 1458345, 555847, 118459, 1297510, -84803, 348691, 1080140, 642793, 974500, 1503291, 1715299, 1228087, 553895, 1450414, 'Jaw']
[3082129, 2321393, 1528408, 551686, 114131, 1303512, -90667, 342613, 1073122, 634407, 1065609, 1573212, 1755150, 1244143, 577089, 1481211, 'Jaw']
[2979214, 2321573, 1456527, 555895, 118311, 1294799, -81764, 348678, 1079562, 641971, 987891, 1520210, 1723716, 1228349, 556222, 1456043, 'Jaw']
[3085848, 2323321, 1528989, 553020, 115714, 1305764, -91427, 344073, 1074523, 635259, 1050900, 1555312, 1746399, 1244314, 575680, 1475645, 'Jaw']
[2976268, 2320805, 1455991, 555948, 118589, 1293189, -82902, 349524, 1079524, 641397, 1003280, 1537702, 1732843, 1229121, 559137, 1462069, 'Jaw']
[3086602, 2324919, 1527161, 553395, 116648, 1307961, -91822, 342565, 1075986, 636955, 1034541, 1535808, 1737523, 1243354, 573135, 1469330, 'Jaw']
[2977181, 2319312, 1458553, 554690, 117880, 1291761, -80756, 348270, 1078663, 640634, 1020820, 1556060, 1742421, 1230272, 562630, 1468098, 'Jaw']
[3083104, 2325568, 1523665, 553036, 116372, 1308646, -95133, 343195, 1076332, 637244, 1016949, 1517038, 1728242, 1242426, 569209, 1462494, 'Jaw']
[2981750, 2318160, 1464076, 553836, 116892, 1290853, -79912, 349337, 1076646, 639240, 1037983, 1574298, 1751546, 1231944, 565055, 1474134, 'Jaw']
[3077126, 2326917, 1517945, 553805, 116530, 1309739, -94435, 343118, 1077659, 639166, 999391, 1500525, 1719104, 1240578, 565990, 1456740, 'Jaw']
[2989557, 2317473, 1470113, 553368, 116556, 1290185, -81253, 348208, 1075686, 637755, 1054800, 1590302, 1759551, 1233258, 568265, 1480062, 'Jaw']
[3068688, 2327988, 1510621, 555440, 118139, 1310178, -91757, 345136, 1078723, 640265, 983703, 1486530, 1711413, 1238372, 562134, 1451243, 'Jaw']
[2999948, 2317287, 1477620, 553333, 115745, 1290905, -81884, 347841, 1075173, 637197, 1069520, 1603259, 1766332, 1236433, 572866, 1485173, 'Jaw']
[3057152, 2328512, 1501871, 556253, 118573, 1309838, -91510, 345333, 1079396, 641253, 970851, 1476655, 1705658, 1236508, 558888, 1447071, 'Jaw']
[3012045, 2316922, 1486526, 553225, 115391, 1291837, -82023, 347244, 1074134, 636310, 1080670, 1611456, 1770738, 1238836, 575998, 1489114, 'Jaw']
[3043510, 2328129, 1493277, 556798, 118800, 1308806, -90770, 345867, 1079958, 642509, 962205, 1471594, 1702495, 1234800, 556903, 1444759, 'Jaw']
[3025550, 2316883, 1496446, 552615, 114813, 1293007, -82658, 346065, 1073488, 635289, 1087467, 1614636, 1773437, 1240158, 578358, 1491674, 'Jaw']
[3028619, 2328259, 1483262, 557292, 119427, 1306878, -90319, 346770, 1080717, 643268, 957517, 1470997, 1701684, 1232145, 554717, 1443338, 'Jaw']
[3039930, 2317834, 1504945, 552282, 114843, 1295319, -84739, 346705, 1073498, 635368, 1090146, 1612460, 1773307, 1242252, 579437, 1491571, 'Jaw']
[3014937, 2327562, 1474012, 556988, 119691, 1304530, -87840, 346373, 1081339, 644329, 957880, 1475422, 1703583, 1230977, 553502, 1443792, 'Jaw']
[3054819, 2318935, 1513501, 551737, 114384, 1297467, -87105, 344313, 1073186, 635129, 1088026, 1606172, 1770556, 1242987, 579567, 1490206, 'Jaw']
[3002430, 2326562, 1466646, 557016, 119090, 1302290, -87255, 348615, 1081368, 644511, 961833, 1483926, 1707137, 1229402, 552814, 1445434, 'Jaw']
[3067875, 2319694, 1520700, 551189, 114085, 1299629, -87935, 341942, 1073526, 634797, 1082399, 1595850, 1766156, 1243685, 579226, 1487562, 'Jaw']
[2990957, 2324503, 1460578, 556567, 119260, 1299441, -85601, 349121, 1080609, 643259, 969363, 1495741, 1712231, 1228200, 553031, 1448226, 'Jaw']
[3077953, 2321094, 1525912, 551980, 114837, 1303063, -91698, 344613, 1073674, 634916, 1072851, 1581840, 1759610, 1244782, 578221, 1484173, 'Jaw']
[2982867, 2322748, 1456758, 556580, 119589, 1297216, -83052, 348901, 1080532, 642832, 980873, 1510836, 1719764, 1228834, 554817, 1453492, 'Jaw']
[3084529, 2322352, 1528298, 552429, 115686, 1305890, -89498, 343997, 1074517, 635220, 1060025, 1565312, 1752213, 1244829, 577287, 1479245, 'Jaw']
[2978386, 2321023, 1455813, 555527, 119025, 1295370, -81681, 349903, 1079648, 641700, 994921, 1527768, 1728296, 1228877, 557992, 1459133, 'Jaw']
[3087794, 2324254, 1528072, 552571, 116576, 1307689, -92032, 343518, 1075034, 635972, 1044070, 1546816, 1743339, 1244271, 574867, 1473250, 'Jaw']
[2977996, 2319627, 1456683, 554175, 118470, 1292526, -81415, 347983, 1078840, 641044, 1010886, 1545934, 1737571, 1229133, 560473, 1464575, 'Jaw']
[3086707, 2324932, 1524739, 552399, 116758, 1308540, -92656, 342824, 1076017, 636219, 1026200, 1527142, 1734000, 1241870, 571217, 1466067, 'Jaw']
[2980549, 2318431, 1459577, 553465, 117101, 1291401, -82283, 347945, 1078048, 639371, 1027712, 1563314, 1746765, 1229996, 563029, 1470085, 'Jaw']
[3082670, 2326244, 1520324, 553124, 116916, 1309582, -93573, 343661, 1077103, 638079, 1009066, 1509353, 1724868, 1240998, 567367, 1459799, 'Jaw']
[2986769, 2317296, 1465796, 553088, 116314, 1290734, -81755, 347914, 1076842, 638253, 1045342, 1581362, 1755713, 1231538, 566389, 1476412, 'Jaw']
[3075388, 2327013, 1514356, 554374, 118130, 1310448, -92697, 344304, 1078493, 639491, 992125, 1494185, 1716482, 1239244, 564097, 1454083, 'Jaw']
[2995856, 2316769, 1472822, 552925, 116423, 1290998, -81448, 347812, 1075841, 637667, 1061189, 1595907, 1763332, 1234470, 570627, 1482199, 'Jaw']
[3065851, 2327437, 1506883, 554804, 118357, 1310314, -92304, 344435, 1079534, 640747, 977503, 1481251, 1709402, 1237178, 561131, 1449406, 'Jaw']
[3007660, 2316306, 1482571, 552187, 115641, 1291511, -81959, 346405, 1074774, 636148, 1074492, 1606869, 1769408, 1237119, 574190, 1487218, 'Jaw']
[3053912, 2328126, 1498802, 555473, 119149, 1309352, -92399, 344781, 1079776, 641923, 966469, 1473877, 1705313, 1235398, 558045, 1446240, 'Jaw']
[3020987, 2316383, 1491028, 551268, 114709, 1291936, -84071, 346251, 1074619, 635571, 1083812, 1612728, 1773340, 1238770, 576538, 1489757, 'Jaw']
[3040687, 2328050, 1489120, 555517, 119002, 1307947, -92074, 346027, 1081133, 642703, 959526, 1470430, 1702859, 1233146, 555392, 1443566, 'Jaw']
[3034948, 2316499, 1500138, 550757, 114792, 1293715, -84249, 344929, 1074166, 634549, 1088498, 1613719, 1774307, 1240806, 577751, 1490991, 'Jaw']
[3025491, 2327196, 1478811, 555800, 119314, 1305523, -91715, 345140, 1081276, 643072, 956579, 1471977, 1702723, 1230847, 553396, 1442615, 'Jaw']
[3049609, 2317704, 1508732, 550910, 114992, 1295901, -84747, 344937, 1073935, 634151, 1088974, 1609602, 1772268, 1241815, 578321, 1490232, 'Jaw']
[3011966, 2326621, 1470497, 555880, 119848, 1303402, -87137, 347407, 1082336, 643182, 958889, 1478502, 1705149, 1229479, 553423, 1443827, 'Jaw']
[3063450, 2318441, 1516927, 550704, 114056, 1298099, -87890, 343298, 1074014, 633602, 1085915, 1601500, 1769303, 1242394, 579117, 1488453, 'Jaw']
[2999899, 2324862, 1463665, 555381, 119260, 1300479, -87188, 346270, 1081855, 642375, 964720, 1488393, 1709630, 1228370, 552542, 1445793, 'Jaw']
[3075702, 2319680, 1523493, 550735, 114743, 1300681, -90649, 344051, 1074196, 633792, 1078324, 1589793, 1764016, 1243475, 578559, 1485734, 'Jaw']
[2989976, 2322932, 1459114, 555200, 119720, 1297776, -84685, 348960, 1081374, 641636, 973919, 1501963, 1716018, 1228013, 553617, 1450306, 'Jaw']
[3084301, 2320868, 1528173, 550223, 115549, 1303338, -91821, 341261, 1075224, 633256, 1067282, 1574157, 1757009, 1244033, 577669, 1481246, 'Jaw']
[2983743, 2321270, 1457694, 554625, 119215, 1295603, -83192, 349423, 1080725, 641398, 987002, 1518451, 1724436, 1226988, 555208, 1455306, 'Jaw']
[3089036, 2322301, 1530193, 550873, 115973, 1305863, -91662, 343069, 1075341, 634778, 1052980, 1557206, 1748748, 1243687, 575419, 1476053, 'Jaw']
[2980140, 2319928, 1457281, 554351, 118507, 1293529, -82504, 348723, 1079559, 640384, 1001756, 1536171, 1732705, 1228173, 557589, 1460918, 'Jaw']
[3090443, 2324746, 1528106, 552288, 116197, 1308236, -92821, 342838, 1076523, 636458, 1036544, 1538638, 1739378, 1243289, 572084, 1469487, 'Jaw']
[2981723, 2319096, 1459220, 553444, 117441, 1291778, -82169, 348150, 1078916, 639805, 1018898, 1554748, 1741891, 1229240, 560391, 1466703, 'Jaw']
[3087826, 2325142, 1523793, 551602, 116790, 1308292, -95466, 342509, 1077413, 636836, 1018682, 1519574, 1729936, 1242036, 568421, 1462699, 'Jaw']
[2985715, 2317546, 1462922, 552130, 116900, 1289736, -82697, 346565, 1078868, 637965, 1035969, 1572136, 1751380, 1229923, 563160, 1472080, 'Jaw']
[3082271, 2326297, 1518526, 552645, 117406, 1309222, -93589, 343288, 1078826, 638717, 1001615, 1502107, 1721097, 1239104, 564971, 1455933, 'Jaw']
[2992980, 2316696, 1469377, 551702, 116512, 1290083, -80686, 347841, 1077600, 637317, 1053399, 1588723, 1760531, 1232462, 567807, 1478650, 'Jaw']
[3073662, 2327387, 1511520, 553708, 118092, 1310281, -93378, 343298, 1080101, 639977, 985389, 1487435, 1713716, 1237928, 561843, 1450805, 'Jaw']
[3003286, 2316552, 1477639, 551733, 116195, 1291296, -80367, 346175, 1077345, 637198, 1068163, 1601635, 1767233, 1235590, 571298, 1483856, 'Jaw']
[3062898, 2327938, 1504032, 554079, 118216, 1310786, -92333, 344455, 1080082, 641333, 972363, 1477281, 1708176, 1237857, 558485, 1447220, 'Jaw']
[3015031, 2316749, 1485768, 551356, 115366, 1292448, -81996, 346602, 1075757, 635962, 1079241, 1610053, 1772557, 1238296, 573629, 1487806, 'Jaw']
[3049597, 2327869, 1494385, 553988, 119261, 1310022, -91026, 344853, 1082595, 641199, 962630, 1470889, 1703747, 1235725, 555530, 1444004, 'Jaw']
[3028737, 2317179, 1495222, 550294, 115233, 1294025, -80976, 345325, 1076609, 635420, 1085781, 1612927, 1774425, 1240100, 575843, 1489813, 'Jaw']
[3034762, 2327792, 1484572, 554020, 119551, 1308218, -88798, 346894, 1084067, 643166, 957701, 1469805, 1702227, 1234724, 553926, 1442818, 'Jaw']
[3042502, 2317300, 1504418, 549231, 113971, 1295430, -85549, 344231, 1076468, 634966, 1088793, 1611086, 1772811, 1242096, 577106, 1490259, 'Jaw']
[3019519, 2326762, 1475450, 552870, 119109, 1305530, -86806, 347249, 1084472, 643070, 956161, 1473168, 1700856, 1233601, 552240, 1442259, 'Jaw']
[3055667, 2317502, 1512309, 547556, 113630, 1297044, -87816, 341416, 1077220, 633404, 1086527, 1604839, 1767908, 1245616, 577691, 1488743, 'Jaw']
[3005648, 2326151, 1466598, 553378, 119706, 1302568, -85809, 347054, 1086174, 644159, 958539, 1480304, 1700894, 1229850, 550824, 1443043, 'Jaw']
[3068558, 2319261, 1519791, 547631, 113477, 1299836, -88358, 344522, 1077890, 634616, 1080460, 1593983, 1759410, 1248162, 577850, 1486221, 'Jaw']
[2994136, 2325197, 1461093, 554350, 118656, 1300114, -84134, 348371, 1086436, 644762, 967125, 1492876, 1700152, 1228867, 552363, 1447323, 'Jaw']
[3078473, 2321243, 1524916, 549098, 114874, 1302811, -87989, 343928, 1078698, 635543, 1072428, 1582125, 1745678, 1246660, 577724, 1483482, 'Jaw']
[2984124, 2322048, 1456459, 550569, 118570, 1297969, -83639, 347886, 1084996, 642540, 977152, 1507111, 1699196, 1234091, 554177, 1451828, 'Jaw']
[3084076, 2321182, 1526721, 546667, 114730, 1305794, -90206, 343963, 1077956, 633249, 1057161, 1563509, 1732233, 1251889, 575161, 1477882, 'Jaw']
[2978722, 2320144, 1454778, 552168, 117860, 1295464, -81479, 348659, 1085957, 643915, 989070, 1522967, 1703531, 1233685, 555571, 1457427, 'Jaw']
[3086871, 2323283, 1527493, 548532, 115460, 1307235, -93107, 342070, 1081735, 635171, 1042164, 1546369, 1718662, 1249446, 572788, 1472721, 'Jaw']
[2975591, 2319263, 1455618, 550184, 118458, 1294075, -77613, 350451, 1085903, 643830, 1004929, 1543171, 1706878, 1236531, 558313, 1463040, 'Jaw']
[3085634, 2323959, 1526094, 548743, 116326, 1310148, -90327, 344600, 1080767, 633205, 1025310, 1528876, 1705120, 1252324, 570936, 1466919, 'Jaw']
[2977705, 2319107, 1459974, 552472, 117956, 1292879, -79447, 349893, 1084816, 637934, 1024736, 1562464, 1711617, 1235168, 562264, 1470494, 'Jaw']
[3080481, 2325800, 1521228, 550426, 117451, 1310584, -91570, 344431, 1083973, 633275, 1007899, 1511584, 1690822, 1248700, 567748, 1461019, 'Jaw']
[2982015, 2317633, 1465184, 550898, 117061, 1292229, -80896, 348949, 1080817, 633572, 1040650, 1579400, 1714619, 1240277, 565584, 1476486, 'Jaw']
[3073213, 2327437, 1514955, 551046, 117973, 1311892, -90520, 343875, 1086291, 631517, 990979, 1494631, 1676153, 1247211, 563895, 1454839, 'Jaw']
[2990527, 2318555, 1471856, 550458, 116962, 1292412, -78639, 349919, 1083959, 629016, 1057614, 1594029, 1714944, 1240904, 569913, 1482020, 'Jaw']
[3062475, 2328594, 1507601, 552715, 118985, 1311422, -91223, 345745, 1085828, 628758, 976204, 1482372, 1661837, 1242414, 561074, 1450394, 'Jaw']
[2999013, 2316213, 1480276, 548397, 116208, 1292111, -81254, 346430, 1081548, 622484, 1071307, 1605688, 1714074, 1242729, 572764, 1486991, 'Jaw']
[3047400, 2327792, 1498629, 551789, 119329, 1310729, -89589, 346062, 1085504, 624866, 963527, 1471493, 1651167, 1240721, 556797, 1445921, 'Jaw']
[3011505, 2317580, 1490064, 548917, 116255, 1294175, -78668, 347217, 1080808, 616695, 1080418, 1612079, 1714128, 1245141, 576320, 1490452, 'Jaw']
[3032956, 2328218, 1489079, 553241, 119632, 1309966, -88140, 347299, 1087069, 622899, 955863, 1469994, 1645036, 1239248, 555755, 1444779, 'Jaw']
[3024991, 2317073, 1498403, 547826, 115802, 1295791, -82424, 347284, 1080825, 613351, 1085166, 1612980, 1712506, 1247863, 578005, 1492100, 'Jaw']
[3017941, 2326962, 1479796, 552860, 119678, 1307541, -88886, 345447, 1087862, 619899, 952810, 1470356, 1642142, 1236563, 553649, 1443833, 'Jaw']
[3038783, 2316538, 1508266, 547405, 115273, 1296564, -83212, 343168, 1079019, 610979, 1085785, 1609687, 1710414, 1248561, 578313, 1491514, 'Jaw']
[3002377, 2325188, 1470987, 552163, 120663, 1304905, -86018, 347994, 1088522, 620821, 953120, 1476339, 1642631, 1236078, 552434, 1444047, 'Jaw']
[3052018, 2318055, 1514985, 545696, 115418, 1299793, -84958, 344790, 1080419, 610159, 1080646, 1599462, 1707178, 1253479, 578885, 1488842, 'Jaw']
[2990030, 2325307, 1463582, 554019, 120137, 1302482, -84050, 347779, 1089015, 622278, 959690, 1485584, 1646516, 1232053, 552948, 1446401, 'Jaw']
[3064065, 2319177, 1522791, 546601, 115269, 1303028, -86936, 343275, 1080916, 612789, 1075302, 1589459, 1702481, 1251566, 578558, 1486359, 'Jaw']
[2978143, 2322969, 1459130, 552316, 119298, 1299904, -82977, 348954, 1089959, 621093, 968709, 1499174, 1653105, 1234695, 553735, 1450676, 'Jaw']
[3071498, 2320711, 1526525, 548494, 115006, 1304646, -88722, 341982, 1081275, 613162, 1063116, 1574151, 1696686, 1250476, 576926, 1482017, 'Jaw']
[2969464, 2320532, 1456057, 550318, 118562, 1296932, -83113, 347542, 1088411, 620303, 980068, 1514906, 1660488, 1232374, 554837, 1455034, 'Jaw']
[3076479, 2322092, 1527974, 547560, 116241, 1307250, -89476, 341589, 1083567, 611976, 1048464, 1556516, 1689570, 1250598, 574515, 1476470, 'Jaw']
[2966247, 2319257, 1455504, 550758, 118575, 1294590, -82155, 348035, 1090471, 617980, 995212, 1531935, 1669816, 1232279, 557176, 1460282, 'Jaw']
[3078034, 2323166, 1528016, 547943, 116463, 1308701, -90522, 341293, 1083152, 614353, 1032416, 1538540, 1680681, 1248566, 572077, 1470551, 'Jaw']
[2965809, 2316743, 1457829, 548081, 117397, 1293001, -81840, 347278, 1088727, 617540, 1012175, 1550828, 1678301, 1235090, 559786, 1466497, 'Jaw']
[3075298, 2324326, 1524186, 548461, 116690, 1309596, -89418, 342363, 1083799, 612339, 1014118, 1518911, 1671155, 1248130, 568346, 1463683, 'Jaw']
[2970186, 2316784, 1462086, 549596, 117650, 1292411, -79250, 348040, 1086128, 614733, 1029736, 1568951, 1686405, 1235010, 563515, 1472983, 'Jaw']
[3068390, 2324783, 1518430, 547755, 117005, 1310486, -92450, 340469, 1086106, 615890, 996659, 1500893, 1662381, 1246881, 564955, 1457810, 'Jaw']
[2976535, 2315761, 1468253, 548067, 115614, 1290379, -81216, 344424, 1084811, 613933, 1046300, 1585189, 1694079, 1237277, 565996, 1478466, 'Jaw']
[3060162, 2325461, 1512058, 549698, 117966, 1310472, -90724, 342649, 1087309, 613993, 979646, 1487190, 1653614, 1243615, 561061, 1451865, 'Jaw']
[2986662, 2315677, 1476167, 548137, 116520, 1292129, -79988, 345807, 1083935, 610824, 1060917, 1598760, 1701565, 1239611, 570561, 1484408, 'Jaw']
[3048936, 2326729, 1503460, 549964, 118886, 1311094, -89892, 342467, 1088917, 616743, 966682, 1475721, 1647491, 1242458, 558240, 1447668, 'Jaw']
[2997519, 2313918, 1484100, 546039, 115936, 1292104, -80631, 344231, 1084869, 607763, 1073052, 1606699, 1707513, 1244839, 573852, 1487757, 'Jaw']
[3035058, 2326309, 1494079, 551412, 119238, 1309267, -88992, 342884, 1087793, 614466, 955405, 1468195, 1643431, 1237732, 555111, 1444168, 'Jaw']
[3011769, 2315055, 1493482, 546881, 114913, 1293316, -81802, 344281, 1083039, 607069, 1080806, 1611061, 1710048, 1241961, 576123, 1490667, 'Jaw']
[3020568, 2325882, 1485012, 550568, 119111, 1307700, -88760, 342927, 1088952, 614588, 951294, 1467185, 1641838, 1235049, 553073, 1443337, 'Jaw']
[3025619, 2314903, 1502663, 544935, 114663, 1295295, -83172, 340423, 1081843, 607770, 1083875, 1609918, 1710608, 1246138, 577294, 1490899, 'Jaw']
[3005713, 2325034, 1475576, 551606, 119740, 1305581, -87834, 344346, 1090776, 613836, 949989, 1470143, 1642089, 1234039, 552156, 1442560, 'Jaw']
[3040240, 2315797, 1511783, 545717, 114324, 1298039, -84946, 342695, 1081257, 603383, 1082263, 1604240, 1708982, 1245538, 578012, 1490323, 'Jaw']
[2990954, 2324317, 1467477, 551827, 119845, 1303723, -85138, 344585, 1091444, 615163, 953566, 1478514, 1645433, 1231923, 551825, 1445064, 'Jaw']
[3051834, 2316952, 1518041, 546012, 114663, 1300314, -86768, 341198, 1081365, 603464, 1076108, 1593601, 1705353, 1247666, 578411, 1487741, 'Jaw']
[2978334, 2322047, 1460799, 550031, 119140, 1300435, -85182, 344395, 1089268, 613983, 960744, 1489117, 1649222, 1230125, 552291, 1447415, 'Jaw']
[3062815, 2318272, 1525080, 545983, 114908, 1302782, -88777, 339771, 1081731, 603767, 1068524, 1581031, 1700387, 1247297, 577167, 1484380, 'Jaw']
[2968399, 2320639, 1457257, 550465, 118835, 1297972, -83404, 345073, 1088639, 611793, 971844, 1503857, 1656589, 1228721, 553668, 1452367, 'Jaw']
[3070361, 2320640, 1528290, 546824, 115103, 1305697, -89736, 339130, 1081286, 603152, 1056214, 1565124, 1693608, 1246448, 576057, 1479647, 'Jaw']
[2963024, 2319471, 1456348, 550612, 118875, 1295889, -81576, 345604, 1087184, 611391, 986155, 1521682, 1664540, 1229273, 556170, 1458041, 'Jaw']
[3072831, 2321346, 1529161, 546791, 116176, 1307288, -90656, 337704, 1081213, 602576, 1041180, 1547788, 1685877, 1245938, 574049, 1474659, 'Jaw']
[2960368, 2318285, 1456732, 549653, 118219, 1293630, -81534, 345782, 1086121, 608251, 1001483, 1539641, 1673307, 1229697, 558155, 1463388, 'Jaw']
[3071418, 2322928, 1526004, 547922, 116722, 1309079, -90650, 340728, 1081996, 601647, 1023557, 1529028, 1677218, 1245175, 571027, 1468094, 'Jaw']
[2961870, 2316634, 1458552, 549241, 117609, 1291977, -81536, 344755, 1084803, 606649, 1018437, 1558294, 1683503, 1230748, 561583, 1469548, 'Jaw']
[3068252, 2324115, 1521201, 548679, 116724, 1310180, -92870, 339135, 1080799, 601610, 1005870, 1510352, 1669177, 1243262, 566649, 1460978, 'Jaw']
[2967128, 2315261, 1462931, 547362, 116227, 1291755, -80862, 344642, 1083963, 604577, 1036781, 1575145, 1695092, 1233444, 564834, 1475631, 'Jaw']
[3061352, 2324775, 1515394, 549462, 116897, 1310922, -92892, 339794, 1083082, 601187, 988378, 1493158, 1663119, 1242185, 563370, 1455283, 'Jaw']
[2976178, 2314611, 1470854, 547691, 115734, 1290761, -82820, 343379, 1082066, 601111, 1053387, 1590740, 1705328, 1235003, 568518, 1481263, 'Jaw']
[3052188, 2325638, 1508652, 549268, 117478, 1310797, -91892, 340149, 1084379, 604162, 973848, 1480880, 1658846, 1236714, 559983, 1450004, 'Jaw']
[2988017, 2314547, 1479848, 547290, 115342, 1291565, -80649, 342560, 1081849, 600045, 1067926, 1602860, 1714800, 1235766, 572171, 1486180, 'Jaw']
[3039999, 2326081, 1499706, 550062, 117971, 1309937, -90487, 340889, 1087618, 606398, 962088, 1470974, 1655288, 1235762, 557101, 1445633, 'Jaw']
[3000825, 2314621, 1488500, 547048, 114772, 1292532, -81340, 344581, 1081411, 602581, 1077506, 1609047, 1720455, 1237539, 575520, 1489407, 'Jaw']
[3026664, 2326020, 1490511, 550815, 117831, 1308926, -89955, 342764, 1088136, 606342, 953754, 1467077, 1653635, 1233249, 554728, 1443459, 'Jaw']
[3014932, 2313661, 1497429, 546203, 113866, 1293790, -83594, 341941, 1082057, 599664, 1082931, 1610861, 1723282, 1237782, 576682, 1490614, 'Jaw']
[3011312, 2324836, 1479414, 550231, 118059, 1306417, -90571, 342380, 1090123, 609171, 948597, 1466537, 1653703, 1229952, 551796, 1441628, 'Jaw']
[3030797, 2314805, 1506566, 546136, 113209, 1296345, -86187, 341632, 1079702, 598159, 1082954, 1607195, 1723561, 1241254, 577008, 1489950, 'Jaw']
[2998163, 2324171, 1472035, 551752, 118051, 1305279, -88530, 343065, 1089004, 608817, 951715, 1473465, 1656216, 1228341, 551639, 1443265, 'Jaw']
[3045571, 2315929, 1515724, 545716, 113388, 1299050, -87211, 340417, 1083424, 598112, 1081276, 1600186, 1721718, 1242149, 578029, 1489010, 'Jaw']
[2984909, 2322008, 1465313, 551262, 118050, 1302509, -85169, 344820, 1089796, 610588, 955976, 1482534, 1660660, 1227822, 551733, 1445555, 'Jaw']
[3058040, 2317374, 1522521, 545746, 113731, 1301619, -88698, 340125, 1081178, 596789, 1072871, 1588647, 1717814, 1242607, 577870, 1486405, 'Jaw']
[2975121, 2322309, 1459317, 551896, 118581, 1300003, -84161, 346583, 1090011, 608968, 964570, 1496057, 1666676, 1225372, 552692, 1449531, 'Jaw']
[3067723, 2318612, 1526283, 546644, 114434, 1304540, -89660, 339667, 1083615, 599649, 1062589, 1574603, 1711687, 1241734, 577040, 1482246, 'Jaw']
[2968151, 2319286, 1456031, 550746, 118102, 1297473, -82561, 346564, 1090453, 608679, 976343, 1511406, 1674807, 1226427, 554255, 1453986, 'Jaw']
[3074198, 2320982, 1528488, 547385, 115097, 1307505, -89944, 339911, 1085759, 601096, 1048982, 1556878, 1704497, 1243402, 575439, 1477354, 'Jaw']
[2964632, 2318436, 1456601, 550501, 116898, 1295367, -82860, 345379, 1090772, 607508, 991492, 1529087, 1683369, 1225995, 556954, 1460063, 'Jaw']
[3076914, 2322888, 1528670, 548114, 114979, 1309328, -92504, 339806, 1085417, 603004, 1032592, 1539851, 1696293, 1242339, 572511, 1472017, 'Jaw']
[2965590, 2317607, 1458844, 550618, 116771, 1294222, -81518, 346571, 1089645, 608752, 1008830, 1549152, 1692426, 1227611, 559595, 1466519, 'Jaw']
[3074327, 2324025, 1525290, 549034, 116320, 1310670, -90968, 339665, 1086485, 604155, 1014226, 1520657, 1687072, 1239742, 569559, 1465389, 'Jaw']
[2968878, 2315640, 1462687, 548552, 116701, 1292133, -80587, 346782, 1088959, 605556, 1025871, 1567197, 1702307, 1229155, 563408, 1472689, 'Jaw']
[3070210, 2324917, 1519982, 549599, 117211, 1311464, -92114, 340472, 1089256, 604510, 995763, 1502090, 1678349, 1237959, 566033, 1458461, 'Jaw']
[2976865, 2315474, 1468270, 548537, 115883, 1292468, -79436, 346210, 1088680, 608323, 1042720, 1582940, 1710587, 1229756, 567759, 1478682, 'Jaw']
[3062090, 2324829, 1512994, 548801, 116846, 1311675, -92320, 341807, 1088406, 606180, 979573, 1486521, 1669555, 1236458, 562953, 1452691, 'Jaw']
[2986651, 2314127, 1475833, 547380, 114939, 1291530, -80946, 345044, 1087354, 604538, 1058331, 1596137, 1718030, 1232665, 570637, 1483434, 'Jaw']
[3051377, 2325393, 1504967, 549473, 117456, 1310992, -92547, 341105, 1090123, 607418, 964791, 1475387, 1663464, 1232448, 558798, 1447577, 'Jaw']
[2998676, 2313310, 1484831, 547164, 114432, 1292795, -81851, 344836, 1085331, 602335, 1070558, 1605677, 1723589, 1233521, 573272, 1487377, 'Jaw']
[3038984, 2326050, 1496219, 551685, 117772, 1311163, -91200, 343257, 1091708, 609709, 955590, 1468108, 1659425, 1230644, 555845, 1444642, 'Jaw']
[3013226, 2313980, 1493937, 546798, 114175, 1294262, -83118, 343268, 1085850, 603209, 1078829, 1610327, 1727583, 1236120, 576351, 1490613, 'Jaw']
[3025338, 2325679, 1486822, 550736, 118079, 1308380, -90702, 342065, 1092543, 611142, 949614, 1466727, 1657850, 1228393, 553545, 1442909, 'Jaw']
[3028405, 2315083, 1503151, 546501, 113775, 1296244, -84607, 343651, 1084949, 602783, 1081398, 1609824, 1727389, 1238137, 577705, 1490705, 'Jaw']
[3010289, 2324744, 1476932, 551511, 118764, 1307108, -87252, 345586, 1093404, 611852, 947961, 1469699, 1658492, 1226326, 552833, 1443068, 'Jaw']
[3043246, 2315575, 1511420, 546333, 113797, 1298131, -85289, 342679, 1086030, 600838, 1080636, 1604349, 1726504, 1237996, 579245, 1490348, 'Jaw']
[2997202, 2324057, 1468494, 552029, 118629, 1304046, -86319, 345165, 1092550, 612179, 951261, 1476718, 1661436, 1224287, 552194, 1443950, 'Jaw']
[3057480, 2316652, 1518576, 546871, 113904, 1301000, -87292, 342450, 1085788, 600863, 1076375, 1595375, 1723008, 1237360, 579165, 1488036, 'Jaw']
[2985761, 2321591, 1461717, 551043, 118511, 1301329, -85623, 345511, 1092351, 612503, 957835, 1487687, 1666216, 1223548, 552765, 1446977, 'Jaw']
[3069066, 2317502, 1524593, 546338, 114449, 1303158, -88111, 340341, 1084479, 600036, 1066763, 1581987, 1717812, 1238558, 578169, 1483929, 'Jaw']
[2977205, 2319597, 1458303, 550483, 118539, 1298555, -84437, 345691, 1091408, 609292, 968834, 1502874, 1672806, 1221553, 554023, 1451415, 'Jaw']
[3077332, 2319124, 1528757, 546521, 114626, 1305897, -91977, 341976, 1083721, 600681, 1055047, 1566803, 1710327, 1238205, 576315, 1479938, 'Jaw']
[2970953, 2318488, 1455827, 549878, 117664, 1295744, -83276, 345522, 1089859, 608546, 981767, 1519141, 1680006, 1221474, 554942, 1456573, 'Jaw']
[3081163, 2320678, 1528670, 547086, 115372, 1308045, -89364, 340859, 1084150, 601114, 1039327, 1548158, 1701652, 1237933, 574386, 1473771, 'Jaw']
[2969695, 2317589, 1456620, 549572, 117466, 1294224, -80830, 346381, 1088528, 607180, 998129, 1537526, 1688769, 1223130, 558898, 1462882, 'Jaw']
[3081116, 2322571, 1526373, 547846, 115935, 1309759, -92490, 341606, 1085037, 601831, 1022960, 1529391, 1692495, 1237466, 571522, 1467989, 'Jaw']
[2971537, 2316064, 1459249, 549486, 116997, 1292862, -80902, 346563, 1088442, 605775, 1015741, 1555235, 1697892, 1222713, 561839, 1468825, 'Jaw']
[3077530, 2323125, 1522777, 548228, 116312, 1310301, -92927, 340591, 1085088, 600768, 1005549, 1510510, 1683909, 1236387, 567920, 1461715, 'Jaw']
[2975654, 2314782, 1463647, 548517, 116530, 1291814, -82578, 345658, 1086533, 606350, 1033412, 1572413, 1706856, 1225558, 565101, 1475004, 'Jaw']
[3070480, 2323848, 1516978, 549679, 117227, 1310782, -93219, 340480, 1086384, 601808, 987686, 1492960, 1675333, 1232926, 564053, 1455381, 'Jaw']
[2983908, 2313817, 1471078, 548040, 116370, 1291305, -80625, 345464, 1085377, 602522, 1050315, 1588489, 1716416, 1227419, 568958, 1481126, 'Jaw']
[3060705, 2324343, 1509326, 549971, 117761, 1310921, -92091, 341615, 1088104, 604741, 972387, 1479875, 1668397, 1231164, 560746, 1450186, 'Jaw']
[2994820, 2312658, 1479463, 546847, 115327, 1291613, -80306, 344307, 1083465, 600608, 1064149, 1600801, 1723235, 1228980, 572107, 1486057, 'Jaw']
[3048599, 2324761, 1500427, 549687, 118083, 1310890, -90192, 341674, 1089191, 605341, 959355, 1470311, 1663506, 1229260, 557196, 1445723, 'Jaw']
[3007868, 2313281, 1488028, 546590, 114337, 1292855, -82152, 342364, 1083342, 600726, 1074126, 1607844, 1728078, 1232274, 574605, 1488635, 'Jaw']
[3034556, 2324918, 1490648, 550581, 118418, 1309677, -89626, 343387, 1088327, 607029, 951451, 1465827, 1660555, 1226061, 554159, 1442885, 'Jaw']
[3022282, 2314212, 1497053, 546348, 114908, 1294929, -82216, 344252, 1082653, 600078, 1080389, 1609507, 1730479, 1233433, 577050, 1490451, 'Jaw']
[3020636, 2325358, 1481578, 551533, 119184, 1308423, -87721, 344981, 1090340, 608202, 948660, 1466739, 1660542, 1224413, 553250, 1442758, 'Jaw']
[3037565, 2315070, 1507530, 546091, 114453, 1297054, -83425, 342973, 1082544, 600266, 1082305, 1607708, 1730753, 1234202, 578453, 1491559, 'Jaw']
[3005908, 2324732, 1473292, 551193, 119185, 1305578, -86635, 344430, 1090092, 609884, 950070, 1472728, 1662621, 1223186, 552401, 1443998, 'Jaw']
[3050998, 2315898, 1515256, 545554, 113856, 1299320, -84719, 341242, 1081319, 599242, 1079455, 1599675, 1727896, 1236840, 578390, 1489251, 'Jaw']
[2992542, 2323161, 1466107, 551121, 118764, 1302798, -84066, 344977, 1090292, 609158, 954691, 1481096, 1667128, 1221907, 552086, 1445762, 'Jaw']
[3063880, 2317751, 1522825, 545994, 113772, 1301762, -87775, 341956, 1082138, 598909, 1072909, 1589176, 1724914, 1236159, 578218, 1486930, 'Jaw']
[2981478, 2322167, 1460259, 550541, 118522, 1300059, -83164, 345899, 1089781, 608735, 963668, 1494411, 1672797, 1220660, 552553, 1449463, 'Jaw']
[3072630, 2319161, 1526938, 545860, 113859, 1304023, -89729, 340424, 1082026, 599014, 1062761, 1574675, 1718169, 1236623, 576658, 1482748, 'Jaw']
[2972433, 2319977, 1456076, 549277, 117869, 1296852, -82819, 345034, 1088357, 607381, 974720, 1509249, 1679801, 1220233, 553312, 1453178, 'Jaw']
[3076922, 2320871, 1527436, 546862, 114978, 1306824, -89444, 340586, 1082007, 599691, 1047951, 1557190, 1709829, 1236287, 574608, 1476545, 'Jaw']
[2968053, 2318812, 1455232, 549491, 117500, 1295665, -81126, 346490, 1087644, 607316, 989602, 1527092, 1687813, 1220496, 556473, 1458928, 'Jaw']
[3079616, 2322427, 1527680, 547123, 115365, 1308939, -90843, 339812, 1083074, 601006, 1032604, 1539436, 1701596, 1236039, 572252, 1471430, 'Jaw']
[2968685, 2317348, 1457450, 549005, 116767, 1293552, -81939, 345642, 1086899, 606185, 1006847, 1546499, 1697500, 1221170, 559164, 1465778, 'Jaw']
[3078321, 2323309, 1524377, 547701, 115246, 1309536, -92541, 338799, 1083255, 601368, 1014463, 1521113, 1692651, 1233768, 568251, 1464901, 'Jaw']
[2972187, 2316071, 1460409, 548600, 116111, 1291799, -80241, 344598, 1085183, 604660, 1023507, 1564322, 1706825, 1222165, 562126, 1471328, 'Jaw']
[3073574, 2324359, 1518692, 548786, 116271, 1310960, -91626, 340838, 1084112, 603439, 996165, 1502277, 1683449, 1232181, 565287, 1458201, 'Jaw']
[2979301, 2315172, 1466554, 547842, 115665, 1291729, -80982, 345306, 1082813, 605342, 1041707, 1581413, 1716484, 1223787, 566118, 1478072, 'Jaw']
[3065771, 2325200, 1512279, 549270, 117127, 1311336, -91210, 340935, 1084427, 607195, 980561, 1487214, 1676187, 1229833, 561773, 1452614, 'Jaw']
[2988474, 2314073, 1474335, 546632, 114463, 1290919, -80802, 343279, 1080731, 604621, 1057955, 1595367, 1724495, 1225451, 569396, 1483122, 'Jaw']
[3054718, 2325518, 1504750, 549207, 117304, 1310341, -91242, 340975, 1084156, 608868, 966917, 1475354, 1670043, 1227566, 557688, 1447543, 'Jaw']
[3000394, 2314008, 1483030, 546072, 114144, 1291313, -82326, 343121, 1078390, 603904, 1070072, 1604935, 1730805, 1228734, 571938, 1486807, 'Jaw']
[3042461, 2325837, 1496135, 549758, 117368, 1309581, -92416, 341891, 1083431, 610734, 956108, 1468434, 1666328, 1226061, 554635, 1443964, 'Jaw']
[3014722, 2314153, 1492859, 546183, 113951, 1292994, -81619, 343019, 1076478, 604283, 1078364, 1609778, 1735285, 1231328, 574715, 1489748, 'Jaw']
[3027908, 2325722, 1486176, 551374, 118081, 1308310, -89880, 342784, 1083195, 612818, 950330, 1466292, 1665890, 1225330, 553420, 1442722, 'Jaw']
[3028815, 2314806, 1500926, 546769, 113376, 1295202, -84518, 341869, 1075303, 605260, 1082128, 1609277, 1736738, 1234609, 576994, 1490699, 'Jaw']
[3013271, 2324978, 1477108, 552025, 118520, 1306640, -88753, 343318, 1082595, 615241, 948967, 1468706, 1666712, 1224290, 552025, 1442795, 'Jaw']
