[2524144, 2549805, -8388608, 1237655, 2128981, 426458, 1027362, -73932, 1190276, 1021973, 764720, -206250, 1815095, 1126370, -90144, 335629, 'Jaw']
[2485152, 2552681, -8388608, 1183068, 2105463, 429116, 1034918, -75859, 1186487, 1017102, 885685, -157881, 1826961, 1116925, -78938, 382009, 'Jaw']
[2525046, 2550592, -8388608, 1234227, 2126455, 427429, 1027407, -73104, 1190981, 1022251, 754029, -224282, 1811025, 1124423, -93764, 329721, 'Jaw']
[2485118, 2552333, -8388608, 1186684, 2108250, 429499, 1035258, -75785, 1186453, 1016927, 895090, -141449, 1830294, 1118666, -76514, 387248, 'Jaw']
[2524274, 2551021, -8388608, 1229170, 2123901, 428333, 1028449, -71843, 1191496, 1022776, 745711, -239904, 1807619, 1122696, -96531, 324367, 'Jaw']
[2485927, 2550876, -8388608, 1191892, 2111286, 428424, 1033703, -76385, 1186147, 1016467, 899191, -127785, 1832435, 1120574, -74122, 390535, 'Jaw']
[2522154, 2551757, -8388608, 1222397, 2120258, 428724, 1028383, -71963, 1190988, 1021648, 744039, -251946, 1804919, 1120188, -98964, 321961, 'Jaw']
[2489250, 2550496, -8388608, 1199012, 2115500, 427382, 1033298, -77139, 1186115, 1017004, 897255, -118524, 1834502, 1122578, -72623, 390713, 'Jaw']
[2519701, 2552928, -8388608, 1216113, 2116512, 429281, 1030513, -70955, 1191294, 1021658, 747336, -258365, 1803932, 1118285, -99052, 322057, 'Jaw']
[2492919, 2549763, -8388608, 1207028, 2119044, 426534, 1031989, -77275, 1186764, 1017376, 892326, -112495, 1835655, 1124803, -70909, 390370, 'Jaw']
[2515376, 2553458, -8388608, 1208668, 2112866, 429970, 1030452, -70771, 1191048, 1021068, 756042, -261107, 1804044, 1116416, -99285, 324448, 'Jaw']
[2498198, 2550077, -8388608, 1215268, 2122506, 426964, 1031556, -76113, 1187343, 1018337, 883119, -111969, 1835905, 1126912, -71067, 387818, 'Jaw']
[2510449, 2554057, -8388608, 1200945, 2110090, 429817, 1032025, -71669, 1190644, 1021001, 768320, -258784, 1804670, 1115172, -98318, 328585, 'Jaw']
[2503044, 2549590, -8388608, 1222196, 2126206, 426512, 1029836, -76589, 1187328, 1018564, 867090, -117059, 1835000, 1127940, -72170, 380855, 'Jaw']
[2505372, 2553955, -8388608, 1194407, 2106554, 430754, 1032497, -71007, 1190067, 1020414, 783306, -251446, 1806729, 1113995, -96737, 334008, 'Jaw']
[2507730, 2548520, -8388608, 1228374, 2128405, 426271, 1028853, -76558, 1187207, 1018776, 850653, -125913, 1832588, 1128838, -74235, 374486, 'Jaw']
[2499454, 2553571, -8388608, 1188044, 2104383, 431043, 1033289, -72126, 1189135, 1019373, 803844, -240148, 1809021, 1112947, -94578, 342591, 'Jaw']
[2512070, 2547847, -8388608, 1232858, 2129906, 426333, 1028020, -74955, 1187725, 1019479, 830776, -140688, 1828801, 1129122, -77464, 365963, 'Jaw']
[2494729, 2553385, -8388608, 1183288, 2102930, 430827, 1034059, -72737, 1187565, 1018009, 824152, -225162, 1811885, 1112370, -91735, 351395, 'Jaw']
[2516680, 2548264, -8388608, 1236777, 2130807, 426298, 1027515, -74686, 1188202, 1020197, 810922, -157355, 1825368, 1128855, -80493, 357037, 'Jaw']
[2490634, 2553187, -8388608, 1181181, 2102478, 430517, 1034362, -73065, 1187670, 1017606, 844856, -206704, 1816294, 1113184, -87794, 360773, 'Jaw']
[2520134, 2548445, -8388608, 1238505, 2131143, 426097, 1026275, -74275, 1188749, 1020669, 792420, -175693, 1821647, 1127946, -84080, 348504, 'Jaw']
[2487743, 2553396, -8388608, 1180682, 2103061, 430434, 1035209, -73587, 1187324, 1017340, 863527, -187377, 1820530, 1114163, -84260, 369633, 'Jaw']
[2523756, 2549696, -8388608, 1239074, 2129867, 426663, 1027251, -73529, 1190265, 1021965, 774811, -194615, 1817634, 1127317, -87250, 340436, 'Jaw']
[2485760, 2552635, -8388608, 1181581, 2104270, 429177, 1034657, -75382, 1186924, 1017119, 879350, -167678, 1824349, 1115633, -80051, 377807, 'Jaw']
[2524420, 2549298, -8388608, 1236088, 2127873, 426343, 1025836, -73344, 1190669, 1021579, 760369, -214136, 1812949, 1124570, -90875, 332541, 'Jaw']
[2484626, 2551875, -8388608, 1184453, 2106203, 428546, 1034042, -76566, 1185754, 1015667, 892546, -149524, 1828076, 1116066, -77179, 384650, 'Jaw']
[2525461, 2551012, -8388608, 1232976, 2125329, 428218, 1028244, -71636, 1191499, 1022188, 751192, -231202, 1809089, 1123387, -94161, 326958, 'Jaw']
[2485391, 2551300, -8388608, 1189466, 2109223, 428948, 1033975, -75737, 1186679, 1016919, 899185, -133940, 1831283, 1119694, -73984, 389182, 'Jaw']
[2523010, 2550870, -8388608, 1226705, 2122436, 428587, 1028175, -70674, 1190649, 1021656, 746956, -244766, 1806220, 1121027, -96852, 323693, 'Jaw']
[2487124, 2550336, -8388608, 1195320, 2113186, 428407, 1033722, -76217, 1185650, 1016542, 901442, -122606, 1833815, 1121261, -72440, 391661, 'Jaw']
[2520572, 2551199, -8388608, 1219869, 2118623, 428925, 1028459, -71510, 1190804, 1021126, 747379, -254808, 1804339, 1118891, -98421, 322401, 'Jaw']
[2490558, 2549820, -8388608, 1202497, 2116943, 427945, 1032413, -76153, 1185896, 1016616, 898667, -115231, 1834860, 1123074, -71532, 391581, 'Jaw']
[2517081, 2552151, -8388608, 1212849, 2115355, 429325, 1029858, -70922, 1190357, 1020634, 753338, -259809, 1803742, 1116914, -98871, 323441, 'Jaw']
[2494670, 2549576, -8388608, 1210454, 2120584, 426897, 1031718, -76651, 1186563, 1017209, 891397, -111848, 1835765, 1125223, -70755, 389719, 'Jaw']
[2512528, 2553058, -8388608, 1205356, 2111181, 430116, 1030715, -70451, 1190634, 1020881, 762751, -260473, 1803651, 1115654, -98911, 326222, 'Jaw']
[2499440, 2548945, -8388608, 1217913, 2123513, 426684, 1029948, -76406, 1186486, 1017878, 878477, -113462, 1835083, 1126991, -71666, 385341, 'Jaw']
[2507278, 2553188, -8388608, 1197559, 2107435, 430040, 1031667, -72259, 1190260, 1019893, 775742, -256430, 1804391, 1114101, -98528, 330468, 'Jaw']
[2504332, 2548601, -8388608, 1224896, 2126931, 426313, 1029619, -75473, 1186683, 1018468, 862501, -120212, 1833200, 1127691, -73430, 378776, 'Jaw']
[2501795, 2553182, -8388608, 1191374, 2105252, 430319, 1032044, -71520, 1189487, 1019502, 794209, -246980, 1806657, 1113131, -96228, 338153, 'Jaw']
[2509371, 2548749, -8388608, 1230812, 2128186, 426809, 1028723, -74661, 1187527, 1018800, 844764, -131574, 1830174, 1128305, -76018, 371602, 'Jaw']
[2497201, 2553684, -8388608, 1186311, 2102748, 431196, 1033353, -71910, 1188995, 1019329, 812905, -233986, 1809134, 1113392, -93822, 346234, 'Jaw']
[2513778, 2548093, -8388608, 1234978, 2130214, 426209, 1026867, -74950, 1188373, 1019595, 823477, -146737, 1827027, 1128760, -78805, 362635, 'Jaw']
[2492593, 2553004, -8388608, 1182382, 2102134, 430448, 1032950, -73233, 1188243, 1017924, 833266, -217289, 1813308, 1112473, -90474, 355359, 'Jaw']
[2518091, 2548005, -8388608, 1237833, 2130504, 426184, 1026771, -74747, 1188317, 1019918, 803893, -164339, 1823149, 1127970, -82275, 354071, 'Jaw']
[2489267, 2553061, -8388608, 1180787, 2103007, 430691, 1034942, -73247, 1187311, 1017271, 853964, -198378, 1817401, 1113177, -86433, 365297, 'Jaw']
[2521301, 2548506, -8388608, 1238804, 2130687, 426486, 1026227, -73095, 1189452, 1020774, 785818, -183473, 1819319, 1127386, -85471, 345694, 'Jaw']
[2485931, 2552291, -8388608, 1180292, 2103243, 429447, 1033610, -74900, 1186817, 1016559, 871860, -179054, 1821650, 1113957, -82824, 373772, 'Jaw']
[2523768, 2549517, -8388608, 1237961, 2128857, 427041, 1026658, -73253, 1189832, 1021284, 769746, -203031, 1814912, 1125900, -89456, 337131, 'Jaw']
[2484844, 2552301, -8388608, 1182668, 2104503, 429875, 1034187, -74870, 1186675, 1016944, 885683, -159790, 1825720, 1116313, -79092, 380804, 'Jaw']
[2524111, 2549509, -8388608, 1234958, 2126693, 427870, 1026660, -70543, 1189947, 1021030, 757184, -220664, 1811203, 1124151, -92550, 330874, 'Jaw']
[2483958, 2551135, -8388608, 1185732, 2107822, 429159, 1033630, -75350, 1185668, 1016804, 896350, -142798, 1829017, 1118142, -75968, 387381, 'Jaw']
[2523533, 2550044, -8388608, 1229998, 2124422, 428123, 1027019, -71557, 1190316, 1021073, 748928, -237118, 1807554, 1121848, -95890, 325700, 'Jaw']
[2484939, 2550314, -8388608, 1190986, 2110792, 428362, 1032616, -76635, 1185455, 1016293, 900756, -129146, 1831785, 1119788, -73908, 390672, 'Jaw']
[2521664, 2550540, -8388608, 1224090, 2120734, 428889, 1028216, -70712, 1190073, 1020856, 745843, -249373, 1804841, 1119788, -97967, 322990, 'Jaw']
[2487462, 2549607, -8388608, 1197937, 2114060, 428008, 1032879, -76160, 1185108, 1016098, 901389, -118502, 1833659, 1121941, -71744, 392829, 'Jaw']
[2518709, 2551369, -8388608, 1216952, 2116611, 429139, 1029032, -71602, 1190064, 1020903, 749173, -256926, 1803049, 1117853, -98697, 323124, 'Jaw']
[2491382, 2549198, -8388608, 1205555, 2117625, 427752, 1031970, -75375, 1185438, 1016581, 896223, -112701, 1834320, 1123684, -71011, 391781, 'Jaw']
[2514551, 2552060, -8388608, 1209406, 2112461, 429699, 1029578, -69534, 1190287, 1020692, 756061, -260362, 1802392, 1116145, -98947, 325139, 'Jaw']
[2495459, 2548613, -8388608, 1212864, 2121255, 426615, 1030394, -76055, 1185625, 1016566, 885850, -111730, 1834366, 1124962, -71329, 388742, 'Jaw']
[2509578, 2552411, -8388608, 1201563, 2109477, 429634, 1030685, -70970, 1189709, 1019753, 766833, -259129, 1803343, 1114229, -98434, 328522, 'Jaw']
[2500146, 2547708, -8388608, 1219962, 2124587, 425389, 1028708, -77590, 1186063, 1017038, 872190, -115229, 1833954, 1126034, -71761, 383859, 'Jaw']
[2504220, 2552478, -8388608, 1194248, 2106624, 429937, 1031504, -71903, 1189053, 1019046, 783080, -252948, 1805375, 1112470, -96924, 334743, 'Jaw']
[2505633, 2547857, -8388608, 1227045, 2127278, 426474, 1028309, -74538, 1186541, 1018099, 855424, -124196, 1832391, 1127653, -73625, 377037, 'Jaw']
[2499474, 2553026, -8388608, 1188826, 2103465, 430944, 1032762, -71279, 1188305, 1018455, 802026, -241779, 1807748, 1112121, -94586, 342562, 'Jaw']
[2510521, 2547582, -8388608, 1232290, 2129116, 426218, 1027701, -74745, 1187305, 1018881, 835532, -137116, 1828782, 1128351, -76486, 368528, 'Jaw']
[2494581, 2552966, -8388608, 1184404, 2102847, 431066, 1034123, -71624, 1188042, 1017896, 821148, -227118, 1811106, 1111640, -91445, 350711, 'Jaw']
[2515093, 2547813, -8388608, 1236359, 2130362, 426622, 1027808, -73853, 1188085, 1019692, 816081, -152555, 1825631, 1128241, -78927, 360438, 'Jaw']
[2489972, 2552309, -8388608, 1180718, 2102009, 430590, 1033906, -72348, 1187511, 1017331, 841527, -209387, 1814515, 1112209, -88164, 359880, 'Jaw']
[2517670, 2546705, -8388608, 1237412, 2130389, 425444, 1026243, -74587, 1188057, 1019139, 795312, -172104, 1821059, 1126761, -83233, 350558, 'Jaw']
[2485815, 2551432, -8388608, 1179328, 2102630, 429758, 1034480, -73484, 1185681, 1015863, 860424, -190949, 1818502, 1112279, -84895, 368748, 'Jaw']
[2520430, 2547410, -8388608, 1237859, 2129660, 426048, 1026046, -73439, 1188594, 1019860, 777250, -191773, 1816891, 1125736, -86884, 341871, 'Jaw']
[2483188, 2551017, -8388608, 1180595, 2103343, 430099, 1034803, -73306, 1185325, 1015598, 876670, -171151, 1822758, 1113715, -80809, 376895, 'Jaw']
[2521341, 2547528, -8388608, 1236478, 2128250, 427119, 1026855, -71624, 1188461, 1019957, 762687, -210689, 1812546, 1124166, -90355, 334496, 'Jaw']
[2481211, 2549758, -8388608, 1183282, 2105862, 429448, 1034453, -74729, 1184856, 1015432, 889889, -152639, 1826778, 1115862, -77091, 384016, 'Jaw']
[2520901, 2547172, -8388608, 1232736, 2125646, 427689, 1026079, -71065, 1188620, 1020415, 751795, -228540, 1808877, 1122293, -93547, 328087, 'Jaw']
[2480950, 2548121, -8388608, 1187836, 2108706, 428625, 1033387, -75390, 1183556, 1014183, 898055, -136818, 1829924, 1117447, -74371, 388892, 'Jaw']
[2519421, 2547456, -8388608, 1227888, 2122336, 428632, 1028050, -69874, 1188457, 1020124, 746672, -242689, 1806081, 1120911, -95616, 324362, 'Jaw']
[2481925, 2547181, -8388608, 1193501, 2111004, 428095, 1032990, -76043, 1183417, 1015071, 901087, -124401, 1831806, 1119736, -72039, 391641, 'Jaw']
[2516560, 2547578, -8388608, 1220828, 2118452, 428737, 1028155, -70472, 1188405, 1019968, 744426, -253996, 1802956, 1118751, -97647, 321316, 'Jaw']
[2484644, 2546102, -8388608, 1200726, 2115005, 427525, 1032287, -75164, 1182857, 1014801, 898158, -115819, 1833223, 1122113, -70243, 391753, 'Jaw']
[2512217, 2547831, -8388608, 1213017, 2114267, 428843, 1029227, -70880, 1187678, 1019327, 749475, -259828, 1801836, 1116315, -97923, 322088, 'Jaw']
[2487825, 2545085, -8388608, 1207866, 2118896, 427054, 1031331, -75905, 1182785, 1015011, 890461, -112596, 1833789, 1123710, -70054, 389531, 'Jaw']
[2507392, 2548565, -8388608, 1205260, 2110812, 430194, 1031419, -69877, 1187246, 1019090, 757785, -261525, 1801994, 1114794, -98009, 324849, 'Jaw']
[2492034, 2543964, -8388608, 1214953, 2122223, 426229, 1030956, -75914, 1182568, 1015024, 877511, -113849, 1833354, 1125219, -70676, 385269, 'Jaw']
[2501971, 2548368, -8388608, 1197434, 2107726, 430152, 1032181, -70348, 1186158, 1017541, 771608, -257923, 1802880, 1112257, -97343, 330064, 'Jaw']
[2497820, 2543771, -8388608, 1222136, 2125273, 426182, 1029395, -75503, 1183406, 1015759, 862645, -119958, 1831359, 1126246, -72251, 379797, 'Jaw']
[2497401, 2548673, -8388608, 1191270, 2104933, 430587, 1032724, -70312, 1186154, 1017141, 787643, -249612, 1804444, 1111558, -95763, 336474, 'Jaw']
[2502902, 2543855, -8388608, 1228764, 2127586, 426370, 1029206, -74720, 1183916, 1016623, 844868, -129659, 1829473, 1127571, -73795, 373171, 'Jaw']
[2492283, 2548962, -8388608, 1185987, 2103088, 430750, 1034033, -71155, 1185330, 1016711, 807162, -236739, 1807765, 1111428, -92723, 345070, 'Jaw']
[2508212, 2544168, -8388608, 1233392, 2129346, 425907, 1028647, -74511, 1185594, 1017147, 824796, -144007, 1826424, 1127494, -76654, 364965, 'Jaw']
[2488219, 2549256, -8388608, 1181865, 2101810, 430551, 1034931, -71815, 1185708, 1016053, 826883, -220174, 1811273, 1111513, -89498, 354178, 'Jaw']
[2512151, 2544091, -8388608, 1236139, 2129628, 425973, 1027836, -73375, 1185662, 1018142, 804647, -160710, 1822581, 1126796, -80150, 356297, 'Jaw']
[2484374, 2549418, -8388608, 1179112, 2101098, 430142, 1035452, -73520, 1184632, 1015401, 847459, -201485, 1815354, 1111837, -86298, 363674, 'Jaw']
[2516173, 2545154, -8388608, 1237631, 2129617, 426608, 1028791, -72607, 1186580, 1018830, 785328, -179862, 1818840, 1126564, -83952, 346914, 'Jaw']
[2481485, 2549153, -8388608, 1178659, 2101997, 430025, 1036013, -73091, 1184581, 1015439, 866503, -181290, 1820386, 1113069, -82082, 372884, 'Jaw']
[2518563, 2545527, -8388608, 1236441, 2128559, 426749, 1028217, -72203, 1187478, 1019363, 767977, -199795, 1814658, 1124893, -87888, 338049, 'Jaw']
[2480263, 2548736, -8388608, 1180322, 2103488, 429065, 1035422, -74639, 1183596, 1014915, 880368, -162462, 1824049, 1114408, -78815, 379439, 'Jaw']
[2520366, 2546450, -8388608, 1234187, 2126591, 427176, 1027787, -71097, 1187588, 1019254, 755294, -217699, 1810421, 1122880, -91219, 331053, 'Jaw']
[2480443, 2548511, -8388608, 1184592, 2106596, 429205, 1035320, -74616, 1183883, 1015018, 892070, -143929, 1828008, 1116288, -75106, 386418, 'Jaw']
[2519971, 2547052, -8388608, 1230120, 2124228, 427889, 1028786, -70952, 1188141, 1019780, 747630, -233248, 1807916, 1121232, -93920, 326714, 'Jaw']
[2481581, 2548264, -8388608, 1189655, 2109234, 428639, 1035766, -74615, 1183677, 1014761, 898776, -129315, 1831616, 1119253, -72292, 391257, 'Jaw']
[2519084, 2548479, -8388608, 1224375, 2119776, 428629, 1029381, -70333, 1189096, 1020925, 744356, -245995, 1804718, 1118873, -95845, 324246, 'Jaw']
[2484066, 2547554, -8388608, 1196076, 2113062, 427947, 1034654, -75862, 1183718, 1015381, 899255, -118303, 1833174, 1120360, -70699, 393334, 'Jaw']
[2516345, 2549239, -8388608, 1217210, 2116982, 429201, 1030832, -69432, 1189008, 1020223, 746445, -254645, 1803452, 1117249, -97102, 323919, 'Jaw']
[2488132, 2547481, -8388608, 1203019, 2116553, 427248, 1033105, -75713, 1183930, 1015448, 895662, -112093, 1834423, 1122195, -70053, 393032, 'Jaw']
[2513024, 2550192, -8388608, 1208747, 2113042, 429338, 1031226, -70663, 1189819, 1020078, 752252, -259525, 1802544, 1115550, -98355, 324485, 'Jaw']
[2492976, 2547249, -8388608, 1210458, 2120296, 427373, 1032601, -75278, 1184672, 1016582, 885141, -110420, 1834408, 1124381, -70161, 389314, 'Jaw']
[2508046, 2550311, -8388608, 1201624, 2109242, 429876, 1031911, -70540, 1188623, 1019497, 761923, -258658, 1802978, 1114142, -97980, 327633, 'Jaw']
[2497836, 2546683, -8388608, 1218534, 2123824, 426846, 1031733, -75618, 1184688, 1016546, 872580, -112904, 1833908, 1126043, -70777, 385350, 'Jaw']
[2504083, 2552075, -8388608, 1194872, 2106399, 430977, 1034447, -70115, 1189045, 1019801, 778356, -252782, 1805000, 1114230, -96243, 334179, 'Jaw']
[2504431, 2547500, -8388608, 1226617, 2126816, 426850, 1031406, -73435, 1186455, 1018914, 855303, -120533, 1832458, 1127617, -71906, 379136, 'Jaw']
[2499262, 2552199, -8388608, 1189759, 2104527, 430511, 1035575, -70911, 1188786, 1019833, 797137, -241204, 1807097, 1112032, -93148, 342674, 'Jaw']
[2509507, 2547525, -8388608, 1232138, 2128672, 426806, 1030273, -73711, 1186532, 1018886, 836889, -132879, 1829787, 1129031, -73869, 371884, 'Jaw']
[2495196, 2553409, -8388608, 1185876, 2102628, 431573, 1037284, -69814, 1188520, 1020132, 817603, -226475, 1810906, 1112734, -89409, 352147, 'Jaw']
[2513731, 2547311, -8388608, 1235862, 2130325, 425955, 1029273, -73393, 1187487, 1020146, 816837, -148448, 1826602, 1128007, -76508, 363273, 'Jaw']
[2490703, 2553539, -8388608, 1182007, 2102400, 430755, 1036902, -71583, 1187973, 1019222, 838193, -209393, 1814960, 1112962, -86249, 360890, 'Jaw']
[2518583, 2548791, -8388608, 1238268, 2130593, 426486, 1029770, -72763, 1189318, 1021522, 796676, -166690, 1822324, 1126864, -80537, 353477, 'Jaw']
[2487481, 2553056, -8388608, 1180209, 2102472, 430498, 1037862, -72429, 1187778, 1018485, 856498, -189762, 1819129, 1112598, -83031, 369140, 'Jaw']
[2521157, 2548466, -8388608, 1238470, 2129762, 426978, 1029768, -71691, 1189936, 1021845, 777883, -186184, 1818118, 1126438, -84432, 344469, 'Jaw']
[2484107, 2552155, -8388608, 1180141, 2102733, 429649, 1037007, -73816, 1185765, 1016476, 873507, -170721, 1822839, 1114617, -79628, 377540, 'Jaw']
[2522866, 2548692, -8388608, 1236048, 2127836, 426992, 1028889, -72340, 1189812, 1021022, 761930, -206233, 1813688, 1125008, -88745, 336095, 'Jaw']
[2483841, 2551953, -8388608, 1183371, 2105230, 429782, 1036824, -73187, 1185664, 1016579, 885220, -152481, 1827252, 1115423, -76469, 383713, 'Jaw']
[2523915, 2549885, -8388608, 1233578, 2125016, 427436, 1029220, -70962, 1189865, 1021093, 751131, -222892, 1810454, 1122957, -91346, 330351, 'Jaw']
[2483976, 2550615, -8388608, 1186988, 2107726, 429111, 1036223, -74214, 1186142, 1016155, 894299, -135805, 1830362, 1117543, -73342, 389190, 'Jaw']
[2522792, 2550246, -8388608, 1228146, 2122737, 428312, 1030461, -70437, 1190862, 1021419, 743738, -238932, 1808391, 1122688, -94201, 325366, 'Jaw']
[2486167, 2550498, -8388608, 1193574, 2111906, 429006, 1036003, -73265, 1184443, 1016771, 897377, -122695, 1833236, 1120280, -70847, 392265, 'Jaw']
[2521872, 2551902, -8388608, 1222554, 2119909, 429486, 1032230, -68403, 1191486, 1020417, 742951, -248892, 1805669, 1119721, -95535, 323872, 'Jaw']
[2489788, 2550546, -8388608, 1200756, 2115169, 428578, 1036645, -73756, 1187051, 1016145, 896634, -112414, 1835469, 1121357, -68851, 393722, 'Jaw']
[2518726, 2552256, -8388608, 1214624, 2115897, 430001, 1034178, -68389, 1192958, 1021071, 747322, -255197, 1804587, 1117668, -96162, 324368, 'Jaw']
[2493261, 2548883, -8388608, 1207517, 2119227, 427063, 1035899, -74430, 1186709, 1014878, 889898, -108859, 1836051, 1124355, -68251, 391745, 'Jaw']
[2513835, 2552434, -8388608, 1206919, 2111791, 430202, 1034580, -68997, 1193245, 1018575, 756389, -257772, 1805902, 1115365, -96534, 326534, 'Jaw']
[2497614, 2548248, -8388608, 1215295, 2122407, 426601, 1034797, -74867, 1188304, 1015474, 879166, -109350, 1836300, 1125489, -68487, 388199, 'Jaw']
[2509186, 2552994, -8388608, 1199926, 2109043, 430937, 1036626, -69172, 1193478, 1019219, 770446, -255218, 1805148, 1114127, -95523, 331726, 'Jaw']
[2502492, 2547776, -8388608, 1222726, 2126170, 426829, 1034355, -73568, 1189990, 1012585, 864236, -115140, 1836591, 1125488, -69872, 382680, 'Jaw']
[2504679, 2553859, -8388608, 1193750, 2106211, 432110, 1038541, -67979, 1195507, 1014518, 785860, -247647, 1808121, 1112244, -93426, 338053, 'Jaw']
[2507691, 2546427, -8388608, 1229161, 2128853, 426659, 1034638, -73321, 1191752, 1009936, 845437, -124072, 1833711, 1125208, -71376, 375508, 'Jaw']
[2497954, 2552080, -8388608, 1187110, 2104071, 430928, 1039459, -68779, 1192391, 1009663, 805290, -236650, 1811159, 1109293, -91424, 346176, 'Jaw']
[2512454, 2546903, -8388608, 1233365, 2130290, 426704, 1033838, -72180, 1192474, 1004192, 827255, -140413, 1829958, 1121782, -74611, 367872, 'Jaw']
[2494500, 2553368, -8388608, 1183684, 2102617, 431450, 1040488, -69774, 1193506, 1007125, 825063, -222379, 1813115, 1106877, -88251, 354862, 'Jaw']
[2517325, 2547131, -8388608, 1237216, 2129969, 427964, 1034221, -70985, 1193586, 1000931, 805214, -158877, 1825922, 1116996, -78563, 357487, 'Jaw']
[2490378, 2553162, -8388608, 1180790, 2102412, 430805, 1041062, -71242, 1193106, 999941, 845125, -202880, 1817210, 1102320, -84239, 364214, 'Jaw']
[2520451, 2547761, -8388608, 1237210, 2130551, 426024, 1032632, -71957, 1194853, 995789, 785220, -178168, 1821436, 1113464, -82447, 347583, 'Jaw']
[2486497, 2551648, -8388608, 1179543, 2102670, 430028, 1040146, -71218, 1193158, 994562, 862025, -183242, 1821151, 1099859, -81484, 371458, 'Jaw']
[2522774, 2547303, -8388608, 1237600, 2129385, 427566, 1033016, -69825, 1196298, 995372, 768257, -198587, 1816421, 1109300, -86634, 339181, 'Jaw']
[2485703, 2551908, -8388608, 1182668, 2105289, 431435, 1041818, -70571, 1194301, 993162, 878000, -164843, 1824710, 1097333, -76951, 380053, 'Jaw']
[2524702, 2549277, -8388608, 1235546, 2127284, 429207, 1034023, -69046, 1200763, 996817, 756113, -218062, 1812621, 1105620, -88410, 333600, 'Jaw']
[2482423, 2549302, -8388608, 1183740, 2106101, 429465, 1040548, -73145, 1192768, 988306, 888094, -147324, 1828134, 1098144, -74136, 385878, 'Jaw']
[2525139, 2550070, -8388608, 1231757, 2125561, 429928, 1034825, -67929, 1197604, 994878, 745890, -237187, 1807893, 1103720, -91996, 327481, 'Jaw']
[2485496, 2550015, -8388608, 1190314, 2110793, 430258, 1041137, -73563, 1195330, 990280, 895149, -131595, 1831603, 1096728, -70543, 390975, 'Jaw']
[2521525, 2548613, -8388608, 1223573, 2121679, 429272, 1034371, -69619, 1199008, 997221, 742203, -251746, 1804912, 1101492, -94310, 324282, 'Jaw']
[2486186, 2548289, -8388608, 1194322, 2113605, 429257, 1039768, -74248, 1195170, 987057, 896254, -122196, 1832596, 1098523, -69735, 392436, 'Jaw']
[2519925, 2551469, -8388608, 1218358, 2117766, 431064, 1035873, -68526, 1199260, 991932, 741456, -261870, 1803632, 1100108, -96145, 322122, 'Jaw']
[2491792, 2549834, -8388608, 1204225, 2117571, 430206, 1038368, -73940, 1195656, 986579, 890659, -112817, 1834030, 1099314, -68064, 391686, 'Jaw']
[2516482, 2551334, -8388608, 1210573, 2114160, 431711, 1036530, -68752, 1199552, 994568, 748081, -264610, 1801554, 1099770, -95619, 324326, 'Jaw']
[2495046, 2548321, -8388608, 1210517, 2121025, 428649, 1037630, -75184, 1196754, 990977, 882684, -110960, 1833689, 1102978, -67759, 389554, 'Jaw']
[2513171, 2553817, -8388608, 1203505, 2111025, 432775, 1037828, -68694, 1200333, 990684, 758346, -265952, 1802259, 1099302, -95789, 327292, 'Jaw']
[2500941, 2548303, -8388608, 1219493, 2124783, 428675, 1037538, -73152, 1197543, 988528, 870517, -112674, 1833440, 1103928, -67468, 385903, 'Jaw']
[2505915, 2553263, -8388608, 1196791, 2108160, 431884, 1038242, -69250, 1200111, 993694, 772629, -261247, 1803470, 1098557, -93761, 332878, 'Jaw']
[2505067, 2548696, -8388608, 1225871, 2127579, 427894, 1035622, -73604, 1197960, 987002, 852351, -122377, 1831426, 1102854, -70278, 378064, 'Jaw']
[2501410, 2553408, -8388608, 1189683, 2105643, 432059, 1040172, -69520, 1200816, 994456, 789393, -251318, 1805635, 1101258, -91925, 339636, 'Jaw']
[2508294, 2546118, -8388608, 1230000, 2128887, 425739, 1032965, -74577, 1194335, 986864, 832421, -136068, 1828041, 1106886, -72861, 369844, 'Jaw']
[2495694, 2552409, -8388608, 1184645, 2103119, 430686, 1039013, -70731, 1198064, 989325, 809341, -238206, 1809055, 1097128, -90242, 347549, 'Jaw']
[2515375, 2548350, -8388608, 1235433, 2130263, 425722, 1033167, -73524, 1198621, 991717, 813141, -153164, 1825351, 1106198, -76105, 361140, 'Jaw']
[2492531, 2553268, -8388608, 1180974, 2101581, 429613, 1039307, -71582, 1199200, 991584, 830195, -220256, 1812498, 1099241, -86563, 356855, 'Jaw']
[2517745, 2547444, -8388608, 1235596, 2130180, 424530, 1031431, -73036, 1197988, 988462, 792099, -173488, 1820463, 1108661, -80661, 350511, 'Jaw']
[2489288, 2553465, -8388608, 1180743, 2102381, 428989, 1040470, -71549, 1198616, 989152, 848945, -200985, 1817127, 1097969, -82733, 365210, 'Jaw']
[2522125, 2548817, -8388608, 1238342, 2129911, 425430, 1032331, -70901, 1198832, 990014, 774271, -193506, 1817706, 1108566, -83202, 342693, 'Jaw']
[2486547, 2552759, -8388608, 1180048, 2103373, 428383, 1039808, -72409, 1197224, 989981, 865819, -181126, 1821661, 1100358, -78508, 373940, 'Jaw']
[2523168, 2549233, -8388608, 1236907, 2128276, 424487, 1031280, -72020, 1200818, 991444, 758146, -213750, 1813015, 1108521, -86193, 334745, 'Jaw']
[2485082, 2552302, -8388608, 1182297, 2105381, 427974, 1039752, -72954, 1196540, 992419, 879593, -161784, 1824703, 1101169, -74770, 381113, 'Jaw']
[2522718, 2548449, -8388608, 1232305, 2125938, 425266, 1032265, -70063, 1197286, 992223, 746822, -234595, 1809439, 1108519, -90069, 327898, 'Jaw']
[2485129, 2551903, -8388608, 1186475, 2107339, 427599, 1040146, -72310, 1197392, 988660, 889152, -145566, 1828870, 1101726, -71506, 386489, 'Jaw']
[2522870, 2549400, -8388608, 1227725, 2122447, 425115, 1031458, -70572, 1199973, 991153, 738642, -251608, 1806299, 1107352, -93149, 322429, 'Jaw']
[2486142, 2550346, -8388608, 1191562, 2111374, 425300, 1037515, -74941, 1195828, 984277, 892697, -132011, 1831190, 1102190, -70194, 389165, 'Jaw']
[2520822, 2550644, -8388608, 1222252, 2119621, 425822, 1033042, -69936, 1198417, 994465, 738424, -263961, 1803220, 1104688, -94809, 321284, 'Jaw']
[2486167, 2547730, -8388608, 1197321, 2114199, 424339, 1036486, -76303, 1193164, 987154, 892703, -122439, 1831713, 1104597, -68675, 391013, 'Jaw']
[2516008, 2550100, -8388608, 1213423, 2115492, 426756, 1033519, -69404, 1199052, 992642, 741411, -273940, 1801496, 1104128, -96633, 321144, 'Jaw']
[2490514, 2548615, -8388608, 1205529, 2118082, 424866, 1035829, -73488, 1194132, 988223, 886193, -118796, 1832711, 1106915, -67745, 390093, 'Jaw']
[2515070, 2553792, -8388608, 1208647, 2112053, 428800, 1035697, -67167, 1200241, 993773, 749232, -276069, 1800788, 1102810, -95926, 323996, 'Jaw']
[2497116, 2548957, -8388608, 1214632, 2121480, 424206, 1034542, -74191, 1195846, 984703, 875779, -115952, 1832840, 1107274, -66942, 387755, 'Jaw']
[2506842, 2549482, -8388608, 1197794, 2107658, 426487, 1034652, -70162, 1197779, 992967, 761422, -273512, 1800995, 1103012, -96016, 327950, 'Jaw']
[2501003, 2546751, -8388608, 1219866, 2125142, 423203, 1033556, -74562, 1193469, 986280, 860166, -124717, 1831072, 1107732, -69647, 380685, 'Jaw']
[2503537, 2553671, -8388608, 1192534, 2105441, 427316, 1036464, -69414, 1199000, 990921, 777034, -265684, 1802705, 1100911, -93653, 334042, 'Jaw']
[2505752, 2546910, -8388608, 1226096, 2127776, 422251, 1032057, -74873, 1194950, 988418, 841401, -132817, 1829471, 1108777, -71489, 373187, 'Jaw']
[2497886, 2552012, -8388608, 1186314, 2103259, 426997, 1036794, -70307, 1198098, 993457, 796527, -252621, 1805287, 1101182, -91328, 342338, 'Jaw']
[2511181, 2547193, -8388608, 1231940, 2129469, 422093, 1031897, -74069, 1193734, 986282, 821847, -148479, 1825737, 1107937, -74610, 364760, 'Jaw']
[2493922, 2552144, -8388608, 1182009, 2102274, 426993, 1038027, -70350, 1196991, 989631, 816614, -235565, 1808056, 1099264, -87846, 351009, 'Jaw']
[2514767, 2547405, -8388608, 1235412, 2130303, 422846, 1032436, -71434, 1195861, 987801, 801682, -165759, 1820908, 1109522, -77200, 355946, 'Jaw']
[2489113, 2551670, -8388608, 1179240, 2101284, 427069, 1039308, -70232, 1194595, 989229, 835169, -217357, 1811187, 1099730, -84775, 359215, 'Jaw']
[2519222, 2547510, -8388608, 1237517, 2130509, 423308, 1031269, -70304, 1196674, 989668, 781494, -185708, 1817635, 1110886, -80757, 347080, 'Jaw']
[2485855, 2551003, -8388608, 1179418, 2101979, 427138, 1038592, -70147, 1195289, 985496, 853759, -195862, 1815428, 1100230, -80701, 369042, 'Jaw']
[2521113, 2547398, -8388608, 1238037, 2128571, 423491, 1030845, -70605, 1196959, 990737, 764497, -206376, 1813202, 1109029, -85062, 339459, 'Jaw']
[2484304, 2550971, -8388608, 1179491, 2103429, 425762, 1038058, -72120, 1193430, 989176, 869684, -175936, 1818552, 1101770, -77707, 377382, 'Jaw']
[2523095, 2547833, -8388608, 1234257, 2126877, 423556, 1030618, -69181, 1196006, 990878, 749465, -226939, 1808736, 1108668, -88877, 331651, 'Jaw']
[2484825, 2551251, -8388608, 1183863, 2105323, 424575, 1037751, -72927, 1194077, 985082, 881477, -156078, 1823863, 1100973, -73994, 384278, 'Jaw']
[2524285, 2549001, -8388608, 1230092, 2124460, 422836, 1030809, -69446, 1198008, 990562, 740571, -243658, 1804630, 1106883, -91515, 326577, 'Jaw']
[2484981, 2549660, -8388608, 1188208, 2108420, 423158, 1036759, -73857, 1193024, 985535, 888744, -139288, 1826877, 1101802, -71126, 388817, 'Jaw']
[2522803, 2549690, -8388608, 1225114, 2121163, 423345, 1031173, -69014, 1198083, 989353, 736314, -258511, 1800758, 1104159, -93661, 323177, 'Jaw']
[2485944, 2548277, -8388608, 1192777, 2111690, 423053, 1036036, -73856, 1191410, 987094, 891365, -127287, 1828737, 1104707, -68831, 391609, 'Jaw']
[2519970, 2550237, -8388608, 1217909, 2117160, 424708, 1031733, -68216, 1197331, 992448, 736410, -269850, 1799268, 1105056, -95395, 321554, 'Jaw']
[2490536, 2548692, -8388608, 1201504, 2115714, 423978, 1035648, -72564, 1191941, 983220, 886676, -119490, 1829348, 1103640, -67999, 391261, 'Jaw']
[2517196, 2551079, -8388608, 1211080, 2113315, 426064, 1033382, -67007, 1198175, 989678, 740716, -273749, 1798985, 1105424, -95884, 323132, 'Jaw']
[2493471, 2547363, -8388608, 1209301, 2119048, 423133, 1033648, -73019, 1191296, 984367, 878702, -115664, 1829404, 1104027, -68065, 389842, 'Jaw']
[2512572, 2552252, -8388608, 1203651, 2109949, 427326, 1034674, -66677, 1195860, 991936, 751949, -274475, 1797508, 1103096, -96251, 326925, 'Jaw']
[2498364, 2546372, -8388608, 1215947, 2122458, 422782, 1033078, -72881, 1190815, 985454, 866417, -118356, 1828632, 1107888, -68519, 385621, 'Jaw']
[2507848, 2553034, -8388608, 1196320, 2106462, 426374, 1034561, -68443, 1197141, 989428, 765466, -269897, 1798234, 1100796, -95151, 331663, 'Jaw']
[2504139, 2547409, -8388608, 1223371, 2125139, 422045, 1031699, -73284, 1193846, 985545, 850044, -125486, 1826926, 1106956, -70445, 378931, 'Jaw']
[2501659, 2551915, -8388608, 1189068, 2104245, 426449, 1035321, -67968, 1195857, 988596, 783200, -258511, 1800386, 1098815, -92862, 338640, 'Jaw']
[2509061, 2546107, -8388608, 1227885, 2128114, 421586, 1031090, -72855, 1191945, 985055, 831681, -138526, 1825345, 1106860, -72361, 370953, 'Jaw']
[2496013, 2550924, -8388608, 1182721, 2101837, 426153, 1035407, -69765, 1195113, 987187, 803492, -245253, 1803131, 1097686, -90368, 346543, 'Jaw']
[2513687, 2545874, -8388608, 1231433, 2128728, 422092, 1030074, -71574, 1193548, 983479, 811909, -155440, 1819479, 1107734, -76154, 361878, 'Jaw']
[2491526, 2551460, -8388608, 1179035, 2100120, 426651, 1035664, -69961, 1192897, 989964, 824730, -226695, 1805545, 1099411, -87218, 355870, 'Jaw']
[2518180, 2547300, -8388608, 1236215, 2129326, 422863, 1030292, -70356, 1195310, 985044, 791409, -174196, 1816532, 1106360, -80173, 352441, 'Jaw']
[2488427, 2551692, -8388608, 1178421, 2101003, 427094, 1037462, -69152, 1193650, 986944, 843711, -205518, 1809567, 1097248, -83262, 364944, 'Jaw']
[2520977, 2547115, -8388608, 1236325, 2128516, 422552, 1028447, -70358, 1193474, 986089, 772583, -193950, 1812086, 1107527, -83854, 343648, 'Jaw']
[2486211, 2551438, -8388608, 1178713, 2102078, 426224, 1037032, -70794, 1191992, 984267, 861536, -184995, 1814110, 1097445, -80023, 373491, 'Jaw']
[2523118, 2547619, -8388608, 1235013, 2127167, 422980, 1029315, -69187, 1195308, 987766, 756530, -214103, 1807960, 1108497, -87340, 335618, 'Jaw']
[2483465, 2550504, -8388608, 1180698, 2103780, 425363, 1037503, -71465, 1190047, 984355, 875360, -165062, 1816963, 1098403, -76468, 380724, 'Jaw']
[2524182, 2547646, -8388608, 1232283, 2125166, 423377, 1030151, -68821, 1195544, 987791, 744133, -233132, 1802811, 1105871, -90305, 329003, 'Jaw']
[2484400, 2550555, -8388608, 1184744, 2106363, 425612, 1038068, -71268, 1191658, 982746, 885312, -146905, 1820337, 1100198, -72442, 386774, 'Jaw']
[2522594, 2548050, -8388608, 1226984, 2122428, 423869, 1031107, -67525, 1194821, 987892, 735968, -249455, 1799627, 1105206, -92597, 323995, 'Jaw']
[2484344, 2548439, -8388608, 1189755, 2109855, 424237, 1036411, -71820, 1187494, 981993, 889126, -132795, 1823906, 1100456, -70213, 389863, 'Jaw']
[2521367, 2548935, -8388608, 1221298, 2118992, 424925, 1031435, -66753, 1196160, 988290, 735004, -261700, 1796562, 1104180, -94404, 322384, 'Jaw']
[2487480, 2547897, -8388608, 1196148, 2112923, 423870, 1035144, -72836, 1188868, 982669, 889788, -122233, 1824359, 1102978, -68589, 391811, 'Jaw']
[2518950, 2550147, -8388608, 1213901, 2115034, 424938, 1031127, -67927, 1196523, 986797, 738080, -269808, 1795159, 1102928, -95953, 322003, 'Jaw']
[2491364, 2547078, -8388608, 1203611, 2116657, 422810, 1033521, -73090, 1188299, 981202, 885011, -115939, 1825184, 1103880, -68056, 391243, 'Jaw']
[2513860, 2550034, -8388608, 1206018, 2110783, 425781, 1032317, -67460, 1193876, 986830, 746343, -272674, 1794214, 1101722, -96808, 324418, 'Jaw']
[2496160, 2546316, -8388608, 1211443, 2120748, 422480, 1033096, -72994, 1189251, 981473, 874311, -115778, 1824808, 1106450, -68365, 388011, 'Jaw']
[2508422, 2549818, -8388608, 1198127, 2107545, 425862, 1033751, -67085, 1193301, 986278, 758887, -270603, 1794108, 1100758, -95507, 328986, 'Jaw']
[2501048, 2545516, -8388608, 1218530, 2124020, 422255, 1031799, -72107, 1188930, 980265, 860815, -120940, 1823827, 1107922, -69209, 382890, 'Jaw']
[2504101, 2550835, -8388608, 1191374, 2104823, 427100, 1034945, -66710, 1194134, 986401, 775362, -263537, 1795928, 1101304, -93478, 335163, 'Jaw']
[2506038, 2545225, -8388608, 1224877, 2126064, 422074, 1030190, -72717, 1189281, 981784, 842649, -130853, 1822446, 1110969, -70655, 375382, 'Jaw']
[2497780, 2549993, -8388608, 1184720, 2101943, 425998, 1033518, -69303, 1191004, 984773, 794436, -251467, 1798710, 1100521, -91400, 342911, 'Jaw']
[2511327, 2545473, -8388608, 1229566, 2128106, 422104, 1029512, -72313, 1190485, 982119, 824218, -145247, 1819339, 1112527, -73882, 367654, 'Jaw']
[2495152, 2551612, -8388608, 1181281, 2101336, 427448, 1035922, -68119, 1192499, 985763, 813420, -235467, 1800317, 1102469, -88248, 351383, 'Jaw']
[2516771, 2545892, -8388608, 1234114, 2128729, 422639, 1028839, -70916, 1191903, 984498, 802526, -161518, 1815418, 1115227, -76561, 358696, 'Jaw']
[2489647, 2550665, -8388608, 1178444, 2100313, 426576, 1035117, -70613, 1190691, 984902, 834212, -215401, 1803416, 1102758, -84857, 361069, 'Jaw']
[2519865, 2545941, -8388608, 1235821, 2128725, 422859, 1027708, -70211, 1190880, 985183, 783471, -181720, 1810041, 1114809, -80727, 349491, 'Jaw']
[2486864, 2550871, -8388608, 1178239, 2101007, 427267, 1035435, -69622, 1191574, 985179, 852529, -195624, 1808677, 1104639, -80962, 369648, 'Jaw']
[2521521, 2545671, -8388608, 1235592, 2127854, 422397, 1026556, -70726, 1190283, 986470, 764737, -202687, 1807758, 1115118, -84292, 340345, 'Jaw']
[2483854, 2549589, -8388608, 1178546, 2102044, 425680, 1034149, -71211, 1190407, 983633, 868557, -175740, 1811899, 1104257, -77521, 377144, 'Jaw']
[2524249, 2547062, -8388608, 1234065, 2126107, 423748, 1026760, -68714, 1193396, 987446, 751829, -222311, 1801167, 1114233, -87337, 333362, 'Jaw']
[2483439, 2549311, -8388608, 1181632, 2104611, 425853, 1033902, -71711, 1188442, 983389, 881427, -156263, 1815378, 1106865, -73426, 384205, 'Jaw']
[2524847, 2547485, -8388608, 1229812, 2123896, 423785, 1027343, -69351, 1195224, 988289, 741175, -239663, 1798321, 1113723, -90121, 327139, 'Jaw']
[2483295, 2548312, -8388608, 1186513, 2107793, 425758, 1034141, -71154, 1188431, 983756, 888829, -139089, 1819906, 1108738, -69983, 389116, 'Jaw']
[2522829, 2547818, -8388608, 1224675, 2120719, 425220, 1027451, -67489, 1193480, 988749, 737018, -253442, 1795264, 1112155, -92184, 324355, 'Jaw']
[2485183, 2547903, -8388608, 1192766, 2110715, 425243, 1032399, -72538, 1187685, 983718, 892514, -126202, 1822061, 1110981, -67740, 392711, 'Jaw']
[2521788, 2549980, -8388608, 1218588, 2116651, 426359, 1028072, -67226, 1194958, 991071, 737942, -263270, 1793602, 1111687, -93742, 323576, 'Jaw']
[2489480, 2547571, -8388608, 1199841, 2114684, 424341, 1031049, -73238, 1190770, 985247, 889972, -116947, 1823305, 1113163, -66800, 393070, 'Jaw']
