[2280286, 2394298, 369179, 44582, 2295532, 2526002, 746153, 1017973, 1616571, 519915, 1573970, 1668958, 1709761, 2140235, 990444, 1412789, 'Jaw']
[2286878, 2396776, 372602, 47456, 2307459, 2535607, 746144, 1019321, 1617506, 520652, 1565077, 1632594, 1699871, 2134124, 982652, 1396751, 'Jaw']
[2280314, 2394142, 369372, 44321, 2297247, 2526674, 745164, 1017701, 1616661, 519727, 1576254, 1672868, 1711060, 2142594, 991911, 1414268, 'Jaw']
[2286671, 2396825, 372857, 47330, 2306187, 2534703, 746159, 1019959, 1617589, 520653, 1561612, 1629549, 1698308, 2132270, 981055, 1395517, 'Jaw']
[2280953, 2394459, 370029, 44461, 2298969, 2527865, 745774, 1018058, 1616951, 519742, 1576990, 1675512, 1712315, 2144228, 992820, 1415353, 'Jaw']
[2285848, 2396629, 373267, 47014, 2303789, 2533280, 745950, 1019286, 1617539, 520817, 1558483, 1627847, 1697260, 2130464, 980017, 1394596, 'Jaw']
[2281560, 2394446, 370783, 44669, 2300477, 2529164, 745080, 1017950, 1616888, 519471, 1577614, 1675807, 1712929, 2145566, 993387, 1415181, 'Jaw']
[2285329, 2396434, 373387, 46854, 2301712, 2531800, 746221, 1018827, 1617685, 520967, 1556709, 1627834, 1697131, 2129500, 979792, 1394701, 'Jaw']
[2282320, 2394313, 370833, 44697, 2302544, 2530383, 745263, 1017504, 1617006, 519139, 1578166, 1674878, 1713094, 2146211, 993649, 1414687, 'Jaw']
[2284796, 2396292, 372831, 46963, 2299834, 2530824, 745906, 1019406, 1617398, 520751, 1556242, 1629650, 1697130, 2128980, 979730, 1395808, 'Jaw']
[2283630, 2395064, 371284, 45668, 2304723, 2531926, 744709, 1018392, 1617471, 519602, 1579329, 1672926, 1712622, 2147188, 993795, 1414180, 'Jaw']
[2283982, 2396222, 372114, 46908, 2298018, 2528958, 746105, 1019093, 1617358, 521066, 1556810, 1633269, 1697694, 2129312, 980633, 1397441, 'Jaw']
[2284300, 2395120, 371111, 46094, 2306821, 2533431, 745720, 1018905, 1617433, 519589, 1578128, 1669123, 1711615, 2146723, 993534, 1412469, 'Jaw']
[2283028, 2395556, 371256, 46403, 2296501, 2527878, 746462, 1019662, 1617144, 520696, 1557197, 1637466, 1699052, 2129985, 981891, 1399725, 'Jaw']
[2285279, 2395216, 371068, 46135, 2308091, 2534514, 744901, 1019239, 1617464, 519210, 1576833, 1663842, 1710356, 2145428, 992380, 1410383, 'Jaw']
[2282404, 2395417, 370921, 46003, 2295351, 2526728, 745911, 1018883, 1617181, 520685, 1559366, 1642585, 1700526, 2130993, 982949, 1401694, 'Jaw']
[2286189, 2395775, 371694, 46727, 2309152, 2535268, 745173, 1019037, 1617765, 519659, 1575184, 1658476, 1708875, 2144268, 991240, 1408074, 'Jaw']
[2281804, 2395071, 370464, 45750, 2294058, 2525350, 745262, 1018599, 1617073, 520531, 1561319, 1648914, 1702147, 2132520, 984695, 1404358, 'Jaw']
[2286727, 2395945, 372232, 47008, 2309474, 2535340, 745229, 1019651, 1617829, 519707, 1572476, 1652428, 1706694, 2142248, 989389, 1405199, 'Jaw']
[2281065, 2394594, 370378, 45194, 2293834, 2524790, 745895, 1018123, 1617056, 520033, 1563496, 1654820, 1704427, 2134182, 986329, 1406804, 'Jaw']
[2287099, 2396194, 372706, 47367, 2309895, 2535801, 745759, 1020518, 1617689, 519332, 1569633, 1646203, 1705028, 2139893, 987963, 1402935, 'Jaw']
[2280578, 2394382, 369877, 44861, 2294026, 2524333, 745577, 1018112, 1617052, 519755, 1566403, 1660894, 1706800, 2136410, 988414, 1409656, 'Jaw']
[2286950, 2396175, 372292, 47257, 2308890, 2535519, 745032, 1019592, 1617775, 519546, 1566520, 1640250, 1703047, 2137332, 985777, 1400072, 'Jaw']
[2280314, 2394083, 369147, 44701, 2294511, 2524822, 745719, 1018319, 1616872, 519393, 1568913, 1666194, 1708820, 2138669, 989763, 1411656, 'Jaw']
[2287314, 2396440, 372182, 47527, 2308095, 2535036, 745879, 1020085, 1617895, 519782, 1563483, 1635292, 1701345, 2135519, 983999, 1398254, 'Jaw']
[2280314, 2393816, 368749, 44215, 2296150, 2525308, 744785, 1017758, 1616778, 519139, 1571735, 1670716, 1710503, 2141103, 991240, 1413592, 'Jaw']
[2286617, 2396274, 372195, 47211, 2306887, 2534360, 746124, 1019964, 1617571, 519874, 1560798, 1631556, 1699272, 2133358, 982581, 1396713, 'Jaw']
[2280711, 2393829, 369370, 43989, 2297652, 2526227, 745692, 1017981, 1616715, 518955, 1573523, 1674017, 1711690, 2142918, 992624, 1414872, 'Jaw']
[2286666, 2396589, 373012, 46967, 2305513, 2533371, 746621, 1020302, 1617518, 519876, 1558061, 1629396, 1698344, 2131153, 981366, 1395708, 'Jaw']
[2281339, 2394174, 370252, 44506, 2299577, 2527489, 745441, 1018287, 1617129, 519061, 1575699, 1676076, 1712725, 2144648, 993534, 1415697, 'Jaw']
[2285810, 2396402, 373225, 47419, 2303498, 2531955, 746814, 1020041, 1617572, 520223, 1556127, 1627970, 1697280, 2130222, 980777, 1395218, 'Jaw']
[2281872, 2394138, 370417, 45069, 2301348, 2528552, 745144, 1018313, 1617097, 518887, 1576762, 1675870, 1713081, 2146352, 994528, 1415733, 'Jaw']
[2284855, 2395892, 372799, 47195, 2301188, 2530442, 746407, 1020109, 1617401, 520254, 1555092, 1628661, 1697443, 2129551, 980690, 1395819, 'Jaw']
[2282524, 2394046, 370731, 45344, 2303297, 2529910, 744759, 1018279, 1617100, 518548, 1576970, 1674197, 1713627, 2146664, 994651, 1415044, 'Jaw']
[2283934, 2395468, 372199, 47035, 2298891, 2529188, 745882, 1020036, 1617246, 519783, 1554004, 1630270, 1698130, 2128804, 981155, 1396949, 'Jaw']
[2283291, 2394188, 370624, 45707, 2305409, 2531618, 745592, 1018866, 1617230, 518399, 1576410, 1670433, 1712922, 2146473, 994294, 1413690, 'Jaw']
[2283243, 2395187, 371262, 46450, 2297167, 2527814, 746246, 1019576, 1616886, 519597, 1554979, 1633787, 1698397, 2128999, 981440, 1398497, 'Jaw']
[2283993, 2394410, 370381, 45693, 2306713, 2532923, 745131, 1019191, 1617230, 518192, 1576660, 1666854, 1711564, 2146112, 993147, 1412114, 'Jaw']
[2281966, 2394757, 370696, 45655, 2295122, 2526534, 745803, 1019177, 1617132, 519520, 1556288, 1638486, 1699714, 2129827, 982059, 1400188, 'Jaw']
[2284415, 2394552, 370912, 45443, 2307551, 2533517, 744415, 1018508, 1617494, 518106, 1574518, 1661463, 1710506, 2144933, 991675, 1409133, 'Jaw']
[2281165, 2394355, 370132, 44994, 2294168, 2525128, 745716, 1018443, 1616910, 519052, 1557823, 1643984, 1701696, 2130816, 982941, 1401871, 'Jaw']
[2285498, 2395228, 371268, 46329, 2309314, 2534787, 744827, 1019660, 1617564, 518348, 1572733, 1655708, 1708842, 2142980, 990128, 1406368, 'Jaw']
[2280569, 2394409, 369998, 45209, 2293722, 2524541, 745276, 1018542, 1617034, 519416, 1561054, 1650312, 1703723, 2132928, 984802, 1404588, 'Jaw']
[2285816, 2395685, 372064, 47043, 2309811, 2535428, 745604, 1019623, 1617804, 518745, 1570781, 1649659, 1706738, 2141681, 988868, 1403899, 'Jaw']
[2279958, 2394039, 369744, 45183, 2294085, 2524766, 745844, 1018463, 1616846, 519110, 1564081, 1656745, 1705782, 2135360, 987388, 1407782, 'Jaw']
[2286369, 2396057, 372184, 47573, 2309529, 2535840, 745333, 1020180, 1617918, 518910, 1568027, 1643729, 1704637, 2139271, 987360, 1401638, 'Jaw']
[2279678, 2393966, 369047, 44899, 2294333, 2524486, 745270, 1018644, 1616981, 518986, 1566731, 1662496, 1707866, 2137487, 989229, 1410112, 'Jaw']
[2286576, 2396184, 372145, 47570, 2308910, 2535728, 745912, 1020482, 1617697, 518802, 1564850, 1638250, 1702775, 2137016, 985853, 1399407, 'Jaw']
[2279480, 2393661, 368550, 44608, 2295447, 2525534, 745721, 1019013, 1616948, 518538, 1569627, 1667399, 1709749, 2140004, 991139, 1412504, 'Jaw']
[2286041, 2395973, 371332, 47434, 2307880, 2535303, 746054, 1021129, 1617577, 518649, 1562452, 1633430, 1701001, 2135052, 984326, 1398176, 'Jaw']
[2279528, 2393198, 367968, 44127, 2296395, 2525818, 745588, 1018445, 1616852, 518050, 1572386, 1670724, 1711060, 2142011, 992332, 1414255, 'Jaw']
[2285715, 2395862, 371005, 47056, 2305904, 2534075, 745151, 1020334, 1617294, 518350, 1559699, 1629649, 1699162, 2132530, 982452, 1396237, 'Jaw']
[2280203, 2393685, 367614, 44589, 2297702, 2526830, 744312, 1018854, 1616943, 517875, 1575016, 1673791, 1712014, 2143714, 992988, 1415101, 'Jaw']
[2285551, 2396094, 370031, 47445, 2303971, 2532916, 745848, 1020369, 1617575, 518865, 1558848, 1628006, 1697832, 2131068, 981146, 1395390, 'Jaw']
[2280797, 2393740, 367096, 44913, 2299523, 2527541, 744958, 1018376, 1616976, 517741, 1578911, 1675199, 1712857, 2145283, 993741, 1415287, 'Jaw']
[2285125, 2395712, 369897, 47244, 2302369, 2531416, 745954, 1020448, 1617499, 518926, 1563373, 1627291, 1697280, 2129798, 980608, 1394990, 'Jaw']
[2281456, 2393350, 367336, 44690, 2301766, 2528830, 744331, 1018208, 1616973, 517294, 1588302, 1674899, 1713476, 2146298, 994421, 1415312, 'Jaw']
[2283912, 2395335, 369678, 46658, 2299861, 2529460, 745423, 1019650, 1617562, 518744, 1568497, 1628031, 1697217, 2128828, 980157, 1395296, 'Jaw']
[2281902, 2393276, 367638, 44690, 2303961, 2529636, 745210, 1018182, 1617292, 517046, 1591696, 1672184, 1712893, 2146556, 993833, 1413837, 'Jaw']
[2282622, 2394337, 368575, 45945, 2298428, 2528009, 747003, 1020023, 1617002, 518230, 1569815, 1630524, 1697599, 2128639, 980718, 1396652, 'Jaw']
[2281931, 2393233, 366905, 44886, 2305715, 2531806, 745799, 1018658, 1616689, 516668, 1591977, 1669007, 1712238, 2146396, 993775, 1412899, 'Jaw']
[2280534, 2393605, 367535, 45662, 2296321, 2527365, 747376, 1019398, 1616319, 517943, 1571383, 1634408, 1698459, 2129130, 981393, 1398388, 'Jaw']
[2281563, 2392919, 367092, 45154, 2307009, 2533402, 746472, 1018853, 1615802, 516176, 1592283, 1663944, 1710712, 2145592, 992782, 1410723, 'Jaw']
[2278924, 2393040, 367511, 45307, 2294956, 2526354, 747824, 1019200, 1615205, 517254, 1574300, 1639419, 1699637, 2130107, 982412, 1400786, 'Jaw']
[2281999, 2393069, 368692, 45944, 2308518, 2534460, 746722, 1019403, 1615612, 515809, 1591772, 1658114, 1708498, 2144087, 991080, 1408427, 'Jaw']
[2277451, 2392304, 368180, 45136, 2293919, 2525032, 747595, 1018203, 1615061, 516892, 1577439, 1644920, 1701027, 2131638, 983544, 1403341, 'Jaw']
[2281558, 2392649, 369791, 45928, 2308952, 2534752, 746708, 1018593, 1615454, 515546, 1590157, 1651865, 1706823, 2142367, 989038, 1405712, 'Jaw']
[2275975, 2391537, 368398, 44391, 2293260, 2524141, 746846, 1017739, 1614712, 516231, 1579888, 1651041, 1702984, 2133446, 985161, 1405770, 'Jaw']
[2281811, 2392700, 370688, 46018, 2309221, 2535043, 746611, 1018390, 1615437, 515491, 1587562, 1645358, 1704530, 2140256, 987121, 1402662, 'Jaw']
[2275799, 2391274, 368547, 44174, 2293502, 2524057, 746640, 1017604, 1614870, 515766, 1583100, 1656517, 1705250, 2135360, 987011, 1408162, 'Jaw']
[2282173, 2392838, 370911, 46194, 2308814, 2535077, 745954, 1018466, 1616018, 515494, 1586072, 1638842, 1702577, 2137621, 985190, 1399746, 'Jaw']
[2275145, 2390229, 367792, 43246, 2294015, 2523831, 746278, 1016251, 1614792, 514978, 1587115, 1661719, 1706881, 2137374, 988227, 1409947, 'Jaw']
[2281894, 2392284, 370719, 46033, 2307935, 2534556, 746632, 1018361, 1615357, 514969, 1582084, 1633835, 1700252, 2135164, 983267, 1397643, 'Jaw']
[2274937, 2389726, 367634, 43271, 2294777, 2524839, 745538, 1017111, 1614614, 514620, 1587797, 1666346, 1708470, 2139624, 989486, 1412276, 'Jaw']
[2281620, 2392355, 370612, 46403, 2306754, 2534485, 746806, 1019008, 1615287, 515275, 1578931, 1629402, 1698559, 2133198, 981624, 1396396, 'Jaw']
[2274875, 2389431, 366233, 42906, 2295996, 2525153, 745040, 1016890, 1614170, 514154, 1589870, 1670008, 1710340, 2141671, 990782, 1414101, 'Jaw']
[2280817, 2392183, 369048, 45894, 2304432, 2532471, 745964, 1018335, 1614543, 515215, 1575393, 1625842, 1697040, 2130659, 979693, 1394777, 'Jaw']
[2275714, 2390239, 365885, 43727, 2298108, 2526607, 746409, 1017375, 1614561, 514625, 1591418, 1671716, 1711468, 2143246, 992028, 1414730, 'Jaw']
[2280624, 2392207, 367173, 45829, 2302496, 2531771, 745980, 1019278, 1614447, 515799, 1573329, 1624703, 1697325, 2129881, 979392, 1394538, 'Jaw']
[2277212, 2390623, 365365, 43727, 2299997, 2528060, 746283, 1018219, 1614476, 514659, 1593681, 1672808, 1713073, 2144839, 992933, 1415089, 'Jaw']
[2280497, 2392566, 367045, 45877, 2300644, 2530322, 746147, 1018932, 1614893, 516044, 1573329, 1625067, 1697338, 2129611, 979323, 1394487, 'Jaw']
[2278223, 2391170, 365612, 44199, 2301824, 2529117, 744649, 1017673, 1614921, 514994, 1595323, 1672373, 1712652, 2145653, 993578, 1414388, 'Jaw']
[2280607, 2393160, 368155, 45279, 2298586, 2528903, 745668, 1018554, 1615551, 516315, 1573231, 1627355, 1696412, 2128596, 979317, 1395113, 'Jaw']
[2280109, 2392399, 367639, 44592, 2304676, 2530995, 746818, 1018298, 1616000, 515505, 1595934, 1670102, 1712782, 2146181, 992954, 1413059, 'Jaw']
[2280153, 2393450, 369342, 45313, 2298024, 2528337, 746682, 1018993, 1616782, 517082, 1574092, 1631192, 1699164, 2128602, 980403, 1397198, 'Jaw']
[2280749, 2392741, 368751, 44936, 2306352, 2532965, 745682, 1017698, 1616702, 515345, 1595142, 1666866, 1713633, 2146927, 992488, 1412207, 'Jaw']
[2279602, 2393849, 369498, 45842, 2296034, 2527496, 746940, 1018920, 1616602, 517508, 1574674, 1635846, 1700825, 2130163, 980866, 1399597, 'Jaw']
[2282142, 2393765, 369362, 46243, 2308124, 2534788, 745650, 1019663, 1616917, 516217, 1594238, 1661975, 1712579, 2146666, 991982, 1410305, 'Jaw']
[2279561, 2394018, 368716, 46475, 2294831, 2527103, 746335, 1019806, 1616907, 517990, 1577014, 1641403, 1702735, 2131946, 982968, 1401914, 'Jaw']
[2283297, 2394364, 369478, 47231, 2309669, 2535537, 746101, 1019866, 1616982, 516602, 1592670, 1657136, 1711166, 2145238, 991577, 1408351, 'Jaw']
[2279448, 2394160, 367910, 46536, 2294637, 2525865, 746343, 1019101, 1616683, 518091, 1580229, 1648383, 1704019, 2133700, 985618, 1405156, 'Jaw']
[2284598, 2395232, 369402, 47692, 2310127, 2536288, 745769, 1020352, 1617682, 517222, 1592162, 1651132, 1707721, 2144100, 990116, 1405568, 'Jaw']
[2279208, 2394366, 367853, 46306, 2294377, 2525355, 746568, 1019000, 1617088, 518257, 1583862, 1654342, 1705577, 2136471, 987110, 1407464, 'Jaw']
[2285214, 2395882, 370498, 47571, 2310253, 2536520, 745656, 1020149, 1618361, 518124, 1589820, 1645064, 1705756, 2141432, 987890, 1402705, 'Jaw']
[2278554, 2394117, 368376, 45191, 2294468, 2525574, 746898, 1019031, 1617594, 518051, 1586663, 1660409, 1707223, 2138397, 988230, 1409889, 'Jaw']
[2285210, 2395954, 371040, 47512, 2309200, 2536576, 745993, 1019720, 1618501, 517988, 1586754, 1639063, 1703363, 2139622, 985574, 1400197, 'Jaw']
[2278993, 2394115, 368498, 44888, 2295138, 2525829, 746190, 1017528, 1617503, 517843, 1589409, 1665598, 1708999, 2140726, 989394, 1412030, 'Jaw']
[2285695, 2396444, 371512, 47336, 2308408, 2536120, 746799, 1019897, 1618560, 518241, 1584548, 1634142, 1700996, 2137414, 983609, 1398297, 'Jaw']
[2279011, 2394092, 368541, 45505, 2296071, 2526518, 746395, 1018382, 1617651, 517921, 1592897, 1669764, 1710058, 2142966, 990972, 1413907, 'Jaw']
[2285473, 2396459, 371647, 48317, 2306884, 2535771, 746722, 1020318, 1618872, 518799, 1582830, 1630488, 1698787, 2135428, 982408, 1396892, 'Jaw']
[2279077, 2393687, 368072, 45061, 2297496, 2527304, 745368, 1018068, 1617255, 517438, 1595854, 1673460, 1710973, 2145176, 992699, 1415682, 'Jaw']
[2284979, 2396557, 371857, 48320, 2304922, 2534565, 746616, 1020274, 1618496, 519010, 1580300, 1628316, 1697267, 2133256, 981124, 1396241, 'Jaw']
[2280022, 2394054, 369036, 45745, 2299744, 2528952, 746354, 1018803, 1618065, 517879, 1597218, 1674939, 1711697, 2146660, 993596, 1416381, 'Jaw']
[2284491, 2396174, 371610, 47766, 2303131, 2533085, 746773, 1020435, 1618384, 518940, 1578092, 1627129, 1696569, 2132198, 980468, 1396074, 'Jaw']
[2280687, 2394024, 368982, 44770, 2301330, 2529404, 745237, 1017944, 1618054, 517484, 1598070, 1674676, 1712426, 2147914, 993692, 1415985, 'Jaw']
[2284107, 2396227, 371346, 46759, 2301007, 2531144, 747249, 1018981, 1618567, 518969, 1576864, 1627819, 1696538, 2131269, 979817, 1395587, 'Jaw']
[2281753, 2394470, 369001, 45380, 2303515, 2530845, 745925, 1018320, 1618392, 517798, 1599007, 1673401, 1712338, 2148553, 994034, 1414516, 'Jaw']
[2283359, 2395836, 371011, 47001, 2299436, 2529662, 746748, 1019567, 1618478, 519224, 1576880, 1629779, 1696305, 2130333, 980323, 1396035, 'Jaw']
[2282411, 2394472, 369556, 45666, 2305609, 2532352, 744905, 1018311, 1618248, 517521, 1599289, 1670531, 1711117, 2148233, 993946, 1413025, 'Jaw']
[2281834, 2395111, 369721, 45790, 2297453, 2528357, 745778, 1018974, 1618090, 519251, 1577434, 1633409, 1697403, 2131166, 980596, 1397471, 'Jaw']
[2283195, 2394596, 369628, 46191, 2307491, 2533507, 746253, 1019590, 1618291, 517286, 1598107, 1666186, 1710738, 2147462, 992949, 1411184, 'Jaw']
[2281255, 2394990, 369702, 46644, 2295829, 2527076, 745688, 1019573, 1618088, 519631, 1578722, 1638648, 1698446, 2130697, 982369, 1400407, 'Jaw']
[2284058, 2394883, 369451, 47032, 2308677, 2534819, 746169, 1020187, 1618390, 518398, 1596881, 1661115, 1709272, 2145836, 992045, 1409633, 'Jaw']
[2280072, 2394141, 367930, 45692, 2294612, 2526301, 746739, 1019772, 1617668, 519202, 1580788, 1644123, 1701094, 2132273, 984033, 1403181, 'Jaw']
[2284397, 2394953, 368812, 46621, 2309315, 2535634, 745772, 1019910, 1617701, 517893, 1594201, 1654307, 1708086, 2144609, 990316, 1406767, 'Jaw']
[2279088, 2393787, 366556, 44654, 2293731, 2525049, 746028, 1018723, 1617225, 519295, 1582794, 1649569, 1703506, 2133770, 985094, 1405309, 'Jaw']
[2284556, 2395023, 368969, 46858, 2309811, 2536122, 745382, 1020022, 1618429, 519140, 1591944, 1648056, 1706312, 2142792, 988347, 1404002, 'Jaw']
[2279636, 2394358, 368001, 45266, 2293815, 2525057, 745693, 1018822, 1617787, 519913, 1585693, 1655817, 1704940, 2135412, 986478, 1407880, 'Jaw']
[2286197, 2396185, 370790, 47602, 2309623, 2536374, 745961, 1020167, 1619682, 521237, 1590623, 1642901, 1703441, 2138882, 986625, 1401612, 'Jaw']
[2278808, 2393835, 367706, 44372, 2294222, 2525050, 745676, 1018133, 1617932, 521602, 1589127, 1662094, 1706465, 2138068, 988367, 1410262, 'Jaw']
[2284817, 2394901, 369480, 45994, 2308359, 2535920, 745471, 1020037, 1618258, 521050, 1586146, 1636119, 1701005, 2138253, 984261, 1398804, 'Jaw']
[2278653, 2393247, 368238, 44068, 2295026, 2525569, 745679, 1018178, 1618362, 522308, 1590943, 1665991, 1707259, 2140837, 989630, 1411945, 'Jaw']
[2285140, 2395718, 371299, 48211, 2307678, 2535717, 745637, 1020435, 1619228, 525103, 1584845, 1632546, 1697110, 2134192, 983466, 1397695, 'Jaw']
[2278438, 2393190, 367744, 43907, 2296936, 2526501, 747016, 1019634, 1618166, 525267, 1594615, 1670723, 1707750, 2142392, 992096, 1414689, 'Jaw']
[2284317, 2395520, 370383, 47942, 2306534, 2534860, 747209, 1021283, 1618772, 528931, 1581150, 1627315, 1695758, 2134115, 981882, 1396125, 'Jaw']
[2278979, 2393563, 367101, 44420, 2298898, 2527409, 745808, 1018609, 1618337, 530905, 1596410, 1673416, 1707775, 2143386, 993031, 1415679, 'Jaw']
[2284258, 2395529, 370393, 47179, 2304937, 2533384, 746490, 1021557, 1619384, 536571, 1579367, 1626916, 1692219, 2130246, 980861, 1395751, 'Jaw']
[2279777, 2393618, 367868, 45204, 2300829, 2528789, 746320, 1019980, 1618514, 538945, 1598246, 1674610, 1706309, 2142108, 994188, 1416591, 'Jaw']
[2283835, 2395724, 370294, 46385, 2302780, 2532368, 747109, 1021474, 1619451, 544940, 1578465, 1626586, 1690591, 2127715, 980908, 1395893, 'Jaw']
[2279791, 2392973, 366704, 43579, 2302083, 2529912, 744786, 1019021, 1617891, 548999, 1598766, 1673254, 1706382, 2144176, 994029, 1415357, 'Jaw']
[2282832, 2395173, 369168, 45955, 2300179, 2530649, 746880, 1020964, 1618083, 553246, 1576156, 1626575, 1690495, 2127556, 979545, 1395229, 'Jaw']
[2281128, 2393889, 367831, 44521, 2304048, 2530708, 746189, 1019406, 1618849, 556035, 1598692, 1671282, 1705729, 2142654, 993883, 1414036, 'Jaw']
[2282182, 2395101, 370421, 45847, 2298635, 2529650, 747065, 1021386, 1618601, 559474, 1577844, 1629816, 1688832, 2124943, 981154, 1397289, 'Jaw']
[2282459, 2394956, 368485, 44587, 2305968, 2532782, 745227, 1020515, 1618003, 564248, 1599043, 1666211, 1703772, 2143900, 994036, 1412875, 'Jaw']
[2281842, 2396531, 368932, 48318, 2297051, 2528217, 746872, 1020498, 1619012, 564541, 1577900, 1634057, 1691558, 2124760, 982138, 1399226, 'Jaw']
[2283140, 2394885, 368402, 45833, 2307742, 2534760, 746581, 1021407, 1618820, 567226, 1598205, 1664781, 1704059, 2140176, 993487, 1411554, 'Jaw']
[2279872, 2394322, 367810, 44132, 2294952, 2526839, 746154, 1020265, 1617818, 567428, 1578297, 1637970, 1692541, 2127356, 982650, 1401008, 'Jaw']
[2284487, 2396389, 368705, 46306, 2308443, 2534861, 745263, 1020550, 1620275, 572130, 1595789, 1657481, 1701751, 2137326, 990857, 1408275, 'Jaw']
[2278976, 2393855, 367229, 43864, 2294013, 2525015, 745935, 1019974, 1619368, 570244, 1581376, 1645026, 1693397, 2126866, 983806, 1403142, 'Jaw']
[2285035, 2396844, 368668, 46032, 2309448, 2535303, 745630, 1020912, 1620209, 574720, 1593836, 1651829, 1700130, 2134156, 989208, 1404993, 'Jaw']
[2278533, 2393462, 365862, 42046, 2293457, 2525365, 745658, 1020041, 1620294, 578287, 1583427, 1651056, 1697999, 2126400, 984898, 1405544, 'Jaw']
[2285065, 2395825, 368909, 44902, 2309430, 2535521, 746060, 1021172, 1622288, 576589, 1590811, 1643583, 1698592, 2134474, 987383, 1402460, 'Jaw']
[2277330, 2392685, 365631, 43114, 2293041, 2523876, 745075, 1019516, 1621211, 576017, 1585493, 1654802, 1698125, 2127179, 986562, 1407201, 'Jaw']
[2284346, 2395179, 367291, 46376, 2308627, 2535019, 744774, 1021040, 1623812, 576687, 1587244, 1639523, 1696908, 2128591, 986041, 1400110, 'Jaw']
[2278567, 2394862, 365029, 44640, 2294664, 2524531, 746350, 1020150, 1620527, 581047, 1588414, 1662818, 1701223, 2128099, 989172, 1409961, 'Jaw']
[2285507, 2395822, 367887, 46758, 2308758, 2535326, 745761, 1021765, 1626045, 579281, 1586240, 1634307, 1694437, 2127543, 985332, 1398383, 'Jaw']
[2278283, 2394582, 363459, 43121, 2295715, 2525286, 745455, 1019980, 1625546, 584231, 1592812, 1667705, 1702246, 2131821, 992298, 1413399, 'Jaw']
[2285119, 2397444, 365667, 48055, 2307495, 2534983, 746064, 1022635, 1623874, 582270, 1581771, 1630388, 1691257, 2122597, 983584, 1396828, 'Jaw']
[2278438, 2394405, 361303, 43319, 2297488, 2526548, 745665, 1020681, 1624755, 581518, 1595209, 1672102, 1702883, 2134645, 993328, 1414708, 'Jaw']
[2284022, 2395686, 363788, 46948, 2305579, 2534412, 745925, 1021760, 1625823, 583385, 1580020, 1627901, 1690552, 2120530, 981775, 1395628, 'Jaw']
[2279841, 2395708, 360674, 44231, 2299189, 2528325, 745365, 1020619, 1624155, 588082, 1596133, 1672394, 1703620, 2134536, 993536, 1415360, 'Jaw']
[2285971, 2399228, 364866, 47603, 2304165, 2533754, 747279, 1022899, 1627813, 587625, 1579939, 1628281, 1689393, 2118686, 981576, 1395897, 'Jaw']
[2278990, 2394093, 360268, 43079, 2299999, 2528618, 744182, 1019946, 1626345, 587402, 1599184, 1675326, 1704095, 2134893, 993962, 1415287, 'Jaw']
[2282967, 2396243, 363310, 45040, 2301052, 2530980, 744963, 1021554, 1624510, 587322, 1575618, 1624948, 1688418, 2116869, 978897, 1393931, 'Jaw']
[2281592, 2395027, 362501, 42565, 2303144, 2529987, 745357, 1021148, 1625138, 586222, 1599304, 1673148, 1703941, 2135250, 994142, 1414219, 'Jaw']
[2283489, 2396739, 364544, 46928, 2299890, 2530158, 746324, 1022130, 1626902, 589343, 1577753, 1628550, 1689059, 2119550, 980982, 1395927, 'Jaw']
[2281609, 2394458, 362151, 44663, 2304241, 2530620, 744227, 1019848, 1625985, 586924, 1599159, 1670656, 1703976, 2133345, 994432, 1414107, 'Jaw']
[2282593, 2396411, 363170, 45826, 2298025, 2528570, 746322, 1022144, 1625962, 591632, 1576266, 1630555, 1689926, 2115873, 981060, 1397656, 'Jaw']
[2283406, 2396191, 361110, 44052, 2306752, 2532558, 745616, 1021851, 1626442, 590339, 1598261, 1667497, 1702993, 2133015, 994067, 1412611, 'Jaw']
[2281735, 2396715, 360645, 45531, 2296403, 2527780, 747279, 1022250, 1626982, 590882, 1578732, 1637397, 1690297, 2118243, 982833, 1400158, 'Jaw']
[2283960, 2396663, 359873, 45128, 2308362, 2534914, 747160, 1022063, 1626247, 590076, 1596035, 1662430, 1700821, 2133277, 992788, 1409979, 'Jaw']
[2281082, 2396231, 358409, 45852, 2295014, 2527454, 747984, 1021591, 1625497, 589139, 1580020, 1642643, 1691495, 2117453, 983709, 1402410, 'Jaw']
[2285597, 2397180, 360377, 45808, 2308709, 2536034, 747320, 1022358, 1627534, 590402, 1595769, 1656156, 1698699, 2130497, 991274, 1408183, 'Jaw']
[2279412, 2395609, 358423, 44411, 2293302, 2526136, 747301, 1021115, 1625935, 593341, 1582531, 1648177, 1691700, 2118953, 984613, 1405149, 'Jaw']
[2284506, 2396768, 360055, 45434, 2308370, 2535615, 746493, 1021938, 1624713, 595062, 1592354, 1649185, 1696561, 2130123, 988202, 1405136, 'Jaw']
[2279140, 2395386, 358928, 42533, 2291999, 2524442, 745998, 1019738, 1625671, 590601, 1584006, 1653178, 1693956, 2120045, 984848, 1406482, 'Jaw']
[2286783, 2397967, 363088, 45848, 2308467, 2535918, 746273, 1020886, 1626672, 591253, 1590499, 1643747, 1695033, 2126010, 986185, 1401733, 'Jaw']
[2280078, 2396816, 362343, 44313, 2293348, 2524515, 746806, 1019396, 1628165, 591909, 1588551, 1660986, 1695856, 2121588, 987571, 1409317, 'Jaw']
[2286735, 2397965, 364344, 45176, 2308107, 2534794, 746731, 1020705, 1626649, 593298, 1588441, 1639099, 1693060, 2125808, 985426, 1399562, 'Jaw']
[2280016, 2395539, 361085, 43105, 2293786, 2524987, 745979, 1019206, 1626745, 593627, 1589753, 1664461, 1698849, 2125312, 988872, 1411001, 'Jaw']
[2287011, 2398401, 364734, 46710, 2307347, 2535919, 747474, 1021820, 1627663, 596008, 1585507, 1631925, 1690904, 2122040, 983662, 1398153, 'Jaw']
[2279309, 2394470, 360100, 44141, 2294856, 2526021, 746520, 1019433, 1626205, 593142, 1593366, 1669082, 1700310, 2125019, 991096, 1413717, 'Jaw']
[2285163, 2397276, 363089, 45281, 2305345, 2535263, 747279, 1021815, 1625896, 590699, 1580691, 1627917, 1688902, 2119717, 981473, 1396154, 'Jaw']
[2278496, 2394391, 358544, 41562, 2295994, 2526969, 745658, 1019040, 1623990, 589540, 1593833, 1671306, 1701676, 2129598, 991611, 1414575, 'Jaw']
[2286186, 2398686, 363925, 47807, 2304090, 2534616, 747467, 1022453, 1627270, 592018, 1578986, 1625356, 1687399, 2117026, 980191, 1395174, 'Jaw']
[2279341, 2394283, 359298, 42129, 2298456, 2529094, 746198, 1020110, 1626355, 596450, 1598197, 1673982, 1701166, 2129542, 993270, 1416083, 'Jaw']
[2284510, 2397026, 361911, 45394, 2302132, 2533335, 747430, 1022106, 1626345, 595220, 1577551, 1623064, 1686572, 2117610, 980039, 1395049, 'Jaw']
[2279639, 2393525, 358573, 43605, 2300738, 2529807, 745987, 1020372, 1625462, 589981, 1598131, 1672790, 1702174, 2132140, 993552, 1414919, 'Jaw']
[2283496, 2396421, 361083, 44372, 2299932, 2531030, 747091, 1021624, 1625791, 589251, 1576087, 1624505, 1685546, 2116160, 979266, 1394626, 'Jaw']
[2282386, 2396147, 360061, 43853, 2302828, 2530685, 745655, 1020188, 1626742, 593440, 1599176, 1671963, 1702114, 2130387, 993786, 1414265, 'Jaw']
[2283207, 2396301, 361792, 44995, 2298380, 2530139, 747573, 1021728, 1626410, 597336, 1577067, 1628042, 1686459, 2117457, 980168, 1395944, 'Jaw']
[2282170, 2395050, 359098, 44432, 2304181, 2532011, 745669, 1020143, 1625384, 590207, 1598550, 1668461, 1702348, 2131398, 993337, 1412931, 'Jaw']
[2283161, 2396995, 361370, 45307, 2296429, 2528440, 747099, 1021750, 1626304, 593981, 1577108, 1632438, 1687641, 2115668, 980002, 1397757, 'Jaw']
[2283086, 2395282, 360367, 43367, 2305912, 2533468, 745732, 1021197, 1625051, 592491, 1598379, 1664374, 1699558, 2132849, 991761, 1411298, 'Jaw']
[2281456, 2395522, 361473, 43293, 2294620, 2527011, 746822, 1021603, 1624366, 596236, 1578608, 1636076, 1687801, 2118005, 980475, 1399933, 'Jaw']
[2284138, 2395248, 361584, 45806, 2307392, 2534650, 745510, 1021360, 1626076, 591865, 1596658, 1658126, 1698088, 2133033, 990028, 1408779, 'Jaw']
[2279617, 2393881, 359725, 43806, 2293171, 2525753, 745560, 1020653, 1624479, 594838, 1578948, 1641531, 1690453, 2118371, 981859, 1402763, 'Jaw']
[2284636, 2395951, 362204, 43338, 2308055, 2535253, 746386, 1021488, 1625015, 590972, 1592773, 1651854, 1697743, 2132327, 988115, 1406067, 'Jaw']
[2279761, 2395044, 360985, 43157, 2292295, 2524755, 746294, 1020580, 1625619, 596049, 1581905, 1648048, 1692906, 2120195, 984041, 1405518, 'Jaw']
[2285613, 2395873, 362922, 46887, 2308183, 2535783, 745955, 1021544, 1625638, 594821, 1590862, 1646530, 1694937, 2129526, 986971, 1403544, 'Jaw']
[2279760, 2394806, 360457, 43298, 2292870, 2525203, 746408, 1020331, 1624431, 595288, 1584051, 1654525, 1695717, 2121250, 985901, 1407989, 'Jaw']
[2285967, 2395380, 362534, 44661, 2308379, 2536495, 746818, 1022144, 1625976, 593884, 1589137, 1640182, 1693817, 2128546, 985914, 1400686, 'Jaw']
[2279067, 2394806, 359909, 43474, 2292841, 2525293, 746485, 1020900, 1624701, 595021, 1586622, 1659615, 1696753, 2125183, 987358, 1409208, 'Jaw']
[2286067, 2396054, 362081, 46149, 2306840, 2535907, 746271, 1022530, 1625759, 594791, 1586726, 1636108, 1692262, 2122258, 983681, 1398594, 'Jaw']
[2279193, 2394436, 359329, 43506, 2293443, 2526279, 746878, 1020773, 1625477, 593179, 1590169, 1665369, 1698544, 2125391, 988696, 1411671, 'Jaw']
[2286680, 2397163, 362690, 45632, 2305966, 2535762, 746451, 1022263, 1628222, 597232, 1584643, 1631597, 1690148, 2120939, 982068, 1397040, 'Jaw']
[2280068, 2394956, 359341, 43477, 2294198, 2526241, 745561, 1019871, 1627226, 600126, 1594663, 1669454, 1700521, 2126298, 989710, 1413194, 'Jaw']
[2286318, 2397560, 363326, 46447, 2304076, 2535259, 746683, 1022429, 1627070, 594641, 1581219, 1628454, 1688474, 2119589, 979713, 1394752, 'Jaw']
[2279988, 2394682, 360108, 44414, 2296375, 2527306, 746117, 1020408, 1627249, 595478, 1597390, 1672792, 1701607, 2128054, 991615, 1414681, 'Jaw']
[2285337, 2396115, 362672, 45134, 2302303, 2533231, 746942, 1021951, 1628589, 594395, 1579822, 1626568, 1688241, 2119498, 979561, 1394545, 'Jaw']
[2281266, 2395062, 360461, 44178, 2298818, 2528209, 746136, 1020324, 1626118, 594227, 1597836, 1673173, 1703041, 2129303, 992310, 1414873, 'Jaw']
[2283832, 2395594, 362155, 44246, 2300747, 2530774, 746846, 1021124, 1627249, 597491, 1577204, 1625960, 1687738, 2115964, 979107, 1394266, 'Jaw']
[2281516, 2394244, 361040, 42645, 2300515, 2529092, 745975, 1020273, 1627117, 592461, 1597305, 1671210, 1702801, 2130315, 992387, 1413840, 'Jaw']
[2283646, 2394933, 362692, 45855, 2298299, 2530080, 747192, 1022036, 1626664, 593623, 1577156, 1626790, 1686502, 2115064, 979310, 1394908, 'Jaw']
[2281723, 2393820, 359458, 43094, 2301924, 2530479, 745435, 1019915, 1625803, 591387, 1598135, 1670044, 1702610, 2129191, 992351, 1412981, 'Jaw']
[2283045, 2395853, 361103, 44209, 2296280, 2528717, 746914, 1021892, 1627606, 593652, 1575405, 1629398, 1688203, 2113227, 978341, 1395596, 'Jaw']
[2283316, 2394744, 359852, 44278, 2303761, 2532091, 745296, 1020529, 1627472, 595438, 1597686, 1666740, 1700882, 2132941, 991519, 1411365, 'Jaw']
[2282547, 2395710, 361347, 45325, 2294597, 2526972, 746364, 1021517, 1627810, 594833, 1575821, 1633832, 1688536, 2113994, 979218, 1397618, 'Jaw']
[2284698, 2394891, 361498, 44063, 2305813, 2534080, 745142, 1020951, 1627752, 592097, 1596559, 1662743, 1700188, 2128442, 990978, 1409858, 'Jaw']
[2281765, 2394754, 360803, 44386, 2293145, 2526174, 746146, 1020553, 1627642, 594433, 1577304, 1637651, 1689652, 2115684, 980677, 1399945, 'Jaw']
[2285946, 2395574, 361943, 45353, 2306718, 2534206, 745101, 1021658, 1628470, 590602, 1594684, 1657816, 1699529, 2130148, 989530, 1407043, 'Jaw']
[2281223, 2394318, 361165, 44407, 2292624, 2525371, 746197, 1021305, 1627523, 594982, 1580104, 1645393, 1691146, 2115350, 982198, 1402485, 'Jaw']
[2285966, 2395348, 362154, 44738, 2307618, 2535266, 745704, 1021702, 1627519, 591321, 1592533, 1651395, 1697085, 2127422, 988159, 1404888, 'Jaw']
[2280263, 2393471, 360078, 43288, 2291093, 2524378, 745598, 1020763, 1627507, 593129, 1581789, 1650133, 1692675, 2117867, 983690, 1404662, 'Jaw']
[2286197, 2395384, 361898, 44151, 2307381, 2535381, 745605, 1022284, 1627327, 591229, 1590023, 1644020, 1695365, 2124655, 985873, 1401458, 'Jaw']
[2278840, 2392499, 359175, 42014, 2291300, 2523915, 745950, 1020430, 1625967, 591369, 1585650, 1656076, 1695261, 2120293, 985488, 1407024, 'Jaw']
[2286755, 2395434, 362391, 45057, 2306819, 2535569, 745257, 1021777, 1627531, 592685, 1587491, 1637189, 1692657, 2123426, 983942, 1399001, 'Jaw']
[2279587, 2393120, 359353, 42586, 2291926, 2524459, 745488, 1019827, 1626807, 590005, 1596636, 1662061, 1696400, 2122347, 987170, 1409779, 'Jaw']
[2286231, 2395076, 362099, 45132, 2305717, 2535052, 745063, 1021688, 1627732, 590760, 1599347, 1633838, 1690742, 2121154, 982313, 1397277, 'Jaw']
[2279993, 2393189, 359522, 42255, 2293011, 2524887, 744692, 1019280, 1624517, 589677, 1607211, 1666231, 1698413, 2125176, 988420, 1411172, 'Jaw']
[2286479, 2395914, 363400, 46486, 2304661, 2533934, 745692, 1022170, 1628001, 591112, 1600422, 1630117, 1688807, 2119547, 981255, 1395735, 'Jaw']
[2279962, 2393460, 360164, 42163, 2294374, 2525595, 744284, 1020202, 1626695, 589627, 1612144, 1670240, 1700126, 2126966, 990256, 1412937, 'Jaw']
[2287329, 2396626, 364999, 46888, 2303326, 2533457, 746087, 1022320, 1629391, 590710, 1599656, 1627753, 1687169, 2117475, 980084, 1394703, 'Jaw']
[2281061, 2393204, 361359, 42525, 2296643, 2526733, 745030, 1019856, 1627213, 589942, 1616139, 1673217, 1701168, 2128770, 992265, 1414398, 'Jaw']
[2285520, 2394981, 363398, 44743, 2300886, 2531357, 745669, 1021660, 1627883, 589318, 1597223, 1624528, 1686877, 2117042, 979087, 1393321, 'Jaw']
[2281181, 2393033, 360642, 42890, 2298297, 2527682, 744272, 1019958, 1627024, 588351, 1616688, 1672908, 1701386, 2128648, 992336, 1413777, 'Jaw']
[2284328, 2394614, 362471, 44635, 2298546, 2530156, 745706, 1021207, 1627066, 590359, 1595293, 1625018, 1685005, 2114315, 978282, 1393678, 'Jaw']
[2280386, 2391710, 359780, 41579, 2299966, 2528402, 744632, 1019360, 1626042, 587090, 1616470, 1671339, 1700816, 2130691, 992230, 1413377, 'Jaw']
[2282731, 2393523, 361875, 43068, 2296834, 2528262, 746963, 1021906, 1624983, 587401, 1593185, 1625744, 1684539, 2113865, 978232, 1394259, 'Jaw']
[2282124, 2392660, 360717, 42344, 2302143, 2530096, 744855, 1020970, 1627210, 587764, 1616064, 1667601, 1700489, 2131636, 992127, 1412084, 'Jaw']
[2282203, 2393575, 362369, 43414, 2294774, 2526528, 745372, 1020474, 1624046, 587700, 1594199, 1629360, 1686130, 2114707, 978529, 1395778, 'Jaw']
[2283435, 2393005, 362342, 43254, 2303661, 2530586, 744775, 1019843, 1626106, 585829, 1616230, 1664896, 1699842, 2130128, 991169, 1410501, 'Jaw']
[2281587, 2393532, 362761, 43273, 2293156, 2524904, 745606, 1019659, 1625950, 587182, 1596448, 1634674, 1686597, 2114708, 979833, 1397985, 'Jaw']
[2284410, 2393291, 362936, 43015, 2304861, 2531867, 743167, 1019464, 1625763, 584870, 1614722, 1659242, 1697993, 2129925, 989554, 1407533, 'Jaw']
[2281021, 2393038, 363148, 43176, 2291995, 2523545, 745698, 1019393, 1625228, 586547, 1598149, 1639899, 1688302, 2116552, 981076, 1399606, 'Jaw']
[2285248, 2393479, 364025, 43955, 2306159, 2532695, 745482, 1020639, 1625564, 584568, 1613210, 1654219, 1696862, 2128988, 988889, 1405261, 'Jaw']
[2280543, 2392652, 362157, 42650, 2291189, 2522931, 745095, 1019746, 1624284, 585485, 1599762, 1645806, 1691151, 2117986, 982698, 1402246, 'Jaw']
[2286334, 2393842, 364642, 44331, 2307262, 2533755, 744920, 1020697, 1625956, 583793, 1611200, 1648128, 1694872, 2127659, 987450, 1403075, 'Jaw']
[2280302, 2392623, 362114, 42870, 2291329, 2523256, 745116, 1019801, 1624380, 584803, 1602350, 1652382, 1691819, 2120361, 984874, 1405494, 'Jaw']
[2286365, 2393984, 364055, 44932, 2306945, 2534693, 745236, 1021103, 1625237, 584107, 1607963, 1642359, 1692624, 2125618, 985710, 1400842, 'Jaw']
[2279188, 2391632, 360923, 42364, 2291279, 2523150, 745569, 1019514, 1624523, 583847, 1604785, 1658125, 1694300, 2122342, 986388, 1408213, 'Jaw']
[2286236, 2394021, 363928, 45149, 2306362, 2534328, 745720, 1020849, 1624771, 583314, 1604272, 1635817, 1690782, 2123287, 983266, 1397994, 'Jaw']
[2279192, 2391608, 360919, 42201, 2292153, 2523077, 745185, 1019066, 1624062, 582904, 1608066, 1663360, 1696661, 2124549, 988208, 1410265, 'Jaw']
[2286817, 2394267, 365257, 45331, 2305483, 2533174, 745855, 1020873, 1625064, 582785, 1601960, 1631543, 1689482, 2121582, 981857, 1396541, 'Jaw']
[2279989, 2391835, 362198, 42348, 2293178, 2523445, 744986, 1018808, 1624843, 581912, 1611433, 1668226, 1698995, 2126971, 989483, 1412549, 'Jaw']
[2286631, 2394663, 365855, 45412, 2303225, 2532380, 745411, 1021424, 1625261, 582142, 1600396, 1628189, 1688121, 2120101, 980234, 1394730, 'Jaw']
[2280053, 2391712, 362370, 42090, 2294070, 2524321, 744203, 1018749, 1624005, 580319, 1613754, 1671228, 1700275, 2129724, 990389, 1412840, 'Jaw']
[2285784, 2394433, 365687, 44913, 2301032, 2530891, 745401, 1020599, 1624336, 580155, 1597638, 1626374, 1686952, 2118823, 978801, 1393437, 'Jaw']
[2280183, 2391626, 361825, 42004, 2295863, 2525566, 744332, 1018547, 1622788, 577510, 1614724, 1672822, 1701120, 2131896, 991084, 1413124, 'Jaw']
[2285011, 2393847, 365193, 44846, 2299736, 2530195, 745256, 1020775, 1622946, 577086, 1595280, 1624981, 1686183, 2118425, 978126, 1392917, 'Jaw']
