[2547517, 2181220, 1530826, -432159, 2373614, 2772133, 1136353, 1841220, 1885698, 1316561, 309494, 1342998, 2351920, 2236903, -521294, 1141470, 'Jaw']
[2545420, 2190366, 1494530, -432810, 2325349, 2756631, 1135822, 1831542, 1882788, 1314265, 314432, 1387635, 2424076, 2250183, -526080, 1206483, 'Jaw']
[2546975, 2181016, 1524270, -432247, 2364734, 2768153, 1135593, 1840646, 1885137, 1317266, 303082, 1336659, 2344534, 2235043, -522096, 1138053, 'Jaw']
[2544867, 2189407, 1502979, -432895, 2334972, 2761609, 1134993, 1832962, 1882649, 1312566, 320254, 1393992, 2429744, 2251554, -525660, 1208475, 'Jaw']
[2547269, 2182183, 1516149, -431510, 2354902, 2763575, 1137791, 1840415, 1885167, 1318423, 297178, 1331222, 2340488, 2233519, -522371, 1137887, 'Jaw']
[2544378, 2188348, 1511580, -432891, 2345771, 2766560, 1135064, 1834320, 1882814, 1311777, 325719, 1396785, 2432567, 2252599, -524129, 1207052, 'Jaw']
[2547117, 2183060, 1507804, -430803, 2344809, 2759400, 1138149, 1840580, 1884666, 1319215, 292062, 1329528, 2339650, 2233184, -522729, 1140467, 'Jaw']
[2544139, 2186687, 1519811, -432937, 2356403, 2770931, 1134201, 1835831, 1882954, 1310689, 329898, 1398420, 2432046, 2252780, -522589, 1203830, 'Jaw']
[2546603, 2183199, 1498845, -431545, 2334596, 2754874, 1138549, 1839282, 1884112, 1319028, 287799, 1327717, 2341719, 2233158, -522706, 1144271, 'Jaw']
[2544165, 2185167, 1527637, -433518, 2366775, 2775345, 1135085, 1837607, 1882961, 1309843, 332297, 1396551, 2428409, 2252285, -521346, 1197782, 'Jaw']
[2546589, 2184957, 1491502, -431836, 2325521, 2751358, 1138929, 1837902, 1883928, 1319491, 285723, 1330445, 2346996, 2233848, -523269, 1150448, 'Jaw']
[2544786, 2184554, 1534217, -433770, 2374885, 2778075, 1132972, 1838133, 1883952, 1310354, 333954, 1392671, 2421584, 2251221, -520993, 1189865, 'Jaw']
[2547132, 2186818, 1485610, -431925, 2317259, 2748398, 1137364, 1836565, 1883684, 1319586, 285614, 1333989, 2354832, 2234986, -525388, 1158153, 'Jaw']
[2545391, 2183784, 1539576, -433388, 2381576, 2780336, 1133747, 1839874, 1884926, 1310986, 334376, 1387276, 2412449, 2249546, -521038, 1181664, 'Jaw']
[2546576, 2188058, 1481032, -431691, 2311417, 2746446, 1137702, 1835065, 1883402, 1319367, 286743, 1339870, 2364638, 2237001, -526187, 1167051, 'Jaw']
[2544899, 2182126, 1542750, -433220, 2386224, 2781546, 1133219, 1841728, 1884809, 1311156, 331967, 1379574, 2401525, 2247929, -520383, 1172503, 'Jaw']
[2545901, 2188465, 1478720, -431964, 2308306, 2746049, 1136666, 1834797, 1882736, 1318426, 289208, 1347183, 2376528, 2239420, -525871, 1176705, 'Jaw']
[2545786, 2181556, 1543575, -432627, 2387933, 2781354, 1133135, 1842388, 1885152, 1311851, 328437, 1369329, 2389735, 2245178, -519693, 1164109, 'Jaw']
[2546046, 2189971, 1479131, -431327, 2308451, 2747093, 1137291, 1834825, 1883233, 1318036, 293936, 1355051, 2388939, 2242101, -525183, 1186061, 'Jaw']
[2546199, 2181194, 1542896, -432476, 2387590, 2780200, 1134379, 1843262, 1885493, 1313389, 324051, 1359881, 2378029, 2242800, -518637, 1156131, 'Jaw']
[2545040, 2189475, 1481344, -432912, 2310646, 2748768, 1136091, 1833770, 1882670, 1316524, 298956, 1363445, 2401109, 2244507, -525095, 1194208, 'Jaw']
[2546039, 2180097, 1539103, -433027, 2383837, 2777340, 1135060, 1843152, 1885327, 1313516, 317718, 1349626, 2366200, 2239672, -519000, 1148506, 'Jaw']
[2544897, 2189953, 1485375, -432750, 2315733, 2751554, 1136877, 1833349, 1882157, 1315010, 304663, 1371305, 2412021, 2246746, -524785, 1200475, 'Jaw']
[2546558, 2180602, 1533896, -432409, 2377577, 2774200, 1135923, 1843341, 1885355, 1315729, 312117, 1340799, 2356034, 2237651, -519235, 1141939, 'Jaw']
[2544214, 2189666, 1491591, -433151, 2322403, 2755685, 1135478, 1833431, 1881779, 1313937, 311429, 1379854, 2420966, 2249410, -525981, 1204792, 'Jaw']
[2546669, 2181226, 1527295, -431812, 2369108, 2770338, 1136680, 1842630, 1884645, 1316566, 305924, 1335878, 2347510, 2236023, -522006, 1139155, 'Jaw']
[2544781, 2190047, 1499449, -432446, 2331173, 2759907, 1136700, 1834002, 1881861, 1313059, 318584, 1388697, 2427457, 2251523, -525771, 1208023, 'Jaw']
[2546833, 2181557, 1519978, -431634, 2359581, 2766088, 1137436, 1841809, 1884483, 1317720, 300944, 1331662, 2341895, 2234673, -522218, 1138551, 'Jaw']
[2544531, 2188995, 1508451, -432534, 2341520, 2764671, 1136651, 1834693, 1882042, 1311598, 324851, 1394571, 2431560, 2252586, -524744, 1209200, 'Jaw']
[2546796, 2182212, 1511801, -431479, 2349411, 2760710, 1139229, 1840890, 1884700, 1318708, 296207, 1329050, 2339257, 2233692, -522142, 1139854, 'Jaw']
[2543912, 2186813, 1517350, -433975, 2352585, 2769226, 1136565, 1835382, 1882005, 1310034, 329858, 1397125, 2432548, 2253152, -523777, 1207278, 'Jaw']
[2547370, 2183789, 1503297, -431728, 2339213, 2756172, 1140614, 1839303, 1883913, 1318869, 291748, 1327302, 2340799, 2232809, -523239, 1145151, 'Jaw']
[2544544, 2186321, 1525206, -434047, 2362495, 2773135, 1136268, 1836406, 1883215, 1310373, 333877, 1397050, 2430103, 2252555, -522779, 1202716, 'Jaw']
[2547364, 2185204, 1495549, -431801, 2329369, 2752629, 1140490, 1838464, 1883711, 1319409, 289032, 1329783, 2344736, 2233533, -524469, 1150888, 'Jaw']
[2544736, 2185468, 1532307, -433725, 2371793, 2776670, 1137023, 1838751, 1883468, 1310144, 335829, 1396133, 2424919, 2252106, -522173, 1196749, 'Jaw']
[2547031, 2186663, 1488705, -431687, 2320889, 2749237, 1140595, 1837987, 1883334, 1319710, 287858, 1333936, 2351381, 2234902, -525095, 1158086, 'Jaw']
[2545625, 2185128, 1537907, -432690, 2379037, 2778901, 1136138, 1839948, 1883852, 1310837, 336140, 1391533, 2416897, 2251013, -521610, 1188826, 'Jaw']
[2547386, 2188708, 1483461, -430386, 2313996, 2746914, 1141327, 1837195, 1883269, 1320498, 288474, 1340106, 2360241, 2237446, -525678, 1165923, 'Jaw']
[2546242, 2184314, 1542697, -431893, 2384820, 2781126, 1136846, 1842233, 1884611, 1311839, 335457, 1387082, 2406676, 2249723, -520532, 1179262, 'Jaw']
[2547105, 2189214, 1480853, -430504, 2309847, 2746088, 1141018, 1836483, 1883260, 1319815, 290834, 1348705, 2371853, 2239842, -525972, 1175316, 'Jaw']
[2546097, 2182465, 1544527, -432110, 2387677, 2781076, 1137035, 1842876, 1884716, 1311674, 332227, 1378274, 2395412, 2247146, -520443, 1170065, 'Jaw']
[2546214, 2189486, 1479538, -431418, 2307762, 2745610, 1139749, 1835454, 1882347, 1318375, 293625, 1355677, 2383353, 2241440, -526762, 1183724, 'Jaw']
[2545888, 2181169, 1544243, -432513, 2388131, 2780045, 1137240, 1843753, 1884303, 1312212, 327327, 1368496, 2382790, 2243849, -520503, 1160720, 'Jaw']
[2545590, 2189526, 1480755, -432191, 2309525, 2747050, 1140205, 1835050, 1881888, 1316837, 297815, 1363970, 2395826, 2243688, -526589, 1192117, 'Jaw']
[2545526, 2179710, 1541287, -433351, 2385412, 2777841, 1136887, 1843800, 1884273, 1312884, 321500, 1357353, 2370844, 2240958, -520946, 1152272, 'Jaw']
[2544098, 2188933, 1483773, -433304, 2313047, 2749797, 1138912, 1833905, 1880831, 1314654, 302690, 1371335, 2407114, 2245762, -527701, 1199252, 'Jaw']
[2545608, 2179684, 1536323, -432907, 2380194, 2775198, 1137452, 1843811, 1883774, 1313506, 314584, 1348832, 2359812, 2238566, -521646, 1146672, 'Jaw']
[2544591, 2189876, 1488621, -432755, 2319069, 2753265, 1138946, 1834555, 1881324, 1313813, 309055, 1381247, 2416794, 2248417, -526972, 1204878, 'Jaw']
[2546145, 2180330, 1530238, -432038, 2373075, 2771894, 1137897, 1844145, 1884178, 1315682, 308927, 1341818, 2350464, 2236738, -521879, 1141510, 'Jaw']
[2544175, 2189535, 1495873, -432470, 2327548, 2758042, 1137851, 1835812, 1881354, 1312903, 315376, 1387493, 2424638, 2250845, -527049, 1209225, 'Jaw']
[2546908, 2181636, 1522479, -430805, 2363933, 2767267, 1138270, 1844123, 1884503, 1317138, 302813, 1334271, 2343719, 2235544, -522639, 1140878, 'Jaw']
[2544458, 2189034, 1503559, -432344, 2337038, 2762053, 1137503, 1836363, 1882206, 1312322, 321797, 1392250, 2429656, 2252772, -525709, 1209735, 'Jaw']
[2547186, 2182262, 1514231, -431146, 2353990, 2762309, 1139060, 1842853, 1884590, 1317896, 297040, 1329463, 2340083, 2234414, -523180, 1140387, 'Jaw']
[2544060, 2187818, 1511776, -433108, 2347614, 2766432, 1136130, 1837083, 1882214, 1311206, 326612, 1395950, 2432174, 2253296, -524809, 1208582, 'Jaw']
[2546429, 2182456, 1505618, -431678, 2343797, 2757890, 1138590, 1842033, 1883883, 1318706, 292042, 1327445, 2339560, 2233749, -523753, 1142602, 'Jaw']
[2543996, 2187016, 1519653, -433439, 2357861, 2770471, 1135264, 1837613, 1881989, 1310258, 330291, 1396368, 2431478, 2253091, -524404, 1205529, 'Jaw']
[2546637, 2184250, 1496477, -431539, 2332882, 2753259, 1139191, 1840979, 1883655, 1319399, 288356, 1327103, 2341438, 2233372, -525395, 1147017, 'Jaw']
[2544267, 2186170, 1527028, -432968, 2367278, 2774296, 1135701, 1839802, 1882479, 1310034, 333365, 1395892, 2426934, 2252832, -524192, 1199621, 'Jaw']
[2546377, 2185380, 1489403, -431421, 2323792, 2749892, 1139455, 1840029, 1882890, 1319541, 286715, 1330924, 2346729, 2234775, -526566, 1154110, 'Jaw']
[2544540, 2184632, 1533809, -432810, 2375563, 2777420, 1134833, 1840900, 1882847, 1309764, 334485, 1392918, 2419508, 2251566, -523777, 1192376, 'Jaw']
[2546180, 2186666, 1484194, -430779, 2316484, 2747773, 1139647, 1839000, 1882610, 1319541, 286478, 1336131, 2355295, 2236528, -527022, 1162751, 'Jaw']
[2544713, 2183512, 1539177, -432163, 2382049, 2779680, 1134977, 1842815, 1883134, 1310428, 334154, 1387133, 2410571, 2250259, -522663, 1184465, 'Jaw']
[2546299, 2187951, 1480528, -430668, 2311138, 2745870, 1140049, 1838430, 1882332, 1319145, 287965, 1342292, 2365626, 2238448, -527151, 1171780, 'Jaw']
[2545188, 2182257, 1542570, -432237, 2386379, 2780603, 1135336, 1844411, 1884489, 1311318, 332488, 1379181, 2399484, 2248326, -521745, 1174671, 'Jaw']
[2545700, 2188606, 1478515, -431599, 2308260, 2745458, 1138902, 1837364, 1881941, 1318060, 290644, 1349084, 2377528, 2240650, -528257, 1181299, 'Jaw']
[2545062, 2180952, 1543164, -433077, 2387999, 2780358, 1135314, 1845301, 1884101, 1311438, 328229, 1370079, 2387235, 2245263, -522309, 1166004, 'Jaw']
[2545133, 2189256, 1478813, -432250, 2308291, 2746352, 1138448, 1837051, 1881266, 1316951, 294348, 1357773, 2389305, 2242709, -528854, 1190269, 'Jaw']
[2545606, 2180471, 1541940, -432691, 2386911, 2779032, 1135930, 1846219, 1884343, 1312515, 323215, 1359659, 2375163, 2242312, -522268, 1157816, 'Jaw']
[2544826, 2189585, 1481275, -432411, 2310576, 2748173, 1137785, 1836679, 1881489, 1315815, 299587, 1365989, 2401266, 2245132, -528473, 1198135, 'Jaw']
[2545784, 2180071, 1538353, -432365, 2382445, 2776370, 1135372, 1846255, 1884480, 1313652, 317264, 1351098, 2363547, 2239476, -522342, 1150044, 'Jaw']
[2544501, 2189906, 1486067, -432190, 2315796, 2751292, 1137138, 1836457, 1881234, 1314514, 305397, 1375216, 2412124, 2247400, -528222, 1204042, 'Jaw']
[2545936, 2180371, 1533385, -431704, 2376062, 2772712, 1135645, 1846554, 1884596, 1315037, 311234, 1342923, 2353630, 2237582, -522415, 1144709, 'Jaw']
[2543741, 2189311, 1492814, -432629, 2322937, 2754803, 1136087, 1836566, 1881083, 1313030, 311690, 1382809, 2420860, 2249707, -527973, 1208337, 'Jaw']
[2546178, 2180653, 1526288, -431393, 2367568, 2767934, 1136974, 1845620, 1884430, 1316075, 304525, 1335575, 2345526, 2235253, -522946, 1140963, 'Jaw']
[2544292, 2189615, 1500205, -432052, 2332027, 2758746, 1135577, 1837272, 1881351, 1312300, 317912, 1389049, 2427064, 2251044, -527164, 1209716, 'Jaw']
[2546603, 2181938, 1518502, -430946, 2357978, 2763727, 1137069, 1845212, 1884508, 1317814, 299039, 1330509, 2340329, 2234193, -523639, 1139534, 'Jaw']
[2544084, 2188907, 1508334, -432332, 2342097, 2763542, 1135532, 1838616, 1881772, 1311791, 323805, 1393646, 2430490, 2252491, -526243, 1209441, 'Jaw']
[2546815, 2182948, 1509326, -430736, 2347391, 2759025, 1137648, 1844428, 1883775, 1318701, 293020, 1328102, 2338511, 2233592, -524277, 1140520, 'Jaw']
[2543826, 2187320, 1516451, -432712, 2352569, 2768188, 1134157, 1839181, 1882726, 1310784, 328270, 1397640, 2431752, 2253363, -525496, 1206020, 'Jaw']
[2545920, 2183284, 1500567, -431376, 2337021, 2754724, 1136706, 1842849, 1883120, 1318957, 288264, 1328143, 2340393, 2234632, -525960, 1144050, 'Jaw']
[2543896, 2186422, 1524490, -432156, 2363085, 2772359, 1134088, 1840878, 1882063, 1309397, 331014, 1397982, 2428228, 2252822, -524639, 1201103, 'Jaw']
[2546204, 2185111, 1493163, -430234, 2327795, 2750954, 1137797, 1842383, 1884547, 1320214, 286088, 1331128, 2343779, 2234787, -525503, 1149262, 'Jaw']
[2544008, 2185111, 1532072, -432383, 2372772, 2776329, 1133320, 1842682, 1883104, 1310110, 333229, 1396530, 2422177, 2252510, -523304, 1194581, 'Jaw']
[2546299, 2186306, 1486953, -430200, 2320092, 2748050, 1138981, 1841842, 1883634, 1319687, 285012, 1335242, 2350180, 2235930, -526000, 1157653, 'Jaw']
[2544272, 2184088, 1537507, -432228, 2380051, 2778363, 1134047, 1844538, 1884701, 1309864, 333237, 1391233, 2414161, 2251448, -522142, 1185935, 'Jaw']
[2545841, 2187577, 1481715, -430984, 2313230, 2745376, 1137917, 1840204, 1884425, 1318822, 285369, 1340643, 2359857, 2237557, -527345, 1165251, 'Jaw']
[2544905, 2183369, 1541787, -431795, 2385325, 2779928, 1133864, 1846227, 1885957, 1310620, 331918, 1385471, 2403171, 2248206, -522456, 1176137, 'Jaw']
[2545816, 2189404, 1479069, -430449, 2309208, 2744621, 1138132, 1840004, 1884656, 1318662, 287801, 1349248, 2370989, 2238681, -527745, 1174271, 'Jaw']
[2544968, 2182492, 1543365, -432017, 2387781, 2780508, 1133136, 1847054, 1886436, 1311503, 328975, 1378254, 2392064, 2245895, -522097, 1166467, 'Jaw']
[2545456, 2190289, 1478804, -430744, 2308043, 2745783, 1136962, 1839210, 1884394, 1317862, 291367, 1359156, 2383665, 2240423, -528724, 1183620, 'Jaw']
[2545679, 2181985, 1542659, -431538, 2387658, 2779359, 1133820, 1847481, 1886903, 1312565, 324732, 1370485, 2379721, 2243033, -521804, 1158069, 'Jaw']
[2544859, 2190511, 1479765, -431142, 2309400, 2746887, 1136425, 1838671, 1884039, 1317130, 296018, 1367664, 2395697, 2242563, -527892, 1191265, 'Jaw']
[2545253, 2180845, 1539738, -431303, 2384889, 2777107, 1134177, 1847437, 1886514, 1313238, 318556, 1359630, 2368405, 2240247, -521360, 1150236, 'Jaw']
[2544209, 2190020, 1483074, -431340, 2313443, 2749122, 1135377, 1838009, 1884066, 1315047, 301846, 1375936, 2407473, 2243922, -527311, 1198553, 'Jaw']
[2545773, 2180965, 1534758, -430942, 2379267, 2773388, 1133970, 1847617, 1886553, 1314369, 312348, 1350985, 2357711, 2235951, -521460, 1143350, 'Jaw']
[2543681, 2189894, 1489246, -431558, 2320149, 2752900, 1136058, 1838657, 1884125, 1313686, 307906, 1384143, 2417248, 2245682, -526693, 1202867, 'Jaw']
[2545536, 2180691, 1528903, -430931, 2372170, 2770076, 1135327, 1848565, 1886387, 1315329, 305899, 1342764, 2349019, 2233544, -521605, 1139280, 'Jaw']
[2542803, 2189022, 1495933, -431949, 2328652, 2756939, 1134710, 1839111, 1883971, 1312304, 313939, 1390243, 2424477, 2245851, -526152, 1205994, 'Jaw']
[2545049, 2180676, 1521394, -430921, 2363536, 2766358, 1135729, 1848031, 1886717, 1316066, 299510, 1336344, 2342274, 2231112, -522074, 1137049, 'Jaw']
[2542590, 2188229, 1503858, -432730, 2338427, 2762044, 1133683, 1840306, 1883971, 1310566, 319401, 1396272, 2430881, 2247149, -525329, 1207847, 'Jaw']
[2545143, 2181537, 1512818, -431218, 2352847, 2761323, 1136502, 1847059, 1886711, 1316859, 293579, 1332402, 2338718, 2228501, -522827, 1137817, 'Jaw']
[2542564, 2187456, 1512534, -432978, 2348487, 2766311, 1133391, 1840970, 1885163, 1309657, 324600, 1399667, 2431933, 2246430, -524830, 1205805, 'Jaw']
[2545305, 2182779, 1504111, -431070, 2341653, 2756070, 1135965, 1845112, 1886747, 1317384, 288828, 1330952, 2338395, 2227567, -524563, 1140430, 'Jaw']
[2542689, 2186261, 1520962, -433296, 2358480, 2770279, 1132600, 1841782, 1885998, 1309179, 329191, 1400480, 2430104, 2246244, -524312, 1201388, 'Jaw']
[2545407, 2184166, 1496269, -430533, 2331447, 2751964, 1136828, 1844308, 1886964, 1317724, 286049, 1331073, 2341436, 2227975, -525377, 1145537, 'Jaw']
[2542382, 2184963, 1527968, -432778, 2367977, 2773827, 1132425, 1843142, 1886426, 1308452, 331373, 1398210, 2425522, 2246062, -523560, 1194898, 'Jaw']
[2545247, 2185636, 1489030, -430390, 2322872, 2748559, 1136880, 1843574, 1886149, 1318407, 283171, 1334342, 2347454, 2228539, -526273, 1151703, 'Jaw']
[2543174, 2184232, 1534897, -432317, 2376394, 2777137, 1132241, 1845177, 1887650, 1309072, 332366, 1395306, 2418807, 2244417, -522705, 1187827, 'Jaw']
[2544952, 2186800, 1483715, -430707, 2315456, 2746356, 1136751, 1841982, 1886005, 1317968, 283714, 1339250, 2355272, 2229155, -526864, 1160188, 'Jaw']
[2543190, 2182984, 1539601, -432894, 2382538, 2779428, 1132369, 1846250, 1887526, 1309205, 331502, 1389230, 2408285, 2242883, -521894, 1178803, 'Jaw']
[2544248, 2187510, 1479656, -431164, 2310218, 2745358, 1135908, 1840937, 1886098, 1317482, 284689, 1346228, 2366288, 2231239, -527409, 1169518, 'Jaw']
[2543591, 2181678, 1541800, -432585, 2385825, 2779946, 1132149, 1846955, 1888332, 1308733, 328328, 1380971, 2397354, 2240417, -521646, 1169831, 'Jaw']
[2543840, 2188143, 1478037, -431621, 2307453, 2744879, 1135317, 1840065, 1885613, 1316474, 287832, 1353804, 2377979, 2232783, -526988, 1178319, 'Jaw']
[2544039, 2180917, 1542528, -432009, 2387104, 2779230, 1131970, 1847287, 1887975, 1310066, 324888, 1372928, 2385791, 2237815, -520636, 1161066, 'Jaw']
[2543637, 2188873, 1478885, -431699, 2308051, 2745652, 1135534, 1839530, 1885417, 1314949, 291816, 1363464, 2390097, 2234035, -526703, 1186467, 'Jaw']
[2544464, 2180460, 1541436, -431748, 2386054, 2777808, 1132777, 1848583, 1888866, 1310971, 320210, 1364504, 2373218, 2234564, -519794, 1152452, 'Jaw']
[2543260, 2189559, 1481383, -431945, 2310670, 2747242, 1134833, 1838683, 1886113, 1314734, 297459, 1372437, 2402322, 2237752, -526116, 1193941, 'Jaw']
[2544632, 2180235, 1537142, -431936, 2381271, 2774576, 1132800, 1848539, 1890107, 1311816, 313308, 1355533, 2362515, 2232799, -520366, 1144407, 'Jaw']
[2543005, 2189517, 1486557, -432023, 2316347, 2750715, 1133952, 1839558, 1885610, 1312883, 303465, 1380605, 2413072, 2239774, -526099, 1199393, 'Jaw']
[2544735, 2179960, 1532051, -431460, 2375073, 2771651, 1132514, 1849013, 1888629, 1312355, 307675, 1345311, 2352124, 2230898, -520992, 1139856, 'Jaw']
[2542820, 2189136, 1492802, -432173, 2324093, 2754952, 1134377, 1840253, 1886199, 1311424, 309650, 1386190, 2421832, 2241818, -525766, 1204082, 'Jaw']
[2544454, 2179812, 1524814, -431704, 2366925, 2767916, 1134690, 1848720, 1889654, 1314510, 300741, 1337794, 2345031, 2229183, -521357, 1136674, 'Jaw']
[2542612, 2188678, 1500123, -432454, 2333337, 2759506, 1133210, 1840690, 1886906, 1309012, 314584, 1392036, 2428706, 2242952, -525570, 1206488, 'Jaw']
[2545935, 2181666, 1517191, -430102, 2357068, 2763524, 1134361, 1848423, 1890178, 1315727, 295378, 1332520, 2339727, 2227504, -521786, 1136469, 'Jaw']
[2542897, 2187952, 1509234, -431859, 2343692, 2764592, 1132628, 1841429, 1887298, 1308609, 321734, 1396770, 2431439, 2244016, -524236, 1206024, 'Jaw']
[2545702, 2182172, 1508239, -430629, 2346564, 2758915, 1135048, 1847267, 1889893, 1315201, 289290, 1330056, 2338626, 2226911, -522708, 1138025, 'Jaw']
[2543427, 2187399, 1517689, -432758, 2354390, 2769072, 1132180, 1842759, 1888264, 1307283, 326065, 1398997, 2431920, 2245253, -523204, 1203194, 'Jaw']
[2546239, 2183580, 1500966, -430292, 2336460, 2754643, 1135536, 1846491, 1890552, 1316004, 286070, 1329179, 2340336, 2228348, -523181, 1142172, 'Jaw']
[2543541, 2185984, 1525630, -432811, 2364264, 2772765, 1131271, 1844807, 1890559, 1306811, 329326, 1397588, 2429708, 2245697, -522435, 1197844, 'Jaw']
[2546170, 2184927, 1493039, -430007, 2326738, 2750311, 1135048, 1845867, 1890045, 1317568, 282816, 1330455, 2345408, 2228731, -524508, 1147498, 'Jaw']
[2544149, 2184874, 1533272, -431891, 2373416, 2776131, 1131153, 1845655, 1888639, 1306725, 331472, 1395471, 2423211, 2244191, -521837, 1190902, 'Jaw']
[2545863, 2186240, 1486222, -430955, 2318681, 2747122, 1134861, 1844246, 1890757, 1315935, 282624, 1336171, 2352765, 2228497, -524847, 1155613, 'Jaw']
[2543111, 2182398, 1537991, -432611, 2380906, 2778586, 1131334, 1846990, 1889296, 1305991, 330509, 1391817, 2414926, 2243559, -520543, 1182557, 'Jaw']
[2543767, 2185556, 1480674, -432513, 2312651, 2745098, 1135338, 1843426, 1890299, 1313754, 281212, 1341581, 2362786, 2231169, -524580, 1164954, 'Jaw']
[2543301, 2181023, 1541322, -432101, 2385645, 2779796, 1131003, 1848292, 1888120, 1306769, 327528, 1384390, 2403418, 2242572, -519166, 1173770, 'Jaw']
[2544161, 2186827, 1478547, -431178, 2309031, 2744583, 1135597, 1842418, 1887804, 1316008, 284648, 1349412, 2373976, 2233745, -524702, 1174152, 'Jaw']
[2543532, 2179738, 1543302, -433695, 2387938, 2780198, 1131965, 1848831, 1889666, 1306414, 325508, 1375358, 2391723, 2241214, -519406, 1164540, 'Jaw']
[2544732, 2188825, 1479217, -430522, 2308235, 2745795, 1136284, 1842190, 1886971, 1313348, 288212, 1359192, 2386331, 2235823, -526266, 1184300, 'Jaw']
[2545607, 2180562, 1543422, -431623, 2387681, 2779632, 1133567, 1850339, 1890069, 1310859, 322376, 1368554, 2380054, 2238989, -519476, 1156963, 'Jaw']
[2543696, 2188593, 1481184, -431753, 2309993, 2747293, 1136860, 1841325, 1889332, 1315777, 295780, 1368750, 2399238, 2240901, -526209, 1192412, 'Jaw']
[2545388, 2180290, 1540457, -431450, 2384290, 2776493, 1134234, 1849938, 1890282, 1310325, 315971, 1360138, 2369355, 2237699, -520745, 1149731, 'Jaw']
[2544842, 2189989, 1485202, -431972, 2314160, 2749262, 1137353, 1840461, 1887078, 1313834, 301782, 1378853, 2410621, 2243601, -526406, 1199291, 'Jaw']
[2547527, 2180131, 1536163, -430897, 2379077, 2773443, 1136764, 1850369, 1891875, 1312478, 312260, 1352465, 2357942, 2236173, -520210, 1143556, 'Jaw']
[2543616, 2189156, 1490910, -432230, 2321181, 2752672, 1137448, 1841034, 1888441, 1311899, 308246, 1386766, 2420523, 2245545, -525844, 1205063, 'Jaw']
[2544526, 2178294, 1528287, -432403, 2371087, 2768630, 1136961, 1850083, 1890760, 1313176, 303166, 1342599, 2349386, 2235424, -521622, 1139248, 'Jaw']
[2544043, 2188746, 1497828, -431096, 2329684, 2756819, 1136801, 1841718, 1887948, 1310300, 312579, 1391406, 2427812, 2247269, -525817, 1207778, 'Jaw']
[2548393, 2182253, 1521656, -429333, 2362253, 2765114, 1138805, 1850732, 1890543, 1317264, 298891, 1337613, 2343033, 2233351, -521470, 1138395, 'Jaw']
[2542924, 2186986, 1505721, -434001, 2339158, 2761750, 1136117, 1842628, 1890015, 1310684, 319301, 1397831, 2432394, 2250670, -524854, 1208542, 'Jaw']
[2545353, 2181347, 1512935, -431007, 2351196, 2760456, 1137781, 1849488, 1889624, 1314642, 291249, 1331293, 2340331, 2234935, -523731, 1138914, 'Jaw']
[2543798, 2185955, 1515595, -433216, 2350135, 2767060, 1135529, 1844137, 1886986, 1306785, 324261, 1401432, 2434127, 2251407, -525144, 1208324, 'Jaw']
[2547620, 2182869, 1505317, -430057, 2341016, 2756135, 1139708, 1849398, 1890628, 1317751, 287537, 1329759, 2340881, 2234986, -523957, 1144001, 'Jaw']
[2542806, 2185080, 1523181, -433028, 2359712, 2770593, 1134620, 1845057, 1890624, 1307816, 328610, 1401034, 2432670, 2253301, -523619, 1204358, 'Jaw']
[2545325, 2183672, 1495666, -433309, 2329558, 2750491, 1137573, 1846463, 1891489, 1316382, 281873, 1331728, 2343539, 2233377, -526422, 1148569, 'Jaw']
[2543495, 2184608, 1530705, -432772, 2369306, 2774044, 1135072, 1846538, 1889094, 1305359, 329746, 1398341, 2427246, 2253347, -523752, 1197385, 'Jaw']
[2547271, 2185652, 1490238, -429755, 2321902, 2747793, 1139453, 1846612, 1889466, 1316595, 282757, 1335883, 2350938, 2234802, -526104, 1156277, 'Jaw']
[2545859, 2184009, 1537481, -432136, 2377432, 2776354, 1134438, 1847668, 1888861, 1306932, 332305, 1395842, 2419820, 2251324, -522093, 1190060, 'Jaw']
[2545891, 2185488, 1484898, -430265, 2314901, 2745173, 1138944, 1845382, 1890430, 1315687, 282302, 1340957, 2358834, 2237160, -526376, 1164472, 'Jaw']
[2545675, 2181050, 1541864, -433655, 2383636, 2778732, 1135612, 1849789, 1888249, 1302240, 329587, 1387840, 2409762, 2250829, -521552, 1181526, 'Jaw']
[2546113, 2187997, 1481704, -429731, 2310521, 2744751, 1139755, 1845268, 1889576, 1317615, 283587, 1346906, 2370610, 2240758, -526323, 1174058, 'Jaw']
[2543818, 2180832, 1543926, -432118, 2386861, 2779421, 1134194, 1851080, 1889395, 1304150, 325239, 1379695, 2398343, 2247833, -521600, 1172021, 'Jaw']
[2545405, 2187252, 1479743, -431584, 2307595, 2743885, 1138094, 1843718, 1888712, 1309946, 286363, 1353307, 2382538, 2241245, -528190, 1183216, 'Jaw']
[2546143, 2179817, 1544369, -433031, 2387715, 2778530, 1134846, 1852136, 1890256, 1307088, 322052, 1369741, 2386916, 2246877, -522330, 1162872, 'Jaw']
[2545131, 2188215, 1480526, -432611, 2308438, 2745161, 1137546, 1844232, 1886658, 1309133, 290048, 1361727, 2395398, 2244950, -529303, 1191305, 'Jaw']
[2546495, 2180473, 1542443, -433144, 2385424, 2776351, 1134964, 1852584, 1888786, 1303243, 317256, 1361217, 2375071, 2244871, -522515, 1154908, 'Jaw']
[2545949, 2188601, 1483606, -433474, 2311501, 2747184, 1136749, 1844000, 1889035, 1311806, 297021, 1372258, 2407074, 2248587, -528936, 1198411, 'Jaw']
[2547941, 2179978, 1538473, -431668, 2380883, 2773614, 1135391, 1853480, 1889624, 1306945, 311253, 1351802, 2363604, 2242707, -523134, 1147690, 'Jaw']
[2545702, 2190108, 1488653, -431570, 2317192, 2750051, 1136563, 1844300, 1888996, 1302653, 303200, 1382566, 2418355, 2248464, -528857, 1204583, 'Jaw']
[2547749, 2180690, 1532576, -430913, 2374004, 2769788, 1136260, 1853903, 1888792, 1305205, 305218, 1346694, 2354321, 2240567, -523325, 1142827, 'Jaw']
[2545707, 2189551, 1495254, -431932, 2325234, 2753843, 1137169, 1844893, 1888661, 1303657, 309589, 1390608, 2427180, 2252667, -527579, 1208034, 'Jaw']
[2546809, 2180572, 1525571, -430589, 2365703, 2765946, 1137266, 1854004, 1889379, 1307924, 297772, 1339907, 2347377, 2240212, -523570, 1139981, 'Jaw']
[2546034, 2189130, 1503951, -431516, 2335755, 2759834, 1137061, 1846847, 1886535, 1301856, 316432, 1396413, 2433347, 2253012, -526307, 1210588, 'Jaw']
[2548387, 2181524, 1516900, -430768, 2355853, 2761319, 1138366, 1853188, 1891001, 1309789, 292706, 1332426, 2343938, 2239814, -523751, 1140500, 'Jaw']
[2543231, 2186227, 1510231, -434434, 2344565, 2762675, 1134889, 1845598, 1885673, 1299363, 320512, 1398858, 2435731, 2254102, -527405, 1208368, 'Jaw']
[2547332, 2181064, 1507517, -432552, 2345104, 2756176, 1138004, 1851931, 1891615, 1305043, 285625, 1329947, 2342233, 2239040, -526148, 1140711, 'Jaw']
[2543484, 2185482, 1519520, -433322, 2355882, 2767780, 1135001, 1846552, 1886058, 1297040, 325075, 1401561, 2435700, 2254015, -526979, 1205473, 'Jaw']
[2549096, 2183054, 1499212, -430535, 2334921, 2752630, 1138635, 1851247, 1890059, 1306703, 283219, 1331516, 2344621, 2238079, -527118, 1146095, 'Jaw']
[2546294, 2186130, 1527278, -431980, 2365705, 2772234, 1135071, 1849010, 1887112, 1302046, 329244, 1399859, 2432574, 2255415, -525847, 1200697, 'Jaw']
[2548030, 2183731, 1491935, -432711, 2325490, 2748988, 1139202, 1849622, 1891172, 1306495, 281260, 1333797, 2349703, 2239722, -527584, 1152546, 'Jaw']
[2547362, 2185086, 1534948, -431677, 2374495, 2775489, 1134837, 1849603, 1887703, 1298397, 330381, 1397355, 2426629, 2254809, -525298, 1193778, 'Jaw']
[2546405, 2185197, 1486231, -430491, 2317043, 2745407, 1138989, 1848261, 1890962, 1306518, 281583, 1338607, 2357455, 2240633, -528492, 1161178, 'Jaw']
[2547107, 2183619, 1540330, -430529, 2381278, 2777411, 1135103, 1851164, 1887101, 1299598, 329633, 1390550, 2416647, 2252628, -524049, 1185028, 'Jaw']
[2546981, 2186704, 1482314, -430833, 2311825, 2743798, 1138627, 1846797, 1889383, 1304772, 282353, 1344722, 2367829, 2241813, -528227, 1169526, 'Jaw']
[2545047, 2180072, 1543107, -434323, 2385955, 2778591, 1134285, 1852088, 1890060, 1298923, 326703, 1382311, 2406183, 2251810, -523071, 1175794, 'Jaw']
[2547208, 2188115, 1479449, -432151, 2308528, 2743321, 1138949, 1846256, 1889418, 1304886, 283492, 1348830, 2379711, 2243329, -529045, 1178553, 'Jaw']
[2547035, 2179359, 1543859, -432564, 2387796, 2778534, 1134767, 1853148, 1889096, 1294731, 323322, 1374645, 2393978, 2248763, -522957, 1166496, 'Jaw']
[2545242, 2187154, 1479489, -432125, 2307909, 2744210, 1137886, 1845884, 1887849, 1303398, 287774, 1358258, 2392238, 2245326, -529645, 1188254, 'Jaw']
[2546817, 2178904, 1542928, -434162, 2386791, 2777438, 1134166, 1853954, 1889847, 1297965, 318623, 1363442, 2381623, 2247290, -524116, 1158511, 'Jaw']
[2545847, 2188718, 1481148, -432684, 2309668, 2745886, 1135944, 1844779, 1888057, 1304157, 292538, 1367253, 2404304, 2247957, -530725, 1196854, 'Jaw']
[2548306, 2179690, 1539516, -431538, 2383111, 2774586, 1134654, 1854397, 1890567, 1301618, 312865, 1354725, 2370506, 2244598, -524320, 1151490, 'Jaw']
[2547115, 2189321, 1486175, -431275, 2314572, 2748552, 1136799, 1846077, 1889615, 1301910, 300103, 1375751, 2415338, 2250604, -529434, 1202826, 'Jaw']
[2547941, 2179788, 1535033, -431476, 2376955, 2771299, 1135139, 1854709, 1890500, 1298247, 308525, 1348896, 2360159, 2242620, -523993, 1146016, 'Jaw']
[2545474, 2188493, 1491850, -432498, 2321291, 2752087, 1135793, 1845591, 1888380, 1297612, 305336, 1384878, 2425763, 2252764, -529494, 1207631, 'Jaw']
[2548321, 2179170, 1527939, -431280, 2368903, 2767286, 1135378, 1854413, 1890205, 1300435, 300187, 1340174, 2352649, 2240431, -524532, 1142508, 'Jaw']
[2545930, 2188199, 1499376, -432272, 2330527, 2756855, 1135204, 1846430, 1888370, 1297759, 311575, 1390401, 2433949, 2252808, -528703, 1210528, 'Jaw']
[2549643, 2180889, 1520684, -430479, 2359806, 2762782, 1136978, 1854615, 1892861, 1300953, 293751, 1333827, 2346970, 2238818, -524705, 1140943, 'Jaw']
[2545298, 2186853, 1507707, -433835, 2340671, 2760877, 1133961, 1846903, 1887224, 1295779, 319189, 1396267, 2437065, 2254849, -527373, 1210468, 'Jaw']
[2548258, 2180400, 1511311, -431174, 2349416, 2758102, 1136236, 1852876, 1890910, 1302946, 287506, 1329687, 2344350, 2236863, -526792, 1142343, 'Jaw']
[2545701, 2186136, 1515851, -433686, 2351285, 2766057, 1133422, 1848073, 1886553, 1294643, 322132, 1397493, 2437994, 2253639, -527372, 1208944, 'Jaw']
[2548523, 2181242, 1502216, -431447, 2338846, 2753170, 1136278, 1852143, 1892145, 1302166, 284002, 1328207, 2345906, 2237312, -527291, 1145588, 'Jaw']
[2546307, 2185469, 1524412, -432649, 2361375, 2769947, 1132568, 1848947, 1888259, 1295216, 326281, 1398465, 2436217, 2253765, -527080, 1204854, 'Jaw']
[2548407, 2183226, 1494324, -430704, 2328473, 2748998, 1136456, 1850703, 1892135, 1302484, 280910, 1330632, 2349996, 2235572, -528565, 1152348, 'Jaw']
[2546531, 2184138, 1531624, -432221, 2370266, 2773227, 1132105, 1850283, 1887864, 1292814, 329491, 1396500, 2431566, 2253165, -525848, 1198500, 'Jaw']
[2548334, 2184830, 1488566, -429952, 2320194, 2745979, 1136722, 1850199, 1892900, 1303026, 280007, 1333725, 2356450, 2237139, -528572, 1159679, 'Jaw']
[2546978, 2182909, 1537694, -431904, 2378122, 2775745, 1132815, 1851828, 1889148, 1293347, 329919, 1392585, 2424344, 2252214, -524786, 1191437, 'Jaw']
[2547496, 2185372, 1482680, -431713, 2313303, 2743181, 1136156, 1849004, 1893048, 1303754, 279721, 1338097, 2365752, 2237898, -529182, 1167664, 'Jaw']
[2546462, 2180839, 1541216, -432814, 2383430, 2776617, 1132516, 1853653, 1888126, 1293810, 327214, 1385154, 2414282, 2248168, -524986, 1181726, 'Jaw']
[2547544, 2185813, 1479962, -432498, 2309012, 2742169, 1136430, 1849041, 1890312, 1303021, 283155, 1344639, 2376549, 2239480, -529908, 1177013, 'Jaw']
[2547190, 2179733, 1543329, -431980, 2386740, 2777429, 1132063, 1855304, 1889889, 1291744, 326063, 1377015, 2401053, 2245512, -524390, 1172744, 'Jaw']
[2545861, 2186241, 1477370, -432210, 2306832, 2741987, 1135275, 1848269, 1889744, 1299052, 285252, 1353798, 2389396, 2238437, -531455, 1186294, 'Jaw']
[2547059, 2178376, 1542655, -432473, 2387050, 2776964, 1132287, 1856579, 1890852, 1294037, 320420, 1366768, 2389211, 2243594, -525370, 1164000, 'Jaw']
[2546113, 2187195, 1479051, -431544, 2308075, 2744208, 1134826, 1848116, 1889918, 1298799, 291087, 1361953, 2402458, 2241648, -531718, 1195709, 'Jaw']
[2549160, 2178852, 1540818, -430971, 2384737, 2774928, 1133257, 1857408, 1892139, 1294623, 317413, 1358794, 2377598, 2240239, -524547, 1156614, 'Jaw']
[2545678, 2187027, 1482650, -431798, 2311936, 2745866, 1134911, 1847783, 1890289, 1296740, 297957, 1371919, 2414377, 2242971, -530725, 1202449, 'Jaw']
[2548886, 2177954, 1536077, -431947, 2379649, 2771258, 1132762, 1856723, 1891792, 1295673, 309771, 1348549, 2366618, 2237195, -524973, 1149286, 'Jaw']
[2546002, 2187093, 1487813, -433190, 2318063, 2748838, 1133530, 1847034, 1888462, 1295512, 303589, 1379564, 2424614, 2243852, -531097, 1208251, 'Jaw']
[2549734, 2178359, 1530052, -432070, 2372539, 2767305, 1133030, 1856859, 1897504, 1295855, 303775, 1340287, 2358886, 2235436, -525393, 1144662, 'Jaw']
[2547277, 2187871, 1496132, -432464, 2326609, 2753120, 1132196, 1848123, 1888806, 1294120, 311429, 1387969, 2433159, 2245699, -529666, 1211600, 'Jaw']
[2549779, 2178950, 1523662, -431303, 2363686, 2763268, 1132927, 1856257, 1892285, 1298973, 299549, 1335602, 2350917, 2233145, -525547, 1143212, 'Jaw']
[2547575, 2187143, 1503835, -432227, 2335983, 2757460, 1131628, 1848513, 1889261, 1293206, 318337, 1394889, 2437212, 2246491, -528995, 1213053, 'Jaw']
[2550561, 2179961, 1514251, -431256, 2353122, 2758132, 1132916, 1855974, 1892588, 1301132, 293946, 1332033, 2346369, 2231008, -526703, 1142370, 'Jaw']
[2547799, 2185567, 1511323, -433692, 2345980, 2761825, 1130370, 1849644, 1889734, 1291482, 322755, 1397876, 2440648, 2247287, -529520, 1211433, 'Jaw']
[2550280, 2179903, 1505339, -431980, 2342336, 2753608, 1132473, 1855067, 1891911, 1299115, 288593, 1329566, 2345418, 2229258, -528696, 1145325, 'Jaw']
[2546529, 2183215, 1519162, -434983, 2355767, 2765976, 1129074, 1850337, 1890083, 1290029, 325583, 1397941, 2439682, 2245544, -529798, 1207742, 'Jaw']
[2551196, 2181841, 1498005, -432199, 2332355, 2749161, 1133803, 1853568, 1889886, 1300430, 285041, 1329255, 2347937, 2228831, -529459, 1149936, 'Jaw']
[2548455, 2183214, 1528536, -434050, 2366416, 2770204, 1129761, 1852110, 1888122, 1290303, 330920, 1398905, 2435245, 2245467, -527831, 1202263, 'Jaw']
[2550871, 2182963, 1491190, -431960, 2323495, 2745650, 1134264, 1852955, 1890864, 1299105, 283088, 1334143, 2353887, 2227159, -529862, 1156635, 'Jaw']
[2548570, 2181703, 1535613, -434283, 2375221, 2773530, 1129237, 1853454, 1889087, 1290915, 331541, 1395822, 2428550, 2243942, -526920, 1194811, 'Jaw']
[2549836, 2184143, 1485189, -432187, 2315728, 2742953, 1132971, 1851471, 1890442, 1299615, 281479, 1338314, 2363014, 2228081, -531010, 1164991, 'Jaw']
[2550055, 2181034, 1540397, -433338, 2381341, 2775734, 1129537, 1855182, 1889235, 1289989, 331233, 1390213, 2418651, 2241916, -526127, 1186320, 'Jaw']
[2550448, 2185708, 1481233, -431930, 2310733, 2742318, 1134217, 1851093, 1888778, 1299564, 285332, 1345746, 2373625, 2231449, -530636, 1174284, 'Jaw']
[2549935, 2180004, 1543068, -433056, 2385783, 2777043, 1129429, 1856497, 1888522, 1292643, 328948, 1383425, 2408138, 2239832, -525763, 1178030, 'Jaw']
[2549431, 2186236, 1478922, -432331, 2307885, 2741858, 1133714, 1850669, 1889450, 1297092, 286813, 1353071, 2384934, 2231623, -531573, 1183784, 'Jaw']
[2549827, 2178475, 1544206, -433976, 2387722, 2777197, 1129476, 1857029, 1888624, 1291342, 325166, 1373044, 2395606, 2237340, -525559, 1168948, 'Jaw']
[2549232, 2186852, 1478912, -433095, 2307825, 2742240, 1133286, 1849359, 1889593, 1296817, 290843, 1360424, 2397960, 2234089, -531877, 1193408, 'Jaw']
[2549992, 2177763, 1542136, -434128, 2386010, 2774603, 1129657, 1857326, 1888070, 1292583, 319346, 1362378, 2382846, 2234351, -525711, 1159551, 'Jaw']
[2548905, 2186751, 1482158, -433697, 2310502, 2744367, 1132109, 1848747, 1886725, 1294986, 295784, 1368557, 2409468, 2235058, -532163, 1200418, 'Jaw']
[2550690, 2177301, 1539203, -434008, 2382218, 2772288, 1129911, 1857738, 1889607, 1294383, 314273, 1353905, 2371905, 2232018, -525401, 1153173, 'Jaw']
[2548240, 2186796, 1486510, -434210, 2315442, 2746613, 1131302, 1848371, 1886723, 1293395, 301749, 1377798, 2420759, 2237287, -531145, 1206300, 'Jaw']
[2551670, 2177969, 1533899, -433449, 2375944, 2768473, 1130596, 1857594, 1888543, 1294621, 307429, 1346226, 2361578, 2229151, -524761, 1146929, 'Jaw']
[2549167, 2187418, 1493329, -434108, 2323070, 2750877, 1130090, 1849027, 1886439, 1293496, 309498, 1386419, 2429764, 2239675, -529262, 1210189, 'Jaw']
[2551503, 2178193, 1526492, -432691, 2367731, 2764723, 1131794, 1857649, 1890179, 1297075, 301802, 1338631, 2353703, 2228512, -524554, 1143189, 'Jaw']
[2548670, 2186485, 1500952, -433826, 2332033, 2755486, 1130106, 1848871, 1885385, 1292427, 315591, 1392896, 2436501, 2241199, -528531, 1212699, 'Jaw']
[2552276, 2179243, 1519157, -432158, 2358165, 2760767, 1132203, 1856719, 1889666, 1297233, 296510, 1334294, 2348607, 2226020, -525203, 1143068, 'Jaw']
[2549032, 2185838, 1508819, -433835, 2342245, 2760205, 1130126, 1850053, 1885486, 1291858, 321707, 1397108, 2440263, 2242216, -527166, 1212625, 'Jaw']
[2552263, 2179871, 1510083, -432469, 2347458, 2755536, 1133281, 1856237, 1889406, 1298461, 291136, 1329408, 2346225, 2225273, -525923, 1143400, 'Jaw']
[2549079, 2184756, 1517207, -434309, 2352444, 2764132, 1130111, 1850387, 1884386, 1290594, 326538, 1397254, 2440580, 2242688, -527329, 1208414, 'Jaw']
[2552038, 2180872, 1501565, -432809, 2336864, 2750636, 1133135, 1853889, 1888577, 1299228, 287281, 1327842, 2347421, 2224699, -528245, 1145974, 'Jaw']
[2549243, 2183495, 1525217, -434728, 2362540, 2768167, 1131100, 1850700, 1884198, 1290354, 330124, 1397208, 2437993, 2242404, -527710, 1202883, 'Jaw']
[2551921, 2182199, 1494106, -432820, 2327132, 2746953, 1134941, 1852345, 1887073, 1299475, 284545, 1329973, 2351987, 2225215, -529374, 1151589, 'Jaw']
[2549742, 2182090, 1533019, -434940, 2371775, 2771751, 1130443, 1851337, 1883486, 1289965, 331698, 1395495, 2432118, 2241232, -526975, 1195580, 'Jaw']
