[1090292, 2522584, -1751373, -565347, 286233, 768021, 298062, -440356, 1054255, 939537, -1478776, -46586, 840477, 920423, -1066647, -3162978, 'Jaw']
[1070242, 2501985, -1738428, -558445, 330131, 778957, 295078, -446382, 1079277, 962741, -1459342, -218723, 807467, 880440, -1170505, -3260594, 'Jaw']
[1084987, 2517314, -1753325, -551498, 292229, 773128, 293603, -444332, 1050895, 936741, -1479335, -48584, 845273, 922602, -1061729, -3163994, 'Jaw']
[1073619, 2505393, -1737970, -572800, 323840, 772184, 297428, -444237, 1080113, 963168, -1460730, -213192, 801746, 877846, -1174247, -3254251, 'Jaw']
[1080770, 2513085, -1752996, -537774, 299968, 778368, 291424, -447144, 1049677, 935742, -1478148, -56187, 849361, 923579, -1061065, -3168122, 'Jaw']
[1077851, 2509650, -1737726, -585456, 316317, 766564, 299535, -440713, 1081425, 963815, -1461748, -202032, 799138, 877921, -1173248, -3245280, 'Jaw']
[1076431, 2508661, -1753387, -526097, 307359, 783745, 289081, -450572, 1049364, 935339, -1477184, -70026, 851949, 922449, -1064100, -3175620, 'Jaw']
[1082731, 2514494, -1738196, -596569, 308648, 761771, 301538, -437131, 1081895, 963931, -1463043, -186938, 798564, 879691, -1168330, -3234867, 'Jaw']
[1072215, 2504312, -1753151, -516309, 315094, 788607, 285480, -452844, 1050425, 936425, -1474989, -88293, 852390, 920792, -1070942, -3185846, 'Jaw']
[1087290, 2518860, -1739540, -604831, 300074, 757175, 302672, -434723, 1080191, 962293, -1465349, -166550, 798686, 882740, -1159691, -3221089, 'Jaw']
[1068857, 2500647, -1751956, -509560, 322319, 791959, 283911, -454711, 1053223, 939092, -1471984, -109675, 850575, 916459, -1081342, -3197686, 'Jaw']
[1090879, 2522396, -1741339, -609545, 292299, 753983, 302664, -433302, 1077845, 959611, -1468126, -143985, 801139, 887067, -1147859, -3206705, 'Jaw']
[1065801, 2497598, -1750202, -506494, 328825, 794211, 283005, -455967, 1056415, 942109, -1469286, -132266, 847046, 911929, -1093984, -3209373, 'Jaw']
[1093662, 2525406, -1742618, -611045, 286783, 752186, 304216, -431850, 1075071, 957404, -1470144, -121013, 805909, 892616, -1133483, -3192461, 'Jaw']
[1062261, 2494116, -1748925, -507593, 333860, 794722, 281654, -457104, 1059858, 945233, -1467124, -155675, 842444, 906298, -1107867, -3221693, 'Jaw']
[1094564, 2526390, -1745382, -608822, 282068, 751660, 302605, -432597, 1069387, 952023, -1474725, -98095, 810793, 898092, -1118283, -3177710, 'Jaw']
[1061367, 2493012, -1746576, -511841, 337556, 794306, 282698, -456540, 1064525, 949397, -1464541, -176952, 836000, 900167, -1122886, -3231758, 'Jaw']
[1095535, 2527233, -1747283, -602804, 280063, 753624, 301567, -432476, 1065988, 948740, -1476370, -78817, 817870, 904061, -1102878, -3166346, 'Jaw']
[1061648, 2493020, -1744855, -519601, 339037, 792743, 283069, -454536, 1068630, 952824, -1462707, -195560, 829258, 893791, -1137451, -3240497, 'Jaw']
[1094253, 2525833, -1750049, -593379, 279582, 756989, 298784, -434725, 1061610, 945053, -1478440, -62796, 825391, 909949, -1088877, -3157051, 'Jaw']
[1063369, 2494588, -1742874, -530531, 338099, 789240, 286069, -452771, 1072618, 956242, -1461292, -209042, 821738, 888142, -1150868, -3245518, 'Jaw']
[1092117, 2524086, -1752140, -582028, 281057, 761545, 295824, -437160, 1058092, 941941, -1479394, -52322, 832596, 915272, -1077041, -3151301, 'Jaw']
[1065682, 2497567, -1741066, -543178, 334811, 785169, 287393, -450429, 1075995, 959770, -1460653, -217531, 814106, 883788, -1162251, -3247983, 'Jaw']
[1089530, 2522108, -1752763, -567974, 284329, 766964, 293046, -440429, 1054424, 939711, -1479942, -46864, 838844, 919832, -1068030, -3148329, 'Jaw']
[1068498, 2500681, -1739599, -556530, 329576, 779718, 290030, -448099, 1079349, 962816, -1459870, -219049, 807981, 880676, -1169696, -3246515, 'Jaw']
[1085299, 2517972, -1753780, -554216, 290090, 771983, 289769, -445103, 1051965, 937357, -1479856, -47438, 844447, 922248, -1062447, -3148655, 'Jaw']
[1071833, 2503925, -1739077, -571271, 323832, 773655, 291807, -445362, 1080974, 963388, -1460736, -214967, 802730, 877928, -1173792, -3241152, 'Jaw']
[1080094, 2512706, -1754825, -540882, 297196, 778052, 286425, -448292, 1049497, 934902, -1479860, -54394, 848719, 922563, -1060881, -3151921, 'Jaw']
[1076888, 2508854, -1738388, -584352, 317434, 768751, 295382, -440954, 1081852, 963576, -1461903, -204509, 799175, 877106, -1173639, -3231758, 'Jaw']
[1075846, 2508157, -1754571, -528503, 305706, 784117, 284044, -450867, 1050645, 935710, -1477018, -67949, 852411, 922497, -1063007, -3159870, 'Jaw']
[1080769, 2512565, -1739488, -595943, 309207, 763262, 297252, -438756, 1081062, 962044, -1464255, -189620, 797584, 877880, -1169298, -3220931, 'Jaw']
[1071772, 2504126, -1753900, -518744, 313143, 788880, 281740, -453022, 1050946, 935635, -1475643, -85468, 852491, 919531, -1069634, -3169009, 'Jaw']
[1085428, 2517382, -1739528, -604455, 301446, 759518, 299589, -434707, 1080904, 961527, -1465151, -170486, 798669, 881180, -1161157, -3208276, 'Jaw']
[1067310, 2499693, -1752761, -511380, 320034, 793006, 280635, -455527, 1052545, 936942, -1473224, -106104, 850845, 916381, -1079224, -3180401, 'Jaw']
[1088577, 2520752, -1741167, -610030, 293703, 755778, 300709, -434563, 1078197, 958593, -1467807, -147932, 800519, 885026, -1150157, -3193411, 'Jaw']
[1065069, 2497491, -1749994, -507970, 327353, 794994, 280182, -456692, 1056180, 939913, -1469591, -128949, 847439, 911532, -1091884, -3191829, 'Jaw']
[1092254, 2524520, -1741814, -611785, 288023, 753817, 300705, -433099, 1075972, 956336, -1469272, -125095, 804666, 890884, -1136259, -3179080, 'Jaw']
[1062310, 2494686, -1748152, -507276, 332464, 796548, 279247, -456885, 1060362, 943650, -1466461, -152588, 843026, 906760, -1105773, -3204657, 'Jaw']
[1092838, 2525218, -1744978, -609063, 281872, 753409, 299823, -433341, 1070999, 951613, -1473173, -102012, 809681, 896608, -1120984, -3164855, 'Jaw']
[1060958, 2493112, -1746568, -510684, 335041, 795485, 279328, -457259, 1063664, 946600, -1465102, -173549, 835940, 899634, -1120842, -3214128, 'Jaw']
[1093795, 2526057, -1746834, -603595, 278793, 754631, 298269, -433200, 1067330, 948292, -1475163, -81969, 816245, 902216, -1106151, -3152781, 'Jaw']
[1060839, 2492990, -1743902, -518037, 337263, 794159, 281619, -454654, 1068610, 950952, -1462354, -192944, 829781, 893838, -1135546, -3223490, 'Jaw']
[1092763, 2525273, -1748823, -595026, 278682, 757276, 296855, -434890, 1062745, 944244, -1477617, -65823, 823915, 908019, -1091656, -3143501, 'Jaw']
[1060950, 2493143, -1742369, -528580, 336903, 790586, 282107, -453444, 1072225, 953844, -1461311, -207594, 822388, 887861, -1149111, -3229587, 'Jaw']
[1090908, 2523455, -1750428, -583710, 280163, 761173, 293798, -437142, 1059122, 940811, -1478567, -53840, 831340, 913233, -1079228, -3136405, 'Jaw']
[1062937, 2495161, -1740608, -541146, 333957, 786055, 283511, -450996, 1076011, 957112, -1460166, -216574, 815325, 883089, -1160624, -3232198, 'Jaw']
[1087204, 2519989, -1752706, -570643, 282455, 766066, 290391, -440728, 1054518, 936937, -1480288, -47303, 837277, 917572, -1069534, -3132277, 'Jaw']
[1066351, 2498707, -1739310, -554827, 329133, 780584, 286320, -448914, 1078688, 959276, -1460310, -218986, 807856, 879216, -1168987, -3229805, 'Jaw']
[1084360, 2517431, -1752875, -556226, 287758, 771354, 287937, -443928, 1053056, 936189, -1479189, -47387, 843114, 920504, -1063472, -3132266, 'Jaw']
[1070896, 2503436, -1737789, -567977, 323538, 774888, 288973, -444770, 1081590, 962215, -1459876, -215780, 802454, 877398, -1173031, -3225759, 'Jaw']
[1080186, 2513282, -1753429, -541924, 294476, 777184, 284542, -447259, 1051321, 935152, -1478572, -53189, 847322, 922063, -1060670, -3135853, 'Jaw']
[1075466, 2508032, -1737199, -581071, 316844, 769483, 292093, -440492, 1083063, 963375, -1460424, -206488, 798689, 876925, -1173560, -3217877, 'Jaw']
[1075798, 2508879, -1753275, -529203, 302580, 782489, 282228, -450127, 1051416, 935047, -1476661, -65189, 850797, 922456, -1062498, -3142663, 'Jaw']
[1079345, 2512066, -1737688, -592659, 309695, 763775, 293841, -439108, 1083031, 962922, -1462224, -192105, 797087, 877957, -1170221, -3207708, 'Jaw']
[1071003, 2504252, -1752651, -518235, 310823, 787883, 279597, -452795, 1051476, 935217, -1475246, -82050, 851337, 920367, -1068345, -3152178, 'Jaw']
[1082787, 2515643, -1738779, -601569, 301600, 759522, 295557, -437010, 1081602, 961034, -1464702, -172955, 796561, 880367, -1162443, -3194703, 'Jaw']
[1066559, 2499787, -1751711, -510982, 317866, 791396, 277101, -456569, 1053166, 936365, -1473047, -102048, 849787, 916464, -1077438, -3162682, 'Jaw']
[1086292, 2519318, -1740068, -608243, 293668, 754742, 295911, -436851, 1079118, 958300, -1467377, -150779, 798535, 883651, -1151908, -3179839, 'Jaw']
[1063433, 2496748, -1749794, -507280, 324775, 793196, 276232, -457456, 1056001, 939109, -1470080, -124214, 846837, 911537, -1089690, -3174126, 'Jaw']
[1090224, 2523441, -1740451, -610847, 287990, 752844, 298712, -434119, 1076672, 955636, -1469066, -127183, 802620, 889276, -1138403, -3164949, 'Jaw']
[1061644, 2495043, -1746890, -507171, 330910, 794687, 276623, -458833, 1060408, 942635, -1466431, -147340, 842937, 906803, -1102985, -3186267, 'Jaw']
[1092319, 2525631, -1742338, -610437, 282554, 751881, 296420, -435080, 1073438, 952879, -1470903, -104583, 808521, 895160, -1123740, -3151723, 'Jaw']
[1060884, 2494190, -1744545, -510638, 334764, 794638, 276329, -459066, 1064666, 946766, -1463599, -169192, 836916, 900804, -1118404, -3197682, 'Jaw']
[1093212, 2526751, -1744622, -604975, 279746, 753494, 295931, -435459, 1069680, 949572, -1473009, -83324, 815017, 901743, -1108334, -3139229, 'Jaw']
[1060342, 2493675, -1742880, -517086, 337247, 793329, 276500, -457744, 1068861, 951098, -1461496, -187836, 829919, 894916, -1132951, -3206348, 'Jaw']
[1092223, 2525785, -1747647, -597085, 278436, 755617, 292749, -436670, 1064901, 945307, -1475609, -65735, 821835, 907349, -1094187, -3129052, 'Jaw']
[1060301, 2493539, -1741885, -527596, 336796, 789725, 277302, -455570, 1072478, 954012, -1460501, -203079, 821988, 888973, -1147356, -3212829, 'Jaw']
[1089692, 2523275, -1750144, -586478, 279341, 758627, 291197, -439106, 1059853, 941195, -1478277, -52895, 827928, 912409, -1081416, -3120961, 'Jaw']
[1061788, 2495076, -1739921, -539926, 334974, 784948, 280795, -452257, 1075886, 956728, -1459699, -212589, 814043, 883705, -1158797, -3214892, 'Jaw']
[1086703, 2520488, -1751107, -573769, 282949, 763546, 287907, -440511, 1056598, 938528, -1478550, -45716, 834915, 917206, -1070793, -3116700, 'Jaw']
[1063519, 2496745, -1738847, -553945, 330673, 779711, 283037, -450352, 1078786, 959080, -1459564, -217131, 807171, 880065, -1167334, -3214966, 'Jaw']
[1082256, 2516184, -1752296, -560259, 287636, 768671, 285329, -443817, 1052901, 935321, -1479696, -45170, 840261, 919792, -1063792, -3116301, 'Jaw']
[1066058, 2499350, -1737865, -567698, 324625, 774095, 284926, -447167, 1080794, 961005, -1460021, -215192, 801575, 877347, -1172155, -3211198, 'Jaw']
[1077410, 2511335, -1752805, -546413, 293742, 774002, 282503, -447019, 1051017, 933361, -1479291, -50183, 845267, 921257, -1060705, -3118663, 'Jaw']
[1070187, 2503413, -1737218, -581447, 317763, 768033, 288029, -443222, 1082269, 961394, -1460970, -206981, 797697, 876307, -1173287, -3203522, 'Jaw']
[1072255, 2505870, -1752965, -533716, 301132, 779311, 279464, -450657, 1050283, 932844, -1477833, -61686, 848801, 921404, -1061747, -3125453, 'Jaw']
[1073482, 2506501, -1737751, -593152, 310316, 762401, 290726, -440824, 1082136, 961041, -1462940, -193785, 795889, 876876, -1170658, -3193838, 'Jaw']
[1066701, 2500292, -1752769, -522267, 309344, 784802, 277446, -452818, 1050628, 933095, -1476362, -78335, 849870, 919778, -1066793, -3134556, 'Jaw']
[1076943, 2510231, -1738753, -602726, 302453, 757788, 292925, -437752, 1080076, 958745, -1465871, -176105, 795182, 879031, -1163662, -3181188, 'Jaw']
[1061741, 2495459, -1752040, -514306, 317084, 788623, 275146, -455231, 1051698, 934394, -1474570, -99239, 848917, 916496, -1075626, -3146145, 'Jaw']
[1079553, 2512995, -1740430, -608971, 294746, 753788, 292866, -436414, 1077876, 956757, -1468868, -155351, 796490, 882772, -1153729, -3167509, 'Jaw']
[1057686, 2491307, -1751122, -509007, 323180, 791038, 272558, -457905, 1053548, 935694, -1473102, -121357, 845394, 911642, -1087703, -3156857, 'Jaw']
[1083643, 2517156, -1741309, -611708, 288576, 751576, 294145, -434133, 1075814, 954446, -1470737, -132844, 799947, 887458, -1141649, -3153140, 'Jaw']
[1055412, 2489052, -1748762, -506930, 329889, 793637, 274208, -457778, 1057838, 940185, -1469638, -145732, 841725, 907057, -1101257, -3170711, 'Jaw']
[1085683, 2519395, -1743524, -610115, 283301, 751543, 294764, -432719, 1071966, 951432, -1473562, -110361, 805041, 893999, -1126400, -3139994, 'Jaw']
[1053317, 2487206, -1747414, -508816, 333582, 794210, 272719, -458421, 1061473, 944184, -1467401, -167980, 835131, 901356, -1116407, -3182139, 'Jaw']
[1086905, 2520682, -1745732, -605128, 279645, 752511, 293447, -434551, 1067921, 947830, -1475906, -88924, 810715, 899771, -1112026, -3127247, 'Jaw']
[1054206, 2487769, -1744531, -514582, 336320, 793037, 274399, -457284, 1066584, 948163, -1463898, -187651, 828948, 895198, -1131898, -3191678, 'Jaw']
[1087759, 2521427, -1747530, -597322, 278397, 754402, 291824, -436355, 1064228, 944520, -1476927, -70749, 818541, 905406, -1097805, -3116592, 'Jaw']
[1056032, 2489379, -1742354, -524054, 337009, 789830, 275702, -456010, 1071260, 952410, -1461171, -203588, 822263, 888977, -1146267, -3198574, 'Jaw']
[1086359, 2520206, -1749831, -586619, 279380, 757903, 289588, -438448, 1060327, 941314, -1477844, -57344, 826310, 911051, -1084619, -3109086, 'Jaw']
[1057168, 2490792, -1741296, -535804, 335198, 785363, 277661, -454265, 1074036, 955426, -1460702, -213411, 814286, 883974, -1158073, -3201082, 'Jaw']
[1084353, 2518564, -1750891, -574183, 282222, 762153, 287652, -441379, 1056566, 938678, -1478817, -48424, 832919, 915805, -1073917, -3103200, 'Jaw']
[1061092, 2495005, -1738750, -549014, 331993, 781186, 281908, -450058, 1078506, 959755, -1458785, -218419, 807717, 880711, -1167216, -3201661, 'Jaw']
[1080851, 2515532, -1752769, -559607, 286925, 768637, 284877, -443371, 1053200, 936481, -1478903, -45372, 838588, 919996, -1065658, -3101568, 'Jaw']
[1065949, 2500187, -1737641, -562517, 326742, 776291, 284830, -446336, 1080561, 962146, -1458638, -215594, 801326, 878022, -1172851, -3196381, 'Jaw']
[1078671, 2513539, -1752569, -545845, 293689, 775105, 282615, -446458, 1052814, 937291, -1476241, -49435, 844604, 922311, -1062261, -3104023, 'Jaw']
[1070743, 2505239, -1736942, -576179, 320404, 771476, 288765, -442929, 1083268, 964778, -1457699, -208935, 798021, 877642, -1174818, -3190900, 'Jaw']
[1074764, 2509814, -1753141, -532657, 300538, 781235, 279915, -449303, 1051732, 937283, -1474839, -58961, 847651, 923043, -1062581, -3109675, 'Jaw']
[1076013, 2510518, -1737444, -588395, 312810, 766101, 290419, -440296, 1083698, 965288, -1458942, -195382, 795422, 878337, -1172878, -3180723, 'Jaw']
[1070523, 2505512, -1752964, -521392, 308606, 786676, 277241, -452697, 1052070, 937720, -1472936, -73916, 849268, 922013, -1067150, -3117927, 'Jaw']
[1080114, 2514507, -1737744, -598943, 304984, 761091, 291772, -437804, 1083426, 964620, -1460554, -177914, 794561, 880349, -1166836, -3168350, 'Jaw']
[1066741, 2501525, -1751201, -513610, 317058, 790484, 275949, -455026, 1053862, 938924, -1470446, -93571, 848836, 918748, -1075401, -3128330, 'Jaw']
[1084304, 2518600, -1738562, -606582, 298286, 756500, 293556, -436448, 1081351, 962063, -1463010, -157444, 795952, 883181, -1157579, -3154781, 'Jaw']
[1062557, 2496995, -1750276, -508113, 324784, 793530, 273546, -457587, 1056335, 941263, -1467605, -115933, 846786, 914093, -1086862, -3140416, 'Jaw']
[1087332, 2521474, -1740376, -610256, 291212, 753844, 293974, -435573, 1078284, 958956, -1465726, -134213, 799271, 886905, -1145526, -3139458, 'Jaw']
[1059973, 2494244, -1748584, -506106, 330507, 795592, 274045, -458189, 1059558, 943658, -1465142, -138495, 842616, 908096, -1100537, -3151642, 'Jaw']
[1089917, 2524077, -1742106, -609956, 286009, 753142, 295739, -433582, 1075426, 956424, -1467745, -110961, 804377, 892638, -1131051, -3124994, 'Jaw']
[1058534, 2492630, -1746568, -507823, 334916, 796446, 273596, -458367, 1063922, 948014, -1462266, -160929, 837365, 902819, -1114918, -3162876, 'Jaw']
[1091087, 2525526, -1744468, -605936, 281891, 754580, 293783, -433886, 1071643, 953297, -1470392, -89232, 810765, 899673, -1115778, -3111779, 'Jaw']
[1058230, 2492725, -1744284, -512934, 337678, 796018, 274698, -456771, 1068034, 952320, -1460059, -180777, 830448, 897363, -1129949, -3172239, 'Jaw']
[1091301, 2526054, -1746471, -598215, 280161, 756324, 291901, -434748, 1067720, 950760, -1472026, -70494, 817784, 906038, -1100532, -3101195, 'Jaw']
[1058779, 2493268, -1742059, -521575, 338697, 792718, 275677, -455573, 1072521, 956596, -1457956, -197749, 823066, 891766, -1143734, -3180061, 'Jaw']
[1090168, 2524992, -1748349, -588291, 280620, 759331, 289833, -437451, 1063192, 946447, -1474226, -55935, 824558, 911859, -1086830, -3092534, 'Jaw']
[1060042, 2494640, -1740538, -533331, 337061, 788225, 276904, -453585, 1076440, 960137, -1456567, -209545, 815275, 886404, -1156028, -3184361, 'Jaw']
[1088081, 2522817, -1750380, -576652, 282744, 762749, 286283, -439858, 1059143, 942791, -1475353, -46742, 831108, 916076, -1075883, -3087148, 'Jaw']
[1063708, 2497543, -1738726, -547211, 334194, 782923, 279672, -451020, 1080397, 962751, -1455527, -215897, 808762, 881867, -1166091, -3185432, 'Jaw']
[1084954, 2519125, -1751514, -563673, 287525, 767955, 283656, -442936, 1057205, 940919, -1475020, -44220, 838075, 919827, -1067347, -3086087, 'Jaw']
[1065722, 2499518, -1738741, -562081, 328073, 777063, 280254, -448754, 1082189, 964371, -1456395, -216229, 802362, 878421, -1172279, -3182595, 'Jaw']
[1080247, 2514705, -1752630, -550265, 293211, 773341, 281121, -446137, 1054431, 938990, -1475635, -47373, 842360, 921459, -1062828, -3087010, 'Jaw']
[1070339, 2504478, -1737119, -575822, 322325, 771495, 284632, -444537, 1083804, 965813, -1457084, -209980, 797078, 876900, -1174472, -3175781, 'Jaw']
[1075781, 2510615, -1752639, -536494, 300487, 780089, 277465, -448907, 1053372, 938822, -1474520, -56477, 845959, 922379, -1061943, -3092451, 'Jaw']
[1074997, 2509669, -1736196, -588018, 315443, 767095, 288331, -440411, 1084852, 968381, -1458175, -198334, 794352, 877621, -1173070, -3167374, 'Jaw']
[1071549, 2506147, -1751847, -524364, 308479, 785603, 275607, -452644, 1053986, 940086, -1472685, -71635, 848441, 921917, -1065787, -3101782, 'Jaw']
[1079176, 2513602, -1736585, -598130, 307051, 762237, 289405, -438777, 1085003, 966899, -1459611, -181703, 793670, 879632, -1167898, -3155738, 'Jaw']
[1067513, 2501837, -1750453, -515452, 316391, 790508, 273714, -455116, 1056827, 942192, -1469649, -90364, 848753, 920159, -1073402, -3111729, 'Jaw']
[1082456, 2517111, -1738100, -606481, 299540, 758224, 290563, -436904, 1083510, 967160, -1462404, -161678, 794912, 883933, -1159094, -3141971, 'Jaw']
[1062082, 2497199, -1750095, -509827, 323019, 793667, 271109, -457869, 1058114, 944667, -1468104, -112436, 846935, 916462, -1084647, -3123315, 'Jaw']
[1085548, 2519554, -1739375, -611030, 292605, 754655, 291861, -435486, 1082548, 965970, -1465060, -138977, 798283, 888016, -1147815, -3127568, 'Jaw']
[1059816, 2493554, -1747710, -508610, 329931, 795021, 270846, -457447, 1064598, 951564, -1466422, -135614, 842948, 912180, -1098148, -3135274, 'Jaw']
[1089772, 2522658, -1740104, -612302, 286970, 752844, 292746, -433255, 1082859, 968650, -1466103, -116404, 803213, 895543, -1133756, -3113568, 'Jaw']
[1058997, 2492798, -1744313, -508306, 335272, 795791, 272204, -456169, 1070073, 956566, -1461221, -158150, 837957, 906112, -1111978, -3146740, 'Jaw']
[1089548, 2523488, -1742547, -608574, 283063, 752879, 292024, -433183, 1081724, 962445, -1469838, -94270, 810074, 899436, -1117960, -3100226, 'Jaw']
[1057952, 2490040, -1743391, -514925, 337712, 794294, 272902, -455718, 1072974, 953873, -1460431, -179947, 832454, 899054, -1127299, -3157085, 'Jaw']
[1090375, 2522856, -1745486, -603310, 280557, 753641, 290114, -434344, 1076967, 953777, -1473042, -76287, 816741, 903731, -1103349, -3088617, 'Jaw']
[1058366, 2490126, -1741177, -524002, 338999, 791101, 274209, -453781, 1080125, 958218, -1457962, -197880, 824717, 891652, -1141602, -3164813, 'Jaw']
[1089916, 2522555, -1747126, -593593, 280505, 757123, 288394, -436092, 1071373, 948272, -1474109, -61677, 824295, 906346, -1089099, -3079472, 'Jaw']
[1059437, 2492049, -1739484, -534059, 337293, 787556, 276278, -452656, 1082948, 953649, -1457567, -210420, 818187, 882790, -1154432, -3169075, 'Jaw']
[1088067, 2520688, -1749007, -581121, 281955, 760129, 286191, -437637, 1066590, 935477, -1475480, -50133, 831771, 905580, -1077741, -3072843, 'Jaw']
[1062321, 2494962, -1736899, -547081, 335102, 781922, 279048, -448769, 1085931, 953089, -1455054, -217055, 811621, 877776, -1164774, -3169932, 'Jaw']
[1085411, 2516977, -1750261, -568024, 286615, 765144, 284202, -440639, 1062861, 930274, -1475758, -46590, 838978, 906968, -1068906, -3070741, 'Jaw']
[1067029, 2499267, -1735296, -561461, 330668, 776459, 282900, -444606, 1089606, 949523, -1454727, -218697, 806129, 872725, -1171372, -3168245, 'Jaw']
[1081236, 2514052, -1750395, -553990, 293034, 770896, 281869, -442357, 1058493, 922332, -1475109, -48961, 845353, 905501, -1063263, -3073240, 'Jaw']
[1068991, 2501645, -1735500, -575915, 324775, 770922, 285046, -441369, 1088276, 946310, -1457185, -214122, 802139, 868705, -1174193, -3163945, 'Jaw']
[1076037, 2509212, -1750525, -540644, 300359, 776812, 279245, -444794, 1057170, 917250, -1475493, -58372, 850440, 908633, -1061626, -3078788, 'Jaw']
[1074992, 2507169, -1734420, -587987, 317332, 765099, 287497, -438053, 1086718, 941875, -1459290, -203890, 799131, 867426, -1173100, -3155895, 'Jaw']
[1072037, 2504993, -1750249, -528522, 307395, 781728, 276360, -448169, 1055116, 915211, -1472661, -71449, 852533, 905348, -1064244, -3086592, 'Jaw']
[1078523, 2510246, -1735765, -598670, 309052, 759378, 290070, -436224, 1085781, 941353, -1461295, -188016, 798573, 864757, -1168727, -3144763, 'Jaw']
[1065743, 2499012, -1750380, -519494, 314501, 785521, 274160, -451824, 1055539, 909234, -1472312, -89998, 853312, 897574, -1071788, -3096715, 'Jaw']
[1080895, 2513348, -1737652, -608160, 300613, 754401, 290053, -435314, 1081705, 935638, -1464905, -168684, 798514, 861696, -1161200, -3131810, 'Jaw']
[1064656, 2496479, -1748698, -513375, 321429, 789225, 272048, -454537, 1054485, 912300, -1469700, -111666, 850712, 894949, -1082486, -3108254, 'Jaw']
[1085219, 2517727, -1738218, -612373, 293075, 751382, 291177, -433472, 1079324, 930725, -1465140, -145695, 800643, 862682, -1149389, -3116892, 'Jaw']
[1061242, 2494287, -1746717, -509158, 328415, 791643, 272394, -454249, 1058357, 917987, -1467258, -134166, 846367, 887378, -1094833, -3119943, 'Jaw']
[1086381, 2520908, -1739995, -613550, 287297, 749885, 292622, -431554, 1075001, 928444, -1468377, -122679, 804062, 866143, -1135109, -3102615, 'Jaw']
[1057505, 2491773, -1745347, -510248, 332732, 792267, 271168, -454906, 1059810, 914031, -1465557, -156708, 840794, 885032, -1108926, -3131474, 'Jaw']
[1088520, 2522490, -1741479, -611332, 282381, 749878, 291691, -431628, 1070371, 923714, -1470766, -99981, 809612, 870697, -1120528, -3089078, 'Jaw']
[1056286, 2489829, -1743484, -514808, 335903, 791916, 272761, -454902, 1062050, 915584, -1463272, -177717, 834989, 879547, -1124156, -3141639, 'Jaw']
[1089599, 2523383, -1743597, -604571, 279602, 751629, 291635, -432578, 1065977, 919143, -1474128, -79792, 817645, 874977, -1105261, -3076389, 'Jaw']
[1056636, 2490985, -1740240, -522579, 337293, 790149, 274446, -453436, 1068832, 923401, -1459451, -195321, 827573, 874926, -1138667, -3149530, 'Jaw']
[1087550, 2521307, -1746617, -596893, 277986, 754442, 288192, -434377, 1060448, 914718, -1475967, -64757, 823949, 882625, -1091623, -3067983, 'Jaw']
[1057442, 2490848, -1739649, -533546, 335257, 786512, 276239, -451771, 1069570, 920213, -1459630, -209879, 819539, 870381, -1152473, -3154900, 'Jaw']
[1086412, 2521025, -1748466, -584966, 279917, 757921, 286899, -436504, 1056880, 909422, -1477420, -53505, 831604, 885410, -1079500, -3060552, 'Jaw']
[1059558, 2493842, -1737811, -545666, 333792, 780965, 276876, -450107, 1073466, 928976, -1458486, -217740, 812926, 865382, -1163279, -3156845, 'Jaw']
[1082959, 2517133, -1750638, -571468, 283123, 762522, 282477, -440832, 1052664, 906270, -1477840, -48262, 837844, 887285, -1070536, -3057819, 'Jaw']
[1062782, 2497632, -1736193, -559404, 328636, 776047, 280306, -446340, 1076098, 930321, -1458393, -220077, 806413, 861972, -1170761, -3154967, 'Jaw']
[1079235, 2513674, -1751023, -556748, 288713, 768815, 280673, -442794, 1050410, 902058, -1478415, -48836, 844301, 891419, -1063873, -3058059, 'Jaw']
[1067040, 2502057, -1736024, -573298, 322294, 770325, 282497, -442544, 1077069, 929884, -1459951, -216393, 801823, 858644, -1174453, -3150184, 'Jaw']
[1076276, 2510957, -1750715, -542756, 295875, 774613, 279206, -445152, 1047067, 902808, -1476792, -55740, 848207, 893614, -1061757, -3061916, 'Jaw']
[1069377, 2505036, -1735749, -586619, 315540, 764672, 285693, -440270, 1080068, 930747, -1459869, -205108, 798301, 857207, -1173619, -3141112, 'Jaw']
[1070320, 2504850, -1751909, -531419, 303173, 779421, 274815, -448518, 1045018, 902829, -1477271, -69319, 850087, 893680, -1064211, -3069302, 'Jaw']
[1075402, 2509887, -1736013, -598089, 307860, 759630, 287754, -436236, 1077213, 928428, -1463050, -191896, 796092, 857563, -1170131, -3131447, 'Jaw']
[1065937, 2500897, -1750314, -520779, 311116, 784774, 272474, -451262, 1045555, 902156, -1473600, -86844, 851077, 890476, -1070098, -3079658, 'Jaw']
[1080632, 2514523, -1736201, -606279, 299927, 755643, 289613, -434031, 1077185, 928295, -1463882, -171781, 797326, 857769, -1161796, -3118323, 'Jaw']
[1062588, 2497447, -1748871, -513717, 319054, 788664, 271584, -453080, 1046565, 900884, -1469820, -107080, 850645, 888578, -1079485, -3090679, 'Jaw']
[1081907, 2516864, -1739227, -613021, 291918, 751739, 289537, -433876, 1073203, 925059, -1467675, -150172, 800658, 860351, -1150922, -3104534, 'Jaw']
[1058771, 2493925, -1747761, -509990, 324546, 790979, 269860, -455941, 1050491, 905482, -1468946, -130162, 847114, 885360, -1092286, -3102732, 'Jaw']
[1086150, 2521080, -1740058, -613844, 285251, 749854, 289994, -432346, 1067689, 919599, -1470180, -125829, 803557, 861989, -1137706, -3088914, 'Jaw']
[1057664, 2492602, -1744630, -509845, 330133, 792236, 269786, -455974, 1053801, 906313, -1464717, -152081, 841769, 881980, -1106408, -3113799, 'Jaw']
[1087499, 2522307, -1741594, -612144, 280732, 749403, 290239, -432366, 1065719, 916269, -1470957, -102880, 809492, 865859, -1122645, -3075379, 'Jaw']
[1054509, 2489481, -1743803, -514257, 333785, 791929, 270228, -456319, 1055239, 910114, -1465261, -174064, 835383, 877075, -1121661, -3124454, 'Jaw']
[1087552, 2522994, -1744473, -606873, 277737, 750667, 288107, -433737, 1060980, 914037, -1474093, -83275, 815594, 870110, -1108231, -3063239, 'Jaw']
[1054623, 2490025, -1742213, -521300, 335612, 789634, 270845, -456108, 1060723, 912561, -1462652, -192902, 828717, 870359, -1137109, -3133587, 'Jaw']
[1087740, 2522486, -1745696, -598548, 277268, 753194, 286529, -435716, 1056415, 904220, -1476483, -66259, 822448, 873089, -1094367, -3053698, 'Jaw']
[1056790, 2491588, -1738876, -530991, 336013, 786474, 272630, -454053, 1064114, 917371, -1459455, -207142, 820982, 865843, -1150228, -3139646, 'Jaw']
[1086382, 2521230, -1747653, -586337, 279122, 756980, 284937, -438547, 1051686, 903855, -1477044, -54327, 830713, 877289, -1081211, -3046965, 'Jaw']
[1056731, 2491684, -1739143, -543700, 332560, 782078, 274314, -454019, 1066818, 918316, -1460421, -216501, 813819, 861261, -1161210, -3142380, 'Jaw']
[1080982, 2516644, -1751379, -573763, 280855, 761778, 281235, -441906, 1047416, 898155, -1480255, -48805, 836701, 882988, -1072034, -3043602, 'Jaw']
[1061549, 2496642, -1737830, -556847, 327919, 778026, 277362, -448688, 1069810, 925101, -1461410, -220757, 808650, 857837, -1170622, -3142075, 'Jaw']
[1077801, 2514387, -1752303, -559185, 285379, 768148, 278363, -445494, 1044399, 894260, -1479443, -47874, 843357, 886851, -1065208, -3043502, 'Jaw']
[1065638, 2500628, -1736457, -570648, 321433, 772226, 280170, -446195, 1069320, 924211, -1460377, -216092, 802266, 855088, -1175223, -3136421, 'Jaw']
[1074616, 2511462, -1751399, -545549, 292919, 773981, 275716, -447821, 1042543, 898086, -1477141, -53821, 847487, 889789, -1063252, -3046582, 'Jaw']
[1067688, 2504229, -1736063, -583549, 314961, 766607, 282295, -443243, 1072986, 924330, -1461283, -206800, 798342, 854104, -1175901, -3128864, 'Jaw']
[1070753, 2506392, -1751787, -532687, 299886, 779873, 272227, -450835, 1039261, 895064, -1476466, -65018, 849326, 889683, -1064935, -3052636, 'Jaw']
[1072648, 2509205, -1735391, -595686, 307317, 762319, 285745, -439772, 1073260, 927529, -1461705, -192647, 797540, 853681, -1172923, -3118021, 'Jaw']
[1067004, 2502988, -1750456, -522172, 307812, 786449, 271232, -453379, 1040763, 894594, -1474230, -82657, 851680, 891398, -1070563, -3063032, 'Jaw']
[1077408, 2514067, -1736137, -604915, 299111, 758397, 287018, -438464, 1069873, 926707, -1463397, -173527, 796347, 855646, -1165488, -3105448, 'Jaw']
[1062937, 2498856, -1748704, -514798, 316397, 791646, 269482, -455874, 1044415, 896906, -1469526, -101664, 849906, 890858, -1079613, -3073570, 'Jaw']
[1080900, 2517243, -1739502, -611348, 291786, 754941, 286973, -437532, 1067908, 926020, -1467909, -152495, 799392, 858387, -1155707, -3092033, 'Jaw']
[1060122, 2495706, -1748035, -510773, 322785, 794129, 268055, -457725, 1047678, 900977, -1468827, -124163, 846282, 885886, -1092246, -3085234, 'Jaw']
[1086192, 2521485, -1738956, -613690, 285834, 753576, 288937, -434585, 1068050, 920263, -1468177, -129039, 798753, 861634, -1142353, -3077253, 'Jaw']
[1057049, 2493592, -1746556, -509491, 328829, 796305, 267276, -457270, 1049231, 903085, -1465186, -147385, 839299, 883754, -1105560, -3097873, 'Jaw']
[1086786, 2522941, -1742556, -612337, 281004, 752970, 288979, -433415, 1062160, 918231, -1471372, -106058, 804077, 867240, -1127150, -3063452, 'Jaw']
[1055358, 2490771, -1744695, -512796, 332328, 796072, 267943, -457047, 1053174, 908765, -1463763, -170180, 833035, 878812, -1120383, -3109425, 'Jaw']
[1088462, 2523796, -1744686, -607856, 276941, 754134, 286818, -434449, 1056744, 915955, -1474088, -85997, 808132, 872725, -1111896, -3051268, 'Jaw']
[1053814, 2490109, -1742855, -520057, 333408, 794467, 268405, -455581, 1057484, 912183, -1462245, -189551, 825122, 875076, -1135107, -3118162, 'Jaw']
[1086879, 2522856, -1746691, -599877, 275349, 756700, 284554, -435338, 1050701, 909393, -1477453, -68945, 814769, 876381, -1097209, -3041520, 'Jaw']
[1055245, 2490627, -1739870, -529375, 333003, 791552, 269345, -454023, 1059655, 913902, -1461084, -205384, 816687, 868238, -1148629, -3125329, 'Jaw']
[1083933, 2520591, -1748764, -589168, 276015, 760012, 282460, -437819, 1046636, 904065, -1477384, -56289, 817909, 881225, -1083555, -3034060, 'Jaw']
[1057483, 2493007, -1738175, -541915, 330606, 786724, 271210, -452902, 1061104, 918099, -1461079, -216219, 807907, 863221, -1160498, -3128865, 'Jaw']
[1081384, 2518265, -1750426, -575493, 278065, 764778, 278882, -441980, 1042975, 903487, -1478460, -49208, 823110, 884528, -1073435, -3029931, 'Jaw']
[1059177, 2495420, -1737731, -554445, 326064, 781717, 273298, -450627, 1063947, 919227, -1461243, -219850, 801322, 857256, -1169389, -3127730, 'Jaw']
[1078537, 2514694, -1751757, -561716, 282586, 770158, 275371, -445728, 1038437, 897014, -1478892, -47707, 827661, 886698, -1067111, -3028699, 'Jaw']
[1064479, 2499689, -1736550, -568404, 320066, 776158, 274805, -447830, 1064198, 921931, -1460798, -217175, 793696, 853568, -1175299, -3122929, 'Jaw']
[1075477, 2511364, -1752030, -547694, 288592, 776010, 273160, -448623, 1036347, 896687, -1477872, -52739, 831712, 887986, -1064432, -3031695, 'Jaw']
[1068534, 2503982, -1735914, -581646, 313235, 770465, 278429, -443744, 1066288, 926915, -1461584, -209294, 789104, 850971, -1176542, -3116385, 'Jaw']
[1070483, 2506757, -1751500, -534760, 295795, 781699, 270034, -451461, 1034499, 895882, -1476551, -63329, 834124, 889071, -1064759, -3038278, 'Jaw']
[1071883, 2507633, -1736007, -593285, 305629, 765460, 280778, -441108, 1064996, 927177, -1463513, -195915, 785907, 850673, -1173522, -3106656, 'Jaw']
[1065388, 2501570, -1750947, -523576, 303151, 786927, 266930, -455129, 1032080, 897380, -1475050, -79381, 834486, 889060, -1069274, -3046919, 'Jaw']
[1075695, 2511517, -1737004, -603044, 297330, 760148, 281806, -440949, 1061466, 926435, -1465811, -178038, 783065, 851066, -1167151, -3093968, 'Jaw']
[1061226, 2497633, -1750485, -515096, 310524, 790722, 264779, -457251, 1031420, 899865, -1472748, -99339, 832445, 887654, -1078379, -3057791, 'Jaw']
[1079608, 2515529, -1739019, -609572, 289519, 756362, 282829, -437524, 1057179, 926637, -1467840, -157049, 782790, 856191, -1157519, -3079869, 'Jaw']
[1058157, 2494598, -1749562, -509733, 317175, 794135, 262754, -459904, 1031380, 903377, -1469392, -121685, 830974, 886282, -1090110, -3069493, 'Jaw']
[1082444, 2518212, -1741116, -611883, 282240, 754849, 282324, -438159, 1052040, 922865, -1470082, -134312, 786300, 859952, -1145411, -3065831, 'Jaw']
[1055620, 2491723, -1747648, -507637, 323014, 796466, 262109, -461697, 1032137, 905573, -1467325, -144614, 826808, 881307, -1103938, -3081076, 'Jaw']
[1084860, 2520681, -1742837, -610090, 276715, 754164, 281441, -438769, 1048219, 921438, -1471581, -111048, 789330, 863981, -1130666, -3051306, 'Jaw']
[1054632, 2490106, -1745304, -508631, 326453, 797298, 260178, -462155, 1036434, 911363, -1463982, -166191, 820678, 875304, -1118549, -3091762, 'Jaw']
[1086568, 2522303, -1744107, -605126, 273139, 755351, 282040, -438690, 1043084, 918755, -1473036, -89272, 795237, 870277, -1115574, -3038258, 'Jaw']
[1053704, 2489523, -1742449, -514197, 328940, 795570, 262052, -461954, 1039868, 916699, -1460921, -186198, 815474, 871189, -1133332, -3101651, 'Jaw']
[1085289, 2521603, -1746136, -597319, 270964, 756576, 279420, -441503, 1037478, 914055, -1474756, -71269, 801334, 877023, -1101097, -3027918, 'Jaw']
[1053181, 2489129, -1741070, -523545, 328584, 791917, 262354, -461246, 1042324, 919407, -1459715, -202436, 807577, 865566, -1147998, -3108546, 'Jaw']
[1084550, 2520601, -1747460, -586391, 272313, 760458, 277860, -442624, 1032008, 910226, -1475706, -57579, 806729, 882981, -1088017, -3019516, 'Jaw']
[1056031, 2491529, -1738333, -534649, 328544, 789492, 265031, -457996, 1045726, 925753, -1456537, -213579, 800375, 861304, -1159556, -3112481, 'Jaw']
[1081103, 2517436, -1749751, -573546, 274320, 765510, 273695, -446542, 1026293, 907249, -1475757, -49157, 813733, 888671, -1076660, -3014625, 'Jaw']
[1059454, 2495555, -1736280, -547575, 325020, 784774, 268292, -454746, 1047724, 927694, -1456227, -218369, 794254, 857510, -1168813, -3112315, 'Jaw']
[1078699, 2515389, -1750104, -559186, 279515, 771541, 270708, -449421, 1024058, 905267, -1474453, -47118, 821404, 892778, -1068442, -3014301, 'Jaw']
[1062132, 2498097, -1735476, -561121, 319343, 779649, 268956, -453010, 1049978, 929686, -1456163, -217787, 789342, 854767, -1174236, -3109733, 'Jaw']
[1074704, 2511258, -1749947, -545200, 285984, 777336, 267167, -452541, 1021625, 903057, -1473437, -50538, 826145, 894584, -1063950, -3015740, 'Jaw']
[1066190, 2502591, -1734177, -574488, 312947, 773962, 271353, -450962, 1051999, 931953, -1455720, -210147, 784131, 853444, -1175748, -3102414, 'Jaw']
[1070109, 2507336, -1750022, -531657, 292623, 782661, 263511, -457676, 1020563, 902199, -1472113, -59380, 828627, 895340, -1063916, -3020294, 'Jaw']
[1071152, 2507682, -1733940, -586608, 305419, 768093, 273554, -448723, 1053198, 932303, -1456548, -197029, 780644, 853288, -1174301, -3092080, 'Jaw']
[1066520, 2503519, -1749021, -519980, 301080, 787990, 261460, -459682, 1022148, 903156, -1468527, -74548, 831339, 894788, -1068148, -3028918, 'Jaw']
[1075601, 2512191, -1734269, -596303, 297868, 763627, 276180, -445461, 1053148, 931922, -1457582, -179687, 779985, 855653, -1167862, -3080139, 'Jaw']
[1062032, 2498870, -1748339, -511489, 308320, 792059, 259147, -463037, 1024092, 904499, -1466130, -94064, 831547, 893767, -1075672, -3039657, 'Jaw']
[1079348, 2515953, -1735347, -603559, 290070, 759681, 278208, -443625, 1052342, 930245, -1459810, -159541, 781240, 858815, -1158402, -3066790, 'Jaw']
[1058652, 2495566, -1746822, -505794, 315580, 795263, 258252, -464330, 1027071, 907212, -1463647, -115980, 830396, 890261, -1086056, -3051199, 'Jaw']
[1081877, 2518557, -1737517, -607480, 282921, 756695, 278187, -442973, 1050266, 928048, -1462161, -137019, 784271, 863009, -1145831, -3052429, 'Jaw']
[1055313, 2492331, -1745096, -503645, 321762, 797694, 256786, -466149, 1030613, 910922, -1461264, -139365, 826593, 885330, -1099612, -3063099, 'Jaw']
[1083631, 2520431, -1739323, -607468, 277283, 755762, 277415, -442423, 1046970, 925282, -1464871, -113660, 788057, 868303, -1131662, -3037579, 'Jaw']
[1052961, 2489719, -1743131, -505414, 326073, 797685, 255788, -465444, 1035112, 914984, -1458666, -161354, 821163, 879698, -1114068, -3073534, 'Jaw']
[1085638, 2522397, -1740736, -603773, 274201, 755418, 278102, -441466, 1044054, 922249, -1466644, -91768, 793439, 873389, -1116642, -3023577, 'Jaw']
