[2388122, 2235827, -717649, -411174, 320775, 905530, 380427, 377892, 1587086, 1240961, 464596, 1249050, 1620469, 1940069, -1205511, 494622, 'Jaw']
[2389228, 2221338, -689571, -410625, 336006, 912130, 368838, 373061, 1593319, 1245706, 464794, 1164365, 1629396, 1944925, -1193323, 428432, 'Jaw']
[2387592, 2235053, -716330, -411219, 320504, 905369, 379802, 377368, 1586292, 1239673, 472832, 1256694, 1623694, 1940190, -1202761, 498632, 'Jaw']
[2389518, 2222258, -690441, -409766, 336985, 911932, 369857, 375223, 1594234, 1247081, 456962, 1158194, 1627238, 1945037, -1194057, 425775, 'Jaw']
[2386944, 2233600, -714161, -411811, 320076, 905292, 378952, 376199, 1585177, 1238032, 480338, 1261342, 1626396, 1940230, -1200838, 501011, 'Jaw']
[2390237, 2224413, -691950, -408564, 337097, 912062, 371000, 375730, 1595328, 1248763, 450295, 1155492, 1624950, 1945472, -1195124, 425765, 'Jaw']
[2387482, 2233040, -711455, -411700, 320249, 906289, 377098, 375712, 1584805, 1237311, 486870, 1261973, 1628990, 1940347, -1199106, 500041, 'Jaw']
[2391071, 2226709, -695236, -408214, 336442, 912189, 372201, 377725, 1596058, 1250180, 444493, 1156631, 1622294, 1946208, -1197368, 427985, 'Jaw']
[2387183, 2231160, -709143, -412651, 320846, 906879, 374917, 374255, 1584800, 1236972, 492016, 1259486, 1630851, 1941040, -1198395, 496906, 'Jaw']
[2390949, 2228410, -698795, -408240, 335062, 911321, 374387, 378189, 1596089, 1250875, 440084, 1161078, 1619733, 1945775, -1200210, 432398, 'Jaw']
[2387526, 2229193, -705315, -412696, 322377, 907720, 373364, 373618, 1584867, 1236910, 495266, 1253051, 1632770, 1941154, -1197148, 490999, 'Jaw']
[2391803, 2230719, -701554, -407539, 334093, 910683, 376564, 379345, 1595805, 1250800, 437815, 1169198, 1618090, 1945755, -1202121, 439238, 'Jaw']
[2387955, 2226966, -700607, -412326, 324854, 908653, 372213, 373533, 1586219, 1237463, 497265, 1243856, 1634873, 1942645, -1194599, 483207, 'Jaw']
[2391523, 2232292, -704657, -407414, 332577, 909863, 378343, 380804, 1595136, 1250081, 437608, 1180259, 1616893, 1945779, -1203005, 447972, 'Jaw']
[2388035, 2225329, -696647, -412077, 326995, 909714, 370292, 372492, 1586375, 1237622, 496357, 1232580, 1635255, 1943064, -1193202, 475182, 'Jaw']
[2391221, 2234291, -707605, -407053, 330669, 909887, 379776, 381726, 1594531, 1249621, 439669, 1193364, 1616617, 1945697, -1203634, 458145, 'Jaw']
[2388006, 2223597, -692816, -411748, 329114, 911011, 368728, 372293, 1587788, 1238836, 493910, 1219398, 1635562, 1944281, -1191834, 465845, 'Jaw']
[2391068, 2235889, -710033, -407073, 328624, 909064, 380656, 381581, 1593103, 1247998, 443370, 1207628, 1616445, 1945183, -1204798, 469075, 'Jaw']
[2388486, 2222362, -690082, -411504, 331433, 911738, 367634, 372024, 1589466, 1240463, 489660, 1205297, 1635315, 1945424, -1191479, 456080, 'Jaw']
[2390753, 2236848, -712998, -408149, 326405, 907734, 381525, 380894, 1591807, 1246395, 448429, 1221434, 1617332, 1944034, -1205382, 478618, 'Jaw']
[2389867, 2222611, -688255, -410751, 333873, 911865, 368036, 373229, 1590872, 1242191, 483431, 1191540, 1634308, 1945341, -1191682, 446955, 'Jaw']
[2390927, 2237875, -714507, -408624, 324743, 906656, 381546, 381001, 1591024, 1245352, 455817, 1234300, 1619113, 1943621, -1204747, 486797, 'Jaw']
[2390212, 2221972, -687600, -410624, 335523, 911611, 368143, 373252, 1592677, 1244293, 476745, 1178857, 1632871, 1946191, -1191676, 438378, 'Jaw']
[2389865, 2237241, -715512, -409489, 322682, 905485, 380943, 379593, 1589226, 1242928, 462897, 1245555, 1620580, 1942574, -1204307, 493918, 'Jaw']
[2390331, 2222161, -687268, -409732, 336854, 912244, 368928, 374916, 1593620, 1245876, 468779, 1168254, 1630355, 1946556, -1192370, 432203, 'Jaw']
[2389192, 2236503, -714556, -409873, 321864, 905961, 380037, 379567, 1587597, 1241097, 470744, 1254201, 1622697, 1942431, -1202861, 499069, 'Jaw']
[2390492, 2222712, -687861, -408905, 337966, 912822, 369767, 376338, 1594928, 1247529, 461150, 1160445, 1628364, 1947112, -1192855, 427968, 'Jaw']
[2388326, 2235112, -713306, -410565, 321580, 905687, 379940, 378656, 1586102, 1239234, 477898, 1260019, 1624895, 1941775, -1201191, 501960, 'Jaw']
[2390833, 2223758, -689853, -408567, 338421, 912173, 371474, 376769, 1595602, 1248528, 453343, 1156674, 1625477, 1946990, -1194096, 426988, 'Jaw']
[2387778, 2233017, -711507, -411604, 321436, 905613, 377569, 377682, 1585695, 1237703, 484784, 1262211, 1627586, 1941499, -1199429, 502055, 'Jaw']
[2391370, 2225539, -692657, -408114, 338176, 911923, 372583, 378693, 1596159, 1249570, 446884, 1156314, 1623085, 1946875, -1195923, 428748, 'Jaw']
[2387974, 2231826, -708997, -411855, 322003, 906175, 375675, 376337, 1585446, 1237066, 490547, 1261114, 1630188, 1941860, -1197663, 500262, 'Jaw']
[2391327, 2227378, -696334, -407844, 336713, 910965, 373881, 379570, 1596513, 1250367, 442019, 1159190, 1620657, 1946812, -1197842, 431816, 'Jaw']
[2387753, 2229795, -706059, -412355, 322784, 906446, 373958, 374651, 1585104, 1236449, 494338, 1255806, 1631827, 1941564, -1196166, 495238, 'Jaw']
[2391437, 2229456, -700131, -407780, 335153, 910044, 375755, 380345, 1596061, 1250375, 438411, 1165470, 1618292, 1945943, -1199922, 438025, 'Jaw']
[2387744, 2227953, -702129, -412389, 324015, 907267, 371690, 374310, 1585374, 1236418, 496677, 1247693, 1633030, 1941675, -1194428, 488683, 'Jaw']
[2391889, 2232113, -703136, -406964, 333781, 909701, 377146, 381981, 1595893, 1250568, 437682, 1175299, 1616691, 1945821, -1201161, 446051, 'Jaw']
[2387857, 2225968, -698104, -412113, 326339, 908512, 370536, 374669, 1586220, 1237199, 496904, 1236304, 1634230, 1942885, -1192569, 479733, 'Jaw']
[2391328, 2233514, -706198, -406978, 331980, 908887, 379993, 382532, 1594724, 1249522, 438504, 1187451, 1616020, 1945308, -1202153, 455538, 'Jaw']
[2388421, 2224532, -693979, -411515, 329225, 909672, 370005, 374106, 1587354, 1238336, 495089, 1224149, 1635289, 1943246, -1190958, 470850, 'Jaw']
[2391356, 2235017, -709038, -407358, 330007, 908171, 380638, 382454, 1593887, 1248597, 441748, 1201207, 1616285, 1944653, -1202986, 465670, 'Jaw']
[2388985, 2223169, -690677, -411158, 331822, 911014, 369219, 373815, 1588813, 1239813, 491416, 1210410, 1635071, 1944131, -1190160, 461237, 'Jaw']
[2391074, 2236316, -711338, -407556, 328343, 907981, 381627, 382654, 1592725, 1247461, 446536, 1215267, 1616791, 1944440, -1203520, 475587, 'Jaw']
[2389296, 2222208, -688616, -411009, 333915, 911522, 368046, 373227, 1590258, 1241460, 485885, 1196689, 1634235, 1945080, -1190405, 451455, 'Jaw']
[2391016, 2237394, -713211, -407796, 326311, 907059, 381720, 382802, 1591646, 1245908, 452683, 1229131, 1617879, 1943583, -1204068, 484371, 'Jaw']
[2390422, 2222313, -686556, -409707, 336062, 912749, 367682, 375082, 1592512, 1243715, 479610, 1183664, 1633103, 1945880, -1190549, 442291, 'Jaw']
[2390763, 2237776, -713785, -408024, 324710, 907282, 381374, 381955, 1590389, 1244233, 460467, 1241986, 1619821, 1943458, -1203541, 492705, 'Jaw']
[2390955, 2222523, -685907, -408728, 337975, 913543, 369311, 376416, 1594162, 1246050, 472406, 1173106, 1631451, 1946866, -1190701, 435859, 'Jaw']
[2389565, 2236698, -714190, -408880, 323138, 906353, 380532, 381469, 1588621, 1242196, 467794, 1252148, 1621586, 1942561, -1202477, 498923, 'Jaw']
[2391044, 2222736, -686532, -408088, 338934, 913385, 370151, 377016, 1595122, 1247306, 464113, 1164327, 1629062, 1946999, -1191421, 431049, 'Jaw']
[2389359, 2236074, -712866, -409103, 322992, 906389, 381085, 380815, 1587555, 1240394, 475527, 1259499, 1624234, 1942062, -1200344, 502712, 'Jaw']
[2391267, 2223686, -688132, -407766, 339288, 912664, 370997, 378051, 1596110, 1248933, 456671, 1159032, 1626618, 1947228, -1191983, 428457, 'Jaw']
[2388787, 2234696, -711648, -410447, 322112, 906010, 378261, 378479, 1586275, 1238856, 482405, 1263680, 1626222, 1941517, -1199166, 504054, 'Jaw']
[2392004, 2225711, -691090, -407552, 338786, 912778, 372107, 379284, 1596407, 1250068, 449360, 1157818, 1623638, 1947217, -1194348, 429221, 'Jaw']
[2388527, 2233208, -709755, -411137, 321871, 906718, 376284, 377992, 1585917, 1238245, 488620, 1263747, 1628475, 1941757, -1197464, 502606, 'Jaw']
[2391246, 2226639, -695012, -408095, 336750, 911314, 371692, 378980, 1596181, 1250419, 443536, 1159166, 1620274, 1946704, -1197049, 431250, 'Jaw']
[2388113, 2230984, -706807, -411757, 322605, 906695, 374253, 376463, 1585055, 1236878, 492862, 1259913, 1630065, 1941731, -1196552, 498668, 'Jaw']
[2391832, 2228985, -697910, -407201, 336408, 910732, 375314, 380267, 1596222, 1251002, 439569, 1164044, 1618420, 1946559, -1198548, 436084, 'Jaw']
[2387520, 2228206, -703366, -412365, 323552, 906795, 372417, 374946, 1585166, 1236641, 496118, 1252746, 1631843, 1941932, -1194444, 491869, 'Jaw']
[2391356, 2230447, -701691, -407235, 334297, 909411, 375634, 381550, 1595427, 1250097, 437417, 1172926, 1616332, 1945732, -1200783, 443498, 'Jaw']
[2387814, 2226313, -699023, -411925, 325900, 908081, 371214, 374998, 1585894, 1236846, 496931, 1242808, 1633260, 1942008, -1192822, 484083, 'Jaw']
[2391301, 2232312, -704895, -407168, 332802, 909338, 378401, 381796, 1594781, 1249519, 437606, 1184285, 1615404, 1944838, -1201626, 452502, 'Jaw']
[2387642, 2224083, -695870, -412430, 327510, 909077, 368298, 373558, 1586319, 1237163, 495677, 1230775, 1634022, 1942197, -1191803, 474961, 'Jaw']
[2391182, 2233943, -708262, -407490, 330639, 908664, 379478, 382507, 1593924, 1248605, 439652, 1197157, 1614876, 1943978, -1203377, 461832, 'Jaw']
[2387727, 2222205, -692978, -412642, 329783, 909997, 367038, 372955, 1587783, 1238608, 492565, 1217126, 1634233, 1943042, -1191097, 464864, 'Jaw']
[2389673, 2234068, -712412, -409211, 327392, 906853, 378832, 381876, 1591883, 1246420, 442837, 1210879, 1614395, 1942535, -1205209, 471912, 'Jaw']
[2387654, 2220544, -691309, -412827, 331298, 910183, 366078, 372662, 1588490, 1239198, 486724, 1202915, 1632632, 1942620, -1191682, 455376, 'Jaw']
[2389348, 2234981, -714961, -409592, 325252, 905945, 379124, 380951, 1590016, 1244309, 448132, 1225053, 1614658, 1941406, -1205651, 482062, 'Jaw']
[2388638, 2220528, -689269, -411506, 334071, 911355, 366455, 373715, 1590355, 1241596, 480695, 1189181, 1631818, 1943756, -1191142, 445852, 'Jaw']
[2389234, 2235767, -715866, -409280, 324027, 906072, 380128, 381145, 1589175, 1243391, 455583, 1237291, 1616992, 1941630, -1204291, 488926, 'Jaw']
[2388660, 2219787, -688712, -410875, 335306, 911997, 365326, 374592, 1591517, 1243324, 473478, 1176707, 1630227, 1944633, -1191120, 436982, 'Jaw']
[2388307, 2235067, -716666, -409796, 321982, 905982, 378394, 380928, 1587444, 1241017, 462773, 1248449, 1618527, 1940598, -1203756, 495530, 'Jaw']
[2389538, 2220898, -687963, -409271, 337092, 913014, 368556, 376184, 1592823, 1245351, 465607, 1167514, 1627912, 1945339, -1191445, 431761, 'Jaw']
[2388172, 2234891, -715420, -410221, 321282, 906146, 378846, 380186, 1586665, 1239935, 471276, 1257444, 1621050, 1940976, -1201490, 500827, 'Jaw']
[2390079, 2222022, -689299, -409224, 337501, 912662, 368403, 376947, 1593858, 1246720, 457919, 1161473, 1625007, 1945523, -1193062, 429443, 'Jaw']
[2387825, 2234108, -713758, -410861, 321084, 906119, 377978, 379576, 1585708, 1238276, 478840, 1262836, 1623484, 1940873, -1200291, 503504, 'Jaw']
[2390470, 2223477, -691059, -408861, 337739, 912376, 369498, 377985, 1595239, 1248407, 450937, 1157884, 1623122, 1946106, -1194156, 427942, 'Jaw']
[2387180, 2231956, -711946, -412557, 320624, 905646, 375277, 377453, 1584805, 1236440, 485435, 1264104, 1625749, 1940033, -1199355, 503022, 'Jaw']
[2390663, 2224870, -693912, -408560, 337198, 910951, 370295, 378827, 1595857, 1249196, 444796, 1157094, 1620182, 1945643, -1196475, 428759, 'Jaw']
[2386745, 2229566, -708640, -412556, 321529, 904540, 373585, 375901, 1584310, 1235840, 490637, 1261219, 1628038, 1939710, -1197550, 498888, 'Jaw']
[2389904, 2225421, -697857, -408631, 335894, 909176, 371977, 379378, 1595066, 1248918, 439527, 1161423, 1617425, 1944554, -1198552, 433198, 'Jaw']
[2385635, 2226630, -706142, -413222, 322430, 904918, 370595, 374503, 1583287, 1234333, 493432, 1255718, 1629880, 1939425, -1195912, 494403, 'Jaw']
[2389561, 2227456, -701784, -408173, 334160, 908116, 373163, 380068, 1594149, 1248561, 435951, 1168721, 1614967, 1943706, -1200496, 440148, 'Jaw']
[2386141, 2225326, -702495, -413153, 324164, 906132, 369863, 374430, 1583965, 1234869, 495165, 1246558, 1631292, 1939937, -1194003, 486829, 'Jaw']
[2389778, 2229871, -705962, -408153, 332250, 907641, 375008, 380951, 1594645, 1248743, 435899, 1178826, 1614389, 1943744, -1201712, 447780, 'Jaw']
[2385659, 2222818, -699775, -413871, 325529, 906142, 367981, 372692, 1585381, 1235049, 494601, 1235061, 1632370, 1940080, -1193130, 477624, 'Jaw']
[2389640, 2231624, -709154, -408929, 329689, 905871, 376260, 381043, 1593102, 1247395, 437074, 1191134, 1612917, 1942432, -1203883, 456928, 'Jaw']
[2385998, 2220745, -696070, -414596, 326994, 906069, 364587, 370789, 1585881, 1236124, 492562, 1221551, 1632056, 1940522, -1192993, 466968, 'Jaw']
[2388777, 2232103, -712538, -410177, 327026, 903805, 375973, 379851, 1591694, 1245232, 440112, 1205208, 1612917, 1940973, -1206166, 466817, 'Jaw']
[2386008, 2219083, -693455, -414586, 329019, 906201, 363210, 370475, 1587309, 1236642, 487827, 1207839, 1631869, 1940818, -1193003, 457528, 'Jaw']
[2387262, 2232126, -716236, -411908, 323503, 901987, 374618, 378229, 1589859, 1242817, 444127, 1218288, 1613448, 1940108, -1207281, 475743, 'Jaw']
[2385612, 2217541, -692077, -414038, 330933, 906868, 363653, 371520, 1588393, 1238008, 480845, 1192927, 1630450, 1941033, -1193499, 446854, 'Jaw']
[2385942, 2232231, -718403, -411879, 321755, 901719, 376381, 379041, 1587923, 1240361, 449991, 1231603, 1614371, 1939966, -1206594, 485017, 'Jaw']
[2385200, 2216576, -691722, -413509, 332160, 908310, 362775, 371498, 1589087, 1239456, 473360, 1179885, 1628380, 1942488, -1193080, 438966, 'Jaw']
[2385192, 2232024, -719710, -412165, 320310, 902674, 377313, 379042, 1585994, 1238338, 456715, 1242919, 1615692, 1940109, -1205542, 492600, 'Jaw']
[2385310, 2216392, -692314, -413509, 333287, 908702, 363510, 372868, 1590647, 1241244, 465641, 1168471, 1626690, 1944482, -1192897, 432260, 'Jaw']
[2384506, 2231385, -719943, -413332, 318618, 902063, 375181, 377890, 1584464, 1236470, 464349, 1251611, 1617491, 1939586, -1205199, 497724, 'Jaw']
[2386509, 2218051, -692871, -413079, 334651, 909047, 364236, 373553, 1591260, 1242320, 457593, 1160601, 1624358, 1944895, -1195309, 428191, 'Jaw']
[2384994, 2231261, -718447, -414527, 318305, 902565, 375278, 376616, 1584183, 1235424, 473044, 1258278, 1620647, 1940853, -1204035, 500822, 'Jaw']
[2387809, 2220086, -693612, -412651, 334911, 908938, 365507, 374447, 1593303, 1244228, 450840, 1155835, 1622296, 1946355, -1197260, 425788, 'Jaw']
[2385491, 2230463, -715081, -414847, 318341, 902386, 373391, 374826, 1583627, 1234417, 480978, 1260860, 1623023, 1941041, -1202589, 500520, 'Jaw']
[2389077, 2222429, -694783, -411372, 335552, 909330, 368315, 376535, 1594415, 1246174, 445744, 1154914, 1619744, 1946998, -1197988, 426368, 'Jaw']
[2385414, 2228805, -711789, -414991, 319664, 903542, 372351, 374446, 1583358, 1233544, 487367, 1260425, 1625826, 1941376, -1200398, 499086, 'Jaw']
[2389189, 2224108, -697786, -410682, 335317, 908729, 370428, 376874, 1594715, 1246792, 440706, 1157701, 1617681, 1946671, -1199594, 430387, 'Jaw']
[2385454, 2226852, -708543, -414945, 320763, 904327, 370163, 373558, 1583075, 1233091, 491752, 1255764, 1628939, 1941993, -1198258, 494881, 'Jaw']
[2390004, 2226889, -700796, -409219, 334918, 908334, 373073, 379018, 1595400, 1247500, 437801, 1163592, 1615675, 1947044, -1200751, 436180, 'Jaw']
[2385691, 2225380, -704440, -414421, 322657, 904603, 369406, 373145, 1584180, 1233812, 495161, 1248392, 1630706, 1943142, -1195349, 488838, 'Jaw']
[2389858, 2228938, -704331, -409091, 332984, 907310, 373855, 379385, 1594554, 1247541, 436692, 1173075, 1614333, 1946627, -1201647, 444156, 'Jaw']
[2385724, 2223258, -701010, -414614, 324916, 905845, 368428, 372756, 1584813, 1234324, 495948, 1238197, 1631945, 1943345, -1193411, 480914, 'Jaw']
[2389629, 2230702, -707771, -409079, 331594, 907134, 377560, 381536, 1593977, 1247192, 437238, 1185362, 1614078, 1945907, -1202138, 454370, 'Jaw']
[2386602, 2222430, -696512, -413534, 328093, 907747, 368341, 373468, 1586255, 1235977, 494896, 1226245, 1633432, 1944140, -1190897, 472837, 'Jaw']
[2389602, 2232586, -710766, -408999, 329644, 906870, 378223, 382971, 1593348, 1246838, 440612, 1198548, 1614749, 1945730, -1202369, 464285, 'Jaw']
[2387278, 2221355, -693567, -413048, 330358, 908996, 366289, 374170, 1587676, 1237641, 491277, 1212761, 1634119, 1944429, -1190300, 463315, 'Jaw']
[2390136, 2234697, -712746, -408749, 328013, 906366, 378973, 382906, 1593213, 1246015, 445391, 1213083, 1615244, 1944216, -1203269, 474561, 'Jaw']
[2387814, 2220509, -690852, -412230, 332810, 909565, 365617, 373461, 1589156, 1239732, 486632, 1199196, 1633730, 1944607, -1189873, 453859, 'Jaw']
[2390337, 2236023, -713510, -408059, 326796, 905949, 380250, 382680, 1591721, 1244521, 451462, 1227132, 1616552, 1942946, -1203240, 484177, 'Jaw']
[2389190, 2220606, -687511, -410312, 336063, 911470, 367263, 375790, 1592613, 1242365, 481434, 1186341, 1633118, 1945488, -1188391, 445047, 'Jaw']
[2389083, 2235540, -715210, -409079, 324197, 905241, 378899, 381926, 1590508, 1242407, 458604, 1240289, 1618942, 1942023, -1202668, 492628, 'Jaw']
[2389702, 2220856, -687030, -409848, 337284, 912094, 366293, 376877, 1593244, 1243956, 473309, 1174863, 1631330, 1945220, -1189839, 438189, 'Jaw']
[2389225, 2235961, -715006, -409575, 323372, 905442, 379490, 382255, 1588417, 1240765, 466197, 1251079, 1621850, 1941997, -1202126, 499809, 'Jaw']
[2391183, 2222080, -686356, -409316, 339396, 912742, 368961, 377802, 1596104, 1246099, 466284, 1166458, 1629559, 1946194, -1190356, 433803, 'Jaw']
[2389755, 2235731, -712936, -410104, 323181, 906184, 378832, 382097, 1590488, 1240469, 474872, 1258477, 1624791, 1942514, -1199857, 503337, 'Jaw']
[2391553, 2223091, -687732, -408723, 339487, 912435, 368783, 378583, 1596941, 1247721, 458032, 1159935, 1627619, 1946628, -1192103, 430107, 'Jaw']
[2388998, 2234223, -711840, -410923, 322693, 905773, 376430, 380088, 1587871, 1238475, 482109, 1262837, 1627325, 1941213, -1199194, 504527, 'Jaw']
[2391755, 2224594, -690226, -408012, 340266, 912949, 371183, 380480, 1598103, 1248889, 451590, 1157694, 1625846, 1946928, -1193620, 429776, 'Jaw']
[2388184, 2232511, -710239, -411464, 323242, 906957, 376812, 380450, 1587674, 1236807, 487432, 1264058, 1629989, 1942952, -1196683, 504438, 'Jaw']
[2392227, 2226518, -692789, -407120, 339692, 912961, 372810, 382296, 1598441, 1250224, 445114, 1158363, 1622846, 1948559, -1194398, 431544, 'Jaw']
[2388182, 2230699, -706085, -411003, 324438, 907714, 375158, 379102, 1586258, 1236352, 493860, 1260624, 1631705, 1943054, -1194099, 500027, 'Jaw']
[2391138, 2227663, -696716, -406857, 338664, 912173, 375207, 383363, 1598134, 1250122, 441079, 1163163, 1621735, 1949197, -1195202, 436362, 'Jaw']
[2388343, 2228540, -702949, -411178, 325929, 908066, 372931, 378091, 1584992, 1237049, 495382, 1253477, 1635509, 1945142, -1192118, 494291, 'Jaw']
[2392041, 2229950, -700296, -406974, 336947, 910732, 376338, 384040, 1597496, 1249129, 438777, 1170470, 1621252, 1949683, -1196950, 443110, 'Jaw']
[2387964, 2226369, -699712, -411898, 327358, 908136, 370656, 376681, 1586065, 1236958, 496674, 1244588, 1637573, 1946086, -1190857, 486790, 'Jaw']
[2392234, 2231937, -703489, -407340, 334767, 909361, 376590, 383367, 1596530, 1249972, 438690, 1182066, 1619771, 1949268, -1199279, 451919, 'Jaw']
[2388991, 2224732, -695792, -412939, 329579, 909340, 370370, 376909, 1587702, 1238089, 497848, 1232582, 1639360, 1947493, -1189789, 478022, 'Jaw']
[2391705, 2233202, -707219, -408013, 333110, 909203, 380107, 385974, 1594098, 1250902, 440328, 1193757, 1620371, 1950972, -1200245, 461017, 'Jaw']
[2387993, 2221949, -692704, -412677, 331335, 910447, 368091, 376889, 1586303, 1238325, 494218, 1219056, 1639429, 1949377, -1188683, 467681, 'Jaw']
[2392772, 2235850, -709896, -406305, 330914, 908526, 380990, 385835, 1592494, 1248795, 443263, 1208706, 1619775, 1948953, -1201126, 471871, 'Jaw']
[2390806, 2222826, -688362, -409600, 334506, 912233, 368788, 377377, 1588074, 1240104, 491243, 1206724, 1638609, 1949513, -1186370, 458649, 'Jaw']
[2392118, 2236400, -711405, -406743, 329089, 908135, 381885, 387022, 1590624, 1245196, 451016, 1224301, 1621203, 1949500, -1199601, 482293, 'Jaw']
[2389706, 2219986, -687452, -411983, 336684, 912713, 367781, 377463, 1587377, 1239501, 484218, 1192777, 1638255, 1952809, -1185827, 449993, 'Jaw']
[2390698, 2235613, -713337, -407914, 327408, 907114, 381797, 386201, 1587550, 1242215, 454146, 1235197, 1624235, 1952204, -1200326, 491552, 'Jaw']
[2391290, 2220435, -684516, -409434, 340043, 914203, 370027, 379350, 1588911, 1240626, 477159, 1180891, 1637372, 1954437, -1185457, 443586, 'Jaw']
[2390354, 2236261, -711850, -407505, 327088, 908093, 383027, 386497, 1586484, 1235851, 462658, 1248049, 1628149, 1951791, -1198155, 499696, 'Jaw']
[2393638, 2222235, -682531, -406664, 341919, 915380, 370470, 381233, 1589074, 1236749, 470353, 1171843, 1634828, 1953175, -1185459, 438144, 'Jaw']
[2390475, 2235534, -712081, -410349, 326069, 908360, 382425, 385125, 1582938, 1235449, 472541, 1256679, 1628054, 1954809, -1196748, 504512, 'Jaw']
[2392033, 2222286, -685835, -407057, 342444, 914872, 371335, 381617, 1590523, 1236806, 461958, 1162427, 1633976, 1956342, -1186801, 433552, 'Jaw']
[2391674, 2235932, -710723, -408177, 325891, 908002, 381418, 384821, 1582835, 1220597, 479768, 1262546, 1631843, 1950311, -1195023, 506594, 'Jaw']
[2394834, 2225619, -686102, -405790, 342935, 914747, 372963, 383540, 1590134, 1223470, 455896, 1160904, 1631494, 1954108, -1187686, 431807, 'Jaw']
[2391770, 2234438, -707651, -409568, 326359, 909127, 379907, 384659, 1578738, 1207785, 488125, 1267160, 1634185, 1950432, -1192406, 507130, 'Jaw']
[2392705, 2225242, -689822, -406992, 342732, 914690, 374750, 385197, 1588267, 1216219, 448520, 1159490, 1631027, 1955418, -1189237, 432121, 'Jaw']
[2389684, 2231518, -705106, -410568, 326897, 909207, 377945, 382592, 1574941, 1203730, 492560, 1262929, 1637035, 1951082, -1190916, 503636, 'Jaw']
[2395489, 2229697, -691174, -402474, 342425, 914640, 377478, 386660, 1586681, 1204299, 443943, 1163412, 1627337, 1953122, -1190902, 436912, 'Jaw']
[2391233, 2231362, -699804, -407936, 329496, 910856, 378085, 383288, 1573040, 1182031, 498990, 1261522, 1639268, 1946891, -1187538, 500046, 'Jaw']
[2395772, 2232309, -693507, -402546, 342032, 914670, 380331, 388611, 1585202, 1194523, 441162, 1172124, 1627183, 1953006, -1191610, 443358, 'Jaw']
[2392916, 2229613, -695060, -410527, 331111, 912178, 376346, 382577, 1573188, 1176159, 500874, 1253417, 1640416, 1947896, -1185697, 493532, 'Jaw']
[2396071, 2233015, -696558, -403274, 340962, 914309, 382199, 390048, 1583051, 1188302, 442174, 1182138, 1625040, 1950249, -1192505, 452180, 'Jaw']
[2392371, 2229030, -691386, -407201, 334058, 913583, 375331, 383450, 1571427, 1176255, 500774, 1241057, 1642659, 1949721, -1183728, 484284, 'Jaw']
[2396579, 2236972, -699971, -401545, 339025, 913907, 384583, 391431, 1578793, 1176836, 443154, 1194901, 1625397, 1945631, -1193835, 461284, 'Jaw']
[2392532, 2227700, -688563, -407487, 336149, 914561, 374418, 382333, 1570946, 1166572, 500001, 1230755, 1644103, 1945224, -1182699, 475433, 'Jaw']
[2395278, 2237888, -704781, -403865, 335765, 912317, 383971, 390174, 1576818, 1175945, 444552, 1208671, 1624773, 1946317, -1195770, 470469, 'Jaw']
[2392813, 2225155, -686496, -408915, 337095, 914596, 371857, 380632, 1566859, 1160786, 494253, 1215661, 1641883, 1943018, -1183324, 464198, 'Jaw']
[2393928, 2238268, -707761, -404550, 333445, 911426, 384439, 390485, 1573397, 1168581, 449478, 1222175, 1625489, 1942471, -1196136, 479790, 'Jaw']
[2391461, 2223103, -684399, -409150, 339070, 915674, 371362, 381487, 1569285, 1164563, 488213, 1201633, 1641120, 1944404, -1182280, 455097, 'Jaw']
[2394059, 2238740, -709100, -404270, 331239, 910755, 385404, 389283, 1570752, 1165247, 455421, 1235020, 1625368, 1940389, -1195708, 489866, 'Jaw']
[2391632, 2223428, -683372, -406891, 340584, 915746, 371032, 381251, 1567533, 1162857, 481592, 1188867, 1640243, 1941716, -1182381, 447531, 'Jaw']
[2393129, 2239341, -710303, -406346, 329399, 909941, 384824, 388315, 1567251, 1162113, 462611, 1247133, 1626925, 1938947, -1195196, 497273, 'Jaw']
[2392874, 2223533, -682441, -406969, 342391, 916207, 371943, 381514, 1568835, 1157631, 473282, 1177588, 1638639, 1940459, -1182934, 439330, 'Jaw']
[2391259, 2237741, -710921, -408096, 327556, 910146, 383515, 387359, 1564784, 1155847, 470321, 1257115, 1629590, 1937955, -1194815, 502418, 'Jaw']
[2392143, 2222772, -683647, -407510, 342226, 916220, 371700, 381155, 1567045, 1162063, 464128, 1167852, 1634358, 1941590, -1185147, 433488, 'Jaw']
[2389109, 2234508, -711830, -409492, 325379, 908883, 381231, 384441, 1562864, 1155258, 477854, 1263178, 1630868, 1935693, -1195006, 505560, 'Jaw']
[2393168, 2224721, -686625, -407904, 342196, 915809, 372441, 382854, 1567321, 1160155, 455498, 1161212, 1632550, 1940583, -1187760, 430934, 'Jaw']
[2389605, 2234150, -709049, -409945, 324800, 909347, 379465, 384130, 1557621, 1149125, 484524, 1266676, 1630341, 1930704, -1194242, 506470, 'Jaw']
[2392454, 2225620, -689699, -406159, 341597, 915581, 372536, 383115, 1567921, 1157770, 449466, 1159170, 1629281, 1935669, -1189818, 431539, 'Jaw']
[2388403, 2232211, -707139, -411849, 325167, 909595, 377522, 382538, 1555500, 1146519, 489708, 1266387, 1633258, 1932231, -1192479, 505106, 'Jaw']
[2391121, 2225862, -692293, -405974, 340746, 914692, 374654, 384636, 1568202, 1159902, 442161, 1161516, 1626529, 1935584, -1191669, 434458, 'Jaw']
[2387106, 2228565, -704584, -413778, 325209, 909230, 375235, 380105, 1552461, 1145805, 493750, 1261157, 1632911, 1930588, -1190820, 500776, 'Jaw']
[2391909, 2227870, -695763, -406902, 338733, 912677, 374677, 384567, 1562995, 1155706, 439019, 1166560, 1622964, 1934187, -1194145, 439652, 'Jaw']
[2387549, 2226717, -700114, -411941, 326920, 910064, 373395, 379621, 1551883, 1140075, 495954, 1254151, 1634249, 1929215, -1189021, 494380, 'Jaw']
[2390534, 2229007, -699224, -407746, 337598, 912331, 377523, 385451, 1565569, 1158812, 437107, 1174510, 1622563, 1935487, -1194807, 446884, 'Jaw']
[2388065, 2226795, -695941, -411684, 329139, 910888, 372052, 378392, 1554812, 1140737, 496061, 1243709, 1637566, 1928841, -1186659, 486277, 'Jaw']
[2392150, 2233016, -703058, -407107, 334943, 911996, 378871, 386100, 1563848, 1153584, 437097, 1186454, 1621454, 1933471, -1196336, 454981, 'Jaw']
[2388767, 2224488, -693179, -412614, 330532, 912470, 369848, 377320, 1551593, 1143078, 496730, 1232394, 1636139, 1930479, -1186071, 476973, 'Jaw']
[2390016, 2232249, -708211, -408696, 331760, 910176, 377929, 384487, 1562047, 1150620, 439292, 1199612, 1619621, 1931170, -1198669, 464818, 'Jaw']
[2387220, 2220576, -691807, -413103, 331572, 912058, 367929, 376031, 1552373, 1142708, 490394, 1216962, 1635341, 1930656, -1186932, 466077, 'Jaw']
[2388763, 2233231, -712041, -410623, 328401, 908376, 378215, 384267, 1559373, 1149426, 441666, 1211961, 1618218, 1930728, -1200775, 474038, 'Jaw']
[2387144, 2220019, -689633, -413281, 333224, 912424, 365574, 375146, 1552578, 1143469, 485097, 1202535, 1633855, 1927490, -1187256, 456659, 'Jaw']
[2387777, 2234081, -714485, -410779, 326497, 906663, 379082, 384115, 1555885, 1146400, 446379, 1225700, 1618448, 1928409, -1200925, 483783, 'Jaw']
[2387559, 2218923, -688178, -412641, 334743, 910976, 364807, 375265, 1555892, 1140155, 478869, 1189790, 1632902, 1928065, -1187062, 447086, 'Jaw']
[2387600, 2233809, -715620, -411897, 324453, 905474, 378946, 382870, 1552822, 1144065, 453599, 1239048, 1619144, 1926433, -1201070, 491554, 'Jaw']
[2387081, 2217769, -687851, -412902, 335800, 911042, 365117, 375328, 1556167, 1142937, 470430, 1176905, 1632080, 1928015, -1187814, 439309, 'Jaw']
[2386270, 2233184, -714613, -412422, 322576, 904880, 378357, 382389, 1550642, 1140111, 461358, 1249434, 1618574, 1924583, -1199920, 498227, 'Jaw']
[2386795, 2217893, -687100, -412613, 337301, 911553, 365449, 376612, 1555067, 1142245, 462855, 1167250, 1628862, 1928165, -1188596, 433852, 'Jaw']
[2384202, 2230779, -715648, -414219, 320766, 903905, 375413, 379560, 1548839, 1138723, 468180, 1256963, 1621359, 1922743, -1199424, 502730, 'Jaw']
[2386333, 2217807, -690422, -412714, 336412, 910456, 363985, 375301, 1555828, 1143774, 453053, 1158963, 1625966, 1927132, -1191791, 429612, 'Jaw']
[2385801, 2230950, -713979, -413453, 320319, 904411, 375281, 378605, 1547519, 1136182, 475322, 1260923, 1622806, 1919821, -1199596, 503776, 'Jaw']
[2388527, 2220957, -691440, -410739, 337006, 911156, 367018, 377501, 1557350, 1143988, 448439, 1156967, 1623948, 1926738, -1192192, 428644, 'Jaw']
[2383164, 2227667, -712991, -415459, 319036, 904504, 372471, 377259, 1546075, 1132351, 482660, 1263098, 1624480, 1919572, -1197728, 502965, 'Jaw']
[2384840, 2220017, -697630, -413419, 334306, 909319, 366172, 377033, 1556067, 1146724, 438702, 1155933, 1620106, 1926109, -1196247, 429611, 'Jaw']
[2382564, 2225464, -711337, -416249, 318535, 903875, 368434, 374609, 1542695, 1129368, 484913, 1259287, 1626778, 1917986, -1197689, 498859, 'Jaw']
[2385652, 2221226, -700279, -413554, 333004, 907789, 368018, 377835, 1557292, 1148623, 434992, 1160409, 1618830, 1927104, -1198704, 434463, 'Jaw']
[2383238, 2222992, -706046, -416918, 320737, 904236, 367782, 373986, 1544906, 1133653, 489143, 1252209, 1627032, 1920880, -1195717, 493484, 'Jaw']
[2386936, 2223765, -701291, -411304, 332625, 907748, 370095, 379906, 1556467, 1143287, 433356, 1167504, 1615092, 1924337, -1199581, 440379, 'Jaw']
[2381450, 2219427, -702366, -417984, 321872, 904848, 364540, 372338, 1544843, 1128054, 492394, 1244847, 1628445, 1921631, -1193506, 486578, 'Jaw']
[2384839, 2223948, -705909, -412610, 330419, 906242, 371136, 379911, 1554411, 1147435, 430812, 1177822, 1613603, 1923075, -1202162, 449100, 'Jaw']
[2381021, 2216665, -700459, -419648, 323563, 905445, 362371, 371350, 1545008, 1131210, 489336, 1231281, 1629787, 1921585, -1192461, 477550, 'Jaw']
[2384259, 2225298, -710477, -413929, 327419, 904565, 371762, 379759, 1554231, 1143842, 431251, 1189223, 1611681, 1924686, -1203400, 457914, 'Jaw']
[2380978, 2215371, -698141, -418457, 325042, 905869, 361783, 370422, 1544893, 1131787, 486842, 1217613, 1629411, 1922219, -1191447, 467100, 'Jaw']
[2384267, 2227296, -715461, -414487, 324081, 903550, 372516, 378752, 1551760, 1139915, 435041, 1203177, 1611647, 1923232, -1205029, 467538, 'Jaw']
[2381276, 2213997, -695829, -418681, 326774, 906769, 359894, 370171, 1545283, 1131116, 482281, 1204255, 1628672, 1922345, -1192275, 457243, 'Jaw']
[2383501, 2227491, -717932, -416050, 321572, 902303, 371947, 378095, 1550446, 1139528, 440877, 1216616, 1610604, 1923572, -1206186, 477044, 'Jaw']
[2382056, 2212423, -694140, -419373, 328110, 906744, 358522, 369543, 1547765, 1133597, 476848, 1189016, 1627297, 1923998, -1192942, 446544, 'Jaw']
[2382357, 2227420, -720400, -417650, 318747, 900782, 371661, 376698, 1547390, 1136397, 446564, 1229123, 1611875, 1921499, -1208218, 484947, 'Jaw']
[2382670, 2212372, -692727, -418243, 329616, 906693, 358345, 370185, 1549042, 1134806, 469941, 1176390, 1626059, 1923311, -1194450, 438069, 'Jaw']
[2382249, 2227451, -720347, -417915, 317597, 900820, 371576, 376623, 1547334, 1137551, 454829, 1240371, 1614478, 1920220, -1207255, 492054, 'Jaw']
[2382599, 2211808, -692071, -417862, 330635, 906345, 358042, 369856, 1551252, 1138320, 461376, 1164956, 1624427, 1924156, -1195283, 431276, 'Jaw']
[2381002, 2226210, -719770, -418475, 315822, 899386, 369970, 374967, 1544568, 1132922, 462702, 1248885, 1614968, 1919015, -1206613, 497479, 'Jaw']
[2383419, 2212723, -692646, -417060, 332232, 906389, 360633, 370728, 1552301, 1135326, 455031, 1157706, 1621646, 1923190, -1195696, 427174, 'Jaw']
[2380768, 2224547, -718707, -419830, 315394, 899562, 370102, 374604, 1542533, 1129417, 470201, 1254850, 1617489, 1917862, -1204100, 499510, 'Jaw']
[2384257, 2214758, -693708, -416154, 332886, 907319, 362155, 373765, 1553464, 1139255, 447399, 1152464, 1620366, 1924398, -1195712, 425423, 'Jaw']
[2380476, 2223969, -716506, -419584, 316027, 900581, 369479, 374688, 1542760, 1129584, 477744, 1257781, 1619585, 1918154, -1200590, 500939, 'Jaw']
[2384470, 2216425, -696892, -415721, 332726, 906814, 363647, 375072, 1553570, 1140400, 440266, 1150706, 1617261, 1922878, -1196502, 426147, 'Jaw']
[2380779, 2222751, -713946, -419964, 316482, 900740, 367478, 372916, 1542713, 1126624, 483714, 1256019, 1621698, 1917457, -1198856, 497933, 'Jaw']
[2384017, 2217394, -701223, -416563, 331192, 905334, 364220, 375025, 1555259, 1139839, 435243, 1153379, 1615728, 1923332, -1199191, 428638, 'Jaw']
[2380564, 2220289, -710983, -420662, 317010, 901163, 364550, 371758, 1542276, 1128066, 487082, 1250726, 1624146, 1917864, -1198577, 492561, 'Jaw']
[2384896, 2220095, -704462, -415454, 330012, 904981, 366158, 376422, 1555278, 1140572, 432270, 1159705, 1613661, 1924036, -1201778, 434608, 'Jaw']
[2380765, 2218616, -707182, -419828, 319126, 902835, 363625, 370887, 1542423, 1127059, 490181, 1243513, 1626340, 1919482, -1196547, 486215, 'Jaw']
[2384621, 2221499, -707803, -414877, 328474, 904839, 368063, 377262, 1556311, 1142542, 430833, 1169291, 1612531, 1924938, -1202862, 442168, 'Jaw']
[2380842, 2216011, -703619, -419581, 320572, 903046, 361051, 369792, 1542493, 1126711, 490224, 1233176, 1626924, 1919918, -1195236, 478398, 'Jaw']
[2384608, 2223288, -710655, -414415, 326673, 903731, 369416, 378368, 1554548, 1141551, 431799, 1181295, 1611666, 1923802, -1204289, 451592, 'Jaw']
[2381061, 2213966, -699018, -419346, 323205, 904469, 359339, 370588, 1544672, 1128978, 489440, 1220468, 1627927, 1921097, -1193214, 468603, 'Jaw']
[2383912, 2224320, -713428, -415304, 325026, 902659, 371757, 378809, 1553024, 1140291, 434787, 1195139, 1610847, 1922990, -1205069, 462106, 'Jaw']
[2381558, 2212553, -695323, -419600, 326260, 905212, 359585, 369972, 1545603, 1130813, 485631, 1206737, 1628639, 1921800, -1192108, 459149, 'Jaw']
[2383603, 2225536, -715507, -415987, 323267, 902155, 371900, 378406, 1551855, 1139854, 439528, 1209246, 1611778, 1922246, -1205530, 471806, 'Jaw']
[2382076, 2211738, -692635, -419326, 328201, 906041, 357746, 369766, 1547582, 1134234, 480669, 1193653, 1628333, 1922398, -1192183, 450232, 'Jaw']
[2383631, 2226866, -717074, -416131, 321073, 901345, 371958, 378127, 1550887, 1140429, 446225, 1223562, 1612336, 1921544, -1205893, 482121, 'Jaw']
[2382884, 2211827, -691106, -418084, 330268, 906710, 358787, 370466, 1549592, 1138772, 474475, 1181023, 1626974, 1923160, -1192188, 442299, 'Jaw']
[2383782, 2228051, -718030, -415663, 319501, 901663, 372146, 378502, 1549682, 1141861, 453747, 1236761, 1613696, 1920716, -1205018, 491169, 'Jaw']
[2384201, 2213111, -689889, -416013, 332413, 908702, 358349, 371757, 1552753, 1144964, 467968, 1169800, 1626229, 1924915, -1191787, 435075, 'Jaw']
[2383376, 2228078, -717918, -415489, 318342, 902110, 372193, 377209, 1548722, 1143882, 462226, 1247157, 1616004, 1920840, -1203789, 496905, 'Jaw']
[2384602, 2213555, -690016, -414727, 333495, 908849, 360378, 372535, 1554696, 1150157, 460178, 1161397, 1623799, 1925915, -1192222, 430653, 'Jaw']
[2382775, 2227216, -716591, -415537, 317487, 901847, 369520, 375899, 1547983, 1145123, 470268, 1254885, 1617204, 1921058, -1202093, 501669, 'Jaw']
[2385004, 2215092, -691248, -413794, 334272, 908884, 361649, 374103, 1556743, 1154998, 452913, 1156013, 1621395, 1926747, -1193536, 428321, 'Jaw']
[2382783, 2226323, -714632, -416230, 317834, 902147, 369911, 375915, 1547371, 1146900, 477853, 1259658, 1619826, 1921178, -1200220, 503646, 'Jaw']
[2385684, 2216908, -693419, -413517, 335006, 908472, 362784, 375015, 1558250, 1159411, 446171, 1153897, 1619538, 1926945, -1194572, 428475, 'Jaw']
[2382176, 2224393, -712555, -417372, 318265, 902419, 367827, 373988, 1546485, 1148228, 484106, 1259508, 1622464, 1920929, -1198392, 502088, 'Jaw']
[2386077, 2218823, -696249, -413157, 334646, 908388, 364686, 376288, 1559019, 1162799, 440465, 1154588, 1616978, 1927153, -1196726, 430403, 'Jaw']
[2382117, 2222664, -708903, -417450, 319608, 903298, 366843, 373997, 1546882, 1150567, 489594, 1256596, 1624340, 1921669, -1196778, 498764, 'Jaw']
[2385884, 2220379, -699519, -412995, 333221, 907432, 366099, 378093, 1560066, 1166013, 436815, 1160361, 1614605, 1927340, -1198624, 436092, 'Jaw']
[2381867, 2220209, -705926, -418067, 319937, 903246, 363286, 371716, 1547769, 1152853, 492462, 1249794, 1625626, 1921654, -1195845, 492885, 'Jaw']
[2386521, 2222806, -702569, -412109, 331571, 906262, 368502, 378131, 1560962, 1168358, 434478, 1168094, 1612193, 1926643, -1201311, 442669, 'Jaw']
