[1898909, 1266564, 2137755, 1277401, 2095312, 1535330, 804380, 619344, 931106, 1412253, 318839, 741057, 1443476, 1312089, 2262431, 997059, 'Left']
[1897404, 1264205, 2156681, 1288285, 2095946, 1535835, 802255, 618315, 930147, 1411520, 330747, 737155, 1448791, 1314193, 2263105, 989004, 'Left']
[1898933, 1267051, 2138311, 1276465, 2095532, 1535071, 804503, 619239, 930391, 1412199, 320469, 745275, 1445245, 1312783, 2267119, 1001990, 'Left']
[1897559, 1264013, 2156171, 1288206, 2096191, 1535913, 801864, 618059, 930459, 1412059, 328885, 733911, 1446931, 1313639, 2258534, 984781, 'Left']
[1898706, 1266917, 2138739, 1275471, 2094955, 1534536, 804203, 618858, 930111, 1411692, 322227, 748214, 1446845, 1313086, 2271000, 1005597, 'Left']
[1897636, 1263789, 2155417, 1288163, 2096416, 1536634, 802314, 619158, 930788, 1411906, 327008, 731556, 1445682, 1312756, 2254607, 981617, 'Left']
[1898245, 1266609, 2140871, 1276022, 2094001, 1534499, 803805, 618769, 929761, 1411535, 324190, 750851, 1448734, 1313882, 2274551, 1009166, 'Left']
[1897462, 1263907, 2153551, 1287515, 2096478, 1536517, 802186, 618828, 930672, 1412156, 324870, 730830, 1443869, 1312294, 2251985, 980882, 'Left']
[1897976, 1266668, 2141660, 1276628, 2094197, 1534448, 803717, 618611, 929623, 1411670, 326003, 751412, 1449621, 1314620, 2276370, 1010034, 'Left']
[1897534, 1264101, 2151401, 1286757, 2096932, 1536869, 803033, 619173, 931155, 1412356, 323231, 729007, 1442715, 1311929, 2249613, 978735, 'Left']
[1897887, 1266366, 2143953, 1277960, 2093830, 1534364, 803966, 618783, 929786, 1411637, 328081, 752505, 1451045, 1315081, 2279020, 1010930, 'Left']
[1897575, 1264184, 2149115, 1285479, 2096837, 1536602, 804434, 620273, 930874, 1412382, 320966, 728540, 1441048, 1311423, 2248748, 978628, 'Left']
[1897607, 1265722, 2146489, 1279228, 2094028, 1534139, 803311, 618416, 929338, 1411224, 329714, 752970, 1451859, 1315415, 2280714, 1011261, 'Left']
[1897077, 1263651, 2146477, 1282745, 2097130, 1535402, 803182, 618969, 930871, 1411551, 318880, 728367, 1440064, 1310354, 2247997, 979284, 'Left']
[1897508, 1265538, 2148820, 1280210, 2094740, 1534649, 803262, 618927, 928892, 1410238, 331051, 752408, 1452651, 1315009, 2280112, 1010148, 'Left']
[1897785, 1264927, 2144239, 1281719, 2096464, 1536211, 803373, 619952, 931195, 1411814, 318025, 728925, 1439937, 1310417, 2248166, 980733, 'Left']
[1897406, 1265481, 2151305, 1281931, 2094193, 1535012, 802561, 618866, 928967, 1410453, 333084, 751016, 1452909, 1315601, 2278715, 1007664, 'Left']
[1897948, 1265405, 2142637, 1279940, 2096204, 1535790, 803129, 619245, 931082, 1411552, 317386, 730945, 1439668, 1310340, 2249746, 983418, 'Left']
[1897552, 1265406, 2153060, 1283123, 2094404, 1535284, 802462, 618647, 929613, 1410367, 334072, 749117, 1452734, 1315427, 2276206, 1004581, 'Left']
[1898974, 1266232, 2141058, 1279168, 2095976, 1536362, 804216, 620041, 931571, 1411829, 317300, 733251, 1440328, 1310603, 2252214, 986998, 'Left']
[1897139, 1264654, 2154399, 1284571, 2094370, 1535363, 802426, 618838, 929960, 1411076, 334430, 746579, 1452432, 1315840, 2273722, 1001576, 'Left']
[1898284, 1265614, 2139102, 1277439, 2095912, 1535187, 803637, 619105, 930866, 1411405, 316869, 736105, 1441257, 1310482, 2255553, 991189, 'Left']
[1896888, 1264178, 2155102, 1285808, 2095605, 1535446, 802396, 618935, 929740, 1410815, 332965, 742438, 1451235, 1314923, 2269534, 996830, 'Left']
[1898113, 1265898, 2138379, 1276903, 2095717, 1535056, 803818, 619279, 930781, 1411640, 317674, 739051, 1442582, 1311478, 2259685, 995521, 'Left']
[1896617, 1263859, 2156001, 1287111, 2095962, 1535669, 802922, 618802, 930262, 1411502, 331578, 738921, 1449584, 1315068, 2265726, 992484, 'Left']
[1898163, 1266057, 2137992, 1276134, 2095554, 1535133, 804221, 620034, 930640, 1411941, 319179, 742677, 1444084, 1312675, 2264446, 1000053, 'Left']
[1896492, 1263233, 2156058, 1287143, 2095722, 1535616, 802195, 619179, 930286, 1411454, 330149, 736182, 1448179, 1314200, 2261870, 988789, 'Left']
[1897903, 1265978, 2137365, 1274758, 2094979, 1534295, 804231, 619318, 930552, 1411671, 320703, 745767, 1445574, 1312885, 2268178, 1003942, 'Left']
[1896382, 1262724, 2154247, 1286425, 2095925, 1535147, 802084, 618589, 929990, 1411137, 327872, 732474, 1446251, 1313003, 2256834, 984151, 'Left']
[1897285, 1265557, 2137757, 1273984, 2094391, 1533927, 803884, 619341, 929602, 1411081, 322173, 747211, 1446952, 1313177, 2270830, 1006114, 'Left']
[1896336, 1262994, 2153595, 1286542, 2096086, 1535721, 802325, 619257, 930333, 1411336, 326012, 730851, 1444883, 1312492, 2253449, 981846, 'Left']
[1897113, 1265905, 2139347, 1274559, 2093928, 1533856, 803966, 619207, 929808, 1411299, 324338, 750145, 1448557, 1314297, 2274355, 1009153, 'Left']
[1896327, 1262943, 2151853, 1285667, 2096126, 1535543, 801596, 618604, 930521, 1411485, 324078, 729560, 1443143, 1311993, 2250553, 979753, 'Left']
[1896717, 1265234, 2141389, 1274676, 2093634, 1533231, 802970, 618315, 929093, 1410569, 325962, 752081, 1449929, 1314283, 2277044, 1011045, 'Left']
[1896474, 1263176, 2149295, 1284345, 2096946, 1535842, 802921, 619770, 930594, 1411071, 321689, 728408, 1441543, 1310877, 2247868, 978558, 'Left']
[1896978, 1265416, 2144069, 1276786, 2094626, 1533961, 804566, 619185, 929438, 1410548, 328543, 752033, 1451230, 1314923, 2278062, 1010846, 'Left']
[1896327, 1263130, 2147403, 1282789, 2096843, 1535804, 803170, 619595, 930675, 1410958, 320084, 727676, 1440872, 1310547, 2246958, 978242, 'Left']
[1896772, 1265211, 2146365, 1278148, 2094531, 1534665, 803923, 619620, 929233, 1410175, 330224, 752053, 1452200, 1315135, 2278827, 1010258, 'Left']
[1896574, 1263485, 2145468, 1281318, 2096722, 1535694, 802978, 619732, 931020, 1411018, 318941, 728184, 1440214, 1310462, 2246792, 979318, 'Left']
[1896473, 1264644, 2148494, 1279332, 2094446, 1534352, 802950, 618723, 929038, 1409831, 331833, 751740, 1452648, 1315183, 2278200, 1009200, 'Left']
[1896999, 1263968, 2142936, 1279628, 2096399, 1535588, 803336, 619919, 931112, 1410932, 317437, 728719, 1439265, 1309961, 2246339, 980877, 'Left']
[1896704, 1264250, 2151312, 1280754, 2094138, 1534275, 803044, 619007, 929492, 1409943, 333576, 750399, 1452904, 1315533, 2276268, 1007041, 'Left']
[1897081, 1264109, 2141101, 1277841, 2095855, 1534827, 802866, 619142, 930978, 1410746, 316749, 731130, 1439525, 1309676, 2248179, 984387, 'Left']
[1896224, 1264031, 2152653, 1282150, 2094259, 1534301, 802364, 618377, 929278, 1409915, 333806, 748049, 1452305, 1314988, 2273255, 1003665, 'Left']
[1897054, 1264720, 2139318, 1276788, 2095947, 1534889, 804041, 619566, 930870, 1410696, 316547, 733937, 1440143, 1309894, 2250753, 988009, 'Left']
[1896025, 1263945, 2153519, 1283517, 2094843, 1534543, 802636, 618396, 929722, 1410064, 333616, 744968, 1451766, 1315141, 2269701, 999259, 'Left']
[1897362, 1265342, 2137822, 1276043, 2095437, 1535037, 804041, 619757, 930684, 1410785, 317282, 736763, 1441293, 1310737, 2254170, 991663, 'Left']
[1896070, 1263942, 2154335, 1285055, 2095094, 1535276, 802671, 619135, 929666, 1410454, 332826, 740892, 1450303, 1314936, 2265233, 994259, 'Left']
[1897333, 1265420, 2137745, 1275348, 2095152, 1534776, 804065, 619386, 930441, 1411002, 318756, 739817, 1442809, 1311465, 2257900, 995741, 'Left']
[1895693, 1263209, 2155768, 1285773, 2095443, 1535577, 802612, 619217, 929499, 1410371, 331533, 738511, 1449310, 1314278, 2261803, 991379, 'Left']
[1896863, 1265189, 2137438, 1273997, 2094624, 1534663, 804246, 619914, 930053, 1410473, 319573, 743948, 1444412, 1311978, 2262796, 1001350, 'Left']
[1895867, 1262949, 2155048, 1285995, 2096180, 1535803, 802974, 619517, 929826, 1410227, 329202, 734827, 1447362, 1313252, 2257391, 987383, 'Left']
[1896805, 1265532, 2137557, 1273714, 2094513, 1534164, 804663, 619531, 929806, 1410615, 321373, 746149, 1446135, 1312844, 2266495, 1004912, 'Left']
[1895507, 1262668, 2153794, 1285661, 2095872, 1535377, 802401, 619240, 929634, 1410285, 327054, 731956, 1445568, 1312334, 2253379, 983645, 'Left']
[1896637, 1265775, 2138350, 1273634, 2094578, 1533936, 804862, 619599, 929375, 1410117, 322763, 747855, 1447434, 1312956, 2269791, 1007044, 'Left']
[1895883, 1263237, 2153262, 1286096, 2096594, 1536046, 803208, 619746, 930543, 1410640, 325907, 729899, 1444815, 1312113, 2250506, 981011, 'Left']
[1896473, 1266210, 2140676, 1274766, 2094111, 1534052, 803975, 619123, 929569, 1410074, 325452, 750348, 1449657, 1313802, 2273580, 1009993, 'Left']
[1895823, 1263589, 2151609, 1285399, 2096589, 1536128, 803120, 619679, 930939, 1410376, 324116, 728975, 1443237, 1311184, 2248084, 979778, 'Left']
[1896588, 1266576, 2142390, 1275898, 2094557, 1534398, 804922, 619483, 929805, 1409816, 327853, 751884, 1450834, 1314121, 2275988, 1011495, 'Left']
[1896629, 1264482, 2149038, 1284503, 2097578, 1536556, 803910, 619874, 931302, 1410792, 322609, 727668, 1441930, 1310660, 2246273, 978327, 'Left']
[1897191, 1266832, 2145270, 1277737, 2094637, 1534675, 804555, 619383, 929594, 1409827, 330117, 752326, 1452213, 1314562, 2277569, 1011295, 'Left']
[1897214, 1265191, 2147238, 1283318, 2097034, 1536884, 804089, 620048, 931571, 1411111, 321361, 728535, 1441303, 1310698, 2246407, 979485, 'Left']
[1897379, 1266649, 2147568, 1279593, 2094781, 1535547, 804415, 620036, 930094, 1409833, 332394, 752305, 1452868, 1315284, 2278341, 1010674, 'Left']
[1897092, 1265283, 2144296, 1281688, 2097204, 1537062, 804228, 620171, 931685, 1410976, 319614, 728652, 1440488, 1310684, 2246606, 980370, 'Left']
[1896757, 1266006, 2149022, 1280686, 2094674, 1535551, 803773, 619341, 929619, 1409688, 333219, 750829, 1452999, 1315728, 2277290, 1008123, 'Left']
[1896872, 1265354, 2142135, 1279571, 2096330, 1536158, 803992, 619589, 931125, 1410588, 317985, 729837, 1439883, 1310540, 2247765, 982398, 'Left']
[1896377, 1265570, 2150582, 1281640, 2094553, 1535042, 803067, 618755, 929150, 1409443, 333688, 749291, 1452651, 1315460, 2275884, 1005443, 'Left']
[1897129, 1265671, 2140213, 1278603, 2096400, 1536009, 804412, 619903, 931065, 1410229, 317299, 731480, 1439971, 1309988, 2249766, 984847, 'Left']
[1895885, 1264957, 2152743, 1283527, 2094854, 1535485, 803216, 618931, 929668, 1409526, 334273, 746764, 1452610, 1315523, 2273113, 1001825, 'Left']
[1896921, 1265713, 2139194, 1277538, 2095771, 1535652, 804090, 619503, 930742, 1410023, 316903, 734607, 1440795, 1310351, 2253214, 988984, 'Left']
[1895870, 1264898, 2154787, 1285361, 2095420, 1536293, 803237, 619374, 929880, 1409702, 333828, 744284, 1451683, 1315382, 2270510, 998468, 'Left']
[1897058, 1266112, 2138764, 1276864, 2095868, 1535778, 805153, 620165, 930834, 1410366, 318166, 738988, 1442331, 1311417, 2258376, 994395, 'Left']
[1895347, 1263932, 2155386, 1285727, 2095307, 1535826, 802978, 619315, 929971, 1409741, 332531, 740985, 1450409, 1314588, 2266703, 994261, 'Left']
[1897074, 1266274, 2138157, 1275637, 2095437, 1535571, 804898, 620457, 930255, 1409774, 318768, 742680, 1443595, 1311395, 2262145, 999175, 'Left']
[1895929, 1264277, 2155728, 1287018, 2095716, 1536539, 802997, 620076, 930382, 1410116, 331211, 738197, 1448715, 1314261, 2262101, 990484, 'Left']
[1897343, 1266812, 2138039, 1275330, 2095131, 1535240, 804846, 620283, 930542, 1410325, 321229, 746132, 1445158, 1312692, 2265989, 1003278, 'Left']
[1896014, 1264063, 2155338, 1287281, 2096077, 1536314, 802942, 619613, 930511, 1410117, 329749, 735239, 1447109, 1313321, 2257897, 986517, 'Left']
[1897062, 1266744, 2138443, 1275024, 2095106, 1534582, 804818, 619644, 930167, 1410008, 322638, 748514, 1446807, 1312980, 2269676, 1006463, 'Left']
[1895976, 1263820, 2154410, 1287507, 2096723, 1536479, 803311, 620000, 930863, 1410405, 327810, 732800, 1446056, 1312848, 2254294, 983447, 'Left']
[1896484, 1266144, 2139725, 1274972, 2094052, 1533852, 804217, 619167, 929728, 1409771, 324383, 750402, 1448611, 1313394, 2272988, 1009226, 'Left']
[1895957, 1263462, 2153189, 1286271, 2097027, 1536058, 803139, 619738, 930685, 1409989, 325406, 731499, 1444562, 1311755, 2251206, 981821, 'Left']
[1896735, 1266123, 2141733, 1275449, 2094435, 1534365, 804805, 620040, 929858, 1409780, 326498, 752066, 1450520, 1314156, 2275539, 1011478, 'Left']
[1895689, 1263251, 2151296, 1284894, 2096372, 1536185, 803507, 619786, 930762, 1409946, 323277, 730378, 1443231, 1311048, 2248812, 981043, 'Left']
[1896098, 1265575, 2143744, 1276103, 2094008, 1534286, 804427, 619402, 929349, 1409028, 327787, 752864, 1451291, 1314189, 2276977, 1012522, 'Left']
[1895549, 1263476, 2148219, 1283253, 2096392, 1536318, 803031, 619916, 930967, 1409836, 321326, 729301, 1441792, 1310440, 2246629, 980317, 'Left']
[1895842, 1265619, 2145444, 1277279, 2093955, 1534507, 803980, 619196, 929143, 1408902, 329643, 752465, 1452125, 1314415, 2277275, 1011963, 'Left']
[1895349, 1263838, 2146150, 1281791, 2096004, 1536240, 803142, 619759, 931094, 1409983, 319330, 728266, 1440824, 1310148, 2245004, 980119, 'Left']
[1895843, 1265711, 2148255, 1279198, 2093820, 1535002, 804070, 619566, 929390, 1409065, 331386, 752781, 1453133, 1314959, 2277697, 1011564, 'Left']
[1896534, 1265152, 2144025, 1280750, 2096379, 1536431, 803979, 620439, 931594, 1410646, 318137, 729320, 1440211, 1310336, 2245885, 981792, 'Left']
[1895807, 1265350, 2150206, 1280506, 2094175, 1534203, 804066, 618965, 930044, 1409540, 333457, 751306, 1453376, 1315367, 2276541, 1008633, 'Left']
[1896313, 1264951, 2141504, 1278850, 2095907, 1534725, 804028, 619395, 931412, 1409991, 317428, 730044, 1439632, 1309347, 2246740, 982925, 'Left']
[1896216, 1265410, 2152059, 1282289, 2094727, 1534364, 803710, 618991, 929872, 1409056, 334424, 748506, 1452977, 1314779, 2273740, 1004322, 'Left']
[1896941, 1265816, 2140572, 1278048, 2096048, 1534932, 804202, 619892, 931640, 1410233, 317956, 733072, 1440777, 1309918, 2250101, 986652, 'Left']
[1895929, 1265168, 2154151, 1283922, 2094949, 1534955, 803332, 618974, 930242, 1409482, 335031, 746300, 1452592, 1315262, 2271385, 1000768, 'Left']
[1896727, 1265746, 2139738, 1276919, 2095360, 1535263, 803983, 619698, 931221, 1409942, 318215, 736356, 1441712, 1310536, 2253727, 990885, 'Left']
[1895282, 1264538, 2155651, 1284774, 2095445, 1535744, 803314, 619586, 929644, 1409119, 333689, 743764, 1451547, 1314914, 2268146, 997637, 'Left']
[1896614, 1266010, 2138523, 1275562, 2096030, 1535419, 804552, 619941, 931129, 1409944, 318519, 739548, 1442738, 1311178, 2257521, 995147, 'Left']
[1894804, 1264040, 2156150, 1285491, 2095539, 1535807, 802633, 618992, 930175, 1409220, 332526, 739834, 1449940, 1314038, 2263583, 992647, 'Left']
[1896504, 1266728, 2137885, 1275011, 2095074, 1535305, 804479, 619910, 930618, 1410007, 319986, 743229, 1444039, 1311662, 2261721, 999616, 'Left']
[1895167, 1264149, 2155891, 1286484, 2095484, 1536281, 802893, 619645, 930329, 1409860, 330955, 736285, 1448132, 1313817, 2259014, 987884, 'Left']
[1896830, 1267035, 2138051, 1274527, 2095269, 1534829, 804721, 619893, 930850, 1410208, 322016, 745933, 1445704, 1312718, 2265265, 1002903, 'Left']
[1895706, 1264388, 2155398, 1286809, 2096098, 1536317, 802923, 619952, 930651, 1410100, 329595, 733825, 1446589, 1313102, 2254491, 984135, 'Left']
[1896820, 1266844, 2139228, 1274526, 2094357, 1534086, 804223, 619546, 930384, 1409843, 323996, 748653, 1447412, 1313227, 2268481, 1006002, 'Left']
[1895807, 1263931, 2155214, 1286442, 2095700, 1535604, 802747, 619369, 930872, 1409700, 327810, 733030, 1445375, 1312154, 2251694, 982559, 'Left']
[1896978, 1267129, 2141338, 1274796, 2094424, 1534117, 804886, 619606, 930191, 1409632, 325897, 752121, 1449015, 1313752, 2272676, 1009949, 'Left']
[1896274, 1264500, 2153177, 1286247, 2096922, 1536557, 803568, 619901, 931686, 1410315, 326052, 731580, 1444129, 1311987, 2248985, 980770, 'Left']
[1896666, 1266976, 2143431, 1276329, 2094036, 1534773, 804898, 619970, 930306, 1409858, 328160, 753319, 1450715, 1314791, 2275018, 1011435, 'Left']
[1895825, 1264159, 2151055, 1284943, 2096364, 1536421, 803594, 620044, 931818, 1410780, 324075, 731187, 1443166, 1312189, 2247545, 980685, 'Left']
[1895994, 1266280, 2144666, 1276477, 2093639, 1534205, 804163, 619497, 929638, 1409209, 329273, 754325, 1451816, 1314815, 2277040, 1012572, 'Left']
[1895549, 1264043, 2148275, 1282698, 2096192, 1535637, 802993, 619209, 931427, 1410264, 321404, 730339, 1441707, 1310973, 2246247, 980186, 'Left']
[1895646, 1265670, 2146914, 1277579, 2093911, 1533753, 803337, 618532, 929910, 1408936, 331016, 754636, 1453108, 1314849, 2278137, 1012186, 'Left']
[1895740, 1264517, 2145730, 1281089, 2096581, 1535623, 803594, 619600, 931758, 1409769, 319574, 730437, 1441254, 1310152, 2245898, 980963, 'Left']
[1895405, 1265553, 2149048, 1279522, 2094158, 1534208, 803835, 619241, 929958, 1409268, 332843, 753520, 1453857, 1315579, 2277649, 1010288, 'Left']
[1895058, 1264172, 2143232, 1279558, 2096175, 1534770, 803873, 619618, 931224, 1410046, 318064, 730845, 1440650, 1310166, 2246513, 982080, 'Left']
[1894994, 1265044, 2151135, 1281035, 2094561, 1534282, 803530, 619267, 929429, 1408733, 333395, 752016, 1453798, 1315334, 2276243, 1007790, 'Left']
[1895862, 1264786, 2142106, 1278582, 2096282, 1534916, 804204, 620039, 931660, 1410125, 317638, 732745, 1440923, 1310299, 2248491, 985158, 'Left']
[1895400, 1264922, 2153742, 1282632, 2094593, 1534502, 803320, 619438, 929748, 1408990, 334363, 750524, 1453999, 1315530, 2274514, 1005479, 'Left']
[1896584, 1265699, 2140836, 1277576, 2096051, 1534654, 804394, 619919, 931824, 1410137, 317723, 736107, 1441772, 1310640, 2252089, 989697, 'Left']
[1895112, 1264529, 2154641, 1283691, 2094865, 1534374, 802657, 619143, 930348, 1409288, 334419, 747094, 1453117, 1315135, 2270863, 1000972, 'Left']
[1896447, 1265905, 2138898, 1276156, 2095786, 1534404, 804780, 619663, 931376, 1409827, 317876, 738616, 1442925, 1310578, 2255106, 992797, 'Left']
[1894341, 1263445, 2155169, 1284002, 2094948, 1533947, 802345, 618246, 930513, 1408956, 333315, 743201, 1452058, 1314279, 2266602, 995540, 'Left']
[1895472, 1265220, 2137318, 1273814, 2095104, 1533463, 804492, 619325, 930683, 1408708, 318346, 741721, 1444168, 1310234, 2258947, 996614, 'Left']
[1894283, 1263247, 2155109, 1284492, 2095728, 1534188, 802630, 618476, 930577, 1408619, 331636, 739049, 1450684, 1313346, 2262136, 990490, 'Left']
[1895786, 1265770, 2137073, 1273095, 2094794, 1533265, 804385, 618819, 930843, 1408978, 320119, 744948, 1445987, 1311217, 2263489, 1000520, 'Left']
[1894632, 1263273, 2155065, 1285141, 2096159, 1534559, 802778, 618991, 930578, 1408771, 330125, 736096, 1448785, 1312550, 2258480, 986465, 'Left']
[1895698, 1265780, 2137949, 1273013, 2094902, 1533149, 804636, 619490, 930712, 1408833, 322380, 747901, 1447446, 1312019, 2267904, 1004270, 'Left']
[1894700, 1263209, 2154844, 1285929, 2096594, 1535004, 802823, 619470, 930960, 1409225, 328522, 734150, 1447251, 1312443, 2255191, 983852, 'Left']
[1895519, 1265913, 2139326, 1273638, 2094395, 1533256, 804614, 619758, 930373, 1409215, 324187, 750578, 1448908, 1313311, 2271908, 1007981, 'Left']
[1894388, 1262957, 2153768, 1285676, 2096303, 1535506, 802954, 620004, 930991, 1409158, 326503, 732621, 1445350, 1311980, 2252166, 982010, 'Left']
[1894879, 1265713, 2140508, 1274224, 2094109, 1533461, 804420, 619720, 930052, 1408755, 325722, 752228, 1449871, 1313865, 2274315, 1010045, 'Left']
[1894021, 1262979, 2151138, 1284555, 2096579, 1535591, 802933, 619524, 930797, 1409015, 324139, 730692, 1443593, 1311421, 2249057, 979861, 'Left']
[1894375, 1265489, 2141919, 1274986, 2093849, 1533861, 804781, 619948, 929452, 1408229, 327172, 752569, 1450740, 1314427, 2276384, 1010772, 'Left']
[1893960, 1263040, 2148986, 1283513, 2096534, 1536067, 803791, 620507, 931147, 1409089, 322195, 729253, 1442282, 1311269, 2247164, 978679, 'Left']
[1894262, 1265031, 2144969, 1276472, 2094175, 1533807, 804730, 619697, 929184, 1408166, 329538, 753710, 1452339, 1314838, 2278262, 1011629, 'Left']
[1894311, 1263422, 2146733, 1281784, 2096480, 1535475, 803628, 620239, 931292, 1409100, 320507, 729490, 1441144, 1310562, 2246603, 979474, 'Left']
[1894897, 1265389, 2147162, 1278098, 2094220, 1533901, 804129, 619665, 929652, 1408373, 331437, 753264, 1452955, 1315213, 2278466, 1010409, 'Left']
[1895327, 1264332, 2144988, 1280637, 2096394, 1535105, 803751, 620168, 932028, 1409659, 319398, 729608, 1440990, 1310673, 2246469, 979912, 'Left']
[1895090, 1265102, 2150226, 1279762, 2094211, 1533459, 803391, 619084, 929891, 1408404, 333435, 753088, 1454256, 1315457, 2277936, 1008966, 'Left']
[1896013, 1264853, 2143782, 1279253, 2096316, 1534342, 803377, 619462, 931844, 1409702, 318420, 731738, 1441067, 1310209, 2247761, 982776, 'Left']
[1895781, 1265500, 2152945, 1281590, 2095201, 1533770, 803760, 619750, 930286, 1408790, 335049, 752888, 1454722, 1315584, 2277016, 1007629, 'Left']
[1896474, 1265696, 2142079, 1278514, 2096972, 1534864, 805508, 621010, 932238, 1410265, 318358, 734215, 1441564, 1310621, 2249982, 986227, 'Left']
[1894760, 1264960, 2153891, 1282729, 2095105, 1533996, 804156, 619511, 930179, 1408945, 334932, 750035, 1453917, 1315697, 2273958, 1003973, 'Left']
[1895417, 1265802, 2139367, 1276284, 2096570, 1534456, 804880, 620114, 931380, 1409236, 317081, 736741, 1441753, 1310281, 2252712, 990060, 'Left']
[1893816, 1264900, 2154190, 1283701, 2095804, 1534866, 803808, 619612, 929981, 1408405, 333653, 745635, 1452756, 1315080, 2269339, 998600, 'Left']
[1894685, 1265918, 2137981, 1275221, 2096139, 1534844, 805318, 620654, 930792, 1408620, 317556, 739437, 1443035, 1310721, 2256346, 993553, 'Left']
[1893308, 1263947, 2154941, 1284496, 2095616, 1535198, 803374, 619406, 929858, 1407820, 332354, 741971, 1451357, 1314217, 2265749, 994258, 'Left']
[1894473, 1266031, 2137081, 1274372, 2096067, 1534861, 805074, 620067, 930083, 1407822, 318426, 742844, 1444462, 1310862, 2261114, 998120, 'Left']
[1893192, 1263878, 2155068, 1285764, 2096350, 1536282, 803561, 620623, 929649, 1408060, 330650, 738673, 1450030, 1313731, 2262119, 989912, 'Left']
[1894809, 1266366, 2137246, 1274136, 2095458, 1535221, 805479, 621086, 930233, 1408165, 320148, 746415, 1446233, 1311959, 2265683, 1002442, 'Left']
[1893701, 1263877, 2155322, 1286102, 2096707, 1536286, 803395, 620108, 930393, 1408285, 329540, 736650, 1448344, 1313184, 2258532, 986816, 'Left']
[1894826, 1266523, 2137436, 1273282, 2095116, 1534245, 804995, 619816, 929917, 1408041, 322161, 749676, 1447522, 1312418, 2269737, 1006190, 'Left']
[1894007, 1263669, 2153875, 1285696, 2096651, 1535871, 802878, 619531, 930429, 1408099, 327601, 733532, 1446452, 1311962, 2254298, 982576, 'Left']
[1895122, 1266699, 2139123, 1273599, 2094309, 1533758, 804815, 619372, 929967, 1407865, 324954, 752226, 1449540, 1312847, 2273632, 1008909, 'Left']
[1894132, 1263822, 2152432, 1284882, 2096316, 1535589, 802776, 619262, 930533, 1407905, 326219, 733319, 1445109, 1310999, 2252215, 981525, 'Left']
[1894947, 1266455, 2140215, 1273944, 2094025, 1533647, 804384, 618981, 930140, 1407633, 326784, 753025, 1450352, 1313172, 2275378, 1009739, 'Left']
[1894513, 1263961, 2150526, 1284038, 2096706, 1535981, 803202, 619683, 930965, 1407802, 324382, 731515, 1443496, 1310574, 2249261, 979459, 'Left']
[1895222, 1266539, 2142533, 1275283, 2094422, 1534498, 804920, 620148, 929790, 1407555, 328950, 754325, 1451711, 1314197, 2277833, 1010865, 'Left']
[1894431, 1263752, 2147908, 1282232, 2096562, 1535832, 803319, 620058, 931211, 1408095, 322304, 730730, 1442067, 1310621, 2247904, 978874, 'Left']
[1894493, 1265334, 2144739, 1275961, 2094239, 1533432, 804168, 619014, 929095, 1406792, 329984, 754594, 1452527, 1314115, 2279014, 1011024, 'Left']
[1894722, 1263896, 2145312, 1280793, 2097164, 1535475, 803788, 620060, 931066, 1407920, 319732, 730157, 1441047, 1309661, 2247114, 979284, 'Left']
[1894672, 1265173, 2147294, 1278084, 2094503, 1534154, 804414, 619587, 929132, 1407167, 331755, 754394, 1453400, 1314786, 2279563, 1010390, 'Left']
[1894568, 1263950, 2143311, 1279479, 2096506, 1535419, 804185, 620138, 930949, 1407940, 318222, 730952, 1440463, 1309764, 2247850, 981286, 'Left']
[1894304, 1264640, 2149131, 1279666, 2094503, 1534348, 804074, 619650, 929001, 1406967, 332935, 752850, 1453696, 1314885, 2278428, 1008505, 'Left']
[1894204, 1263979, 2140596, 1277968, 2096364, 1534917, 803884, 620061, 930866, 1408128, 316985, 731869, 1440295, 1309629, 2248692, 983601, 'Left']
[1893366, 1263902, 2150344, 1280822, 2094335, 1533850, 802963, 618862, 928671, 1407029, 333374, 750153, 1453371, 1314605, 2275155, 1004830, 'Left']
[1894380, 1264427, 2139058, 1276756, 2095543, 1534635, 804172, 620324, 930684, 1408096, 316743, 734314, 1440703, 1309354, 2250659, 986631, 'Left']
[1893399, 1263866, 2152623, 1282766, 2094570, 1534621, 803844, 620110, 929430, 1408137, 334143, 748028, 1452846, 1314970, 2272277, 1001153, 'Left']
[1893659, 1263974, 2137637, 1275500, 2095747, 1534203, 804634, 620246, 930340, 1408495, 317201, 737706, 1441653, 1310271, 2254033, 990797, 'Left']
[1891750, 1262034, 2153276, 1283098, 2095136, 1534013, 803254, 619601, 928461, 1407549, 332853, 744477, 1451554, 1314329, 2268240, 996731, 'Left']
[1892486, 1263125, 2136210, 1273858, 2095118, 1533258, 804389, 619858, 929152, 1407499, 317193, 740145, 1442281, 1310076, 2257356, 994306, 'Left']
[1890283, 1260759, 2153860, 1283919, 2095690, 1534022, 802704, 619286, 927773, 1406601, 331049, 740377, 1449769, 1313002, 2264138, 992054, 'Left']
[1891596, 1263196, 2135861, 1273670, 2095645, 1534181, 805158, 620625, 928436, 1406815, 318256, 743662, 1444044, 1310383, 2262345, 999170, 'Left']
[1889400, 1260103, 2154226, 1285156, 2096055, 1535148, 803273, 620004, 927955, 1406589, 329067, 737173, 1448501, 1312730, 2260385, 988335, 'Left']
[1890531, 1262728, 2136396, 1273069, 2095073, 1534146, 805683, 620623, 927748, 1406254, 319320, 747666, 1445920, 1311318, 2267153, 1004549, 'Left']
[1888599, 1259520, 2153469, 1285394, 2096356, 1535477, 803686, 619954, 928094, 1406365, 326940, 735093, 1446819, 1312025, 2256571, 985832, 'Left']
[1889041, 1261637, 2136475, 1272552, 2094270, 1533617, 804871, 620005, 927484, 1405899, 321104, 749478, 1447208, 1311833, 2270056, 1007083, 'Left']
[1887938, 1258493, 2152046, 1284508, 2096331, 1535363, 803315, 620409, 927563, 1405650, 324660, 732340, 1444978, 1310692, 2252705, 982362, 'Left']
[1888672, 1261428, 2137912, 1272415, 2094527, 1533133, 804718, 619899, 926764, 1405414, 322847, 751209, 1448804, 1312041, 2273344, 1009310, 'Left']
[1888185, 1258615, 2150523, 1284066, 2096443, 1535300, 803132, 620030, 928531, 1406255, 323415, 730272, 1443648, 1310466, 2249510, 979622, 'Left']
[1888125, 1260661, 2140179, 1273233, 2094014, 1532502, 804954, 619446, 926746, 1405037, 325298, 752536, 1450238, 1312630, 2276047, 1010609, 'Left']
[1887475, 1258107, 2148100, 1282240, 2096611, 1534721, 803812, 620101, 928040, 1405383, 321240, 729162, 1441971, 1309205, 2247653, 978450, 'Left']
[1887558, 1260034, 2141945, 1274164, 2093953, 1532722, 805050, 619891, 925961, 1404666, 326929, 752591, 1450877, 1312903, 2277222, 1010512, 'Left']
[1886843, 1257832, 2145453, 1280566, 2096711, 1534496, 803520, 619794, 927418, 1405022, 318716, 728158, 1440423, 1308613, 2246138, 978107, 'Left']
[1887178, 1259583, 2144673, 1275432, 2093873, 1532723, 803933, 619066, 925657, 1404090, 328180, 752526, 1451750, 1312718, 2277982, 1010163, 'Left']
[1887563, 1258661, 2143436, 1279110, 2096627, 1535022, 804142, 621132, 927277, 1405287, 316951, 729155, 1439734, 1308420, 2246475, 979873, 'Left']
[1887289, 1259635, 2146686, 1277089, 2094238, 1533084, 803788, 619383, 925421, 1404208, 329796, 751902, 1452393, 1313544, 2277679, 1009123, 'Left']
[1887740, 1259328, 2140782, 1277478, 2096322, 1534271, 803719, 620100, 927257, 1405217, 315242, 728999, 1438992, 1308293, 2246254, 980836, 'Left']
[1887858, 1260104, 2149280, 1278815, 2094976, 1533561, 803734, 620075, 925855, 1404517, 331572, 750308, 1452629, 1313948, 2276466, 1006593, 'Left']
[1889417, 1260790, 2139314, 1276446, 2096534, 1534581, 804244, 620679, 928440, 1405920, 315361, 731068, 1439520, 1308765, 2248694, 983955, 'Left']
[1889177, 1260773, 2150921, 1280432, 2094718, 1533801, 803493, 619548, 926946, 1405165, 332580, 747846, 1452335, 1314204, 2273632, 1003063, 'Left']
[1890699, 1261782, 2138325, 1275448, 2095715, 1534113, 804433, 620422, 928783, 1406020, 315699, 734097, 1440162, 1309081, 2251090, 987671, 'Left']
[1890024, 1261481, 2152326, 1281840, 2094792, 1533840, 803410, 619437, 928065, 1405791, 332770, 745605, 1451727, 1314386, 2270042, 999497, 'Left']
[1891118, 1262535, 2136783, 1274007, 2095122, 1533242, 804141, 619624, 928870, 1406149, 316398, 736887, 1441153, 1309429, 2253683, 991046, 'Left']
[1889948, 1261028, 2154103, 1282747, 2095010, 1533323, 802479, 618895, 928379, 1405374, 332153, 742693, 1450814, 1313262, 2266105, 995336, 'Left']
[1891594, 1263153, 2136695, 1272991, 2095670, 1533215, 804975, 620350, 929190, 1405845, 317125, 741372, 1442905, 1309549, 2258262, 996469, 'Left']
[1890622, 1261644, 2154080, 1283558, 2096293, 1534011, 803323, 619642, 928678, 1405781, 330661, 739402, 1449715, 1312698, 2262017, 991228, 'Left']
[1892191, 1263986, 2136019, 1272394, 2095692, 1533145, 805215, 620257, 929587, 1406225, 319155, 744212, 1444796, 1310783, 2262101, 1000019, 'Left']
[1890993, 1261625, 2153557, 1283939, 2096397, 1534418, 803200, 620025, 929151, 1406103, 328971, 736069, 1447949, 1312170, 2257543, 986787, 'Left']
[1892321, 1264319, 2136048, 1271873, 2095180, 1532969, 804892, 620565, 929448, 1406303, 320755, 746855, 1446204, 1311430, 2266086, 1003484, 'Left']
[1891121, 1261508, 2152849, 1283909, 2096463, 1534099, 802829, 619795, 929167, 1406095, 327059, 733169, 1446145, 1311326, 2253682, 983011, 'Left']
[1892536, 1264743, 2137053, 1271876, 2094534, 1532610, 804779, 620213, 928949, 1406174, 322605, 749350, 1447888, 1311906, 2269786, 1006448, 'Left']
[1891787, 1261958, 2152454, 1284205, 2096581, 1534588, 803215, 619956, 930109, 1406584, 325864, 731741, 1445302, 1310980, 2250925, 980838, 'Left']
[1892869, 1265024, 2139494, 1272780, 2094686, 1532809, 804882, 620179, 929347, 1406327, 325199, 751977, 1449764, 1312755, 2273517, 1009538, 'Left']
[1892687, 1262806, 2150696, 1283772, 2097861, 1534925, 803916, 620558, 930682, 1407137, 324401, 730694, 1443688, 1310623, 2248459, 979576, 'Left']
[1893235, 1265464, 2141416, 1274064, 2094953, 1532572, 805245, 620100, 929547, 1406723, 327702, 752673, 1450942, 1313564, 2275327, 1010197, 'Left']
[1892908, 1263004, 2149199, 1282687, 2097269, 1534529, 803805, 620329, 930873, 1407246, 322723, 729662, 1442420, 1310255, 2246698, 978535, 'Left']
[1893716, 1265727, 2144525, 1275542, 2094856, 1532818, 804749, 619808, 929658, 1406651, 330031, 754514, 1452553, 1314275, 2278114, 1011682, 'Left']
[1893349, 1263615, 2146388, 1280551, 2096624, 1534039, 802802, 619498, 931488, 1407423, 321290, 729877, 1441481, 1309842, 2245940, 978827, 'Left']
[1893605, 1265175, 2146333, 1276118, 2094004, 1532379, 804020, 619354, 929719, 1406428, 331853, 754117, 1453203, 1314239, 2277654, 1010179, 'Left']
[1893315, 1263427, 2144103, 1278187, 2096385, 1533304, 803398, 619361, 931053, 1406826, 319210, 730448, 1440780, 1308957, 2245579, 979864, 'Left']
[1893371, 1264493, 2148063, 1276882, 2094437, 1531994, 803731, 618385, 929374, 1405685, 332726, 753134, 1453284, 1313616, 2276524, 1008260, 'Left']
[1893908, 1264080, 2141920, 1276719, 2096604, 1533310, 803805, 619637, 931175, 1406943, 318063, 731199, 1440099, 1308694, 2245963, 981299, 'Left']
[1893291, 1264377, 2150614, 1278687, 2094760, 1532396, 803154, 619094, 929514, 1406012, 334214, 752106, 1453795, 1314320, 2275162, 1005814, 'Left']
[1894212, 1264470, 2140436, 1276003, 2096546, 1533222, 804433, 620133, 931118, 1406955, 317261, 733074, 1440425, 1308969, 2248021, 984148, 'Left']
[1893221, 1263962, 2152775, 1280611, 2095276, 1532587, 803677, 619380, 929634, 1406203, 334844, 749536, 1453451, 1314483, 2273055, 1002608, 'Left']
[1894311, 1264581, 2139253, 1274768, 2096022, 1532787, 804261, 619520, 931301, 1406906, 317417, 735969, 1441134, 1309194, 2251661, 988409, 'Left']
[1893219, 1263922, 2154112, 1282017, 2095412, 1533239, 803647, 619489, 930150, 1406672, 334866, 746475, 1452373, 1314481, 2269364, 998687, 'Left']
[1894377, 1265321, 2137912, 1273945, 2095776, 1533211, 805297, 620524, 931359, 1407357, 318623, 739045, 1442298, 1310202, 2254976, 992513, 'Left']
[1892461, 1263157, 2154800, 1282949, 2095376, 1533407, 803645, 619735, 930363, 1406528, 333833, 742583, 1450950, 1313817, 2264963, 993768, 'Left']
[1893732, 1265235, 2136795, 1272681, 2095536, 1532859, 804960, 619851, 930426, 1406305, 319197, 742475, 1443678, 1310109, 2258991, 996612, 'Left']
[1892381, 1262937, 2154682, 1283417, 2095760, 1533870, 802567, 619359, 930416, 1405989, 331676, 738773, 1449562, 1312728, 2260091, 988846, 'Left']
[1893866, 1265424, 2136786, 1271374, 2094988, 1532784, 805083, 620012, 930371, 1405775, 320759, 746199, 1445352, 1310789, 2263047, 1000882, 'Left']
[1893040, 1263186, 2154362, 1283929, 2096398, 1534228, 803635, 619888, 930639, 1406016, 330313, 735911, 1447771, 1311936, 2256002, 984830, 'Left']
[1894613, 1266207, 2137242, 1271698, 2094850, 1532591, 805498, 620443, 930560, 1406354, 323326, 748636, 1447135, 1311864, 2267379, 1004104, 'Left']
[1893517, 1263053, 2153789, 1284134, 2096325, 1533975, 803414, 619852, 931263, 1406685, 328837, 733293, 1446058, 1311686, 2252367, 981323, 'Left']
[1894858, 1266183, 2138680, 1271707, 2094676, 1531941, 805150, 619568, 930491, 1406183, 325291, 751281, 1448798, 1312235, 2270924, 1007092, 'Left']
[1894032, 1263298, 2153236, 1283636, 2096428, 1534290, 803559, 620276, 931592, 1406728, 327312, 732343, 1445060, 1310977, 2249621, 979709, 'Left']
[1895043, 1266606, 2140361, 1272365, 2094231, 1532218, 805184, 619909, 930433, 1406715, 327319, 753245, 1450293, 1313457, 2273524, 1009204, 'Left']
[1894639, 1263954, 2150850, 1282878, 2097293, 1534150, 803669, 619883, 931767, 1407380, 325436, 730673, 1443534, 1310971, 2246764, 977923, 'Left']
[1894941, 1266575, 2142417, 1273744, 2094840, 1532386, 805001, 619779, 930132, 1406284, 329666, 753854, 1451605, 1313872, 2275428, 1010073, 'Left']
[1893995, 1264076, 2148201, 1281546, 2097174, 1534277, 803993, 619926, 931750, 1407168, 323393, 730165, 1442564, 1310705, 2245325, 977828, 'Left']
[1893869, 1266272, 2143993, 1275019, 2094268, 1532995, 804981, 620259, 929742, 1405665, 330772, 754955, 1452885, 1313857, 2277087, 1011005, 'Left']
[1893538, 1264511, 2144569, 1280007, 2097141, 1535015, 804533, 620689, 931478, 1406785, 320652, 729679, 1441251, 1309915, 2244407, 977891, 'Left']
[1893705, 1266367, 2145767, 1277031, 2094520, 1534020, 805105, 620503, 929435, 1405399, 332220, 754057, 1453616, 1314274, 2277206, 1009339, 'Left']
[1893737, 1264923, 2142398, 1278842, 2096524, 1534904, 804402, 620393, 931744, 1406701, 319252, 730222, 1440677, 1309744, 2245318, 979602, 'Left']
[1893452, 1265716, 2148144, 1278374, 2094179, 1533416, 804932, 619733, 929502, 1405077, 333750, 753288, 1453759, 1314318, 2276766, 1007826, 'Left']
[1894329, 1265605, 2140517, 1277496, 2096416, 1534987, 805561, 620867, 931538, 1406587, 318382, 732246, 1440519, 1309388, 2247162, 982393, 'Left']
[1893923, 1265707, 2150443, 1280084, 2095082, 1533948, 804838, 619813, 929799, 1405729, 335183, 751851, 1453734, 1314883, 2275418, 1005166, 'Left']
[1895467, 1266301, 2138979, 1276126, 2096858, 1534552, 805237, 620816, 931564, 1406484, 318615, 735232, 1441034, 1309345, 2250719, 986328, 'Left']
[1894670, 1265758, 2151635, 1281370, 2095163, 1533800, 803775, 619630, 930578, 1405847, 336188, 749002, 1453303, 1314594, 2272812, 1001149, 'Left']
[1895496, 1266473, 2137481, 1274779, 2095640, 1533516, 804561, 619829, 931768, 1406510, 319304, 737850, 1441761, 1309619, 2254083, 989533, 'Left']
[1894468, 1265718, 2153291, 1282890, 2095349, 1534189, 803974, 619777, 930438, 1406033, 335663, 746655, 1452180, 1314258, 2270155, 997432, 'Left']
[1895515, 1266655, 2136830, 1273818, 2095472, 1533421, 804948, 619992, 931670, 1406601, 320167, 741635, 1443006, 1310374, 2258657, 994178, 'Left']
[1893944, 1264838, 2153565, 1283284, 2095311, 1534020, 803864, 619340, 930705, 1405913, 334185, 742689, 1450611, 1313614, 2266045, 992848, 'Left']
[1894617, 1266020, 2135172, 1272346, 2094931, 1532761, 805047, 619823, 931180, 1406009, 320771, 743756, 1444230, 1310925, 2262227, 997750, 'Left']
[1892690, 1263202, 2153714, 1283490, 2095214, 1533481, 803288, 619059, 930519, 1404842, 331963, 738261, 1448952, 1312219, 2261249, 988009, 'Left']
[1893734, 1265661, 2135295, 1271427, 2093986, 1532705, 805176, 619738, 930553, 1404938, 321827, 747230, 1445974, 1310661, 2266795, 1002562, 'Left']
[1893250, 1263738, 2152849, 1284178, 2095760, 1534683, 804674, 620100, 930906, 1405264, 330045, 735152, 1447231, 1311515, 2257117, 984531, 'Left']
[1893890, 1265689, 2136187, 1271468, 2093797, 1532507, 805999, 619981, 930700, 1405514, 324009, 749086, 1447592, 1311827, 2270397, 1005533, 'Left']
[1893197, 1263489, 2151766, 1283836, 2095484, 1534743, 803907, 620241, 930210, 1405178, 327723, 733135, 1445459, 1310849, 2253863, 982026, 'Left']
