[1610202, 831251, 1194146, -732560, 724583, 86528, 420544, -332183, 189348, 1221696, 228429, 503610, 270318, 632381, 401776, 1024443, 'Left']
[1614502, 833686, 1154375, -725260, 730978, 91051, 423552, -327707, 199488, 1222947, 186727, 416759, 252901, 600804, 362815, 986137, 'Left']
[1610413, 830517, 1198702, -728777, 724998, 86660, 419311, -332498, 190785, 1223338, 229051, 489637, 271234, 632508, 397391, 1020065, 'Left']
[1615226, 834995, 1150445, -727952, 730898, 90847, 424551, -326956, 199561, 1222422, 187963, 430941, 252973, 602070, 367061, 990453, 'Left']
[1609410, 828570, 1202282, -725982, 725121, 86204, 417879, -333727, 190993, 1223060, 227906, 475106, 270636, 630549, 392488, 1016151, 'Left']
[1614948, 835439, 1148851, -731164, 730763, 90809, 425887, -326116, 198345, 1221163, 189826, 447573, 253586, 603742, 372443, 995843, 'Left']
[1609104, 827392, 1204072, -722952, 725384, 86932, 417146, -333823, 191896, 1223652, 225026, 458823, 269896, 628005, 386993, 1011369, 'Left']
[1615279, 836516, 1148387, -733910, 730564, 91071, 426770, -325076, 197299, 1220848, 192839, 464040, 254699, 606687, 378326, 1002010, 'Left']
[1609012, 826695, 1203347, -720480, 726169, 87473, 417384, -333601, 192980, 1224626, 221022, 442008, 268587, 625074, 380894, 1005907, 'Left']
[1614426, 836443, 1149708, -737120, 729871, 90064, 427616, -325436, 195760, 1220352, 196638, 480036, 256230, 610155, 384339, 1007531, 'Left']
[1608308, 825453, 1201424, -719450, 725886, 86859, 415838, -334984, 193686, 1224285, 215910, 426501, 266468, 620701, 374792, 999469, 'Left']
[1614005, 836617, 1153125, -739228, 728819, 89089, 426670, -326019, 194226, 1219344, 201271, 494904, 257822, 613529, 390142, 1012378, 'Left']
[1608996, 825871, 1197165, -717558, 727168, 87635, 416457, -333917, 195317, 1224636, 210926, 412933, 264247, 616887, 369307, 993368, 'Left']
[1613077, 836213, 1158275, -740074, 728161, 88640, 426027, -326374, 193170, 1219442, 206805, 506570, 260283, 618119, 395883, 1016981, 'Left']
[1609380, 826394, 1192299, -716700, 728112, 88441, 416796, -333402, 196233, 1224607, 205260, 402914, 261944, 612811, 365603, 988842, 'Left']
[1612631, 836070, 1164997, -740254, 727190, 88385, 425493, -326789, 191814, 1219526, 212426, 515892, 262677, 622172, 401092, 1021356, 'Left']
[1610292, 827462, 1186087, -716372, 728964, 89497, 417602, -332027, 197631, 1224862, 200542, 396292, 259678, 609066, 362466, 985148, 'Left']
[1612073, 835394, 1172451, -739404, 726548, 88136, 424479, -327637, 190809, 1219751, 218256, 520844, 265094, 625839, 404594, 1024538, 'Left']
[1611491, 828870, 1179400, -716820, 729842, 90589, 419451, -330516, 198508, 1224666, 196201, 393942, 257576, 605821, 360739, 983133, 'Left']
[1611516, 834555, 1179598, -738076, 726182, 88053, 424226, -328468, 190393, 1220536, 222911, 521020, 267273, 629360, 406502, 1026450, 'Left']
[1611857, 829713, 1172205, -719071, 730604, 90916, 420924, -329400, 198922, 1224081, 191903, 395215, 255359, 603329, 360128, 982680, 'Left']
[1610174, 832595, 1186872, -737206, 725363, 86973, 422512, -329748, 189245, 1220287, 225625, 517141, 268663, 631059, 406522, 1027135, 'Left']
[1612503, 830855, 1165485, -722056, 730407, 90657, 421158, -328774, 198782, 1222849, 188276, 401034, 253560, 600990, 360701, 982812, 'Left']
[1609710, 831494, 1193443, -734855, 724956, 86202, 420683, -331510, 189048, 1221055, 227706, 509228, 269787, 631989, 404581, 1024797, 'Left']
[1613481, 832585, 1159421, -724382, 731295, 90778, 422573, -326968, 198996, 1222726, 186735, 410557, 252935, 600332, 362517, 984005, 'Left']
[1609346, 830354, 1198760, -731167, 725537, 86411, 419672, -330006, 189792, 1222413, 228778, 497225, 271245, 632559, 401037, 1021697, 'Left']
[1613575, 833473, 1154915, -727132, 731468, 90888, 423828, -325121, 198704, 1222137, 186728, 423066, 252999, 601114, 366464, 987621, 'Left']
[1608240, 828279, 1202937, -728417, 725043, 85962, 417952, -331351, 189794, 1222637, 227562, 483009, 270884, 631465, 396926, 1017961, 'Left']
[1614076, 834810, 1151397, -729915, 731275, 90802, 424498, -324288, 197706, 1221182, 187296, 438423, 252775, 602369, 370877, 992332, 'Left']
[1608471, 827776, 1204766, -724425, 725967, 86685, 417664, -331490, 191379, 1224083, 226283, 466436, 270566, 629914, 390728, 1012931, 'Left']
[1614554, 835946, 1150184, -732124, 731664, 91150, 426654, -322990, 197606, 1221207, 190838, 454141, 254054, 605238, 375980, 997871, 'Left']
[1608269, 826638, 1206364, -721420, 726202, 87383, 417057, -331495, 192437, 1224365, 223394, 450394, 269514, 627182, 384983, 1008689, 'Left']
[1614245, 836134, 1150937, -735192, 730990, 90982, 427076, -322921, 196423, 1220307, 194129, 471122, 255314, 608276, 381536, 1004619, 'Left']
[1608130, 825535, 1204553, -719484, 727151, 88237, 416841, -331234, 193552, 1224324, 218526, 433594, 268050, 623391, 378051, 1003189, 'Left']
[1613276, 835424, 1153215, -738366, 730051, 90217, 426709, -323426, 194912, 1218951, 198071, 486070, 257123, 611538, 386922, 1010437, 'Left']
[1607867, 824710, 1201403, -718483, 727522, 88206, 416239, -331536, 194264, 1223656, 212766, 418998, 265370, 618665, 371691, 997347, 'Left']
[1613048, 835617, 1157208, -739967, 729036, 89504, 425877, -324069, 193290, 1218434, 202843, 499675, 258775, 615333, 391931, 1015565, 'Left']
[1608690, 825327, 1196696, -717104, 727960, 88534, 415796, -331572, 195507, 1223985, 207389, 406582, 263146, 614570, 365807, 991954, 'Left']
[1612930, 835826, 1162481, -740316, 728631, 89030, 426146, -324492, 192536, 1218968, 208855, 509782, 261370, 619697, 396304, 1019894, 'Left']
[1609283, 825868, 1190885, -716502, 728958, 89189, 416748, -330785, 197117, 1224330, 202587, 397362, 260967, 610993, 361424, 987716, 'Left']
[1611618, 834731, 1169688, -740327, 727490, 88298, 424896, -325655, 191092, 1218614, 214193, 517154, 263393, 623498, 400297, 1024094, 'Left']
[1610145, 827335, 1184250, -716360, 730583, 90510, 418538, -329002, 198266, 1224388, 197599, 392683, 258655, 607266, 358454, 984907, 'Left']
[1610516, 833716, 1177405, -739070, 726904, 88007, 423437, -326499, 190390, 1219635, 219509, 519749, 265919, 627521, 402678, 1026949, 'Left']
[1610047, 827730, 1178131, -717909, 730186, 90864, 418978, -328181, 197907, 1223516, 192556, 393143, 255877, 604253, 357622, 984257, 'Left']
[1610111, 833135, 1185049, -737044, 726298, 88364, 422863, -326937, 189361, 1219954, 222975, 519401, 267309, 629987, 404279, 1028582, 'Left']
[1611457, 829464, 1170945, -719337, 731124, 91818, 420397, -326937, 199435, 1223964, 189786, 396689, 254564, 602601, 357662, 984166, 'Left']
[1609153, 831080, 1191989, -735671, 725655, 87574, 420902, -328361, 188974, 1220088, 226092, 513644, 268768, 631731, 403439, 1028439, 'Left']
[1611776, 830232, 1164554, -722927, 731230, 91207, 421444, -326472, 198821, 1222211, 186647, 404718, 252811, 600326, 359227, 985240, 'Left']
[1608423, 829802, 1198135, -733283, 725318, 86485, 419718, -330157, 188790, 1220368, 227347, 503758, 269696, 631458, 401149, 1025133, 'Left']
[1612963, 832343, 1158691, -725514, 731364, 90957, 422398, -325674, 199037, 1221793, 186040, 415767, 252387, 600041, 362244, 986747, 'Left']
[1607893, 828451, 1202830, -730261, 724558, 85924, 417786, -331042, 189490, 1221316, 228153, 490703, 270130, 631286, 397509, 1021276, 'Left']
[1613022, 833368, 1155106, -728822, 730873, 90521, 423206, -325312, 198315, 1220812, 186804, 430452, 251911, 600757, 367009, 991141, 'Left']
[1607769, 827658, 1205778, -726572, 725233, 86584, 417300, -331393, 190252, 1221955, 226934, 476018, 269836, 629815, 393031, 1016757, 'Left']
[1613330, 834413, 1151898, -731087, 731080, 91220, 425156, -323769, 197960, 1220493, 188790, 445317, 252941, 603115, 372169, 995437, 'Left']
[1607270, 826233, 1207343, -723472, 725239, 86938, 416362, -331729, 190850, 1222717, 224317, 459397, 269258, 627911, 387971, 1012012, 'Left']
[1613892, 835724, 1151654, -733640, 730786, 91241, 425963, -323440, 196628, 1220207, 192017, 462463, 253931, 606079, 378663, 1001650, 'Left']
[1607837, 826184, 1206471, -720075, 726435, 87997, 416324, -331734, 192589, 1224315, 221484, 442540, 268070, 625238, 381933, 1006158, 'Left']
[1613147, 835830, 1152981, -736567, 729815, 90873, 425965, -323551, 195108, 1219679, 196365, 478714, 255243, 610042, 384942, 1007724, 'Left']
[1607741, 825777, 1204179, -718038, 727020, 89288, 415759, -330996, 193613, 1224381, 216522, 427182, 265580, 621644, 376004, 1000598, 'Left']
[1612520, 835827, 1155786, -738315, 729425, 91205, 426426, -322951, 193751, 1219141, 201238, 493457, 256727, 614175, 390764, 1013403, 'Left']
[1607094, 824529, 1199766, -716904, 727929, 89622, 416091, -330966, 194559, 1224022, 211129, 412860, 263294, 617572, 370153, 995287, 'Left']
[1610699, 834196, 1160412, -740154, 728506, 89999, 425442, -323916, 191517, 1217828, 205668, 504922, 258723, 617514, 395834, 1018601, 'Left']
[1606683, 823673, 1194673, -716255, 728651, 89613, 416545, -330339, 195054, 1223548, 205069, 401901, 261093, 612796, 365260, 990467, 'Left']
[1609514, 832748, 1166023, -740254, 728068, 89039, 425678, -324800, 190290, 1217437, 211150, 513692, 261578, 621137, 399767, 1022650, 'Left']
[1606291, 822818, 1188369, -716455, 728879, 89396, 416770, -330343, 195777, 1222598, 199723, 394615, 259115, 608364, 360977, 986678, 'Left']
[1608252, 831123, 1173424, -739638, 727008, 88154, 424934, -325997, 188965, 1216930, 216238, 518791, 264157, 624220, 402608, 1025518, 'Left']
[1607049, 824110, 1180999, -716717, 730287, 90762, 419450, -328834, 196978, 1222317, 195093, 391414, 257616, 604941, 358609, 983527, 'Left']
[1606740, 829901, 1179921, -737812, 726365, 88197, 423752, -326665, 188742, 1217992, 220846, 518412, 267027, 627961, 404190, 1026226, 'Left']
[1606173, 824643, 1173587, -718206, 730159, 91188, 419066, -327890, 197027, 1221975, 190100, 392265, 255135, 602587, 357674, 981874, 'Left']
[1604538, 828558, 1187127, -735884, 725269, 88024, 421903, -327939, 186858, 1218237, 223086, 515697, 267437, 630212, 404643, 1026759, 'Left']
[1606771, 826819, 1166365, -719505, 730438, 92366, 420857, -325959, 197152, 1222067, 186918, 398320, 252834, 601277, 358641, 982173, 'Left']
[1604083, 827674, 1193596, -732693, 724517, 87992, 420317, -328331, 187113, 1219434, 226000, 508000, 268301, 632195, 403054, 1025088, 'Left']
[1607520, 828039, 1160443, -722394, 730544, 92253, 421949, -325365, 197448, 1221428, 185443, 407771, 251537, 600671, 360946, 983528, 'Left']
[1602825, 825003, 1199900, -731009, 724086, 86903, 418821, -330024, 186995, 1219558, 226671, 496794, 268861, 632002, 400522, 1021558, 'Left']
[1607606, 828290, 1156492, -726466, 730596, 91478, 423289, -324983, 196196, 1219389, 184377, 421076, 250774, 600207, 364945, 986646, 'Left']
[1602555, 823390, 1204417, -728232, 724374, 86644, 417727, -331055, 187562, 1219827, 225901, 482649, 269257, 630739, 396199, 1017630, 'Left']
[1608786, 830084, 1153140, -729476, 731043, 91291, 424908, -324201, 196045, 1218741, 185807, 435752, 251533, 601530, 369644, 991201, 'Left']
[1603612, 823728, 1206401, -725101, 725400, 87168, 417422, -330820, 188794, 1220693, 224496, 466042, 269324, 628730, 390816, 1012647, 'Left']
[1609372, 831566, 1152010, -733077, 730449, 90847, 424781, -324002, 195168, 1218140, 188646, 451524, 252778, 603816, 375330, 996696, 'Left']
[1603888, 823137, 1207740, -722661, 725605, 87263, 415556, -332346, 189969, 1221409, 221038, 449756, 268145, 625759, 385043, 1007403, 'Left']
[1610367, 833070, 1152714, -735809, 729963, 90905, 425949, -323826, 193991, 1217197, 191507, 468937, 253547, 606383, 381360, 1002825, 'Left']
[1604723, 823312, 1207106, -720300, 725835, 88012, 415405, -332045, 191023, 1221480, 216993, 434678, 266123, 622152, 379483, 1002321, 'Left']
[1611290, 834752, 1155135, -737459, 729423, 91268, 425917, -323315, 193493, 1217525, 196861, 485270, 255307, 610677, 387643, 1008640, 'Left']
[1606749, 824767, 1203291, -717470, 727215, 89608, 415702, -331528, 193616, 1223426, 212909, 419502, 264551, 619079, 373134, 996067, 'Left']
[1611406, 834925, 1159637, -738620, 728230, 90557, 425092, -324237, 192870, 1218343, 202736, 498722, 257972, 615411, 393041, 1013741, 'Left']
[1607102, 824493, 1200290, -716156, 727002, 89300, 414976, -331922, 194667, 1223550, 207806, 408771, 262140, 615034, 368365, 991273, 'Left']
[1611391, 834900, 1165376, -738873, 727653, 89720, 425516, -324841, 191885, 1218702, 208121, 510987, 260100, 619499, 398219, 1018412, 'Left']
[1608370, 825547, 1193853, -715023, 728646, 90038, 416824, -330796, 196401, 1224414, 202502, 399584, 260321, 611104, 363853, 986209, 'Left']
[1610863, 834359, 1171569, -738419, 727178, 89338, 424248, -325360, 191119, 1219425, 213718, 517713, 262978, 623642, 402005, 1021606, 'Left']
[1608898, 826349, 1187423, -715547, 729213, 90723, 417606, -329557, 197427, 1224311, 197276, 394586, 257972, 607530, 360881, 983267, 'Left']
[1610297, 834042, 1178702, -738139, 726483, 88866, 423209, -326492, 189820, 1219256, 218299, 521805, 264770, 626835, 404850, 1024708, 'Left']
[1609995, 828076, 1179469, -716976, 729983, 91633, 418443, -328820, 198471, 1224046, 192790, 393715, 255596, 604387, 358898, 980942, 'Left']
[1609457, 832646, 1185185, -737167, 725749, 88413, 421931, -327629, 189436, 1219693, 222479, 519760, 266759, 629591, 405154, 1024979, 'Left']
[1610610, 828965, 1171805, -719549, 730516, 91421, 418924, -328406, 198848, 1222951, 188977, 396699, 253931, 601844, 358379, 980302, 'Left']
[1608605, 830946, 1192055, -735568, 724827, 87352, 419753, -329161, 188695, 1219325, 225185, 514446, 268041, 630885, 404164, 1024562, 'Left']
[1611983, 830579, 1165656, -721915, 730375, 91649, 420144, -327432, 198823, 1221960, 186748, 405096, 252345, 600129, 359666, 982255, 'Left']
[1609576, 830706, 1198382, -732093, 724797, 87704, 418950, -330262, 189569, 1221038, 227811, 505545, 269467, 632004, 401505, 1023044, 'Left']
[1613909, 832822, 1160162, -724014, 731067, 92385, 422398, -326416, 199678, 1222385, 186866, 415988, 252497, 600583, 362007, 985277, 'Left']
[1608895, 829182, 1203593, -729086, 724656, 87489, 417710, -331856, 190403, 1222129, 228643, 492890, 270643, 632153, 397788, 1020492, 'Left']
[1613820, 833782, 1156312, -727201, 730777, 92282, 422687, -326022, 199231, 1221657, 187157, 430501, 252268, 601468, 366503, 989484, 'Left']
[1608132, 827872, 1207026, -726192, 724560, 87610, 415986, -332627, 190723, 1222334, 227431, 478813, 269914, 630524, 393344, 1016207, 'Left']
[1614117, 835183, 1153187, -730202, 730948, 92726, 423914, -324270, 198404, 1220622, 188721, 446283, 252372, 603063, 371658, 993861, 'Left']
[1607800, 826917, 1207945, -723136, 725313, 88388, 415600, -332276, 191844, 1223082, 224642, 461657, 269153, 628417, 387638, 1010319, 'Left']
[1613387, 835207, 1152673, -733856, 730276, 91411, 424129, -324986, 196711, 1219359, 190918, 462524, 253060, 605592, 377653, 999268, 'Left']
[1608247, 826513, 1207180, -720642, 726314, 88491, 415018, -332345, 192552, 1223235, 220274, 445278, 267275, 624738, 381917, 1004295, 'Left']
[1613740, 836073, 1153325, -736146, 730164, 91340, 424993, -324217, 195874, 1219272, 195193, 478313, 254969, 609185, 383773, 1004619, 'Left']
[1607965, 825583, 1205145, -718618, 727062, 88575, 414480, -332663, 193801, 1223766, 216105, 428983, 266006, 621168, 375837, 998333, 'Left']
[1613112, 835986, 1156555, -738057, 729553, 90600, 425139, -324355, 193937, 1218450, 199866, 493068, 256913, 612678, 389766, 1009871, 'Left']
[1608511, 825776, 1202100, -716486, 728111, 89647, 415657, -331607, 194841, 1223994, 211098, 415611, 264161, 617323, 371041, 993150, 'Left']
[1613677, 836864, 1161075, -738230, 729551, 90987, 425670, -324337, 193893, 1219111, 206183, 505387, 259786, 617299, 395567, 1015269, 'Left']
[1609274, 826307, 1196598, -715277, 728812, 90572, 415727, -331212, 196771, 1224508, 206690, 404164, 262264, 613671, 366135, 988494, 'Left']
[1612266, 835643, 1168054, -739394, 727640, 89976, 424000, -325626, 191762, 1218637, 211564, 515160, 261680, 621598, 400434, 1020548, 'Left']
[1610404, 827438, 1190732, -715098, 729293, 91429, 416309, -330318, 197779, 1224666, 201264, 397296, 259287, 609580, 362194, 985113, 'Left']
[1611613, 834747, 1175183, -738943, 726373, 89372, 422856, -326709, 190802, 1219001, 216829, 520672, 263843, 625518, 403303, 1024057, 'Left']
[1611154, 828310, 1184064, -715828, 730027, 92266, 418053, -328713, 198410, 1224021, 196031, 394407, 256695, 606435, 359836, 982920, 'Left']
[1610543, 833339, 1182571, -737837, 726196, 88825, 422244, -327186, 190319, 1219901, 221733, 521325, 266147, 629140, 405321, 1025888, 'Left']
[1611022, 828509, 1177372, -718168, 730316, 91765, 418157, -328239, 198444, 1223192, 191698, 395492, 254599, 603428, 359284, 982487, 'Left']
[1609406, 831610, 1189915, -736549, 725302, 88145, 420684, -328310, 188975, 1219467, 224717, 519206, 267238, 630508, 406045, 1027229, 'Left']
[1611769, 829824, 1169902, -720227, 731377, 92212, 419990, -326837, 198848, 1222470, 188637, 400899, 253051, 601058, 359835, 982743, 'Left']
[1608991, 830567, 1195677, -734091, 725681, 87909, 419517, -329165, 189471, 1220341, 227536, 511218, 269150, 632270, 404420, 1025110, 'Left']
[1612225, 831024, 1163840, -723041, 731345, 92273, 420616, -326240, 199382, 1221843, 187255, 409638, 252429, 600543, 361867, 983779, 'Left']
[1608360, 829412, 1201608, -731139, 725580, 88305, 418303, -329705, 189459, 1220691, 228474, 500518, 269922, 632383, 401629, 1022348, 'Left']
[1612635, 832331, 1159521, -726180, 731586, 92697, 422228, -324967, 198581, 1221173, 186718, 422376, 252029, 600929, 365585, 987204, 'Left']
[1608042, 828360, 1206665, -727741, 725602, 88337, 417457, -330626, 190046, 1221848, 228306, 486750, 270446, 631658, 397624, 1018674, 'Left']
[1613426, 834102, 1156415, -728829, 731597, 92838, 423608, -324090, 198666, 1221076, 188281, 437023, 252781, 602431, 370386, 991831, 'Left']
[1607740, 827382, 1209241, -724844, 726077, 88547, 416414, -331283, 190978, 1222911, 226921, 470874, 270129, 630395, 392508, 1014558, 'Left']
[1613144, 834829, 1154811, -732055, 730900, 92477, 424287, -323899, 197252, 1220389, 190432, 453076, 252983, 605063, 375873, 997187, 'Left']
[1607367, 826398, 1210226, -722011, 725844, 88921, 415406, -331254, 191619, 1223312, 223743, 454160, 268653, 627499, 386621, 1009106, 'Left']
[1613187, 835671, 1155270, -734675, 730226, 92255, 424760, -323262, 196022, 1219642, 193980, 469949, 254134, 608008, 381722, 1003551, 'Left']
[1607334, 825676, 1209623, -719626, 726445, 88950, 414646, -331937, 192761, 1223606, 219792, 438378, 266826, 624207, 380543, 1003712, 'Left']
[1613533, 836485, 1157496, -737022, 730164, 92040, 425327, -322886, 195116, 1219151, 198521, 485846, 255714, 611229, 387576, 1009166, 'Left']
[1607722, 825453, 1207101, -717836, 727122, 89503, 414835, -331461, 194564, 1224117, 215411, 422843, 265292, 620032, 374429, 998197, 'Left']
[1612853, 836229, 1161602, -739028, 729096, 91166, 424947, -323662, 193672, 1218355, 203535, 499672, 257958, 614952, 393220, 1015319, 'Left']
[1608780, 826120, 1202208, -716327, 728428, 90358, 415023, -330973, 195645, 1223948, 209835, 410490, 263133, 615789, 368937, 993432, 'Left']
[1612818, 836185, 1166367, -739263, 729139, 90797, 424594, -324229, 193063, 1218871, 209462, 509993, 260904, 619752, 397841, 1020050, 'Left']
[1609065, 826088, 1196588, -715548, 729328, 90837, 415579, -330246, 196916, 1224196, 203756, 400581, 261327, 612150, 364394, 989403, 'Left']
[1611591, 835017, 1173176, -739045, 728022, 90168, 423987, -324887, 191803, 1218801, 212578, 517817, 263472, 623606, 401803, 1024265, 'Left']
[1609383, 826720, 1190286, -715696, 729687, 91555, 416289, -329472, 197733, 1223935, 197088, 395718, 258739, 608144, 361117, 986331, 'Left']
[1610514, 833931, 1180388, -738329, 727143, 89827, 422870, -325556, 190462, 1219090, 217123, 522029, 265251, 627221, 404362, 1027045, 'Left']
[1610263, 828016, 1182632, -716411, 730926, 92651, 417728, -327999, 198592, 1223804, 192486, 394565, 256497, 605384, 359113, 984187, 'Left']
[1608844, 832092, 1187734, -737268, 725905, 89028, 420742, -327461, 189258, 1219578, 221069, 521555, 266919, 630076, 405496, 1028393, 'Left']
[1610132, 828592, 1176087, -718700, 730628, 92745, 418427, -327148, 198531, 1222867, 188063, 398664, 253748, 602707, 359214, 984091, 'Left']
[1608403, 831204, 1194548, -734854, 725878, 89377, 420286, -327474, 188720, 1219747, 223718, 517331, 267899, 631537, 405400, 1028159, 'Left']
[1611134, 830334, 1168787, -720843, 731589, 93890, 420488, -325408, 198922, 1222310, 185600, 405428, 252524, 601118, 360534, 984908, 'Left']
[1607935, 830175, 1200037, -731811, 725855, 89586, 419461, -328009, 189310, 1220822, 226119, 507279, 269178, 632677, 403121, 1025905, 'Left']
[1611633, 831509, 1163024, -723861, 731874, 93791, 421485, -324485, 198593, 1221575, 185064, 415869, 251572, 600787, 363493, 987070, 'Left']
[1607544, 828799, 1205043, -729029, 726008, 89452, 418228, -329398, 189246, 1221196, 226621, 495346, 269452, 632207, 399758, 1022563, 'Left']
[1612568, 833192, 1158356, -726294, 732572, 94280, 423631, -323280, 198792, 1221230, 185618, 429168, 251527, 601690, 367255, 990526, 'Left']
[1607353, 827776, 1208553, -725646, 726392, 89488, 417059, -330290, 190256, 1222264, 226181, 480219, 269823, 631403, 395098, 1018307, 'Left']
[1612902, 834156, 1155981, -729536, 732184, 93657, 423877, -323150, 198186, 1220540, 187590, 444798, 252354, 603471, 372238, 995391, 'Left']
[1607292, 826732, 1210645, -722213, 727046, 89757, 415954, -330705, 191510, 1222843, 224261, 463936, 269263, 629108, 389241, 1012939, 'Left']
[1613000, 835111, 1155119, -732049, 732217, 93547, 424781, -322796, 197127, 1219870, 190424, 461313, 253463, 606376, 377852, 1000592, 'Left']
[1606728, 825441, 1210807, -719680, 727034, 89757, 414705, -331277, 192191, 1223298, 220292, 447382, 267917, 626139, 383401, 1007203, 'Left']
[1612475, 835132, 1157025, -734946, 731032, 92844, 424598, -323037, 195418, 1218633, 193683, 478300, 254537, 609112, 384331, 1007038, 'Left']
[1606968, 824939, 1209549, -717442, 727736, 90438, 414949, -331194, 193326, 1223400, 215564, 432093, 265968, 622234, 377893, 1002660, 'Left']
[1612430, 835355, 1159971, -737056, 730159, 92642, 425296, -322996, 194249, 1218686, 198734, 493562, 256597, 613258, 390512, 1013697, 'Left']
[1607188, 824706, 1205840, -716115, 728201, 90982, 415280, -331142, 194275, 1223650, 210409, 418410, 263650, 618166, 372080, 997486, 'Left']
[1611617, 835219, 1164383, -738567, 729556, 92174, 425385, -323398, 192432, 1218446, 203649, 506486, 258359, 617433, 395895, 1018886, 'Left']
[1607519, 824947, 1200414, -715450, 728907, 91671, 415412, -330478, 195596, 1223850, 204661, 406841, 261368, 613995, 366767, 992513, 'Left']
[1610746, 834532, 1170140, -739400, 728535, 91137, 423987, -324733, 191517, 1218251, 208921, 515653, 260983, 621168, 399919, 1023302, 'Left']
[1608079, 825782, 1193924, -715159, 729957, 92025, 415465, -330191, 196808, 1223685, 199259, 398672, 259092, 609669, 362387, 988292, 'Left']
[1609792, 833764, 1176961, -738731, 727689, 90352, 422911, -325750, 190443, 1218648, 214182, 521090, 263233, 624811, 402966, 1026292, 'Left']
[1608669, 826506, 1187252, -715593, 730775, 92483, 416755, -328773, 197792, 1223492, 194356, 395140, 256681, 606057, 359700, 985759, 'Left']
[1608777, 832380, 1184772, -737620, 727054, 89812, 422083, -326414, 189472, 1218668, 218733, 523050, 265388, 627826, 405041, 1028875, 'Left']
[1609543, 827874, 1180194, -716451, 731889, 93365, 418442, -327484, 198824, 1223029, 190230, 395948, 254732, 603172, 358479, 984616, 'Left']
[1608077, 831426, 1192031, -735075, 727167, 89812, 420775, -327216, 189280, 1219066, 222972, 520140, 267230, 630412, 405244, 1029625, 'Left']
[1610264, 829140, 1173523, -718399, 732577, 94236, 419868, -325533, 198936, 1222199, 187024, 400605, 253031, 601582, 358672, 985434, 'Left']
[1608089, 830452, 1198412, -732676, 727012, 90326, 419637, -327804, 189545, 1219894, 225516, 512660, 268652, 632429, 403507, 1029161, 'Left']
[1610944, 830033, 1167356, -721790, 732476, 93941, 420937, -325392, 198944, 1221246, 185294, 409390, 251962, 600781, 360226, 987768, 'Left']
[1606721, 827945, 1204885, -730886, 726335, 88967, 418379, -329532, 188855, 1219539, 226376, 502433, 269189, 631779, 400499, 1026948, 'Left']
[1611759, 831553, 1162579, -725135, 733077, 93800, 422250, -324377, 198359, 1219824, 184524, 422431, 251226, 599795, 363600, 990576, 'Left']
[1606923, 827466, 1208714, -727596, 726522, 89114, 416518, -330677, 189797, 1220980, 226421, 488362, 269729, 631207, 395659, 1021869, 'Left']
[1611955, 832775, 1159045, -728408, 732016, 93271, 422455, -324590, 197939, 1219504, 185687, 437165, 251399, 601049, 367680, 994123, 'Left']
[1607250, 827263, 1211274, -723878, 726588, 89508, 416171, -330854, 190152, 1221231, 224627, 473956, 268614, 629088, 390752, 1017227, 'Left']
[1612898, 834620, 1156731, -730329, 731805, 93626, 423755, -323553, 197656, 1219723, 188857, 453346, 252335, 604017, 373051, 998829, 'Left']
[1606927, 825940, 1212004, -720398, 726552, 90045, 414777, -331195, 191894, 1222698, 222717, 457027, 268318, 627096, 384892, 1011603, 'Left']
[1612434, 834692, 1156956, -733159, 731282, 93296, 424327, -323390, 196264, 1218915, 192293, 470278, 253732, 606968, 379248, 1004979, 'Left']
[1606481, 824557, 1211524, -717820, 727336, 90464, 414997, -331238, 192576, 1223005, 218423, 440724, 266793, 623750, 379053, 1006457, 'Left']
[1612345, 834984, 1158857, -735076, 731225, 93465, 425511, -322651, 194810, 1218535, 196442, 486068, 255523, 610791, 385372, 1011403, 'Left']
[1607064, 824536, 1208423, -715552, 728757, 91568, 415752, -330799, 194057, 1223469, 213808, 425429, 265279, 620096, 373204, 1001456, 'Left']
[1611547, 834627, 1162281, -737102, 729945, 92785, 425171, -323230, 193564, 1218113, 201560, 500149, 257746, 614726, 391494, 1017240, 'Left']
[1607421, 824980, 1203551, -714139, 729352, 92685, 416128, -330069, 194983, 1223580, 208002, 412855, 262644, 615695, 368157, 995606, 'Left']
[1610798, 834945, 1166814, -737498, 729392, 92822, 425177, -323810, 192310, 1218443, 206543, 511331, 259889, 619171, 397030, 1021131, 'Left']
[1607276, 825423, 1197187, -713620, 729615, 92880, 416052, -329238, 196231, 1223687, 202172, 402762, 259961, 611844, 364124, 990126, 'Left']
[1610041, 834706, 1172866, -737683, 727967, 91626, 423967, -324401, 190898, 1218204, 211294, 519065, 261471, 622770, 401421, 1024274, 'Left']
[1608479, 826931, 1190516, -713717, 730154, 93170, 416690, -328421, 197679, 1223692, 197088, 396941, 257664, 608009, 360907, 985927, 'Left']
[1609796, 834323, 1180379, -736532, 727285, 90981, 422908, -325101, 190179, 1218677, 217034, 523282, 263940, 626482, 404276, 1026734, 'Left']
[1610155, 828694, 1183705, -714354, 731240, 93800, 417619, -327446, 198766, 1223802, 193260, 395829, 255554, 604942, 359262, 984088, 'Left']
[1609488, 833258, 1187914, -734987, 726845, 90467, 421701, -326838, 190167, 1219591, 222285, 522637, 266243, 629687, 405702, 1028159, 'Left']
[1611101, 829606, 1177100, -716378, 731990, 94032, 419671, -326286, 199138, 1222717, 189794, 399224, 253669, 602491, 359567, 984293, 'Left']
[1609244, 831895, 1195039, -732909, 726933, 90347, 421400, -326999, 189757, 1219701, 225607, 518578, 267983, 631617, 405736, 1028784, 'Left']
[1611788, 830625, 1170422, -718604, 732397, 94593, 420951, -325147, 199533, 1221988, 187583, 405931, 252587, 601015, 360742, 985659, 'Left']
[1608269, 830136, 1201138, -730558, 726586, 90026, 419504, -328492, 189552, 1219905, 227037, 509693, 269023, 632433, 403703, 1027196, 'Left']
[1612157, 831659, 1164320, -722119, 732948, 94544, 422146, -324085, 199069, 1220637, 185419, 416514, 251599, 600138, 363350, 987373, 'Left']
[1607921, 829060, 1205570, -728155, 726603, 90198, 417935, -329191, 189521, 1220158, 226859, 497675, 269396, 631768, 400336, 1022890, 'Left']
[1612640, 833053, 1159331, -725355, 732795, 94838, 422745, -323329, 198897, 1220117, 185400, 429759, 251394, 600983, 367079, 989567, 'Left']
[1607266, 827621, 1208998, -725263, 726275, 90154, 416506, -330129, 190081, 1220898, 226045, 482755, 269157, 630771, 395324, 1017577, 'Left']
[1613043, 834310, 1156071, -728514, 732202, 94623, 423748, -323060, 197819, 1219258, 186965, 445390, 251314, 602471, 371881, 993737, 'Left']
[1607372, 826660, 1210301, -721687, 727038, 90546, 415861, -330150, 191461, 1222274, 224185, 465468, 268707, 628717, 389535, 1011553, 'Left']
[1613407, 835162, 1154898, -730619, 732099, 94214, 424853, -322398, 197377, 1219666, 190490, 460801, 252992, 605578, 377801, 998433, 'Left']
[1607252, 825738, 1210736, -718490, 726968, 90449, 415157, -330542, 192296, 1223090, 221006, 449083, 267459, 625868, 384453, 1006274, 'Left']
[1613142, 835489, 1156186, -732860, 731366, 93989, 425620, -321625, 196200, 1219329, 194238, 477604, 254355, 608980, 384597, 1004636, 'Left']
[1607075, 824969, 1208653, -715995, 727938, 91340, 415152, -330159, 193782, 1223763, 216306, 432550, 265995, 622244, 378730, 999955, 'Left']
[1611962, 835068, 1158803, -735289, 730624, 93289, 425544, -321849, 194511, 1218706, 198212, 492121, 256236, 612879, 390805, 1009888, 'Left']
[1606339, 824293, 1205219, -715262, 728067, 91163, 414465, -330425, 193880, 1222992, 210122, 418855, 263157, 617628, 373315, 994666, 'Left']
[1611382, 835388, 1162817, -736674, 730190, 92991, 425323, -321970, 192829, 1218144, 203200, 505516, 257843, 616434, 396437, 1015276, 'Left']
[1606856, 824744, 1199530, -714019, 729611, 92141, 415020, -329713, 195568, 1223536, 205119, 406879, 261132, 613771, 368191, 989098, 'Left']
[1609982, 834158, 1168958, -738319, 728880, 91711, 424050, -323374, 191049, 1217454, 208301, 515330, 260218, 620369, 401176, 1019478, 'Left']
[1607680, 825258, 1193478, -714635, 730135, 92378, 415408, -329143, 196515, 1223111, 199105, 399490, 258350, 609219, 364142, 984756, 'Left']
[1610222, 833893, 1175875, -738031, 728290, 91000, 422696, -324686, 190158, 1217494, 213653, 521769, 262476, 624060, 404429, 1022698, 'Left']
[1609814, 827033, 1186602, -714700, 731102, 93240, 416777, -328363, 197884, 1223176, 195083, 395739, 256659, 605942, 361071, 982111, 'Left']
[1610670, 833529, 1182730, -736025, 727949, 91118, 422646, -325412, 190962, 1219194, 219787, 522381, 265650, 627896, 405571, 1024723, 'Left']
[1610658, 828093, 1179542, -715640, 731708, 93993, 417978, -327079, 199070, 1223127, 191363, 395837, 254997, 603658, 359721, 981431, 'Left']
[1609282, 831745, 1190473, -734312, 727074, 90394, 420889, -326619, 189802, 1219212, 223292, 520135, 267198, 630411, 406119, 1025877, 'Left']
[1610859, 829158, 1173082, -717380, 732295, 94306, 419420, -325375, 199216, 1222235, 187881, 401159, 253093, 601557, 360387, 982123, 'Left']
[1608484, 830956, 1197275, -731480, 727134, 90788, 420137, -326654, 189166, 1219577, 225565, 514292, 268167, 631746, 405819, 1025812, 'Left']
[1611901, 831354, 1165882, -719360, 733474, 95715, 421693, -323380, 199675, 1221992, 185854, 409453, 251829, 600728, 362491, 983793, 'Left']
[1607470, 829232, 1202482, -728692, 726601, 90691, 418259, -327761, 189486, 1220600, 226963, 502382, 269165, 632675, 402791, 1023045, 'Left']
[1611671, 831755, 1161124, -723478, 732452, 95037, 421985, -323062, 198312, 1220441, 184807, 421591, 250722, 600596, 365934, 987529, 'Left']
[1606867, 827600, 1206854, -726671, 726745, 90613, 417601, -328744, 189491, 1220862, 226208, 489189, 268828, 631672, 398846, 1019850, 'Left']
[1611833, 832555, 1157199, -727481, 732293, 94730, 422820, -323137, 197669, 1219622, 185224, 435759, 250865, 601541, 370283, 990956, 'Left']
[1606587, 826417, 1209737, -724091, 726651, 90514, 416019, -329862, 189924, 1221208, 224528, 473463, 268426, 629346, 393490, 1013978, 'Left']
[1612390, 833825, 1155715, -730257, 731847, 94755, 423275, -322275, 197013, 1219219, 187952, 452158, 251696, 603704, 375683, 995342, 'Left']
[1606632, 825571, 1211030, -720555, 727044, 90890, 414907, -330313, 191499, 1222471, 222220, 457292, 267806, 627186, 387711, 1008415, 'Left']
[1612178, 834335, 1155412, -732777, 731691, 93749, 423821, -322612, 196181, 1218838, 191485, 468667, 253090, 606836, 381226, 1001063, 'Left']
[1606241, 824348, 1210617, -718097, 727507, 90536, 414278, -330657, 192152, 1222292, 218211, 440840, 266072, 623483, 381477, 1002765, 'Left']
[1612635, 835308, 1157867, -734315, 731644, 93884, 425056, -321675, 195185, 1218254, 196257, 485125, 254797, 610265, 387486, 1006903, 'Left']
[1606730, 824243, 1208292, -715436, 728806, 91368, 414431, -330022, 193823, 1222906, 214125, 426040, 264450, 619878, 375972, 997039, 'Left']
[1611796, 834754, 1161938, -736331, 730964, 92915, 424576, -322167, 193434, 1217509, 201223, 499731, 256665, 614311, 393550, 1012578, 'Left']
[1606714, 823594, 1204578, -714519, 729303, 91709, 414919, -329754, 194895, 1222864, 208630, 413335, 262276, 615798, 370556, 991990, 'Left']
[1611233, 834287, 1167542, -737680, 730028, 92682, 424750, -322479, 191659, 1216659, 206334, 512228, 258749, 618158, 399066, 1018481, 'Left']
[1607736, 824453, 1198308, -714067, 730614, 93271, 415488, -328536, 196398, 1222899, 203128, 403839, 259991, 611865, 365934, 987601, 'Left']
[1609874, 832989, 1173646, -738434, 729189, 92067, 423196, -323567, 190633, 1216903, 211678, 519417, 261458, 622133, 402495, 1021190, 'Left']
[1608240, 825134, 1191449, -714640, 731579, 93801, 416401, -327586, 196828, 1222266, 197209, 397765, 257429, 607605, 362143, 982883, 'Left']
[1609628, 832541, 1179994, -737501, 728783, 92028, 422867, -324039, 189941, 1217703, 216515, 522728, 263777, 626046, 404843, 1022650, 'Left']
[1609294, 826407, 1183713, -715285, 732393, 94769, 417442, -326608, 197968, 1222377, 192711, 395151, 255259, 604842, 359870, 979906, 'Left']
[1608878, 831493, 1186862, -735869, 727672, 91645, 420920, -324980, 189547, 1218495, 221132, 521535, 265645, 629394, 405761, 1023278, 'Left']
[1610114, 827908, 1176591, -716938, 732625, 95064, 418465, -325304, 198309, 1221987, 189315, 397617, 252856, 602304, 359440, 979268, 'Left']
[1608438, 830625, 1194345, -733379, 727718, 91243, 420781, -325873, 189191, 1219298, 225276, 517232, 267223, 631542, 406058, 1023630, 'Left']
[1611066, 829504, 1170303, -718751, 733466, 95173, 420632, -323776, 199037, 1221835, 187536, 404209, 251944, 600999, 361293, 980553, 'Left']
[1607693, 829316, 1200852, -730655, 727344, 91054, 419409, -326412, 188962, 1219756, 227204, 508673, 268355, 632216, 404813, 1022662, 'Left']
[1611227, 830483, 1164867, -721660, 733231, 95420, 421524, -322898, 198813, 1221075, 186075, 414762, 250914, 600635, 364290, 983309, 'Left']
[1606637, 827351, 1206349, -728167, 727139, 90525, 417686, -328070, 188600, 1219986, 227105, 497109, 268373, 631933, 401611, 1019880, 'Left']
[1611715, 831682, 1160502, -725082, 733765, 95545, 422964, -322192, 197704, 1219677, 185308, 428636, 250355, 600828, 368369, 987036, 'Left']
[1606255, 825984, 1210003, -725197, 727293, 91110, 416422, -328577, 189353, 1220790, 226135, 482144, 268414, 630942, 396678, 1015271, 'Left']
[1611855, 832524, 1157366, -728551, 733218, 95487, 423575, -321707, 196857, 1218720, 186567, 444036, 250502, 602395, 373028, 991468, 'Left']
[1606337, 825364, 1211670, -722092, 727994, 91355, 415801, -329071, 190163, 1221206, 223863, 466363, 267795, 628557, 391161, 1009930, 'Left']
[1612655, 834125, 1156251, -730919, 733102, 95410, 424156, -321170, 196701, 1218790, 190003, 460029, 251913, 605246, 378297, 996248, 'Left']
[1606478, 824721, 1212027, -719127, 727840, 91411, 414434, -329526, 191572, 1222135, 220570, 449517, 266739, 625713, 385038, 1004219, 'Left']
[1612749, 834962, 1157264, -733388, 732374, 94841, 425599, -320730, 195419, 1218296, 193697, 476806, 253433, 608542, 384529, 1002240, 'Left']
