[1976485, 2054670, -837970, -745730, 1177156, 1361307, 667356, 193266, 1037924, 1982987, 1220670, 784326, 1444330, 1045211, 84779, 174271, 'Left']
[1970125, 2044929, -832506, -750116, 1190226, 1367636, 660935, 193639, 1048997, 1992896, 1170451, 734316, 1382584, 1045777, -54782, 107443, 'Left']
[1974935, 2052666, -838360, -746880, 1191232, 1361953, 665539, 192065, 1036587, 1981725, 1224611, 786111, 1447642, 1044991, 84700, 172949, 'Left']
[1971582, 2046929, -831614, -748225, 1176571, 1366468, 662353, 194786, 1049686, 1993662, 1167044, 733072, 1379855, 1045268, -51786, 110863, 'Left']
[1974091, 2051504, -837644, -747157, 1204941, 1363823, 663208, 191000, 1036559, 1981695, 1227745, 787436, 1449357, 1045537, 80487, 169978, 'Left']
[1973313, 2049154, -831427, -746546, 1162711, 1365366, 663983, 195390, 1050400, 1994482, 1165820, 734117, 1379754, 1045303, -44794, 115826, 'Left']
[1972445, 2049502, -837757, -748498, 1217119, 1364995, 662259, 190351, 1036479, 1981753, 1228254, 786889, 1448530, 1045969, 71259, 164052, 'Left']
[1974298, 2050669, -831944, -745832, 1150686, 1363587, 665209, 195764, 1050193, 1994137, 1166016, 736008, 1381829, 1044916, -34344, 121738, 'Left']
[1970847, 2047386, -837609, -749919, 1228232, 1366155, 660740, 189969, 1036484, 1981623, 1226584, 783893, 1445810, 1045859, 58778, 156871, 'Left']
[1975879, 2052597, -832287, -744717, 1141648, 1362354, 667534, 196797, 1049812, 1993535, 1168423, 739567, 1385981, 1044633, -20420, 129055, 'Left']
[1969441, 2045281, -837407, -750901, 1236621, 1367876, 659304, 189733, 1037187, 1982173, 1223238, 779807, 1440748, 1046187, 43570, 148598, 'Left']
[1976553, 2053712, -833156, -744005, 1135047, 1361531, 668822, 196796, 1048558, 1992558, 1172449, 744430, 1391432, 1044395, -3820, 137382, 'Left']
[1968262, 2043608, -836658, -751525, 1241460, 1369211, 658912, 189776, 1037914, 1983016, 1217579, 774220, 1433853, 1046259, 26859, 139953, 'Left']
[1977743, 2055232, -833406, -742976, 1131624, 1360799, 669885, 197404, 1047495, 1991544, 1178192, 750432, 1399246, 1044582, 13670, 145571, 'Left']
[1967459, 2042294, -835704, -752009, 1243082, 1370117, 657667, 190175, 1039485, 1984393, 1211661, 767881, 1426206, 1046386, 9085, 131202, 'Left']
[1978529, 2056163, -833771, -742335, 1131936, 1360288, 670247, 197005, 1046010, 1990340, 1185649, 757171, 1407561, 1044522, 31415, 154325, 'Left']
[1967599, 2041879, -834523, -751904, 1240807, 1370756, 657648, 190342, 1041368, 1986059, 1204923, 761523, 1418065, 1046412, -7918, 124214, 'Left']
[1979037, 2057005, -834407, -742212, 1135187, 1359657, 670506, 196368, 1044765, 1988979, 1193517, 763853, 1416396, 1044499, 47446, 161396, 'Left']
[1967591, 2041907, -834021, -751981, 1235014, 1370741, 656818, 190754, 1043361, 1987755, 1197199, 754464, 1409075, 1046545, -24198, 116805, 'Left']
[1978672, 2056837, -836036, -743052, 1142498, 1359225, 669740, 195435, 1042689, 1987075, 1201395, 770553, 1424673, 1044700, 62163, 167496, 'Left']
[1968108, 2042292, -833124, -751384, 1226747, 1370337, 658608, 191778, 1045066, 1989358, 1189141, 748033, 1400586, 1046631, -36832, 111708, 'Left']
[1978226, 2056308, -836416, -743338, 1152399, 1359485, 669091, 194657, 1041109, 1985737, 1209083, 776306, 1432989, 1045163, 73818, 171178, 'Left']
[1968108, 2042057, -832685, -751373, 1215768, 1369215, 658540, 191829, 1046280, 1990306, 1181566, 742076, 1392882, 1046177, -46716, 108010, 'Left']
[1977699, 2055236, -836645, -744228, 1164605, 1359876, 668647, 193855, 1039253, 1983789, 1215716, 781070, 1439546, 1044782, 82088, 174205, 'Left']
[1969396, 2043248, -831666, -750412, 1203182, 1368516, 660431, 193327, 1048132, 1991763, 1175410, 737566, 1386678, 1045902, -52327, 106856, 'Left']
[1976359, 2053745, -837116, -745563, 1178513, 1360728, 666482, 192561, 1037898, 1982494, 1221220, 784732, 1444897, 1044921, 86413, 175058, 'Left']
[1970957, 2045235, -830764, -749037, 1189241, 1367559, 661740, 194386, 1049527, 1993011, 1170334, 734962, 1382494, 1045591, -53489, 108424, 'Left']
[1975353, 2052451, -836940, -746325, 1192589, 1362316, 665503, 192238, 1037777, 1982289, 1225960, 787662, 1448988, 1045804, 85681, 173202, 'Left']
[1971740, 2046476, -831092, -748093, 1174713, 1365911, 662163, 194423, 1050146, 1993331, 1167122, 733925, 1380837, 1045399, -50375, 111716, 'Left']
[1973789, 2050773, -837203, -747058, 1206033, 1363832, 664738, 191862, 1036858, 1981360, 1227848, 787669, 1449945, 1045866, 79883, 169125, 'Left']
[1973132, 2048788, -831296, -746212, 1161933, 1365289, 664702, 196103, 1050819, 1993937, 1166178, 734783, 1380830, 1045868, -43406, 116581, 'Left']
[1972310, 2049287, -837720, -747894, 1218323, 1365579, 662323, 191006, 1036844, 1981343, 1228469, 787145, 1449011, 1046776, 70963, 164374, 'Left']
[1974544, 2050963, -832146, -745091, 1149742, 1364001, 665910, 196918, 1050987, 1993982, 1166631, 737002, 1382432, 1045819, -32885, 122819, 'Left']
[1970767, 2047044, -838256, -749905, 1228700, 1366616, 660282, 190620, 1036890, 1981034, 1226243, 783907, 1445299, 1046464, 57728, 156945, 'Left']
[1976544, 2053036, -832625, -744273, 1140320, 1362531, 667479, 197387, 1050207, 1992951, 1168589, 740284, 1386233, 1045075, -18971, 130783, 'Left']
[1970165, 2045488, -837506, -750818, 1236565, 1368302, 659609, 190605, 1037971, 1982146, 1222673, 779806, 1440250, 1046779, 41599, 148580, 'Left']
[1977675, 2054100, -833445, -743951, 1134390, 1361524, 668679, 197283, 1048966, 1991972, 1173094, 745704, 1392611, 1044736, -2509, 139852, 'Left']
[1969593, 2044097, -836870, -751558, 1241369, 1369764, 658226, 190244, 1039078, 1983116, 1217601, 774155, 1433301, 1046675, 24808, 140917, 'Left']
[1979054, 2055808, -833865, -743002, 1131362, 1361449, 669619, 197543, 1048101, 1991386, 1179142, 751514, 1399853, 1044856, 14581, 147996, 'Left']
[1968682, 2042562, -836339, -752462, 1242315, 1370515, 657607, 189910, 1040137, 1984275, 1211156, 767817, 1425628, 1046589, 6640, 132035, 'Left']
[1979480, 2056251, -834757, -743084, 1131796, 1360756, 670398, 196922, 1046160, 1989197, 1186148, 757921, 1408216, 1044314, 31729, 155889, 'Left']
[1968004, 2041423, -835687, -753087, 1240236, 1371272, 657193, 190174, 1041759, 1985355, 1203703, 760693, 1417075, 1046197, -10159, 124610, 'Left']
[1979750, 2056720, -835624, -743299, 1135478, 1360554, 669725, 195889, 1044551, 1987751, 1193460, 764109, 1417052, 1044095, 48321, 163357, 'Left']
[1968267, 2041513, -834757, -752745, 1234285, 1371815, 656990, 190889, 1043546, 1987079, 1195524, 753786, 1408552, 1046266, -25904, 117555, 'Left']
[1979443, 2056598, -836417, -743310, 1143039, 1360395, 670043, 195489, 1042732, 1986458, 1201035, 771052, 1425843, 1044523, 62466, 168645, 'Left']
[1968041, 2041252, -834112, -752299, 1225548, 1370841, 657340, 191008, 1045000, 1988543, 1187508, 747632, 1399976, 1045957, -38714, 112239, 'Left']
[1978359, 2055547, -837449, -744063, 1153514, 1360633, 668988, 194337, 1040790, 1984634, 1208771, 777107, 1433817, 1044387, 73854, 172864, 'Left']
[1968234, 2041562, -833661, -751808, 1214312, 1370247, 658155, 191454, 1046612, 1989849, 1180190, 742035, 1392649, 1045779, -48244, 109161, 'Left']
[1977037, 2054238, -838101, -744797, 1165342, 1361005, 668112, 193362, 1038793, 1982589, 1215110, 781471, 1440310, 1044190, 81261, 175019, 'Left']
[1969006, 2042656, -833088, -750585, 1200802, 1369499, 659627, 192666, 1047807, 1990954, 1173988, 737371, 1386148, 1045396, -54239, 107278, 'Left']
[1975939, 2052950, -838528, -745624, 1178956, 1362120, 666797, 192471, 1037505, 1981724, 1221267, 785483, 1445418, 1044505, 84344, 174689, 'Left']
[1970287, 2044272, -832572, -749196, 1186715, 1368433, 660956, 193347, 1049163, 1992276, 1169663, 735252, 1382082, 1045208, -55124, 108595, 'Left']
[1974432, 2051142, -838771, -746894, 1192758, 1363407, 664476, 191067, 1036546, 1980552, 1225328, 787502, 1448337, 1044764, 83309, 172946, 'Left']
[1971821, 2045987, -832096, -748225, 1172769, 1367459, 662812, 194683, 1049929, 1992644, 1166393, 733767, 1379903, 1044884, -51734, 112111, 'Left']
[1973436, 2049322, -838104, -748036, 1206210, 1364952, 663431, 190512, 1036451, 1980506, 1227784, 787784, 1449504, 1045372, 78122, 169432, 'Left']
[1972749, 2046961, -831965, -747261, 1159690, 1365877, 664308, 194894, 1050009, 1992726, 1165367, 734260, 1380151, 1044671, -44017, 117414, 'Left']
[1971442, 2046754, -837890, -748992, 1218792, 1366146, 662297, 189881, 1036101, 1979921, 1227603, 786251, 1448354, 1045391, 68620, 163878, 'Left']
[1973394, 2048303, -832084, -745774, 1148404, 1364143, 665685, 195342, 1049903, 1992370, 1166154, 736573, 1382478, 1044431, -32432, 123882, 'Left']
[1969034, 2044415, -837838, -749668, 1229161, 1367507, 660592, 189453, 1035857, 1979744, 1225471, 782979, 1444774, 1045590, 55822, 156354, 'Left']
[1973352, 2049476, -833166, -744453, 1139589, 1363178, 667244, 196101, 1049065, 1991558, 1168496, 740159, 1386692, 1044586, -17755, 131106, 'Left']
[1966348, 2041494, -838179, -751112, 1236872, 1368703, 658563, 188867, 1036223, 1979874, 1221449, 778281, 1439001, 1045955, 40761, 148387, 'Left']
[1974072, 2050597, -833680, -743612, 1133197, 1362047, 668575, 196406, 1047552, 1989969, 1172484, 744816, 1392333, 1044286, -584, 140360, 'Left']
[1964669, 2039195, -837254, -751831, 1241141, 1369788, 658285, 189495, 1037196, 1980760, 1215637, 772055, 1432167, 1046156, 23377, 139747, 'Left']
[1973516, 2050356, -834614, -743486, 1130514, 1360987, 669606, 196566, 1045729, 1988592, 1178128, 750332, 1400081, 1044367, 16348, 148308, 'Left']
[1962651, 2036760, -836700, -752752, 1241573, 1370429, 657183, 189308, 1037921, 1981782, 1208674, 765297, 1423712, 1046106, 4825, 130714, 'Left']
[1972562, 2049672, -835511, -743508, 1130846, 1360407, 669788, 195904, 1043493, 1986799, 1184944, 756481, 1407901, 1043994, 32904, 155502, 'Left']
[1960627, 2034374, -836338, -753398, 1238544, 1370543, 656420, 189086, 1038835, 1982422, 1200728, 757990, 1414766, 1045562, -12427, 122523, 'Left']
[1971375, 2048654, -836810, -743939, 1135331, 1359596, 669804, 194973, 1040805, 1984180, 1191680, 762862, 1416410, 1043292, 49443, 162803, 'Left']
[1959805, 2033224, -835697, -753377, 1232380, 1370587, 656764, 189760, 1040388, 1983464, 1191787, 750420, 1406257, 1045193, -27910, 115969, 'Left']
[1971042, 2048403, -837380, -744150, 1142966, 1359586, 669384, 194291, 1039258, 1982149, 1199286, 769070, 1425572, 1043409, 63092, 168188, 'Left']
[1959970, 2033404, -835128, -753262, 1223318, 1370214, 656586, 190390, 1042030, 1984890, 1184555, 744679, 1398141, 1045098, -40501, 111163, 'Left']
[1970677, 2048077, -838375, -745018, 1152921, 1359665, 668169, 193332, 1037317, 1980627, 1206764, 774978, 1433055, 1043311, 74094, 172765, 'Left']
[1961434, 2034979, -834372, -752486, 1211476, 1369401, 658023, 190981, 1043880, 1986711, 1177023, 739166, 1390627, 1044822, -49903, 108122, 'Left']
[1970764, 2047972, -838995, -745954, 1165292, 1360354, 667230, 192351, 1036208, 1979586, 1213664, 780038, 1439658, 1043451, 81064, 174495, 'Left']
[1963988, 2037501, -833559, -751208, 1198104, 1368827, 659566, 192111, 1045952, 1988326, 1171520, 735727, 1384578, 1044466, -54994, 107210, 'Left']
[1971294, 2048228, -838861, -746264, 1178750, 1361887, 666218, 191789, 1035974, 1979518, 1220029, 784434, 1444672, 1044190, 83745, 173910, 'Left']
[1966095, 2040118, -832840, -749612, 1184351, 1367819, 660635, 193052, 1047649, 1990300, 1167604, 733890, 1380910, 1044784, -55546, 108124, 'Left']
[1970547, 2047173, -838675, -747043, 1193434, 1362891, 664538, 190866, 1035085, 1978965, 1224087, 786897, 1447776, 1044536, 83132, 172725, 'Left']
[1968364, 2042719, -831965, -747882, 1170889, 1366597, 663404, 194350, 1049018, 1991417, 1165264, 733422, 1379246, 1044823, -50783, 112234, 'Left']
[1969794, 2046073, -838633, -747946, 1207346, 1364471, 663061, 190297, 1035221, 1978833, 1226912, 787891, 1448793, 1045007, 77770, 168696, 'Left']
[1970352, 2045316, -832230, -746524, 1158039, 1365340, 664020, 194676, 1049473, 1991692, 1164782, 735047, 1379518, 1044527, -42384, 118074, 'Left']
[1969759, 2045644, -837536, -748116, 1219255, 1366198, 662456, 190644, 1035836, 1979444, 1227626, 786887, 1447473, 1045557, 67685, 162949, 'Left']
[1972342, 2047729, -831895, -745123, 1146947, 1364250, 665651, 195892, 1050139, 1992262, 1166822, 738014, 1382534, 1044897, -31128, 123857, 'Left']
[1968429, 2043667, -837310, -749633, 1229571, 1367550, 660465, 189722, 1036438, 1979787, 1225792, 783717, 1444221, 1045748, 54564, 155419, 'Left']
[1974175, 2050025, -832321, -744230, 1138137, 1362362, 667459, 195720, 1049390, 1991395, 1169569, 742037, 1387256, 1044350, -15912, 132361, 'Left']
[1968115, 2042802, -836465, -750305, 1236857, 1368340, 659195, 189313, 1037580, 1980603, 1222085, 779538, 1438963, 1045845, 39075, 147355, 'Left']
[1976519, 2052733, -831882, -742337, 1133023, 1361697, 669257, 196733, 1049368, 1991421, 1175349, 748308, 1394300, 1044906, 1023, 140656, 'Left']
[1967757, 2041912, -835034, -750255, 1241414, 1369365, 658662, 189517, 1039636, 1982743, 1217774, 775065, 1432811, 1046884, 22322, 139152, 'Left']
[1976999, 2053607, -832743, -741756, 1130433, 1360109, 669159, 196327, 1047705, 1989953, 1181573, 754593, 1402105, 1044577, 18778, 149179, 'Left']
[1966511, 2040245, -834695, -750887, 1241685, 1370023, 657694, 189487, 1040626, 1983625, 1210857, 768015, 1424707, 1046803, 3985, 129990, 'Left']
[1977684, 2054581, -833090, -741011, 1132057, 1360072, 670540, 196091, 1045876, 1988424, 1188791, 761374, 1411113, 1044937, 36376, 157769, 'Left']
[1966229, 2039698, -833592, -750782, 1239030, 1370783, 657194, 190088, 1042159, 1985184, 1203624, 761847, 1416188, 1047068, -12021, 123875, 'Left']
[1977980, 2054943, -834249, -741224, 1136616, 1359736, 670340, 195922, 1044227, 1987023, 1196655, 768408, 1419228, 1045180, 53160, 165978, 'Left']
[1966791, 2039826, -833143, -750972, 1231689, 1370461, 657824, 190656, 1044139, 1986825, 1195498, 754832, 1406659, 1046978, -27080, 117871, 'Left']
[1977835, 2054633, -835455, -742328, 1143587, 1359271, 669433, 194470, 1042722, 1985254, 1204360, 774100, 1427405, 1045075, 65627, 170203, 'Left']
[1967136, 2039897, -832848, -751154, 1222030, 1369763, 657246, 190447, 1045770, 1988017, 1187499, 748183, 1398561, 1046541, -40484, 111701, 'Left']
[1977417, 2054243, -836264, -743025, 1154004, 1359622, 668352, 193467, 1040862, 1983627, 1211627, 780080, 1435571, 1044939, 75882, 173657, 'Left']
[1967985, 2040965, -832058, -750375, 1210007, 1368832, 658509, 191355, 1047745, 1989916, 1180451, 742990, 1391882, 1046376, -50070, 107902, 'Left']
[1976538, 2053156, -836583, -744089, 1166466, 1359949, 667275, 192347, 1039623, 1982290, 1218252, 784739, 1442415, 1045107, 81676, 174016, 'Left']
[1968783, 2041719, -831367, -749610, 1197234, 1367787, 659486, 192104, 1048887, 1990484, 1174724, 739459, 1386565, 1045785, -54546, 107007, 'Left']
[1975640, 2051851, -836313, -744581, 1181013, 1360892, 666380, 191777, 1038273, 1980892, 1224097, 788464, 1447730, 1045181, 85470, 175046, 'Left']
[1970579, 2043917, -829999, -747654, 1183760, 1366776, 661991, 193576, 1050230, 1991763, 1170766, 737208, 1383270, 1045981, -53965, 109326, 'Left']
[1974737, 2050758, -835902, -745069, 1195058, 1362421, 664573, 191258, 1038166, 1980966, 1228503, 790539, 1450535, 1046175, 83269, 172090, 'Left']
[1971892, 2045641, -830116, -746329, 1169792, 1365567, 663477, 194620, 1051229, 1992876, 1168417, 736985, 1381363, 1045879, -49744, 112256, 'Left']
[1973180, 2048618, -836175, -746402, 1208939, 1363780, 663708, 190704, 1037185, 1980211, 1229886, 790847, 1450734, 1046113, 77650, 168150, 'Left']
[1973726, 2047894, -829855, -744843, 1157269, 1364551, 665213, 195529, 1051596, 1993291, 1168013, 738126, 1381732, 1045963, -41005, 118408, 'Left']
[1971937, 2046821, -836120, -747638, 1220494, 1365319, 661425, 189599, 1037518, 1980413, 1230203, 789059, 1449180, 1046549, 66890, 162062, 'Left']
[1975076, 2049690, -830555, -743957, 1145748, 1362744, 666412, 195739, 1051665, 1992937, 1169343, 740573, 1384477, 1045629, -29606, 124560, 'Left']
[1970336, 2044832, -836023, -748822, 1230560, 1366363, 660162, 189627, 1037928, 1980573, 1227913, 785765, 1445191, 1046782, 53095, 154237, 'Left']
[1976137, 2051449, -830678, -742667, 1138030, 1361631, 668153, 196480, 1050822, 1992244, 1172605, 744906, 1389532, 1045646, -13992, 133057, 'Left']
[1969130, 2043378, -835006, -749179, 1237870, 1367608, 659372, 189375, 1038775, 1981320, 1224021, 781158, 1440003, 1047042, 37893, 146454, 'Left']
[1977040, 2053024, -831066, -741467, 1132712, 1360545, 669163, 196570, 1049530, 1991119, 1177276, 750451, 1396378, 1045508, 3200, 141638, 'Left']
[1968193, 2041998, -833909, -749684, 1241908, 1369103, 659038, 189939, 1039939, 1982644, 1218299, 775469, 1433038, 1047614, 20739, 138299, 'Left']
[1978329, 2054413, -831341, -740952, 1130963, 1360231, 669995, 196904, 1048382, 1990212, 1183928, 757005, 1404256, 1045776, 21336, 151011, 'Left']
[1968589, 2041535, -832462, -749945, 1242151, 1370217, 658883, 190589, 1041798, 1984122, 1211923, 769468, 1424915, 1047752, 3758, 131255, 'Left']
[1979530, 2055559, -831588, -740938, 1132534, 1359753, 670991, 196678, 1047606, 1989321, 1191596, 763867, 1412556, 1046131, 38363, 158701, 'Left']
[1968475, 2040826, -831999, -750779, 1238272, 1370091, 658238, 190169, 1043901, 1986118, 1204526, 762490, 1415846, 1047730, -13755, 122885, 'Left']
[1979886, 2055942, -832732, -741254, 1137490, 1359181, 670677, 195688, 1045387, 1987462, 1199156, 770415, 1421231, 1045764, 54021, 165572, 'Left']
[1968312, 2040682, -832038, -750610, 1231454, 1370063, 657558, 190682, 1045611, 1987665, 1196727, 756143, 1406958, 1047731, -28933, 116306, 'Left']
[1978897, 2055615, -834660, -741344, 1145463, 1358980, 670234, 195276, 1043522, 1985663, 1206983, 777192, 1429136, 1045916, 66809, 170396, 'Left']
[1967733, 2040818, -832462, -749904, 1221787, 1369670, 658388, 191781, 1046728, 1988592, 1188270, 750050, 1398324, 1047666, -41431, 111531, 'Left']
[1977659, 2054961, -836071, -741874, 1156500, 1359703, 668761, 194383, 1041203, 1983541, 1213353, 783058, 1436340, 1046243, 77417, 174739, 'Left']
[1968898, 2042088, -831442, -748754, 1209989, 1369441, 659281, 192723, 1048509, 1989906, 1180962, 745058, 1391489, 1047600, -49209, 109811, 'Left']
[1977363, 2054033, -836283, -742664, 1169115, 1360979, 668380, 194192, 1040611, 1982379, 1220073, 787339, 1443178, 1046771, 83035, 175619, 'Left']
[1970209, 2043154, -831307, -748307, 1196834, 1368589, 660547, 193978, 1049552, 1990640, 1174755, 741314, 1386344, 1047250, -54007, 108834, 'Left']
[1977089, 2052897, -836428, -743889, 1182913, 1362278, 667094, 193283, 1039409, 1981624, 1224718, 790617, 1447724, 1047000, 84970, 175518, 'Left']
[1971927, 2044550, -831047, -747763, 1182652, 1367411, 661450, 194243, 1050906, 1992066, 1170631, 739122, 1382537, 1047106, -54114, 110667, 'Left']
[1975423, 2050479, -837134, -746066, 1196688, 1362889, 665184, 191373, 1038054, 1980412, 1227881, 791800, 1450330, 1046444, 82203, 173141, 'Left']
[1973020, 2045825, -830989, -747109, 1168925, 1365875, 663460, 194716, 1051283, 1992169, 1167434, 737798, 1381150, 1046060, -50077, 114095, 'Left']
[1973886, 2048418, -837125, -747408, 1210523, 1364375, 663570, 190471, 1037606, 1979732, 1229258, 791547, 1450812, 1046451, 75296, 168582, 'Left']
[1974453, 2047651, -831200, -745837, 1156508, 1364580, 665349, 195217, 1051535, 1992178, 1166639, 739132, 1382322, 1045688, -40957, 120111, 'Left']
[1972513, 2046451, -837121, -748563, 1222114, 1366068, 661848, 189690, 1037578, 1979501, 1228478, 789636, 1449301, 1046349, 64736, 162348, 'Left']
[1976053, 2049867, -831526, -744361, 1145299, 1363930, 666370, 195591, 1051115, 1992070, 1167788, 741903, 1385337, 1045500, -28370, 127167, 'Left']
[1971426, 2045049, -836430, -749017, 1231280, 1368269, 660564, 189690, 1037974, 1980591, 1226078, 786148, 1444965, 1047164, 50791, 154394, 'Left']
[1977307, 2051667, -831598, -743117, 1137245, 1363250, 668434, 196338, 1050591, 1991943, 1171538, 746257, 1390306, 1045872, -13381, 134592, 'Left']
[1969874, 2042937, -836080, -750182, 1238288, 1369484, 659001, 189150, 1038576, 1981266, 1221902, 781220, 1439386, 1047308, 35288, 146664, 'Left']
[1977885, 2052587, -832649, -742867, 1131993, 1361792, 668216, 195779, 1049218, 1990479, 1176459, 751464, 1396529, 1045181, 3749, 143593, 'Left']
[1969214, 2041715, -835319, -750557, 1241249, 1370325, 658119, 189346, 1039789, 1982071, 1216342, 775451, 1431391, 1046862, 17619, 138472, 'Left']
[1979129, 2054319, -832785, -741393, 1130452, 1361262, 670406, 196366, 1048179, 1989556, 1183232, 758063, 1404261, 1045313, 21105, 151728, 'Left']
[1968558, 2040821, -834010, -750369, 1241660, 1371452, 657938, 189829, 1041984, 1983999, 1210071, 769306, 1423745, 1047501, 150, 129724, 'Left']
[1979406, 2054903, -833581, -740969, 1132670, 1360762, 670202, 195989, 1046610, 1988203, 1190765, 765258, 1413393, 1045442, 39120, 160071, 'Left']
[1968301, 2040226, -833275, -750418, 1237750, 1371241, 657759, 190044, 1043352, 1985257, 1202293, 762622, 1415019, 1047194, -15764, 123072, 'Left']
[1979803, 2055511, -833839, -740668, 1137723, 1360434, 670444, 195316, 1045013, 1986524, 1198740, 771938, 1422050, 1045337, 54683, 166640, 'Left']
[1968599, 2040238, -831872, -749957, 1230733, 1371711, 658280, 190700, 1045747, 1987012, 1195091, 756010, 1406606, 1047313, -30613, 116259, 'Left']
[1979266, 2054760, -834166, -741092, 1146549, 1360901, 670125, 195051, 1043311, 1984728, 1206958, 778299, 1430892, 1045620, 67941, 171836, 'Left']
[1968852, 2040318, -830853, -749261, 1221239, 1371446, 659198, 191285, 1047011, 1988187, 1187265, 749904, 1398646, 1047121, -41794, 113029, 'Left']
[1978601, 2054012, -834740, -741597, 1157804, 1361556, 669878, 194249, 1041698, 1983372, 1214457, 783940, 1437955, 1045889, 78320, 176282, 'Left']
[1969417, 2041179, -830603, -748369, 1208883, 1370826, 659192, 192398, 1048677, 1989698, 1180829, 745179, 1391393, 1047037, -49564, 111061, 'Left']
[1977558, 2053338, -835381, -741942, 1170384, 1362440, 667938, 193465, 1040017, 1981920, 1220968, 788425, 1444199, 1046125, 84458, 177922, 'Left']
[1970600, 2043058, -829709, -746545, 1196011, 1370521, 662174, 194342, 1050570, 1991482, 1175604, 741759, 1385933, 1047674, -53123, 110511, 'Left']
[1976625, 2052167, -835592, -742366, 1184915, 1363940, 667275, 192944, 1039276, 1981267, 1226191, 792007, 1448805, 1047229, 86852, 177559, 'Left']
[1972010, 2044559, -829543, -745410, 1181604, 1369039, 663037, 194720, 1051367, 1992351, 1171199, 739950, 1382971, 1047356, -51912, 112754, 'Left']
[1975208, 2049933, -836247, -744185, 1198583, 1364949, 665429, 191875, 1038306, 1980558, 1229068, 793317, 1451000, 1047217, 83758, 174324, 'Left']
[1973795, 2046244, -829506, -744454, 1167774, 1367646, 664619, 195706, 1051967, 1992726, 1168251, 739337, 1381468, 1047028, -47123, 116715, 'Left']
[1973877, 2047935, -835975, -745619, 1211595, 1366033, 663642, 190799, 1038176, 1980263, 1230205, 792923, 1451124, 1047560, 75991, 169318, 'Left']
[1974846, 2047884, -829437, -743453, 1155281, 1366144, 666646, 196759, 1052123, 1992554, 1167915, 740565, 1382533, 1046603, -38593, 121937, 'Left']
[1972302, 2046148, -835728, -746559, 1223158, 1367502, 662514, 190735, 1038107, 1979984, 1229859, 790813, 1449152, 1047378, 64949, 163215, 'Left']
[1976032, 2049914, -829898, -742304, 1144728, 1364850, 667587, 196803, 1051798, 1992486, 1169886, 743814, 1385892, 1046467, -25912, 129368, 'Left']
[1971117, 2044669, -835272, -747496, 1232443, 1368914, 660728, 189786, 1038727, 1980579, 1227455, 787187, 1444754, 1047757, 50748, 155874, 'Left']
[1977829, 2052132, -830102, -740992, 1136521, 1363775, 668717, 197293, 1051346, 1992130, 1173657, 748374, 1390525, 1046543, -10857, 137451, 'Left']
[1970144, 2042863, -834455, -748536, 1238247, 1369973, 659917, 189845, 1039925, 1981745, 1223343, 782505, 1438283, 1048081, 34068, 147128, 'Left']
[1978458, 2052863, -830950, -740908, 1131301, 1362164, 669744, 196815, 1050053, 1990745, 1178602, 753526, 1397166, 1045957, 5351, 145009, 'Left']
[1968910, 2041077, -834027, -749492, 1241352, 1370669, 658859, 189797, 1040554, 1982299, 1216990, 776373, 1431396, 1047642, 16326, 138280, 'Left']
[1978906, 2053707, -831931, -740504, 1130150, 1361098, 670433, 196442, 1048240, 1989157, 1184886, 759815, 1405705, 1045689, 23700, 154257, 'Left']
[1968157, 2039941, -833402, -749794, 1240784, 1371106, 658258, 189607, 1042159, 1983496, 1209908, 769337, 1423082, 1047496, -905, 130545, 'Left']
[1979325, 2054446, -832619, -739956, 1132460, 1360715, 671291, 196608, 1046670, 1987729, 1192118, 766606, 1414458, 1045929, 40827, 162050, 'Left']
[1968178, 2039935, -832453, -749186, 1236620, 1371647, 658595, 190712, 1043727, 1985377, 1202090, 762888, 1414300, 1047984, -17017, 123666, 'Left']
[1979055, 2054556, -833424, -739703, 1138266, 1360720, 671480, 196334, 1044861, 1986589, 1199824, 773401, 1423173, 1046496, 56341, 168165, 'Left']
[1967752, 2039240, -831554, -749068, 1229336, 1371501, 658373, 190828, 1045311, 1986732, 1193922, 755872, 1405422, 1047995, -31504, 116816, 'Left']
[1978495, 2053974, -834317, -740478, 1147108, 1360739, 669607, 194692, 1042392, 1984048, 1207296, 779344, 1431148, 1046020, 69574, 173118, 'Left']
[1968555, 2040100, -830747, -748227, 1219535, 1371428, 659251, 192139, 1046774, 1988114, 1186625, 749916, 1397188, 1047723, -42007, 113534, 'Left']
[1978205, 2053693, -834799, -740775, 1158302, 1361451, 669772, 194481, 1041402, 1983287, 1215346, 784861, 1438251, 1046740, 79367, 176607, 'Left']
[1969172, 2040970, -830151, -747562, 1207067, 1370201, 660408, 192781, 1048628, 1989771, 1180221, 745198, 1390413, 1047614, -49763, 110913, 'Left']
[1977255, 2052701, -834874, -741439, 1171217, 1361902, 668863, 193381, 1039606, 1981410, 1221490, 789180, 1444457, 1046535, 85280, 178120, 'Left']
[1970374, 2042402, -829179, -746168, 1193729, 1369608, 661689, 194227, 1050400, 1991215, 1175158, 741826, 1385657, 1047588, -53100, 110500, 'Left']
[1976172, 2051345, -834719, -742127, 1185498, 1363351, 667656, 193161, 1038959, 1980850, 1226892, 792386, 1449188, 1046861, 86921, 177402, 'Left']
[1971929, 2044299, -828252, -744407, 1180129, 1368817, 663909, 195420, 1051426, 1992168, 1171227, 740134, 1382838, 1047460, -51203, 113319, 'Left']
[1974479, 2049142, -834917, -743259, 1200011, 1365032, 666100, 192355, 1038223, 1980202, 1230062, 793618, 1451249, 1047545, 84053, 174629, 'Left']
[1972847, 2045328, -828681, -743846, 1166541, 1366930, 664918, 195379, 1051728, 1991907, 1168765, 739353, 1381803, 1046787, -45334, 117922, 'Left']
[1973437, 2047462, -834803, -744640, 1212442, 1365970, 663623, 191248, 1037977, 1979546, 1231078, 792614, 1450807, 1047271, 76279, 169617, 'Left']
[1974524, 2047543, -828676, -742705, 1153612, 1365823, 666238, 196246, 1051896, 1992290, 1168866, 740948, 1382544, 1046724, -36600, 123102, 'Left']
[1971760, 2045253, -834691, -746189, 1223552, 1367203, 662606, 190043, 1038273, 1979632, 1230190, 790326, 1448820, 1047425, 64411, 162534, 'Left']
[1975355, 2048760, -829538, -742360, 1142958, 1363788, 667078, 195626, 1051610, 1991579, 1170298, 743825, 1386151, 1045876, -24292, 129462, 'Left']
[1970308, 2043346, -834670, -747481, 1232302, 1367894, 660307, 188938, 1037976, 1979391, 1226784, 786518, 1444048, 1046730, 49873, 154994, 'Left']
[1976919, 2051092, -829361, -740559, 1135700, 1362682, 669444, 197138, 1050856, 1991226, 1174153, 748835, 1391229, 1045992, -8557, 137801, 'Left']
[1969187, 2041923, -833583, -747829, 1238986, 1369329, 659620, 189621, 1039558, 1981065, 1223111, 782161, 1438071, 1047651, 33511, 146453, 'Left']
[1978279, 2052803, -829607, -739340, 1131536, 1361671, 670811, 197209, 1049826, 1990158, 1179965, 754770, 1398064, 1045833, 9070, 146867, 'Left']
[1968766, 2040906, -832508, -747979, 1241959, 1370488, 659436, 190053, 1041339, 1982625, 1217648, 776626, 1430456, 1048040, 16261, 138131, 'Left']
[1979100, 2053860, -830325, -738694, 1130671, 1361230, 671364, 197301, 1048725, 1989120, 1186984, 761547, 1406434, 1046145, 27333, 155646, 'Left']
[1968455, 2040041, -831634, -747993, 1240725, 1371663, 659166, 191107, 1042738, 1983868, 1210518, 769745, 1422142, 1048105, -667, 130392, 'Left']
[1979569, 2054396, -831224, -738755, 1133417, 1361147, 671872, 197167, 1047165, 1987743, 1194739, 768172, 1415205, 1046366, 44244, 162925, 'Left']
[1968168, 2039327, -831148, -748544, 1236523, 1371648, 659120, 191406, 1044459, 1985335, 1202959, 762735, 1413494, 1047846, -16970, 123311, 'Left']
[1979408, 2054337, -832215, -739058, 1139244, 1360642, 671501, 196559, 1045231, 1985990, 1202294, 774523, 1424317, 1046132, 59445, 169619, 'Left']
[1968807, 2039783, -829873, -747788, 1228407, 1371861, 659707, 192098, 1046788, 1987422, 1195161, 756047, 1405134, 1048165, -31749, 116783, 'Left']
[1979331, 2054329, -832883, -739218, 1148135, 1360974, 670917, 195525, 1043680, 1984527, 1210068, 781105, 1432350, 1046551, 71703, 173884, 'Left']
[1968635, 2039759, -829780, -747605, 1218332, 1370948, 658899, 192000, 1047955, 1988443, 1187272, 750400, 1397003, 1047926, -42513, 112830, 'Left']
[1978572, 2053681, -833304, -739687, 1159747, 1361255, 670461, 194946, 1041749, 1982773, 1217103, 786240, 1439869, 1046488, 81354, 177418, 'Left']
[1969913, 2041345, -828417, -745801, 1206243, 1370791, 661616, 194301, 1049728, 1990152, 1181169, 746023, 1390821, 1047968, -49154, 110888, 'Left']
[1977580, 2052546, -833266, -739838, 1173521, 1362771, 669964, 194706, 1040813, 1982040, 1224005, 791165, 1446286, 1047300, 87008, 178383, 'Left']
[1971060, 2042526, -827483, -744321, 1192953, 1369748, 663056, 195514, 1051019, 1991296, 1176131, 742968, 1386369, 1047878, -51227, 111708, 'Left']
[1976586, 2051034, -833274, -740891, 1187524, 1363597, 668137, 193766, 1039669, 1980973, 1228785, 793881, 1450113, 1047429, 87961, 177451, 'Left']
[1972948, 2044587, -827065, -743491, 1178727, 1368254, 664958, 195901, 1052255, 1992407, 1172317, 741384, 1383117, 1047477, -50030, 113586, 'Left']
[1975553, 2049153, -833783, -743149, 1201252, 1364291, 665927, 191858, 1039150, 1980378, 1231572, 795308, 1451662, 1047234, 83845, 173764, 'Left']
[1974422, 2045867, -827506, -743512, 1165091, 1366306, 665163, 195578, 1052864, 1992449, 1170366, 741280, 1381996, 1046737, -44322, 117889, 'Left']
[1974745, 2047496, -833341, -744536, 1214008, 1365620, 664758, 191349, 1039096, 1979951, 1232703, 794114, 1451573, 1047265, 75877, 169002, 'Left']
[1975673, 2047794, -827786, -742497, 1152468, 1364371, 666029, 195613, 1052902, 1992478, 1170309, 742567, 1384028, 1046162, -34901, 123523, 'Left']
[1972681, 2045383, -834042, -745746, 1224691, 1366603, 662612, 190281, 1038917, 1979885, 1231424, 791535, 1449012, 1047207, 63218, 161313, 'Left']
[1976745, 2049918, -828564, -740450, 1142547, 1363653, 668905, 197675, 1052558, 1992094, 1172236, 745942, 1387399, 1046330, -22137, 130224, 'Left']
[1971033, 2043843, -833849, -745734, 1233867, 1368757, 661640, 191117, 1039495, 1980445, 1228425, 788054, 1444247, 1048115, 48890, 154143, 'Left']
[1977672, 2051696, -829553, -739039, 1135501, 1362923, 670016, 198080, 1051475, 1991205, 1175953, 751037, 1392775, 1046579, -5608, 139777, 'Left']
[1970022, 2042380, -833626, -746420, 1239483, 1370118, 660521, 191249, 1040497, 1981158, 1223357, 783076, 1437762, 1048279, 33026, 146980, 'Left']
[1978748, 2052817, -830448, -738794, 1131248, 1362252, 671782, 198552, 1050415, 1989965, 1181005, 756473, 1399376, 1046387, 11743, 148594, 'Left']
[1969328, 2040660, -833303, -747699, 1241786, 1371441, 660315, 191794, 1041475, 1981821, 1216540, 776414, 1430124, 1047808, 15427, 138587, 'Left']
[1980137, 2053981, -831569, -738851, 1130429, 1361758, 671640, 198040, 1049082, 1988642, 1187122, 762618, 1407726, 1046009, 29006, 156819, 'Left']
[1969502, 2040025, -832783, -748797, 1240147, 1371967, 659216, 191084, 1043725, 1983980, 1209079, 769455, 1421484, 1048078, -3504, 129144, 'Left']
[1980784, 2054570, -832668, -739685, 1133099, 1360344, 671023, 195925, 1047375, 1987092, 1194230, 769208, 1416232, 1045542, 44486, 163432, 'Left']
[1969541, 2039587, -832154, -749408, 1235156, 1371073, 658030, 190400, 1045280, 1985178, 1201256, 762571, 1412487, 1047281, -20395, 121822, 'Left']
[1981355, 2055205, -832921, -739531, 1139203, 1359867, 671398, 195850, 1046066, 1985854, 1202424, 776152, 1424922, 1045621, 59102, 169546, 'Left']
[1969497, 2039310, -831269, -749176, 1227132, 1370603, 657890, 190672, 1047312, 1987012, 1193831, 756279, 1404226, 1047314, -34761, 115397, 'Left']
[1980364, 2054163, -833918, -740212, 1148805, 1360007, 670763, 194518, 1043441, 1983467, 1209939, 781905, 1433232, 1045137, 71466, 174426, 'Left']
[1970488, 2040251, -830225, -747861, 1216815, 1370336, 659552, 191843, 1048631, 1988212, 1186445, 750411, 1396931, 1046878, -44607, 112356, 'Left']
[1979928, 2053520, -834238, -740239, 1160589, 1360989, 669873, 194247, 1042216, 1982493, 1217299, 787729, 1440804, 1045730, 80672, 177239, 'Left']
[1970652, 2040450, -829778, -747013, 1204615, 1369678, 661344, 193234, 1049915, 1989379, 1179559, 746084, 1390469, 1046801, -50728, 110846, 'Left']
[1978477, 2051777, -834636, -741177, 1174134, 1361772, 669492, 193806, 1040600, 1980829, 1223083, 791215, 1446369, 1046039, 86115, 178515, 'Left']
[1971913, 2041951, -829280, -745772, 1190896, 1368746, 662934, 194293, 1051249, 1990386, 1174367, 742551, 1385813, 1046623, -52860, 111432, 'Left']
[1976835, 2050065, -835286, -742220, 1187890, 1363240, 667867, 193280, 1039392, 1979726, 1227583, 793629, 1450164, 1046222, 86204, 176825, 'Left']
[1972867, 2043638, -829202, -744486, 1176497, 1367655, 664027, 195322, 1052064, 1991160, 1170760, 740811, 1382694, 1046537, -51145, 113619, 'Left']
[1975121, 2048218, -835779, -743895, 1201345, 1363991, 665464, 191611, 1038576, 1979022, 1230308, 794237, 1451351, 1046388, 81711, 173085, 'Left']
[1974079, 2045313, -829395, -743667, 1162989, 1365844, 665125, 195165, 1052183, 1991215, 1168700, 740446, 1381824, 1045929, -45157, 117843, 'Left']
[1973984, 2046582, -835156, -744807, 1214122, 1365762, 663766, 190695, 1038504, 1978931, 1231362, 793355, 1451097, 1046734, 73331, 167827, 'Left']
[1976146, 2047812, -828539, -741824, 1150771, 1364974, 667566, 196413, 1052751, 1991768, 1169327, 742850, 1384092, 1046150, -35120, 123488, 'Left']
[1972878, 2044674, -834194, -745666, 1225326, 1367209, 662572, 190170, 1039128, 1979600, 1230589, 791524, 1449116, 1047551, 61152, 160302, 'Left']
[1977472, 2049278, -828493, -740770, 1141429, 1363253, 668737, 196500, 1052295, 1991350, 1171865, 746325, 1388558, 1046013, -21160, 131205, 'Left']
[1971939, 2043265, -832838, -745905, 1234430, 1368624, 662491, 191009, 1039916, 1980381, 1228065, 787771, 1444638, 1047676, 46948, 153089, 'Left']
[1978382, 2051189, -828601, -738913, 1134980, 1362393, 671243, 197666, 1051588, 1991000, 1176604, 751824, 1394849, 1046308, -4422, 139916, 'Left']
[1970285, 2041661, -832761, -746325, 1239808, 1369942, 661157, 190691, 1040916, 1981306, 1223126, 782649, 1438785, 1048237, 30791, 144679, 'Left']
[1978747, 2052396, -830155, -738456, 1131233, 1362078, 671485, 197712, 1050169, 1989439, 1181712, 757511, 1401667, 1046223, 13370, 148349, 'Left']
[1969402, 2040606, -832374, -746831, 1242024, 1371780, 660741, 191455, 1041938, 1982044, 1216385, 776376, 1430366, 1048319, 14113, 137004, 'Left']
[1980033, 2053919, -830591, -737752, 1130865, 1362064, 672668, 197935, 1049385, 1988612, 1188644, 764226, 1409623, 1047029, 31166, 156644, 'Left']
[1969119, 2039550, -831875, -747704, 1240129, 1371862, 659507, 190908, 1043862, 1983546, 1209345, 769771, 1421917, 1048454, -3778, 128299, 'Left']
[1980517, 2054269, -831665, -738323, 1134061, 1360624, 671927, 196612, 1047374, 1986615, 1195967, 770885, 1418452, 1046332, 47658, 164358, 'Left']
[1969358, 2039261, -830739, -747878, 1235114, 1371817, 659468, 191451, 1045952, 1985327, 1201460, 762915, 1413303, 1048214, -20100, 121608, 'Left']
[1980627, 2054342, -832215, -738626, 1140717, 1360162, 671532, 195745, 1045793, 1985006, 1204026, 777428, 1427317, 1046321, 62427, 171152, 'Left']
[1969440, 2039077, -829859, -747812, 1226765, 1370863, 659741, 191605, 1047720, 1986676, 1193543, 756303, 1404579, 1047901, -34000, 116174, 'Left']
[1979746, 2053485, -832744, -739202, 1150587, 1360466, 671519, 195285, 1043911, 1983088, 1211391, 783471, 1434983, 1045992, 74114, 175684, 'Left']
[1970242, 2040109, -828699, -746466, 1216342, 1371058, 660793, 192783, 1049382, 1988148, 1186211, 751021, 1396878, 1047650, -43521, 113554, 'Left']
[1979318, 2052819, -833296, -739700, 1162117, 1361573, 669784, 193969, 1042711, 1982205, 1218744, 789004, 1442021, 1046649, 82421, 178128, 'Left']
[1970930, 2040765, -828628, -745942, 1203212, 1370381, 661734, 193378, 1050608, 1989306, 1179693, 746433, 1390364, 1047330, -50493, 111402, 'Left']
[1978205, 2051550, -833970, -740595, 1175376, 1362766, 669405, 193583, 1040696, 1980737, 1224330, 792799, 1447649, 1046674, 86833, 179076, 'Left']
[1971754, 2041787, -828665, -745087, 1189366, 1369446, 662812, 194388, 1051706, 1990643, 1174406, 743524, 1386183, 1047300, -52549, 112212, 'Left']
