[1615117, 1730883, 1361443, -33100, 426649, 650625, -768774, -719622, 106302, 707262, 575920, 408424, 1556890, 819744, 110041, 293505, 'Left']
[1599712, 1731338, 1358564, -31945, 427383, 652404, -767443, -717768, 105470, 706781, 591476, 411383, 1562121, 821072, 113855, 293904, 'Left']
[1614752, 1731915, 1361261, -32090, 427001, 651646, -768023, -717426, 106304, 707729, 574523, 407153, 1556109, 820065, 109416, 293885, 'Left']
[1601724, 1731971, 1359472, -31026, 427735, 653099, -766629, -717779, 105842, 707691, 593309, 411889, 1563029, 821414, 114218, 294152, 'Left']
[1613281, 1732018, 1361288, -31904, 427812, 651827, -767473, -717795, 106601, 708114, 572920, 405804, 1555505, 820637, 109008, 294259, 'Left']
[1603484, 1731749, 1360193, -30734, 428714, 653709, -766346, -716085, 105735, 707749, 594008, 411742, 1563442, 821623, 114691, 294285, 'Left']
[1611432, 1730658, 1361604, -32815, 428502, 651088, -767922, -719037, 106502, 707566, 571901, 404517, 1555005, 820980, 108664, 294880, 'Left']
[1605200, 1730450, 1360673, -32186, 428644, 652020, -766301, -719790, 104569, 705936, 594984, 410609, 1564102, 820325, 115341, 293290, 'Left']
[1608650, 1731200, 1361130, -32613, 428539, 651139, -767441, -718508, 106542, 707136, 572273, 403572, 1555335, 820743, 108980, 294214, 'Left']
[1607359, 1731474, 1361134, -31516, 428726, 652947, -766758, -716499, 105354, 706901, 594339, 411220, 1564373, 820585, 115473, 293747, 'Left']
[1606557, 1731591, 1361002, -32383, 429046, 651544, -766974, -718214, 107427, 707950, 572308, 404188, 1555377, 821458, 108811, 295193, 'Left']
[1609794, 1730673, 1361813, -32532, 427372, 651475, -766944, -718773, 105250, 706562, 593174, 411068, 1563970, 820202, 115232, 293538, 'Left']
[1603894, 1731945, 1360582, -32320, 428322, 651603, -767815, -717728, 106961, 707577, 574616, 403902, 1555957, 821137, 109739, 295029, 'Left']
[1612074, 1731534, 1362786, -31716, 427505, 652031, -767868, -718702, 105802, 707468, 591324, 410924, 1563232, 820234, 114751, 293629, 'Left']
[1602613, 1732747, 1361353, -31606, 428591, 652588, -766664, -717219, 107591, 708346, 576714, 405355, 1556616, 821687, 110142, 295194, 'Left']
[1614470, 1731834, 1363747, -31595, 427335, 652196, -767696, -718925, 106171, 707914, 589058, 411135, 1562282, 820383, 114105, 293741, 'Left']
[1601132, 1731961, 1361028, -31887, 428252, 652426, -767974, -716953, 106800, 708084, 579563, 406225, 1557599, 821915, 111154, 295143, 'Left']
[1615528, 1730482, 1363553, -32849, 426967, 651376, -769166, -719601, 105098, 707042, 586712, 409866, 1561508, 819801, 113879, 293340, 'Left']
[1598919, 1731891, 1360289, -31590, 429342, 652960, -766057, -716746, 106616, 707388, 582154, 406409, 1558807, 821632, 111989, 294748, 'Left']
[1615815, 1730093, 1363553, -32683, 427238, 651250, -768570, -719054, 105633, 707062, 582726, 409087, 1560235, 820114, 112876, 293915, 'Left']
[1598304, 1731285, 1360500, -31681, 428933, 652872, -765963, -715736, 105745, 706838, 585087, 407385, 1559971, 821519, 113203, 295262, 'Left']
[1616172, 1730849, 1363307, -32368, 427650, 651410, -767449, -718613, 105815, 707420, 579647, 408262, 1559067, 820072, 112036, 294454, 'Left']
[1598320, 1731269, 1359783, -31890, 428708, 652800, -766502, -717206, 105978, 707248, 587116, 408975, 1560867, 821733, 113514, 295438, 'Left']
[1616198, 1731173, 1362817, -32754, 427892, 651168, -768352, -719197, 106372, 707501, 576519, 407675, 1558000, 820076, 111177, 294497, 'Left']
[1599625, 1731242, 1359535, -32551, 428175, 652262, -767734, -717718, 105933, 706822, 590175, 410098, 1562372, 821465, 114379, 294900, 'Left']
[1615861, 1731953, 1362042, -32748, 428162, 651021, -768368, -719322, 106750, 707425, 574900, 406714, 1557146, 819844, 110463, 294117, 'Left']
[1601172, 1732335, 1359424, -31433, 428293, 652619, -766494, -717961, 106517, 707502, 592840, 411385, 1563386, 821580, 115138, 294515, 'Left']
[1615374, 1732437, 1361967, -32028, 427284, 651214, -767488, -717420, 107801, 708436, 573123, 406783, 1556212, 820781, 109907, 294663, 'Left']
[1603235, 1731888, 1359617, -31353, 428015, 652723, -766894, -717663, 106741, 707673, 594522, 412741, 1564123, 821850, 115891, 295169, 'Left']
[1613293, 1731715, 1360928, -32537, 427893, 651136, -768342, -719240, 107394, 707514, 572574, 406064, 1555784, 820716, 109702, 295028, 'Left']
[1604982, 1731347, 1359585, -31323, 428449, 652991, -766068, -716455, 106174, 706869, 595335, 412764, 1564456, 821306, 116018, 294698, 'Left']
[1610549, 1731272, 1360383, -32409, 428077, 651931, -768020, -717352, 107501, 707583, 571165, 405610, 1555178, 821137, 109250, 295714, 'Left']
[1606203, 1730708, 1359707, -32197, 428509, 652966, -766401, -718161, 105590, 706561, 594442, 413144, 1564464, 821089, 116087, 294790, 'Left']
[1607742, 1731042, 1359653, -33125, 428684, 651706, -766824, -718535, 107390, 707429, 571080, 405566, 1555355, 821330, 109295, 295532, 'Left']
[1608614, 1730467, 1359927, -33050, 427588, 652162, -767670, -718878, 105176, 706165, 593124, 412745, 1564508, 820335, 115736, 293913, 'Left']
[1605597, 1731116, 1359366, -33604, 427801, 651891, -767480, -717775, 106703, 706968, 572332, 405416, 1555852, 821073, 109403, 294996, 'Left']
[1611290, 1730708, 1360288, -33189, 427058, 652099, -768551, -717767, 105253, 706592, 591961, 412950, 1564133, 820353, 115262, 293855, 'Left']
[1603325, 1731440, 1358204, -33532, 427901, 651800, -768349, -718384, 106652, 707131, 574708, 406104, 1556416, 821239, 109606, 294859, 'Left']
[1613095, 1730922, 1360158, -32921, 427118, 652005, -766795, -718626, 105358, 706817, 589885, 412383, 1563252, 820245, 114563, 293314, 'Left']
[1601570, 1732030, 1358051, -32192, 428246, 652607, -765997, -717239, 107059, 707713, 577090, 406643, 1557234, 821937, 110333, 295041, 'Left']
[1615303, 1731408, 1360912, -32241, 427517, 652186, -769396, -717500, 106139, 707681, 587190, 412207, 1562295, 820729, 113826, 293939, 'Left']
[1600707, 1732005, 1358642, -31641, 429195, 652854, -764687, -716296, 107149, 707805, 579995, 408027, 1558387, 822242, 111246, 295711, 'Left']
[1616723, 1730724, 1361965, -32476, 427387, 651555, -767805, -718669, 105752, 707174, 584901, 411569, 1561347, 820564, 113918, 294613, 'Left']
[1599023, 1731704, 1358433, -31773, 429031, 653074, -765180, -717017, 106460, 707158, 583701, 408843, 1559597, 822212, 113167, 295812, 'Left']
[1616686, 1730257, 1361495, -32898, 427219, 651843, -768297, -718699, 106033, 707291, 581547, 410367, 1559818, 820737, 112925, 294911, 'Left']
[1598173, 1731407, 1357821, -32053, 429003, 653527, -765531, -715334, 105849, 706672, 586905, 409517, 1560595, 822049, 114182, 296061, 'Left']
[1616244, 1730375, 1361391, -33727, 427618, 651304, -768273, -718695, 106109, 707236, 578394, 409072, 1558291, 820447, 112068, 294956, 'Left']
[1598561, 1731018, 1358339, -33003, 428614, 652709, -766438, -716997, 105827, 706502, 589046, 410193, 1561459, 821570, 114312, 295035, 'Left']
[1615714, 1730950, 1361356, -33764, 427313, 651190, -767781, -718666, 106220, 706922, 576071, 407952, 1557232, 820088, 110993, 294461, 'Left']
[1599455, 1731192, 1358917, -32625, 428570, 652797, -766622, -717977, 106148, 707026, 591235, 411494, 1562274, 821739, 114609, 294818, 'Left']
[1614604, 1730799, 1362186, -33734, 427302, 651033, -769228, -718351, 106416, 707300, 573838, 407553, 1556167, 820433, 110493, 294606, 'Left']
[1600938, 1731015, 1359913, -32820, 427889, 652531, -767105, -717153, 105478, 706857, 593691, 412642, 1563389, 821753, 115873, 294822, 'Left']
[1613285, 1731514, 1361748, -33144, 427752, 650923, -767864, -718101, 106669, 707584, 573073, 407302, 1555897, 820845, 110431, 294880, 'Left']
[1603490, 1731512, 1360031, -31580, 427765, 652534, -766475, -718784, 105841, 707361, 594911, 413982, 1564198, 821675, 116353, 294538, 'Left']
[1611737, 1732090, 1361639, -31910, 427572, 651726, -766191, -717048, 106937, 708152, 572326, 407793, 1555592, 821521, 110510, 295493, 'Left']
[1605180, 1731148, 1360995, -31249, 427536, 652896, -766895, -716293, 105694, 707389, 595472, 414857, 1564574, 822113, 116915, 295113, 'Left']
[1608463, 1731240, 1361476, -32194, 427323, 651902, -766534, -717620, 106691, 707342, 572829, 406932, 1555615, 821827, 110602, 295891, 'Left']
[1606905, 1730803, 1361204, -32072, 427360, 652697, -767290, -717855, 105419, 706724, 595159, 414055, 1564657, 821600, 117013, 294612, 'Left']
[1606223, 1730897, 1360391, -33523, 427842, 651435, -767251, -719067, 106811, 706929, 572815, 405909, 1555312, 821478, 110095, 295351, 'Left']
[1609241, 1730443, 1360945, -32879, 427864, 652437, -767303, -717177, 105366, 706308, 592910, 412911, 1563719, 820644, 115762, 293515, 'Left']
[1603824, 1730498, 1359516, -33872, 427782, 651750, -768132, -717526, 106699, 706729, 573906, 405611, 1555684, 821633, 110044, 295372, 'Left']
[1611163, 1730221, 1360868, -33354, 426942, 652236, -767512, -718032, 104926, 705959, 591543, 412254, 1563289, 820236, 115569, 293541, 'Left']
[1601820, 1731042, 1358903, -33389, 427393, 652053, -766806, -718316, 106698, 706901, 575815, 406089, 1556095, 821608, 110503, 295206, 'Left']
[1613520, 1730337, 1361564, -33294, 426825, 651681, -767772, -719028, 105275, 706374, 588904, 412057, 1562156, 820216, 114851, 293592, 'Left']
[1600551, 1731596, 1359191, -32619, 428254, 652732, -766874, -716482, 106653, 706977, 579057, 407241, 1557302, 821885, 111722, 295567, 'Left']
[1615128, 1730965, 1361918, -32628, 427265, 652101, -766816, -717746, 105966, 707220, 586124, 411830, 1561191, 820613, 114312, 294377, 'Left']
[1599267, 1731980, 1358756, -31862, 428358, 653301, -766233, -716584, 106921, 707519, 581964, 408496, 1558622, 822456, 112992, 296386, 'Left']
[1616216, 1731106, 1361878, -32518, 426857, 652211, -767169, -718535, 106467, 707426, 583266, 411063, 1560368, 820649, 113766, 294809, 'Left']
[1598543, 1731815, 1358567, -32039, 428103, 653124, -767272, -717305, 107036, 707283, 584834, 409147, 1559911, 822124, 113666, 295954, 'Left']
[1616644, 1731294, 1361589, -32961, 427055, 651581, -768174, -719462, 106869, 707569, 579884, 409948, 1559143, 820303, 112318, 294302, 'Left']
[1598649, 1731399, 1358040, -32922, 428191, 652639, -766319, -716444, 106684, 707056, 587248, 410148, 1560987, 821814, 114083, 295116, 'Left']
[1616251, 1730465, 1360757, -34672, 426034, 650291, -768943, -719535, 106036, 706817, 577487, 408624, 1557985, 819518, 111913, 293860, 'Left']
[1599199, 1731540, 1357462, -33072, 427917, 652798, -766036, -717876, 105796, 706568, 590333, 410771, 1562020, 820863, 114842, 294042, 'Left']
[1615496, 1730794, 1360524, -34322, 426539, 650828, -768276, -719463, 106198, 707045, 575162, 407644, 1556955, 819789, 110834, 293500, 'Left']
[1600593, 1731099, 1357962, -32702, 427234, 652837, -766879, -716485, 105297, 706359, 592969, 411637, 1563142, 820868, 115592, 294114, 'Left']
[1614000, 1731088, 1360303, -33431, 427510, 651320, -767695, -718543, 106409, 706936, 573885, 407021, 1556331, 820052, 110550, 294377, 'Left']
[1602009, 1731310, 1358245, -31710, 428207, 653383, -765967, -715927, 105924, 706811, 593749, 412691, 1563650, 821400, 115551, 294502, 'Left']
[1612497, 1730798, 1359834, -33138, 427203, 651232, -768657, -718962, 106608, 707139, 572292, 406805, 1555525, 820796, 109938, 295321, 'Left']
[1603820, 1731019, 1357837, -32032, 427756, 652920, -765908, -717268, 105334, 706414, 595153, 413261, 1564125, 821049, 116350, 294593, 'Left']
[1610394, 1731107, 1359355, -33065, 427475, 651625, -766355, -718423, 106898, 707222, 572106, 406260, 1555246, 820663, 110060, 295414, 'Left']
[1606552, 1730428, 1359167, -32738, 427621, 652379, -767140, -718108, 105326, 706185, 595858, 413413, 1564868, 820685, 117171, 294689, 'Left']
[1608280, 1731108, 1359076, -33341, 427146, 651745, -768838, -719026, 107245, 707044, 573643, 405997, 1555950, 820920, 110407, 295246, 'Left']
[1608485, 1730691, 1359111, -32949, 427336, 652469, -767549, -717708, 105570, 706385, 595126, 413494, 1564850, 820487, 116454, 294045, 'Left']
[1605560, 1731179, 1358214, -33786, 428046, 651648, -766788, -719853, 107112, 706979, 573919, 406099, 1556236, 820993, 109772, 295085, 'Left']
[1610552, 1730463, 1359197, -33343, 427162, 652085, -768031, -717509, 105657, 706427, 592806, 413310, 1564306, 820011, 115390, 293553, 'Left']
[1602975, 1731581, 1357388, -33237, 428117, 652357, -765782, -716076, 107259, 707152, 575473, 406612, 1556560, 821267, 109975, 295443, 'Left']
[1612265, 1730073, 1359019, -33678, 426468, 651670, -767698, -718338, 105699, 706427, 590340, 412712, 1563119, 819942, 114593, 293781, 'Left']
[1601309, 1730957, 1356185, -33677, 428173, 651808, -768583, -718646, 106722, 706524, 577433, 406590, 1557002, 821075, 110238, 294846, 'Left']
[1614198, 1730120, 1358392, -33912, 426860, 651271, -769026, -719772, 105405, 706103, 587630, 411661, 1562136, 819470, 113483, 292625, 'Left']
[1600123, 1731088, 1356367, -33190, 428039, 652265, -764525, -717292, 106868, 706754, 579886, 407535, 1558150, 821266, 110934, 294467, 'Left']
[1615411, 1730038, 1359310, -33829, 426599, 651015, -768307, -718373, 105302, 706177, 585058, 411003, 1561142, 819459, 113457, 293292, 'Left']
[1599173, 1731250, 1356348, -33342, 427526, 652051, -768904, -718720, 106223, 706431, 583207, 408510, 1559390, 821259, 112313, 294575, 'Left']
[1616489, 1731433, 1359472, -33185, 427334, 651246, -768013, -719253, 106095, 707034, 582102, 410529, 1560021, 819613, 112227, 292829, 'Left']
[1599226, 1732150, 1356410, -32092, 428284, 652750, -765978, -716948, 107097, 707784, 585940, 410484, 1560456, 821925, 112789, 294580, 'Left']
[1616984, 1731225, 1360013, -33402, 426758, 650990, -768537, -718960, 106693, 707485, 579399, 410448, 1558834, 820201, 111638, 293852, 'Left']
[1599611, 1731604, 1356743, -32860, 427775, 652527, -765974, -716833, 106254, 706826, 590012, 411693, 1562031, 821677, 114330, 294793, 'Left']
[1616239, 1731284, 1359222, -33749, 426882, 651002, -768290, -719122, 106854, 707373, 577214, 409231, 1557637, 820166, 110683, 293710, 'Left']
[1599908, 1731242, 1356364, -33245, 427752, 652487, -767481, -717111, 106103, 706711, 591773, 412037, 1562438, 821363, 113927, 293975, 'Left']
[1614461, 1730860, 1359040, -34221, 426793, 651128, -767991, -718589, 106655, 707296, 574711, 408000, 1556513, 820111, 109582, 293529, 'Left']
[1600787, 1730792, 1356537, -33407, 427138, 652683, -767519, -717967, 105140, 706156, 593919, 412469, 1563543, 821000, 115136, 293378, 'Left']
[1612895, 1730804, 1358219, -34368, 426920, 651371, -767469, -719385, 106660, 707122, 573108, 407020, 1555878, 820250, 109412, 293229, 'Left']
[1602659, 1730640, 1356972, -33473, 427514, 652785, -766341, -716900, 105155, 706048, 594657, 413058, 1564058, 820808, 115617, 292857, 'Left']
[1610972, 1730946, 1358683, -34265, 427216, 651033, -768050, -718763, 106864, 706860, 572508, 406804, 1555489, 820664, 109564, 293365, 'Left']
[1604969, 1731148, 1357795, -32673, 427445, 652423, -766744, -717936, 105608, 706315, 595235, 413895, 1564322, 820951, 115816, 292608, 'Left']
[1609173, 1732162, 1358270, -32845, 428176, 651440, -766313, -718098, 107451, 707614, 573009, 407536, 1555703, 821380, 109884, 294219, 'Left']
[1608097, 1731815, 1358478, -31898, 427642, 652558, -766723, -716829, 106598, 707406, 594499, 415433, 1564727, 821409, 115971, 293202, 'Left']
[1607931, 1732358, 1358405, -32600, 427988, 651518, -766634, -718009, 107411, 707507, 573844, 407972, 1555966, 821679, 110279, 294251, 'Left']
[1611150, 1731603, 1359350, -32259, 427507, 651962, -767960, -717832, 105948, 706957, 594560, 414934, 1564525, 820982, 116448, 292591, 'Left']
[1606013, 1732836, 1358063, -32354, 429246, 652484, -765627, -717514, 107530, 707508, 575458, 407356, 1556563, 821833, 110417, 293830, 'Left']
[1613241, 1731823, 1359936, -32337, 428326, 652769, -766289, -717155, 106418, 707335, 591838, 413536, 1563734, 821045, 115162, 292249, 'Left']
[1603568, 1732300, 1357856, -32497, 429201, 652937, -766263, -716370, 107377, 707587, 576752, 406575, 1556852, 822254, 110828, 294212, 'Left']
[1614442, 1730953, 1360194, -32983, 427964, 652467, -768686, -717761, 105731, 706778, 589139, 411393, 1562611, 820656, 114749, 292059, 'Left']
[1601171, 1731700, 1357535, -33024, 428967, 652517, -766457, -717705, 106726, 706876, 579436, 405778, 1557675, 822071, 111687, 293565, 'Left']
[1615211, 1730852, 1360348, -33169, 428212, 651719, -766360, -718251, 105713, 706599, 586578, 409527, 1561422, 820353, 114031, 291596, 'Left']
[1599738, 1731545, 1357403, -32945, 429441, 652299, -766329, -718069, 106377, 706832, 582021, 405960, 1558667, 822118, 112486, 293480, 'Left']
[1615912, 1730902, 1359923, -33394, 428328, 651135, -768282, -719759, 105694, 706855, 583922, 408558, 1560530, 820245, 113391, 291847, 'Left']
[1599051, 1731788, 1356368, -32251, 428614, 652853, -768231, -717150, 106527, 707270, 584497, 406942, 1559712, 822227, 112539, 293473, 'Left']
[1616826, 1730991, 1359279, -32960, 427482, 651594, -768726, -718783, 106031, 707271, 580562, 408073, 1559346, 820736, 112011, 292824, 'Left']
[1599034, 1731875, 1355853, -31792, 428754, 653158, -765831, -716680, 106279, 707114, 587855, 408540, 1561278, 822383, 113886, 294003, 'Left']
[1616677, 1731456, 1359066, -32590, 427540, 651516, -768486, -719048, 106598, 707552, 577973, 407676, 1558414, 820662, 111559, 293014, 'Left']
[1600004, 1732027, 1356230, -31493, 428553, 653319, -767294, -717626, 106547, 707330, 590429, 409892, 1562511, 822587, 114640, 293741, 'Left']
[1616291, 1731306, 1359204, -32811, 427865, 651623, -767806, -718944, 106915, 707670, 575457, 406723, 1557571, 821165, 110688, 293084, 'Left']
[1600778, 1731512, 1356697, -31812, 428988, 653192, -765715, -717184, 106060, 706910, 592782, 410499, 1563618, 822235, 115572, 293689, 'Left']
[1614350, 1730788, 1358688, -33433, 427857, 651174, -769052, -719013, 106873, 707459, 573575, 405612, 1556585, 820928, 110240, 293455, 'Left']
[1601723, 1730996, 1356147, -32528, 428842, 652882, -766981, -717757, 105377, 706230, 594241, 410683, 1564247, 821458, 115826, 293148, 'Left']
[1612754, 1730768, 1357747, -33469, 428088, 651503, -767468, -717736, 106770, 707168, 572277, 405034, 1556108, 820843, 109725, 293576, 'Left']
[1603986, 1730722, 1355880, -32714, 428498, 652819, -765686, -717822, 105226, 706185, 594698, 411625, 1564703, 821094, 116264, 293020, 'Left']
[1610566, 1731117, 1356676, -33518, 428085, 651596, -768162, -718883, 107033, 707186, 571406, 404825, 1555682, 821117, 109401, 293520, 'Left']
[1606246, 1730764, 1356143, -32465, 427690, 652923, -767438, -716782, 105430, 706457, 594249, 412351, 1564696, 821446, 115818, 292711, 'Left']
[1608112, 1730839, 1355972, -33653, 426898, 651173, -768685, -717562, 106420, 706842, 572124, 404902, 1555752, 821478, 109848, 294204, 'Left']
[1608524, 1730933, 1356068, -32674, 427706, 652153, -767140, -717898, 105140, 706359, 594303, 412569, 1564837, 820880, 116544, 293044, 'Left']
[1606217, 1732110, 1355224, -32737, 428606, 651929, -766756, -717904, 107271, 707598, 573191, 405799, 1556225, 821711, 110231, 294458, 'Left']
[1611431, 1731395, 1356298, -32478, 427873, 652517, -768388, -717927, 105999, 707359, 591565, 413098, 1563996, 820883, 115336, 292869, 'Left']
[1604165, 1732140, 1354731, -32755, 428970, 652397, -767231, -717584, 107314, 707808, 574231, 406668, 1556384, 821948, 110109, 294716, 'Left']
[1613161, 1731191, 1356351, -32837, 427830, 652403, -767373, -718672, 105849, 707257, 589143, 412836, 1563040, 820538, 114760, 292885, 'Left']
[1602220, 1731837, 1354481, -32685, 429166, 652925, -765407, -716103, 106941, 707467, 576100, 407133, 1556942, 822182, 110752, 295054, 'Left']
[1615067, 1730622, 1356705, -33160, 427787, 652097, -768227, -717711, 105600, 706668, 586687, 412171, 1562266, 820535, 114525, 293455, 'Left']
[1600681, 1731151, 1353449, -33440, 428212, 652173, -768221, -718216, 106747, 706660, 579037, 407680, 1558220, 822228, 111727, 294594, 'Left']
[1615931, 1730310, 1356493, -33979, 426969, 651208, -766475, -718086, 105632, 705996, 583927, 411005, 1561062, 819984, 113543, 292382, 'Left']
[1599177, 1731242, 1353193, -33213, 428370, 652511, -766274, -716177, 106494, 706495, 582256, 408597, 1559174, 822006, 112775, 294230, 'Left']
[1616478, 1730550, 1356209, -33773, 427309, 651469, -767944, -718818, 105922, 706607, 581333, 410583, 1559944, 820453, 112891, 292819, 'Left']
[1598982, 1731132, 1352646, -32991, 428052, 652818, -766110, -717546, 105929, 706503, 585690, 409794, 1560563, 822330, 113725, 294294, 'Left']
[1616735, 1731017, 1355257, -33266, 426648, 651493, -768236, -717915, 105784, 706795, 578802, 409677, 1558828, 820420, 112274, 293127, 'Left']
[1599686, 1731622, 1352135, -32457, 428418, 653088, -766266, -717653, 106139, 706880, 588320, 411022, 1561548, 822284, 114167, 294193, 'Left']
[1616783, 1731220, 1355060, -33102, 427206, 651562, -768125, -717264, 106327, 707018, 576055, 408689, 1557646, 820618, 111099, 293277, 'Left']
[1600671, 1732067, 1352441, -31889, 428366, 653271, -766410, -717010, 105920, 706777, 591154, 411853, 1562862, 822355, 115030, 294130, 'Left']
[1615706, 1731814, 1355057, -32692, 428164, 651810, -766721, -718137, 107319, 708042, 573827, 408068, 1556962, 821499, 110258, 293813, 'Left']
[1601406, 1731520, 1352320, -32257, 428182, 653120, -765832, -716260, 105929, 706951, 592635, 412386, 1563765, 822380, 115537, 293958, 'Left']
[1613607, 1731277, 1354064, -33372, 427337, 651289, -768322, -717441, 107076, 707480, 572369, 406701, 1556320, 821468, 110017, 293981, 'Left']
[1602885, 1730980, 1352250, -32629, 427953, 652263, -768096, -717489, 105905, 706484, 593692, 412113, 1564213, 821918, 115640, 293295, 'Left']
[1611432, 1731386, 1354062, -33285, 427651, 651362, -766498, -718585, 107191, 707047, 571925, 405523, 1555801, 821287, 109691, 293709, 'Left']
[1604318, 1730876, 1353543, -32864, 427797, 652568, -766710, -718414, 105890, 706326, 594671, 412350, 1564557, 821621, 116108, 293002, 'Left']
[1608833, 1731040, 1354499, -33502, 428184, 651331, -767875, -717340, 107372, 706968, 571303, 405149, 1555346, 821458, 109635, 294072, 'Left']
[1606760, 1730355, 1354278, -33133, 427390, 652204, -767915, -717345, 105337, 705756, 594183, 412324, 1564521, 820999, 116303, 292740, 'Left']
[1606919, 1731293, 1353967, -33579, 428073, 651506, -767074, -717804, 107157, 706563, 572657, 405160, 1555966, 821424, 110171, 294025, 'Left']
[1609320, 1730538, 1354577, -33032, 427655, 651806, -767158, -717098, 105900, 706072, 593396, 412779, 1564738, 820915, 116212, 292658, 'Left']
[1604581, 1731938, 1353658, -32824, 428489, 651842, -767243, -717877, 107533, 706776, 573900, 405854, 1556590, 821578, 110216, 294019, 'Left']
[1612072, 1731035, 1355351, -32610, 427430, 651996, -768094, -718353, 106284, 706747, 591299, 413112, 1564226, 820906, 115407, 292752, 'Left']
[1603060, 1731301, 1353208, -33266, 427764, 651604, -767316, -718166, 107058, 706780, 576159, 406450, 1557303, 821752, 110887, 294287, 'Left']
[1613693, 1730798, 1354966, -33156, 427426, 651565, -767791, -718117, 105611, 706217, 590116, 412092, 1563312, 820242, 115505, 292581, 'Left']
[1601068, 1731838, 1351870, -32752, 428631, 652222, -765891, -717642, 107436, 707117, 578825, 407138, 1557773, 821948, 111429, 294112, 'Left']
[1615112, 1730572, 1354241, -33359, 427142, 651193, -768405, -717765, 105749, 706317, 587040, 411612, 1562150, 820013, 114323, 292631, 'Left']
[1599533, 1731615, 1350929, -32628, 428537, 652431, -766146, -716359, 106817, 706773, 581619, 407727, 1558815, 821910, 111955, 294031, 'Left']
[1616276, 1730722, 1354082, -33204, 426963, 651320, -767380, -717851, 105782, 706578, 583835, 410673, 1560741, 820464, 113186, 292572, 'Left']
[1599079, 1731477, 1350044, -32829, 428316, 652619, -766729, -717923, 106387, 706504, 584551, 408431, 1559953, 822033, 112754, 293980, 'Left']
[1616916, 1730764, 1352963, -33364, 426947, 651588, -767652, -718476, 106139, 706502, 580299, 409145, 1559329, 820300, 111935, 292892, 'Left']
[1599164, 1731680, 1349249, -32228, 428651, 653351, -765835, -716103, 106578, 706461, 586511, 409475, 1560834, 821953, 113038, 294351, 'Left']
[1616872, 1730693, 1352093, -33410, 427142, 651431, -767784, -718298, 106641, 706760, 576689, 408833, 1557909, 820664, 110651, 293691, 'Left']
[1599691, 1731562, 1348788, -32346, 428340, 653074, -766937, -716692, 106307, 706345, 589356, 411057, 1561856, 822126, 113920, 294412, 'Left']
[1616159, 1731171, 1351325, -33305, 426988, 651305, -769069, -718775, 106847, 706941, 574928, 408166, 1556951, 820588, 110041, 293848, 'Left']
[1600792, 1731575, 1348537, -32074, 428097, 653138, -765459, -716697, 106031, 706348, 592338, 412200, 1563028, 821834, 115004, 294451, 'Left']
[1614922, 1731281, 1350583, -32972, 426987, 651194, -766808, -718041, 107004, 707076, 573315, 407726, 1556063, 820637, 109936, 294003, 'Left']
[1602605, 1731308, 1348007, -32211, 427489, 652824, -766808, -716931, 105755, 706136, 593851, 412928, 1563750, 821387, 115459, 293877, 'Left']
[1613361, 1731623, 1349795, -32890, 427279, 651781, -767975, -717103, 106804, 706943, 572349, 406968, 1555615, 820734, 109470, 294233, 'Left']
[1604585, 1731034, 1348296, -32208, 427843, 652671, -766113, -717685, 105513, 706333, 594844, 413543, 1564215, 821351, 115555, 293780, 'Left']
[1611184, 1731070, 1348838, -33478, 427318, 651119, -767604, -718210, 106310, 706431, 572393, 406221, 1555438, 820668, 109543, 294238, 'Left']
[1606810, 1730586, 1347807, -32986, 426755, 652322, -766600, -717868, 104966, 705862, 595357, 413426, 1564465, 820818, 115906, 293522, 'Left']
[1608585, 1731108, 1347264, -33889, 427886, 651477, -766879, -717384, 106554, 706406, 572281, 405734, 1555160, 820819, 108880, 294358, 'Left']
[1608758, 1730399, 1347595, -33401, 427560, 652595, -767009, -716427, 105059, 705564, 593833, 413172, 1564117, 820677, 115062, 293367, 'Left']
[1606561, 1730797, 1346799, -33956, 427519, 651777, -767452, -717442, 106959, 706301, 572662, 405889, 1555310, 821263, 108582, 294753, 'Left']
[1611495, 1730458, 1347867, -33324, 426866, 652079, -767007, -717463, 105452, 705565, 592780, 413176, 1563678, 820548, 114712, 293211, 'Left']
[1604541, 1731046, 1346282, -33853, 427888, 651313, -766116, -717706, 107316, 706244, 575087, 406625, 1556091, 821515, 109345, 294601, 'Left']
[1613263, 1730490, 1347628, -33763, 427053, 651164, -769009, -719391, 105641, 705498, 591151, 413060, 1563268, 819811, 114492, 292879, 'Left']
[1602627, 1731425, 1345725, -33251, 428142, 651912, -765798, -716735, 107284, 706399, 577505, 407340, 1556768, 821589, 109914, 294111, 'Left']
[1614922, 1730885, 1348020, -33222, 426702, 651579, -767622, -717754, 106196, 706251, 588585, 413059, 1562210, 820299, 113914, 292679, 'Left']
[1600521, 1731590, 1344996, -32722, 428105, 652198, -766596, -716804, 107333, 706458, 579972, 408459, 1557705, 821701, 110522, 294169, 'Left']
[1616074, 1730861, 1348077, -32778, 426823, 651599, -767595, -718055, 106301, 706298, 585173, 412132, 1560975, 820012, 112705, 292717, 'Left']
[1599803, 1731523, 1344975, -32244, 427569, 652972, -765981, -716442, 106679, 706320, 583059, 409252, 1559131, 821795, 111929, 294336, 'Left']
[1616935, 1730583, 1348303, -32962, 426332, 651419, -768185, -718141, 106118, 706268, 582345, 410870, 1559875, 820070, 112218, 292809, 'Left']
[1599287, 1731223, 1345060, -32358, 427773, 652814, -765510, -715862, 106384, 706013, 586199, 409791, 1560397, 821622, 113001, 294266, 'Left']
[1617066, 1730889, 1348418, -33119, 426814, 651246, -768938, -719059, 106453, 706189, 579395, 409724, 1558813, 819855, 111591, 293122, 'Left']
[1599377, 1731467, 1345085, -32519, 427417, 652735, -767120, -717481, 106575, 705981, 588507, 410783, 1561300, 821457, 113251, 293642, 'Left']
[1616418, 1730649, 1347931, -33541, 426535, 650583, -768844, -719249, 106692, 706064, 576510, 408624, 1557790, 819653, 110630, 292879, 'Left']
[1599619, 1730937, 1344791, -32597, 427144, 651966, -767403, -718074, 105970, 705297, 591503, 411071, 1562819, 820874, 114545, 293254, 'Left']
[1614971, 1731042, 1347425, -33389, 426495, 650533, -767828, -719375, 107145, 706175, 574302, 406915, 1556625, 819695, 109594, 292784, 'Left']
[1600828, 1731184, 1345323, -32259, 427089, 652197, -766995, -717456, 106193, 705496, 593395, 411661, 1563252, 821055, 114776, 293378, 'Left']
[1613437, 1731409, 1347989, -32854, 426512, 650776, -767322, -718153, 107235, 706335, 573497, 406325, 1555912, 820311, 109470, 293552, 'Left']
[1602684, 1731499, 1346181, -31572, 426936, 652342, -766651, -718034, 106337, 706066, 595543, 412491, 1563989, 821415, 115670, 293529, 'Left']
[1611517, 1731727, 1347294, -32213, 427232, 651072, -767470, -716924, 107867, 707018, 572548, 405640, 1555002, 820749, 108900, 293810, 'Left']
[1604761, 1731078, 1346279, -31586, 427345, 652240, -766432, -717241, 106298, 706225, 595578, 412656, 1563701, 821119, 115376, 293701, 'Left']
[1609465, 1731356, 1347401, -32241, 428101, 651265, -767659, -717526, 107562, 706739, 572504, 405636, 1554664, 821048, 108936, 294681, 'Left']
[1607319, 1730676, 1347061, -32181, 427586, 652194, -766903, -717743, 105882, 706006, 595159, 413247, 1564096, 820883, 115513, 293947, 'Left']
[1607175, 1730944, 1346589, -33221, 427555, 651275, -766025, -717716, 107195, 706286, 572949, 405700, 1555181, 821291, 109275, 295055, 'Left']
[1609745, 1730214, 1347384, -32706, 427443, 652031, -767619, -716797, 105576, 705314, 593814, 413006, 1564021, 820652, 115330, 293702, 'Left']
[1605029, 1730890, 1346029, -32899, 427494, 651822, -766403, -717252, 107101, 705889, 573996, 405759, 1555584, 821327, 109216, 294819, 'Left']
[1611673, 1730437, 1347501, -32588, 426193, 652198, -766968, -718723, 105615, 705461, 592039, 412742, 1563251, 820450, 114861, 293057, 'Left']
[1602868, 1731710, 1346205, -32292, 427510, 652474, -766455, -717699, 107345, 706479, 576009, 406438, 1556241, 821770, 109707, 294483, 'Left']
[1614166, 1730377, 1349250, -32765, 426655, 651735, -768910, -718062, 105492, 705880, 589730, 412480, 1562520, 820252, 114349, 293044, 'Left']
[1601885, 1731084, 1347404, -32703, 427409, 652295, -766897, -717110, 106715, 706165, 579053, 407225, 1557439, 821646, 111054, 294788, 'Left']
[1616250, 1730967, 1350233, -32224, 427152, 651885, -767505, -717769, 105863, 705938, 587539, 412100, 1561919, 820062, 114125, 293192, 'Left']
[1601182, 1731542, 1347680, -31724, 428436, 652413, -766029, -717428, 107484, 706743, 581035, 408926, 1558414, 822132, 111506, 294940, 'Left']
[1617900, 1730659, 1350730, -32419, 426835, 651489, -768444, -717404, 106228, 706225, 583446, 412056, 1560322, 820198, 112771, 293534, 'Left']
[1600332, 1731388, 1347191, -31892, 428347, 653091, -765196, -716426, 106779, 706318, 584224, 410355, 1559435, 821932, 112594, 295103, 'Left']
[1617840, 1730244, 1350272, -33103, 426938, 651751, -768558, -718266, 105922, 706092, 580675, 411014, 1558982, 820160, 112168, 293899, 'Left']
[1599716, 1731201, 1346919, -32081, 428683, 653574, -765152, -715839, 105860, 705645, 587374, 410626, 1560451, 821471, 113511, 294677, 'Left']
[1617266, 1730003, 1350118, -33481, 427274, 651552, -767376, -718185, 105769, 705776, 577850, 409243, 1557881, 819933, 111445, 293852, 'Left']
[1599819, 1731073, 1347085, -32024, 428996, 653290, -764611, -716113, 105685, 705460, 590118, 410481, 1561898, 821194, 114639, 294178, 'Left']
[1615920, 1730238, 1350272, -32950, 427872, 651004, -767617, -718243, 105935, 705793, 575792, 407253, 1557161, 819907, 111395, 293723, 'Left']
[1600430, 1731176, 1347840, -31308, 428785, 653039, -765969, -716857, 105290, 705346, 592624, 410305, 1562874, 821069, 115644, 293557, 'Left']
[1615090, 1731515, 1350510, -31706, 427955, 651451, -767739, -718330, 107101, 707025, 573274, 405792, 1555918, 820669, 109875, 293503, 'Left']
[1602573, 1731148, 1348471, -31381, 428071, 652516, -766331, -717242, 105826, 706296, 593901, 410994, 1563355, 821577, 115441, 293621, 'Left']
[1613123, 1730834, 1350375, -32537, 427562, 651050, -768153, -717381, 106434, 706427, 572853, 404532, 1555403, 820576, 109848, 294011, 'Left']
[1603828, 1730999, 1348672, -31534, 428348, 652828, -767161, -717657, 105129, 705709, 595232, 410682, 1564075, 820963, 116188, 293459, 'Left']
[1611028, 1730872, 1349520, -33057, 427851, 650895, -768538, -719280, 106661, 706611, 571880, 403988, 1555083, 820792, 109404, 293997, 'Left']
[1606329, 1730672, 1348707, -32156, 427867, 652366, -765976, -717985, 105097, 705761, 595244, 411400, 1564261, 820441, 116277, 293181, 'Left']
[1609252, 1731577, 1348975, -32437, 428125, 651659, -767921, -715691, 106663, 706535, 572406, 404206, 1555172, 820693, 109955, 294543, 'Left']
[1609309, 1730892, 1349043, -32115, 427752, 652496, -766815, -717249, 105431, 706193, 593885, 411869, 1564100, 820584, 115914, 293244, 'Left']
[1606760, 1731594, 1347887, -32597, 429030, 651955, -765763, -717294, 106853, 706600, 572521, 404437, 1555527, 821170, 109906, 294126, 'Left']
[1611321, 1730867, 1348423, -32251, 428226, 652344, -767213, -716619, 105494, 706140, 591663, 411745, 1563593, 820459, 115411, 292551, 'Left']
[1604518, 1731324, 1346424, -32727, 428066, 652161, -767381, -718100, 106750, 706545, 573530, 404648, 1555772, 821175, 109728, 294017, 'Left']
[1613351, 1730406, 1348044, -32562, 427143, 651880, -766922, -717135, 105047, 705822, 589587, 411152, 1562809, 819831, 114566, 292215, 'Left']
[1602630, 1731089, 1345447, -32487, 428072, 652101, -766539, -717345, 106245, 706085, 575781, 405101, 1556554, 821059, 110250, 294215, 'Left']
[1615363, 1730359, 1347973, -32512, 426955, 651737, -768286, -718255, 105118, 705886, 587162, 410790, 1562122, 819777, 114065, 292604, 'Left']
[1601431, 1731808, 1344830, -31764, 428238, 652921, -766906, -716054, 106719, 706737, 578619, 406558, 1557789, 821422, 111080, 294384, 'Left']
[1617651, 1730518, 1347975, -32528, 426989, 651477, -767517, -719150, 105724, 706302, 583888, 410288, 1560796, 819777, 112798, 292702, 'Left']
[1601677, 1731491, 1345212, -31885, 428636, 652636, -766290, -715430, 106156, 705954, 582111, 407275, 1559055, 821501, 112399, 294472, 'Left']
[1618800, 1730845, 1348625, -32584, 427469, 651228, -769641, -718566, 106206, 706343, 581738, 409311, 1560128, 820168, 112956, 293205, 'Left']
[1600833, 1731944, 1345825, -31564, 428727, 653001, -765001, -715689, 106760, 706246, 585368, 408253, 1560532, 821639, 113293, 294238, 'Left']
[1618409, 1731063, 1349307, -32562, 427481, 651347, -767772, -718225, 106716, 706513, 578903, 408260, 1559200, 820171, 112261, 293359, 'Left']
[1600533, 1731428, 1346128, -32173, 428278, 652499, -767205, -717647, 106685, 705994, 588330, 409172, 1561844, 821863, 114277, 293723, 'Left']
[1617763, 1731286, 1349171, -33036, 427587, 651340, -768437, -717438, 106959, 706293, 576902, 407329, 1558181, 820122, 111242, 292835, 'Left']
[1600942, 1731368, 1345818, -32593, 428082, 652671, -766701, -716777, 106605, 705943, 591116, 410364, 1562923, 821782, 114592, 293649, 'Left']
[1616140, 1730495, 1348416, -33832, 427146, 650198, -768286, -719768, 106741, 706108, 574540, 406603, 1557063, 820272, 110087, 292955, 'Left']
[1601428, 1730934, 1345464, -32364, 428150, 652268, -766094, -717418, 105876, 705539, 593655, 411316, 1563717, 821341, 115288, 292892, 'Left']
[1614136, 1730576, 1347326, -33308, 427484, 651012, -768352, -717224, 106946, 706276, 572925, 406257, 1555956, 820715, 109312, 293278, 'Left']
[1603015, 1730326, 1345436, -32480, 428436, 652725, -765976, -715638, 105422, 705374, 594495, 412248, 1563994, 821384, 115424, 293178, 'Left']
[1612394, 1730723, 1346952, -33371, 427894, 651097, -768074, -717265, 106565, 706019, 571729, 405875, 1555463, 820719, 109136, 293746, 'Left']
[1605458, 1730889, 1346385, -32085, 428244, 652763, -765567, -716935, 105012, 705195, 594972, 412851, 1564429, 820694, 115737, 292750, 'Left']
[1610746, 1731469, 1347427, -32507, 427772, 652254, -767301, -717844, 106866, 706558, 571515, 405804, 1555257, 821091, 109229, 294007, 'Left']
[1608354, 1731301, 1347242, -31444, 427567, 653736, -766564, -716179, 105374, 705827, 594753, 413121, 1564401, 820905, 115969, 292971, 'Left']
