[2553063, 1793958, 501840, -351604, 451169, 944409, -352452, -174481, 258409, 330585, 1196503, 93360, 1328213, -587541, -547337, 679414, 'Left']
[2441483, 1767761, 462783, -362093, 450955, 934255, -347247, -170086, 260655, 325246, 1151977, 60212, 1319551, -582470, -562786, 669245, 'Left']
[2553445, 1795696, 502598, -350718, 451880, 945745, -354450, -173258, 259079, 330404, 1181277, 89178, 1320606, -586833, -550464, 672580, 'Left']
[2442919, 1765750, 463286, -363891, 451461, 932472, -346475, -170274, 259678, 324779, 1167685, 64655, 1327116, -583736, -559962, 676603, 'Left']
[2549636, 1796433, 501609, -350016, 452852, 946710, -351756, -172329, 259494, 329554, 1164778, 83230, 1313521, -586189, -553334, 665595, 'Left']
[2447760, 1764742, 464436, -365051, 451018, 931422, -346686, -170038, 258991, 324679, 1183972, 70328, 1334861, -585009, -555869, 683748, 'Left']
[2542295, 1795900, 498671, -350097, 452098, 946176, -353340, -174202, 259759, 328493, 1147900, 76300, 1306714, -585699, -557514, 658647, 'Left']
[2455248, 1765256, 466397, -365083, 450735, 930592, -348270, -172265, 258264, 325100, 1199066, 76242, 1340892, -586224, -553384, 689031, 'Left']
[2532655, 1795308, 495542, -349560, 452635, 946616, -352811, -172967, 260704, 328409, 1133824, 70288, 1300412, -584165, -561261, 651952, 'Left']
[2466421, 1766824, 470266, -364660, 450555, 931261, -347951, -172316, 258104, 326377, 1213022, 82881, 1345715, -586761, -549648, 694066, 'Left']
[2520701, 1793776, 491644, -349831, 452947, 946566, -352881, -172367, 261468, 327920, 1122126, 64563, 1296096, -583017, -564142, 647955, 'Left']
[2479957, 1769442, 475271, -363777, 450452, 931928, -348444, -172310, 257926, 327169, 1223225, 88570, 1349053, -587654, -547027, 697390, 'Left']
[2507140, 1791157, 487271, -350538, 452883, 945435, -351889, -171930, 261984, 327132, 1115020, 59968, 1294577, -582357, -566058, 646440, 'Left']
[2494459, 1773156, 480754, -362013, 450580, 933264, -347270, -172372, 258194, 328452, 1229379, 93349, 1350454, -587621, -544624, 698756, 'Left']
[2492215, 1787934, 482411, -352076, 453049, 943899, -351530, -171626, 262206, 326703, 1110895, 56514, 1294466, -581585, -567533, 645780, 'Left']
[2509083, 1776918, 486351, -360443, 451314, 934481, -350041, -173292, 257884, 329019, 1231465, 96486, 1350067, -588035, -543664, 698314, 'Left']
[2477227, 1783840, 477622, -353112, 453261, 942297, -349133, -170833, 262434, 326279, 1111050, 54012, 1295966, -581115, -568154, 646811, 'Left']
[2523164, 1781185, 491647, -358038, 451252, 936667, -349262, -172392, 258161, 330040, 1230317, 98603, 1347486, -587851, -542117, 696728, 'Left']
[2463197, 1778829, 472169, -356057, 452973, 939551, -349214, -171651, 262244, 325644, 1114665, 52829, 1298830, -581034, -567836, 649665, 'Left']
[2534567, 1784689, 495184, -356914, 451429, 938594, -352672, -173885, 257833, 329848, 1223734, 98016, 1342856, -588261, -543167, 692220, 'Left']
[2451909, 1774356, 467464, -358516, 452403, 937704, -348300, -170958, 261084, 324445, 1121239, 52245, 1302945, -581892, -567564, 653730, 'Left']
[2544292, 1788970, 498153, -354840, 451072, 941539, -352609, -173264, 257795, 330096, 1214798, 96913, 1337346, -587947, -544557, 688079, 'Left']
[2444226, 1770971, 463694, -360339, 451568, 936156, -347612, -170727, 261076, 324826, 1131220, 54316, 1308407, -581556, -566279, 659182, 'Left']
[2549920, 1792192, 500353, -352914, 451696, 943384, -352299, -173605, 257959, 330266, 1202534, 94576, 1330666, -587510, -546419, 682067, 'Left']
[2440187, 1768359, 462247, -362163, 452065, 934000, -346114, -170172, 260591, 324439, 1144041, 57341, 1315471, -582208, -563880, 665521, 'Left']
[2552128, 1794837, 502025, -351515, 451868, 944818, -353287, -172282, 258784, 330399, 1188227, 90872, 1323510, -586796, -548557, 675523, 'Left']
[2440417, 1766507, 462440, -363404, 451409, 932615, -347454, -169535, 260174, 324552, 1159770, 61775, 1322893, -582984, -561040, 673182, 'Left']
[2550285, 1796021, 501636, -350379, 452402, 945707, -353020, -173440, 259470, 330130, 1173095, 85913, 1316356, -586183, -551889, 668647, 'Left']
[2443826, 1765361, 463470, -364064, 451474, 932083, -345468, -171398, 259575, 325052, 1176020, 67309, 1330388, -583794, -557856, 679766, 'Left']
[2545562, 1796839, 500247, -349559, 452468, 947209, -354233, -173383, 259705, 329628, 1156851, 80001, 1309291, -585029, -555523, 661568, 'Left']
[2450512, 1766007, 465515, -364175, 451704, 932188, -346276, -170765, 259174, 325895, 1191882, 73796, 1337144, -584165, -554736, 685219, 'Left']
[2537498, 1796804, 497718, -348785, 453369, 948321, -352225, -171534, 260629, 329455, 1141312, 74217, 1302863, -583372, -558938, 653991, 'Left']
[2460463, 1766560, 468935, -364206, 451507, 932732, -345908, -170550, 258422, 326483, 1206747, 80464, 1343154, -584890, -550435, 690595, 'Left']
[2526906, 1794711, 493792, -349312, 453196, 947989, -352390, -172883, 260705, 328385, 1128401, 67913, 1298055, -582509, -561947, 649189, 'Left']
[2472172, 1767503, 472187, -364275, 451010, 932513, -348082, -171952, 257555, 326869, 1217558, 85447, 1347105, -585999, -548071, 694180, 'Left']
[2513877, 1791866, 489262, -350179, 453385, 947326, -351440, -170588, 260834, 327300, 1117615, 62007, 1294856, -581923, -565307, 645599, 'Left']
[2485527, 1770187, 477135, -363189, 451237, 933498, -348232, -172094, 257098, 327671, 1225452, 90381, 1349693, -586704, -545709, 697247, 'Left']
[2499314, 1788829, 484461, -351486, 453391, 945637, -351838, -172248, 261380, 326658, 1111388, 58082, 1293721, -581324, -567519, 644327, 'Left']
[2499958, 1773978, 482560, -361498, 451636, 934844, -348452, -171298, 257550, 328639, 1229755, 94211, 1350062, -587070, -543915, 697878, 'Left']
[2484302, 1785070, 479481, -353001, 453330, 944015, -350476, -170941, 261621, 326036, 1109853, 55020, 1294669, -581084, -567990, 645048, 'Left']
[2514838, 1778360, 487988, -359633, 450776, 936270, -349719, -173037, 257535, 329177, 1230357, 96822, 1348749, -587548, -543051, 696768, 'Left']
[2469980, 1781214, 474138, -354895, 453093, 941206, -349035, -172053, 262210, 325934, 1111480, 53636, 1296890, -580585, -568461, 646306, 'Left']
[2528361, 1782416, 492586, -357845, 451185, 937992, -352858, -173739, 257301, 329335, 1226594, 97867, 1345533, -588362, -543408, 693307, 'Left']
[2457672, 1776695, 469209, -356463, 453216, 939687, -347229, -170724, 261598, 325332, 1116193, 52875, 1300712, -580816, -568730, 649772, 'Left']
[2539282, 1786662, 496637, -354766, 452657, 940814, -349999, -173412, 257437, 329926, 1218551, 97920, 1340857, -587795, -543330, 689659, 'Left']
[2447636, 1772815, 465347, -358112, 452907, 937907, -347433, -169974, 261482, 325187, 1124375, 54154, 1306051, -580539, -566639, 654993, 'Left']
[2547164, 1790279, 499385, -352689, 452162, 943006, -353289, -172747, 257582, 329959, 1207853, 96189, 1334584, -587212, -545384, 684351, 'Left']
[2441476, 1769203, 462720, -360176, 452818, 935636, -346994, -170016, 260651, 324181, 1136031, 55853, 1312251, -581318, -565305, 661111, 'Left']
[2550877, 1792860, 500963, -351314, 452764, 944351, -352488, -173691, 258081, 329803, 1194329, 93095, 1327716, -586920, -547468, 677559, 'Left']
[2439558, 1766679, 462083, -361795, 452633, 933806, -345402, -169982, 259918, 323927, 1150413, 59421, 1319540, -582295, -562539, 667640, 'Left']
[2551031, 1794863, 501507, -349772, 452885, 945594, -352501, -173665, 258705, 329652, 1179272, 88531, 1320544, -586209, -550137, 670557, 'Left']
[2441063, 1765048, 462401, -363066, 451819, 932222, -346322, -170372, 259194, 323940, 1166030, 64356, 1326967, -583366, -559556, 674551, 'Left']
[2547543, 1796046, 500669, -349013, 452784, 946187, -353565, -174459, 259226, 329138, 1162912, 82659, 1312809, -585676, -554153, 662844, 'Left']
[2446865, 1765169, 464104, -363389, 451522, 931620, -346437, -170347, 259225, 324945, 1183231, 70571, 1334265, -583994, -556426, 681001, 'Left']
[2541215, 1796497, 498428, -348095, 452943, 946366, -353388, -174026, 260040, 328952, 1147555, 76947, 1306326, -584547, -557829, 656268, 'Left']
[2454746, 1765840, 466544, -363377, 451386, 930874, -347838, -170967, 258649, 325855, 1198596, 77244, 1340613, -585012, -553347, 686711, 'Left']
[2531466, 1795945, 495356, -347798, 453064, 946890, -352370, -172720, 260667, 328765, 1132827, 71065, 1300444, -583323, -561299, 650410, 'Left']
[2465635, 1767547, 469994, -363099, 451060, 931362, -348037, -171551, 258230, 326890, 1212064, 83644, 1345788, -585671, -549760, 691907, 'Left']
[2519251, 1793822, 490884, -348648, 453293, 946653, -353535, -172504, 261129, 327922, 1121853, 65046, 1296274, -582392, -564424, 645940, 'Left']
[2478059, 1769353, 474385, -362662, 450729, 932093, -347781, -172678, 257904, 327595, 1222233, 88867, 1348713, -586436, -547162, 694457, 'Left']
[2505109, 1790244, 486252, -350019, 452834, 945581, -350244, -171619, 261015, 326702, 1113354, 59750, 1294046, -582109, -566183, 643384, 'Left']
[2492230, 1772147, 479212, -361607, 451050, 933412, -348906, -172562, 256851, 327674, 1227680, 92612, 1349803, -587448, -544839, 696612, 'Left']
[2490067, 1786615, 480609, -351670, 453080, 944164, -351300, -171660, 261330, 326094, 1108922, 55928, 1293587, -581287, -568152, 642911, 'Left']
[2506637, 1775887, 483995, -360424, 450869, 934815, -350235, -173698, 256743, 328112, 1229218, 95236, 1349012, -587958, -544163, 695663, 'Left']
[2474878, 1782737, 475095, -353647, 452653, 942332, -350509, -169917, 261203, 325236, 1108252, 53158, 1295016, -581179, -569131, 643659, 'Left']
[2520531, 1780126, 489348, -358347, 451130, 936738, -350219, -173218, 256752, 328757, 1227255, 97192, 1346850, -588254, -543563, 693811, 'Left']
[2462104, 1778809, 470589, -355267, 453088, 940014, -348797, -170800, 261495, 325249, 1112315, 52564, 1298469, -580828, -568911, 646816, 'Left']
[2533677, 1785101, 493937, -355840, 451285, 938654, -351646, -173974, 257267, 329678, 1221965, 98127, 1342981, -588047, -543735, 690298, 'Left']
[2451050, 1774945, 466407, -356919, 452482, 937762, -348190, -170781, 261597, 325107, 1119624, 53307, 1302922, -580882, -568018, 650609, 'Left']
[2542739, 1788806, 497963, -353434, 451340, 940900, -352447, -173948, 257445, 330052, 1213675, 97487, 1337431, -587990, -544734, 684947, 'Left']
[2443052, 1771035, 463775, -358553, 452413, 936104, -347050, -169984, 261341, 324995, 1130009, 55293, 1309015, -580845, -566281, 656230, 'Left']
[2548255, 1791566, 500010, -351637, 451916, 943047, -352619, -174407, 257898, 330162, 1201351, 95125, 1330875, -587113, -546471, 679141, 'Left']
[2439440, 1767405, 461799, -360948, 451897, 933950, -347943, -170583, 260052, 324048, 1142631, 57484, 1315649, -582095, -564270, 662714, 'Left']
[2550228, 1793598, 500973, -350591, 452573, 944389, -352954, -173698, 258109, 329748, 1186589, 90769, 1323862, -586735, -549095, 672467, 'Left']
[2438715, 1765214, 461371, -362738, 451754, 932508, -347209, -170340, 259498, 323937, 1157162, 61418, 1322851, -582998, -561350, 669508, 'Left']
[2549193, 1794894, 500850, -349860, 452146, 945555, -354597, -173013, 258283, 329101, 1170212, 85401, 1316217, -586357, -552695, 665538, 'Left']
[2442873, 1764476, 462239, -363638, 451426, 931232, -347192, -170888, 258331, 323851, 1173370, 66526, 1330132, -584302, -559042, 676844, 'Left']
[2544341, 1795816, 499312, -348935, 452793, 945666, -352224, -172940, 259014, 328850, 1154348, 79590, 1308875, -585303, -556148, 658277, 'Left']
[2449726, 1765257, 464728, -363674, 451262, 930519, -347036, -171209, 258348, 324929, 1189882, 73330, 1336994, -584972, -554902, 682949, 'Left']
[2537373, 1796517, 497439, -347861, 452385, 946768, -352651, -172850, 260544, 329023, 1139956, 74408, 1303047, -583902, -559426, 652007, 'Left']
[2460198, 1766888, 468471, -362532, 450889, 931701, -346666, -170541, 258645, 326533, 1205008, 80813, 1343080, -585010, -550863, 689068, 'Left']
[2526430, 1794945, 493807, -347547, 453090, 947177, -353460, -172905, 261060, 328808, 1126600, 68753, 1298063, -582325, -562223, 647802, 'Left']
[2471460, 1767989, 472355, -362290, 451063, 931917, -349019, -171447, 257671, 327124, 1216333, 86470, 1346948, -585941, -548165, 693415, 'Left']
[2512986, 1792445, 488963, -348262, 453473, 946470, -351217, -171456, 261355, 327907, 1116132, 63192, 1294635, -581434, -564893, 644126, 'Left']
[2484851, 1770453, 476707, -361459, 451297, 932696, -347697, -171901, 257424, 327888, 1223876, 91365, 1349193, -586312, -545268, 695578, 'Left']
[2498560, 1788916, 483816, -349932, 453004, 945128, -351399, -170289, 261083, 326953, 1110185, 58565, 1293276, -580919, -566773, 643315, 'Left']
[2499254, 1773743, 481562, -360434, 450552, 933946, -350194, -172460, 256756, 328608, 1228009, 94875, 1349395, -586941, -544307, 696606, 'Left']
[2483337, 1784814, 478202, -351840, 453269, 943196, -349149, -170304, 260954, 326058, 1107502, 55225, 1293591, -580755, -568381, 643154, 'Left']
[2513230, 1777437, 486586, -359159, 451041, 935236, -349659, -173539, 256324, 328548, 1227772, 96980, 1347718, -587883, -543328, 694917, 'Left']
[2468706, 1780403, 472951, -354276, 453057, 940703, -349752, -170768, 261166, 325200, 1109241, 53291, 1296121, -580839, -569053, 644357, 'Left']
[2527148, 1782247, 491928, -356976, 451386, 937287, -351204, -173184, 256978, 329085, 1224895, 98256, 1344821, -587886, -543351, 691647, 'Left']
[2457147, 1776699, 468916, -356110, 452482, 938429, -348399, -170413, 261454, 324845, 1115828, 53297, 1300288, -580772, -568245, 648229, 'Left']
[2538818, 1786905, 496263, -354593, 451243, 939526, -352595, -173255, 257534, 329867, 1218710, 98760, 1340118, -587699, -543841, 687414, 'Left']
[2448006, 1773225, 465478, -357967, 451991, 936260, -349600, -170423, 261551, 324963, 1125048, 54677, 1305567, -580850, -567472, 652851, 'Left']
[2546919, 1791658, 499696, -352191, 451840, 941739, -351742, -173339, 258538, 330872, 1208775, 97607, 1334360, -586807, -545419, 681871, 'Left']
[2442227, 1770627, 463433, -359749, 452117, 934829, -347001, -169571, 261893, 325705, 1137303, 57918, 1312332, -580419, -564686, 659075, 'Left']
[2550453, 1793474, 501204, -351801, 452064, 943224, -352229, -174075, 258680, 330575, 1195555, 94385, 1327746, -586607, -547477, 675809, 'Left']
[2439438, 1767003, 461787, -362600, 451702, 932468, -347705, -171256, 260301, 324307, 1150570, 60199, 1319417, -582302, -562892, 665750, 'Left']
[2550134, 1795386, 500923, -350426, 452356, 944707, -354202, -173925, 258454, 329786, 1179671, 89001, 1320458, -586233, -550951, 668739, 'Left']
[2440294, 1765943, 461483, -363103, 451722, 932169, -347450, -170186, 259894, 325241, 1166220, 65386, 1326670, -582166, -559639, 672375, 'Left']
[2546361, 1795777, 499627, -349800, 452660, 946118, -352564, -173425, 259028, 329604, 1163354, 83593, 1312846, -584966, -553670, 661517, 'Left']
[2445189, 1764298, 462609, -364750, 451199, 930944, -347225, -170912, 258465, 324482, 1182130, 70424, 1333749, -583942, -556237, 679298, 'Left']
[2539727, 1795739, 497483, -349250, 452710, 946717, -353598, -172086, 259303, 328504, 1146796, 76892, 1305870, -584270, -557575, 654709, 'Left']
[2453244, 1765101, 465520, -364390, 451154, 931021, -345445, -170227, 258025, 325414, 1197559, 76996, 1340253, -584574, -552566, 685390, 'Left']
[2529760, 1795051, 494327, -349058, 452912, 946731, -352403, -171624, 260217, 328407, 1132383, 70928, 1300042, -582829, -560581, 648608, 'Left']
[2463774, 1766766, 469236, -364143, 450667, 930965, -347978, -171535, 257755, 326339, 1210858, 83274, 1344803, -585542, -549688, 689632, 'Left']
[2518010, 1793397, 490581, -349461, 453066, 946067, -352919, -171710, 260552, 327493, 1120912, 65232, 1295662, -582269, -564174, 644117, 'Left']
[2476283, 1769447, 473870, -362893, 450899, 931925, -347957, -171962, 257389, 327389, 1220772, 89168, 1347883, -586141, -547045, 692933, 'Left']
[2503936, 1790793, 486253, -350144, 453058, 945475, -350278, -171414, 261258, 327154, 1113417, 60818, 1293380, -581257, -566134, 642089, 'Left']
[2490353, 1772318, 478726, -362190, 450871, 932614, -349040, -172931, 257486, 328079, 1227605, 93637, 1349221, -586793, -544726, 694593, 'Left']
[2489035, 1786828, 480504, -352318, 452634, 943144, -350872, -171291, 261407, 325982, 1109289, 56518, 1292954, -581230, -568174, 641188, 'Left']
[2504661, 1775757, 483712, -360984, 450316, 933953, -350259, -173650, 256993, 328260, 1229044, 96067, 1348636, -587712, -543893, 694123, 'Left']
[2474097, 1782446, 474932, -354595, 452261, 941156, -350907, -171422, 261144, 325160, 1108214, 53616, 1294419, -581222, -569305, 641922, 'Left']
[2518795, 1779556, 488593, -359683, 450966, 935517, -350747, -173712, 256480, 328160, 1226851, 97259, 1346075, -588523, -543825, 691813, 'Left']
[2460642, 1778015, 469788, -356788, 452059, 938899, -349856, -170733, 261050, 324381, 1111621, 52089, 1297451, -581205, -569211, 644070, 'Left']
[2531078, 1784049, 492841, -357445, 450645, 937298, -353270, -174391, 256694, 328570, 1221482, 97551, 1342002, -588533, -544266, 687576, 'Left']
[2450209, 1774115, 465851, -358644, 452257, 936309, -348785, -171476, 260778, 323792, 1119208, 52536, 1302164, -581574, -568781, 648073, 'Left']
[2540924, 1788485, 496931, -354935, 451310, 939740, -352036, -174542, 257149, 329036, 1213343, 97081, 1336919, -588211, -544996, 682935, 'Left']
[2442464, 1771232, 463160, -359723, 451653, 934947, -347484, -169409, 261102, 324278, 1129690, 54924, 1308018, -581166, -566644, 653825, 'Left']
[2547607, 1792246, 499774, -352441, 451146, 941758, -353816, -173843, 257825, 329762, 1202274, 95527, 1330411, -587409, -546920, 677687, 'Left']
[2438983, 1768552, 461758, -361170, 451332, 933347, -346912, -170116, 260675, 324514, 1143351, 58459, 1314803, -581493, -564521, 660730, 'Left']
[2549496, 1794503, 500675, -350867, 451719, 943708, -353857, -173562, 258360, 330112, 1188071, 92110, 1323388, -586222, -549091, 670913, 'Left']
[2438408, 1766183, 461077, -362734, 451605, 931636, -346168, -170084, 259778, 324606, 1157982, 62668, 1322081, -582109, -561641, 667270, 'Left']
[2548119, 1795698, 500453, -349925, 452124, 944755, -353379, -173123, 258780, 329930, 1171805, 86860, 1316064, -585263, -551915, 663802, 'Left']
[2441715, 1764577, 462005, -364528, 451182, 930108, -349103, -170880, 258563, 324216, 1173667, 67567, 1329433, -583631, -558538, 674801, 'Left']
[2543040, 1795562, 499069, -349986, 452628, 944980, -353368, -173865, 258864, 328747, 1155424, 80253, 1308990, -585015, -555777, 657075, 'Left']
[2447915, 1764405, 463836, -365012, 450968, 929987, -347051, -170851, 257871, 324482, 1189447, 73406, 1336534, -584455, -554480, 681335, 'Left']
[2534459, 1795459, 496052, -349527, 452782, 946020, -352495, -173571, 259509, 328293, 1139277, 74183, 1302516, -583612, -558853, 650250, 'Left']
[2457012, 1765603, 466985, -364581, 451077, 930806, -346888, -170227, 257578, 325419, 1203764, 80109, 1342425, -585117, -550873, 686329, 'Left']
[2523830, 1794453, 492641, -349268, 452857, 946607, -353353, -171047, 260439, 327991, 1126551, 68313, 1297780, -582195, -561807, 645394, 'Left']
[2469009, 1767842, 471248, -363867, 451255, 931244, -347625, -171179, 257847, 326940, 1216371, 86686, 1347038, -585259, -547598, 690609, 'Left']
[2511468, 1792102, 488497, -350260, 453194, 945447, -352511, -171993, 261016, 327300, 1116796, 63215, 1294847, -581530, -564488, 641915, 'Left']
[2482664, 1770708, 476026, -363246, 451097, 931598, -347911, -171586, 257085, 327254, 1224528, 91527, 1349415, -586701, -545402, 693156, 'Left']
[2496939, 1789250, 483480, -351460, 453440, 943886, -351347, -170758, 261485, 326727, 1110853, 58933, 1293555, -580822, -566451, 640041, 'Left']
[2497215, 1774242, 481188, -361962, 451024, 932491, -350372, -172776, 256936, 328083, 1228869, 95433, 1349739, -587132, -543812, 693564, 'Left']
[2482431, 1785599, 478266, -352846, 452868, 941951, -349669, -171097, 261217, 325908, 1108802, 55830, 1293985, -580633, -567919, 640593, 'Left']
[2512206, 1778340, 486638, -359583, 451375, 934740, -349201, -173065, 256761, 329048, 1228964, 98263, 1348131, -587074, -542945, 692807, 'Left']
[2467870, 1781121, 472868, -354534, 453536, 940723, -349335, -169994, 261311, 325770, 1109613, 54153, 1296495, -579682, -568343, 642774, 'Left']
[2525270, 1782376, 491269, -357684, 451634, 937208, -350689, -172581, 256502, 329246, 1224460, 98878, 1345077, -586989, -543131, 690541, 'Left']
[2454960, 1776367, 468163, -357070, 452849, 938507, -348058, -169914, 260696, 324734, 1114173, 53132, 1300348, -579947, -568505, 646421, 'Left']
[2535701, 1786196, 494940, -356124, 451488, 939164, -353025, -173697, 256730, 329212, 1216784, 98152, 1340382, -587115, -544155, 685414, 'Left']
[2445330, 1772093, 464235, -359759, 452614, 936178, -349166, -170454, 260156, 323648, 1122376, 53549, 1305342, -580873, -568239, 650097, 'Left']
[2543719, 1789645, 498068, -354088, 452223, 941302, -351622, -173161, 256897, 329320, 1206428, 96437, 1334737, -587096, -545522, 679688, 'Left']
[2438868, 1768772, 461813, -361325, 452536, 934164, -346861, -170164, 259942, 323675, 1134224, 56161, 1312078, -581056, -565546, 656332, 'Left']
[2547311, 1792521, 500043, -352112, 452746, 943307, -352489, -173469, 257588, 329656, 1193268, 93497, 1327741, -586223, -547466, 673046, 'Left']
[2436871, 1766027, 461210, -362915, 452128, 932767, -347325, -171137, 259410, 323817, 1148516, 60046, 1319179, -581674, -562861, 662931, 'Left']
[2547898, 1794473, 500761, -350776, 452816, 944423, -352645, -174061, 257854, 329425, 1178181, 89102, 1320723, -585695, -550442, 666363, 'Left']
[2438196, 1765034, 461420, -363563, 451906, 931602, -346493, -169844, 258793, 324331, 1164142, 65157, 1326722, -582338, -559795, 670128, 'Left']
[2544706, 1795826, 499664, -349306, 452496, 945968, -353915, -172633, 258327, 329433, 1161661, 84010, 1313210, -584720, -554004, 659364, 'Left']
[2443467, 1765077, 462832, -363385, 451489, 931518, -346708, -170599, 258611, 325475, 1180166, 71501, 1333768, -582691, -556496, 676636, 'Left']
[2538256, 1796140, 497652, -348324, 452685, 946588, -352695, -172972, 259215, 329515, 1145723, 78454, 1306351, -583087, -557295, 652444, 'Left']
[2451119, 1765348, 465145, -363584, 451478, 930750, -346358, -170789, 257672, 325678, 1195358, 77647, 1340150, -583700, -553069, 682979, 'Left']
[2527985, 1794745, 494109, -348650, 453221, 946219, -353229, -172936, 259900, 328330, 1130625, 71673, 1300343, -582274, -560880, 646427, 'Left']
[2461011, 1765561, 468457, -364207, 451046, 930131, -348674, -172843, 256699, 325503, 1208004, 83096, 1344991, -585442, -550142, 687788, 'Left']
[2515854, 1792279, 490207, -349099, 453957, 945538, -351209, -171403, 259607, 326644, 1118240, 65017, 1295969, -582299, -564271, 642437, 'Left']
[2473881, 1768191, 473212, -362801, 451747, 931231, -348039, -171479, 256693, 326598, 1218058, 88817, 1348220, -585896, -546787, 691337, 'Left']
[2502426, 1790152, 485629, -349599, 454566, 944721, -350432, -170742, 260438, 326411, 1110204, 60459, 1293664, -581114, -565991, 640119, 'Left']
[2488542, 1771412, 478522, -361616, 451371, 932175, -349308, -172003, 256457, 327342, 1224436, 93469, 1349714, -586447, -544354, 693052, 'Left']
[2487998, 1786990, 480568, -350809, 453473, 943453, -350724, -170378, 260638, 325637, 1106221, 56793, 1293512, -580654, -567981, 639667, 'Left']
[2503523, 1775512, 483820, -359829, 450633, 933991, -348586, -172613, 256307, 328036, 1226721, 96628, 1349057, -587101, -543599, 692884, 'Left']
[2473630, 1782771, 475331, -352807, 453322, 941542, -350493, -171176, 260842, 325270, 1106217, 54431, 1294792, -580199, -568779, 640902, 'Left']
[2516971, 1779888, 488630, -357598, 451509, 935703, -350504, -174619, 256359, 328910, 1224888, 98409, 1346563, -587137, -543637, 690649, 'Left']
[2459410, 1778863, 470337, -354380, 452862, 939348, -348672, -171034, 261075, 325462, 1109595, 53939, 1297745, -579629, -568885, 643116, 'Left']
[2529417, 1784326, 493309, -355327, 451557, 938063, -351323, -172763, 256410, 329538, 1220350, 99406, 1342890, -587033, -543475, 687254, 'Left']
[2448302, 1774508, 465886, -356452, 453144, 937375, -347929, -168437, 260756, 324944, 1117254, 54139, 1302543, -579670, -567644, 647597, 'Left']
[2539069, 1787660, 496895, -353744, 451914, 940062, -352112, -172904, 256506, 329621, 1211533, 98266, 1337423, -586766, -544144, 682716, 'Left']
[2439739, 1769941, 462611, -359118, 452983, 934828, -347047, -170859, 259508, 323726, 1126716, 54942, 1308381, -580715, -566378, 653169, 'Left']
[2543980, 1790195, 498885, -351992, 452402, 941862, -352137, -172926, 256479, 329267, 1199236, 95421, 1330829, -586586, -545808, 676006, 'Left']
[2435486, 1766403, 460881, -361027, 452015, 933129, -347613, -170236, 258914, 323237, 1139655, 57722, 1314776, -581367, -563872, 659265, 'Left']
[2545749, 1792485, 499746, -350175, 452279, 943994, -353030, -173686, 256951, 329102, 1184778, 91376, 1323390, -585800, -548732, 669059, 'Left']
[2434572, 1764094, 460469, -361966, 451564, 932396, -346299, -169655, 258428, 323514, 1154246, 62183, 1321902, -581610, -560955, 665652, 'Left']
[2543683, 1792831, 499798, -349432, 452710, 944939, -351779, -173255, 257074, 328109, 1168708, 86203, 1316198, -585488, -551700, 662514, 'Left']
[2436829, 1761527, 461033, -363566, 451552, 930615, -346133, -171564, 257218, 322605, 1170074, 66803, 1329469, -583407, -557987, 672684, 'Left']
[2538074, 1792653, 497952, -348711, 452956, 945683, -352571, -171680, 257200, 327407, 1152028, 79850, 1308894, -584729, -555256, 654953, 'Left']
[2442598, 1761027, 462611, -363790, 451485, 930225, -347091, -170197, 256196, 323320, 1186139, 72909, 1336181, -584137, -554527, 679257, 'Left']
[2529146, 1791056, 494801, -348709, 452737, 945764, -352990, -171807, 257228, 326446, 1136682, 73422, 1302184, -583791, -559143, 648071, 'Left']
[2451351, 1760637, 465856, -364247, 450709, 929624, -347385, -170977, 254746, 323095, 1200684, 78727, 1341947, -585606, -551331, 684456, 'Left']
[2517428, 1789020, 491019, -348975, 453243, 945451, -352168, -172504, 257356, 325110, 1122641, 66685, 1297196, -583186, -562564, 643134, 'Left']
[2461984, 1762194, 469572, -363522, 451119, 930518, -346649, -172492, 254137, 323626, 1211417, 84240, 1346004, -586460, -548248, 688096, 'Left']
[2504475, 1786155, 486878, -349886, 453052, 944725, -351622, -171692, 257237, 323970, 1112067, 60912, 1294033, -582523, -565054, 639673, 'Left']
[2475255, 1764454, 474175, -362617, 451266, 931264, -347724, -172157, 253399, 323813, 1219296, 88701, 1348543, -587636, -545895, 691103, 'Left']
[2489526, 1782669, 481709, -350920, 453248, 943701, -351009, -170852, 257476, 323046, 1105736, 56501, 1292762, -581851, -566896, 638332, 'Left']
[2489477, 1767393, 479438, -361293, 450973, 932661, -349053, -172094, 252878, 324432, 1223276, 92585, 1348838, -587944, -544222, 691993, 'Left']
[2474061, 1778967, 475828, -352615, 453309, 941917, -349862, -171306, 257665, 322612, 1103370, 53210, 1293018, -581034, -568492, 638365, 'Left']
[2503736, 1771668, 484089, -359760, 451008, 934181, -350011, -172554, 253083, 325269, 1223468, 95001, 1346733, -588113, -543607, 689881, 'Left']
[2460221, 1774678, 470838, -354923, 452556, 939651, -350173, -170040, 257421, 321503, 1105034, 51161, 1295019, -581566, -569301, 640150, 'Left']
[2517576, 1776566, 489026, -357604, 451151, 936303, -351722, -173449, 253218, 325715, 1220248, 96274, 1343688, -588412, -543963, 687399, 'Left']
[2448001, 1770968, 466128, -356795, 452626, 937242, -348436, -170872, 257901, 321655, 1110602, 51142, 1299002, -581203, -568936, 643122, 'Left']
[2529680, 1781425, 493853, -355120, 451607, 938361, -352078, -173544, 253820, 326578, 1213570, 96579, 1339157, -588175, -544482, 682902, 'Left']
[2439931, 1767873, 463394, -358369, 452258, 935332, -348304, -170725, 257592, 321757, 1119871, 52646, 1304438, -581407, -567790, 648795, 'Left']
[2538310, 1786155, 497127, -352429, 452155, 940832, -352584, -173244, 254642, 327713, 1203811, 95763, 1333421, -587295, -545554, 678231, 'Left']
[2434316, 1765377, 460787, -359699, 452233, 934047, -347034, -168911, 257962, 322459, 1131504, 55554, 1310606, -581117, -565589, 654312, 'Left']
[2542809, 1789249, 498894, -350842, 452008, 942659, -351859, -173599, 255200, 327871, 1190700, 92759, 1326577, -586651, -547343, 671886, 'Left']
[2432436, 1763533, 459875, -361466, 451719, 932426, -346610, -169482, 257349, 322218, 1145647, 59049, 1318012, -582012, -562520, 661367, 'Left']
[2543631, 1791902, 499304, -349575, 452481, 944332, -352681, -172437, 255918, 328068, 1175559, 88495, 1319257, -585786, -549960, 665113, 'Left']
[2434851, 1762597, 460062, -362656, 451641, 931145, -345872, -170233, 257371, 322822, 1161799, 64399, 1325252, -582561, -559260, 668571, 'Left']
[2541565, 1793429, 498559, -349036, 452661, 945242, -354136, -172089, 256978, 327864, 1159625, 83091, 1311770, -584934, -553334, 657833, 'Left']
[2440586, 1762758, 461906, -363593, 451897, 930426, -348277, -170326, 257006, 323435, 1177863, 70260, 1332745, -583403, -556399, 675044, 'Left']
[2535862, 1794444, 497042, -348461, 453338, 945798, -352243, -172556, 258222, 327939, 1143607, 77379, 1305283, -583647, -557036, 650686, 'Left']
[2449808, 1763882, 465177, -363775, 451775, 930061, -346432, -170592, 256942, 324414, 1194227, 77268, 1339519, -584250, -552325, 681710, 'Left']
[2527489, 1793946, 494286, -348512, 453121, 945796, -352766, -172782, 259026, 327242, 1129779, 71297, 1299884, -582821, -560266, 645949, 'Left']
[2461260, 1766092, 469008, -363101, 451398, 930566, -347546, -170705, 256801, 325450, 1207906, 83770, 1344943, -585102, -549331, 687245, 'Left']
[2515825, 1793264, 490463, -348222, 453867, 945872, -351695, -171805, 260452, 327573, 1118860, 66216, 1296176, -581062, -563012, 641769, 'Left']
[2474070, 1769065, 473335, -362286, 451514, 930848, -348610, -171477, 257219, 326899, 1218639, 89859, 1348407, -585478, -546308, 690474, 'Left']
[2502412, 1790823, 485713, -349123, 453554, 944448, -351445, -171243, 260848, 326905, 1110820, 61607, 1293831, -580590, -565550, 639352, 'Left']
[2488932, 1772295, 478452, -360963, 450875, 932080, -349108, -172366, 256758, 327964, 1224037, 94582, 1349773, -586016, -544268, 692334, 'Left']
[2488088, 1787064, 480070, -350939, 453116, 942948, -351251, -170189, 260802, 326266, 1106053, 57750, 1293584, -579990, -567178, 639260, 'Left']
[2503468, 1776099, 483074, -359482, 451771, 934081, -348726, -171443, 256351, 328494, 1225414, 97309, 1348655, -586230, -543158, 691591, 'Left']
[2472913, 1782957, 474487, -352801, 453884, 941464, -349231, -170439, 260644, 325648, 1105144, 54992, 1294811, -579402, -567657, 639628, 'Left']
[2517856, 1780424, 488351, -357600, 451583, 936151, -349939, -172505, 256274, 329048, 1223617, 99127, 1346544, -586375, -542201, 689343, 'Left']
[2459847, 1778770, 469997, -354817, 453715, 939808, -347775, -169916, 260584, 324969, 1108848, 53901, 1298457, -579211, -567810, 642708, 'Left']
[2530132, 1784991, 493234, -355446, 452377, 938796, -350808, -171880, 256541, 329385, 1218353, 99472, 1343243, -586129, -542286, 686160, 'Left']
[2448959, 1774723, 466029, -356976, 453346, 937561, -349168, -169153, 260785, 324819, 1116097, 54412, 1303204, -579106, -566708, 646612, 'Left']
[2540008, 1789027, 496912, -353366, 451785, 940351, -353858, -173436, 256736, 329771, 1209617, 98583, 1337800, -586172, -544321, 681207, 'Left']
[2441391, 1771622, 463140, -358464, 452633, 935203, -346335, -169427, 260782, 324948, 1126455, 56304, 1309225, -579296, -565745, 652116, 'Left']
[2546387, 1792419, 499535, -351463, 452092, 942098, -352858, -173269, 257879, 330261, 1198086, 96719, 1331396, -585640, -545756, 674918, 'Left']
[2438011, 1768750, 461699, -360348, 451661, 933202, -347221, -169184, 260539, 324627, 1139704, 59430, 1315982, -580218, -563740, 658150, 'Left']
[2548813, 1795335, 501017, -349856, 452272, 943530, -353256, -172848, 258256, 330116, 1184212, 92965, 1324525, -585175, -548248, 668656, 'Left']
[2437921, 1767450, 461466, -361385, 452324, 931844, -346534, -170406, 260359, 325142, 1154995, 64271, 1323413, -580727, -560503, 664763, 'Left']
[2547524, 1797051, 500884, -348391, 452634, 944932, -352747, -172290, 259260, 330548, 1168609, 88499, 1317012, -583970, -551205, 660747, 'Left']
[2441477, 1766411, 462539, -362221, 451789, 930995, -346476, -169442, 259589, 325627, 1171744, 70026, 1331058, -581641, -556764, 672268, 'Left']
[2542069, 1797150, 499068, -348061, 452913, 945430, -353457, -173127, 259465, 329805, 1152145, 82268, 1309713, -583236, -554908, 653984, 'Left']
[2447482, 1765778, 464012, -363183, 451543, 930308, -347371, -169333, 258308, 325408, 1187375, 75514, 1337574, -583045, -553880, 678677, 'Left']
[2533663, 1796450, 496048, -348120, 453388, 945753, -352554, -172533, 259968, 328869, 1136573, 75458, 1302988, -582450, -558248, 647816, 'Left']
[2456886, 1766355, 466904, -363630, 451575, 929833, -347936, -171725, 257915, 325969, 1201572, 81567, 1343275, -584198, -550211, 684362, 'Left']
[2522617, 1794951, 492002, -348373, 453636, 945940, -351127, -171231, 260219, 328076, 1123151, 68952, 1298490, -581583, -561409, 643061, 'Left']
[2468171, 1768150, 470643, -363127, 451297, 930688, -347493, -170476, 257171, 326879, 1213150, 87352, 1347494, -584725, -546961, 688397, 'Left']
[2509417, 1792561, 487318, -349167, 453546, 944911, -352111, -171235, 260641, 327176, 1113277, 63443, 1295123, -580805, -564458, 639354, 'Left']
[2482387, 1771284, 475629, -361905, 451069, 931782, -348831, -171541, 257233, 327828, 1221128, 92450, 1349663, -585281, -545023, 689961, 'Left']
[2495845, 1789955, 482726, -349904, 453723, 944356, -350229, -170869, 261154, 326996, 1107480, 59532, 1293894, -579734, -566229, 637722, 'Left']
[2497307, 1774781, 480900, -360662, 451188, 932784, -350082, -172612, 257260, 328909, 1225522, 96570, 1349988, -585574, -543107, 690995, 'Left']
[2480820, 1786158, 477205, -351660, 453467, 942173, -350803, -170880, 261810, 326381, 1105095, 56296, 1294342, -579463, -567604, 637527, 'Left']
[2512291, 1779042, 486569, -358636, 450848, 934496, -350287, -173194, 257421, 329459, 1225599, 99243, 1348081, -585958, -542384, 689439, 'Left']
[2467333, 1781942, 472891, -353368, 453044, 940116, -349105, -170348, 261292, 325567, 1107342, 54918, 1296824, -579402, -567661, 640598, 'Left']
[2525868, 1783765, 491683, -355936, 452005, 937255, -350785, -170979, 257377, 330273, 1221937, 100569, 1345073, -585464, -542019, 687210, 'Left']
[2455033, 1777238, 468216, -355722, 453902, 937862, -348095, -169721, 261629, 325644, 1112792, 54732, 1301076, -578632, -566856, 643889, 'Left']
[2536701, 1787234, 495677, -354370, 452437, 938706, -352000, -172891, 256864, 329852, 1214298, 99627, 1340365, -586191, -542958, 682826, 'Left']
[2444689, 1772979, 464266, -357916, 453561, 935644, -347258, -168698, 260925, 325013, 1120892, 55295, 1305987, -578935, -566092, 647602, 'Left']
[2543420, 1790720, 498212, -352761, 452736, 940472, -352259, -173349, 257161, 330025, 1203379, 97694, 1334092, -585568, -544538, 675383, 'Left']
[2438547, 1769854, 461624, -360059, 452956, 933216, -346760, -170093, 260242, 324313, 1132528, 57361, 1311997, -579727, -564363, 651932, 'Left']
[2547296, 1793820, 499629, -351031, 452839, 942056, -353479, -172880, 257753, 330021, 1190876, 94506, 1327000, -585231, -546818, 668237, 'Left']
[2436592, 1767413, 460785, -361376, 453193, 931607, -345556, -170239, 259799, 324460, 1147370, 61208, 1319159, -580557, -562078, 658435, 'Left']
[2547644, 1795702, 500304, -349512, 453265, 943322, -353460, -173201, 258401, 330255, 1176056, 90237, 1319958, -584270, -549250, 661483, 'Left']
[2438574, 1766124, 461241, -362301, 452280, 930336, -345525, -168928, 259293, 324894, 1163532, 66452, 1326719, -581172, -558271, 666027, 'Left']
[2544625, 1796795, 499289, -348511, 452834, 944276, -353265, -172949, 259261, 330136, 1160296, 84877, 1312400, -583338, -552245, 654709, 'Left']
[2444471, 1765769, 462988, -362693, 451835, 930016, -345584, -169524, 259084, 325761, 1180081, 72726, 1333569, -581812, -554539, 673209, 'Left']
[2538357, 1796941, 497489, -347951, 453457, 945226, -353421, -172130, 259954, 329866, 1144326, 79035, 1305625, -582211, -555522, 649201, 'Left']
[2452506, 1766246, 465458, -363581, 451303, 929480, -348778, -171185, 258265, 326344, 1195016, 79071, 1339888, -582947, -551530, 680128, 'Left']
[2528601, 1796065, 494098, -348265, 453374, 945444, -351761, -171758, 260538, 329274, 1129429, 72673, 1299706, -581082, -559361, 643817, 'Left']
[2462817, 1767022, 468880, -363869, 451902, 929905, -347436, -170474, 257280, 326499, 1207316, 84727, 1344562, -584050, -548061, 685523, 'Left']
