[2307755, 2135839, -684136, -462772, 346548, 854685, 297073, 381250, 1483809, 1072933, 471149, 1195508, 1473405, 1899774, -1122592, 574845, 'Left']
[2308545, 2122673, -661415, -464596, 356043, 860649, 285767, 376025, 1483270, 1069110, 506256, 1169375, 1490896, 1901702, -1107731, 545914, 'Left']
[2307862, 2136824, -685359, -462746, 345125, 854861, 297783, 382555, 1483411, 1071947, 478409, 1207674, 1475704, 1899948, -1121732, 582780, 'Left']
[2308694, 2121967, -661111, -464805, 357333, 861083, 284658, 376837, 1484593, 1070548, 498877, 1156816, 1489179, 1901746, -1109046, 537236, 'Left']
[2307468, 2136594, -686811, -464507, 343258, 853849, 296788, 380269, 1481514, 1070023, 485220, 1218813, 1477108, 1899072, -1122537, 589768, 'Left']
[2309409, 2122294, -660963, -464693, 358798, 861221, 284728, 377434, 1486118, 1072498, 491183, 1146407, 1486707, 1902166, -1110767, 530735, 'Left']
[2306919, 2135755, -686811, -465623, 342136, 853625, 296248, 379459, 1480351, 1068018, 493373, 1227744, 1479100, 1898720, -1121846, 594938, 'Left']
[2309766, 2123160, -661550, -464184, 359924, 860959, 286931, 377703, 1487080, 1073952, 483467, 1139175, 1484132, 1902232, -1112132, 526720, 'Left']
[2306783, 2134987, -685520, -465884, 341873, 853917, 295311, 378934, 1479629, 1066947, 500814, 1233867, 1481796, 1898432, -1120250, 597245, 'Left']
[2309814, 2124240, -662603, -463209, 360141, 861008, 287255, 379134, 1488312, 1075930, 476326, 1134530, 1482026, 1902830, -1113342, 524067, 'Left']
[2305985, 2133019, -683438, -466375, 341478, 854359, 292509, 377782, 1478499, 1065445, 507853, 1237205, 1484389, 1898643, -1118597, 598194, 'Left']
[2309630, 2125576, -664164, -462249, 360148, 861080, 289815, 380856, 1488410, 1076556, 469802, 1134658, 1479306, 1902700, -1115131, 526441, 'Left']
[2305993, 2131536, -680017, -465745, 343433, 855792, 293186, 377322, 1478449, 1064976, 513973, 1237244, 1487197, 1899234, -1115202, 597637, 'Left']
[2309580, 2127134, -666481, -461636, 359408, 860408, 290649, 381652, 1488673, 1077011, 465058, 1137353, 1477114, 1902358, -1116007, 530259, 'Left']
[2306092, 2129597, -676959, -466212, 344764, 856224, 291692, 377034, 1478531, 1064459, 518323, 1233394, 1489666, 1899190, -1112693, 593837, 'Left']
[2309774, 2129208, -670295, -461766, 357888, 859128, 292727, 382390, 1488609, 1077233, 461469, 1142881, 1475194, 1901940, -1117891, 535773, 'Left']
[2306757, 2128301, -674535, -466670, 346350, 857190, 289129, 376644, 1479175, 1064686, 520448, 1225458, 1491299, 1899647, -1111350, 586816, 'Left']
[2309588, 2131360, -674407, -462210, 355539, 858210, 293918, 382266, 1488171, 1077282, 460019, 1151517, 1473457, 1901518, -1120194, 542646, 'Left']
[2306770, 2126238, -671664, -467002, 347831, 857745, 287647, 375506, 1479548, 1065068, 520631, 1215794, 1492078, 1899776, -1110394, 578549, 'Left']
[2309563, 2132978, -677699, -462164, 353087, 857210, 294880, 382545, 1487471, 1076792, 461109, 1162915, 1472618, 1901256, -1121461, 551233, 'Left']
[2307384, 2124690, -668326, -466450, 350115, 858607, 286138, 376024, 1480582, 1065830, 519192, 1204488, 1492562, 1900560, -1109272, 570216, 'Left']
[2309021, 2134522, -680423, -461925, 350872, 856379, 295522, 383088, 1486725, 1076171, 464265, 1175910, 1472819, 1901316, -1122125, 560797, 'Left']
[2307400, 2123446, -665331, -465770, 352667, 859655, 285719, 375486, 1481682, 1067111, 515620, 1191583, 1492430, 1901015, -1108717, 560901, 'Left']
[2308533, 2136094, -682447, -461628, 349052, 856308, 297571, 383676, 1485403, 1074745, 468645, 1189482, 1473287, 1900609, -1122562, 570626, 'Left']
[2308342, 2123011, -662065, -464366, 355788, 861795, 285611, 377206, 1483329, 1069049, 510547, 1178134, 1492089, 1902176, -1107406, 551381, 'Left']
[2308555, 2137102, -683710, -461598, 347632, 856604, 298417, 383462, 1484270, 1073495, 475004, 1202834, 1474850, 1900810, -1121740, 579712, 'Left']
[2309032, 2122450, -659678, -463916, 358282, 862698, 286195, 377940, 1484825, 1070776, 504259, 1165286, 1490921, 1903148, -1106884, 542822, 'Left']
[2308051, 2136959, -684270, -463023, 346206, 855683, 298809, 382645, 1483173, 1071596, 482387, 1214910, 1476838, 1900301, -1120802, 587692, 'Left']
[2309435, 2122413, -659151, -464166, 359949, 862294, 285572, 378515, 1486100, 1072142, 496565, 1154039, 1489037, 1902761, -1107918, 536000, 'Left']
[2307965, 2137075, -685211, -463744, 344644, 855095, 297994, 382074, 1481911, 1070061, 489966, 1225181, 1478879, 1899538, -1120245, 594142, 'Left']
[2310041, 2123067, -659742, -463400, 360875, 862210, 285924, 379109, 1487516, 1074320, 488836, 1144240, 1486844, 1903192, -1108770, 529563, 'Left']
[2306972, 2135668, -685532, -464739, 342641, 854512, 296116, 380966, 1480397, 1068158, 497583, 1232541, 1480750, 1899434, -1119308, 597471, 'Left']
[2310207, 2124002, -661339, -462564, 360865, 862046, 287326, 380115, 1488042, 1075600, 480843, 1138358, 1483507, 1903304, -1110759, 526610, 'Left']
[2306709, 2134561, -684465, -464820, 342239, 854926, 293871, 379601, 1479605, 1067233, 505169, 1237456, 1483406, 1899739, -1117517, 599396, 'Left']
[2309950, 2124900, -663620, -461895, 360334, 861249, 289256, 380917, 1488359, 1076548, 473820, 1135766, 1480638, 1903347, -1112800, 526516, 'Left']
[2306782, 2133371, -682389, -464869, 343152, 855456, 293900, 378285, 1478829, 1065970, 511508, 1238678, 1485957, 1899991, -1115780, 599288, 'Left']
[2309966, 2126571, -665857, -461798, 360120, 861143, 290333, 381323, 1488786, 1077379, 468167, 1135849, 1478372, 1903690, -1114729, 527698, 'Left']
[2306506, 2131374, -679153, -466092, 344394, 856302, 291761, 378007, 1478382, 1064931, 516565, 1236358, 1488078, 1899863, -1114261, 596051, 'Left']
[2309875, 2128323, -668162, -462270, 359284, 860180, 291475, 381997, 1488656, 1077535, 463754, 1139572, 1476315, 1903183, -1117315, 531587, 'Left']
[2306983, 2129718, -675316, -466725, 346217, 857188, 290769, 377161, 1478615, 1064235, 520078, 1230615, 1490390, 1900123, -1112848, 590495, 'Left']
[2310774, 2131132, -670734, -461786, 358138, 859774, 294082, 383170, 1488938, 1077654, 461895, 1146953, 1474916, 1902902, -1119154, 537896, 'Left']
[2307993, 2128542, -671578, -466317, 348562, 858447, 289944, 376554, 1479973, 1065275, 522344, 1221968, 1492494, 1900973, -1110796, 582868, 'Left']
[2310473, 2132854, -674322, -461916, 355981, 858843, 295269, 383575, 1488414, 1077538, 461956, 1156797, 1473623, 1902653, -1120574, 545652, 'Left']
[2307647, 2126425, -668904, -466454, 350518, 859256, 287845, 376690, 1480203, 1065659, 521669, 1211201, 1492806, 1901479, -1109689, 574627, 'Left']
[2309975, 2134739, -677937, -461630, 353891, 858118, 297393, 383898, 1487325, 1077126, 463504, 1168485, 1473000, 1902649, -1121603, 554559, 'Left']
[2308212, 2125089, -666509, -465800, 352433, 860694, 286919, 376894, 1481063, 1066819, 518878, 1198915, 1492739, 1902420, -1108579, 565443, 'Left']
[2309763, 2136232, -681342, -461253, 351045, 857569, 297777, 384068, 1486273, 1076255, 467455, 1182182, 1473033, 1902803, -1121896, 564818, 'Left']
[2308637, 2123911, -663842, -464630, 354697, 861312, 285755, 376672, 1482443, 1068422, 514764, 1185241, 1492239, 1903068, -1107416, 555493, 'Left']
[2308862, 2136594, -683479, -461655, 348525, 856579, 298648, 384304, 1484896, 1074457, 472709, 1195033, 1473900, 1902293, -1121279, 573268, 'Left']
[2308693, 2122579, -661560, -464692, 356927, 861857, 286222, 378162, 1483295, 1069570, 508658, 1172223, 1491476, 1903449, -1106472, 546692, 'Left']
[2308068, 2136640, -685320, -463210, 346590, 855534, 298049, 382802, 1483096, 1072197, 479088, 1208127, 1475360, 1901056, -1120785, 582640, 'Left']
[2308613, 2121795, -660918, -465071, 359024, 861957, 285359, 377917, 1484647, 1070962, 501330, 1159292, 1489847, 1903389, -1107161, 538316, 'Left']
[2306916, 2136186, -686468, -464509, 345163, 854762, 298042, 382484, 1481345, 1070053, 485768, 1218921, 1477491, 1900335, -1120795, 589766, 'Left']
[2308838, 2122052, -660197, -464322, 361188, 862402, 286727, 379680, 1485753, 1072358, 493370, 1148384, 1487663, 1903419, -1108342, 531993, 'Left']
[2305502, 2134359, -686876, -466044, 343591, 854303, 296428, 381092, 1480055, 1068087, 493441, 1227355, 1479424, 1899719, -1120056, 594434, 'Left']
[2307769, 2121011, -661656, -464550, 360878, 861749, 286353, 379012, 1485509, 1072733, 484251, 1140444, 1484013, 1902263, -1111274, 527898, 'Left']
[2304964, 2133084, -685433, -465826, 343185, 854808, 295583, 380633, 1478262, 1066239, 500264, 1233794, 1481312, 1899311, -1119432, 598304, 'Left']
[2307602, 2121638, -661961, -463348, 361894, 861944, 288521, 381119, 1486486, 1074535, 477322, 1135153, 1482078, 1903314, -1112377, 525377, 'Left']
[2303848, 2130755, -683016, -466070, 343330, 854896, 293859, 379987, 1477156, 1064646, 507360, 1236569, 1483959, 1899284, -1117423, 598842, 'Left']
[2307191, 2122437, -663370, -462609, 361599, 860802, 291499, 381665, 1486835, 1075070, 470558, 1133557, 1478937, 1902847, -1113722, 526074, 'Left']
[2303602, 2128777, -680004, -466320, 344073, 855196, 294578, 379443, 1476818, 1063449, 513422, 1236332, 1486332, 1899263, -1114390, 597727, 'Left']
[2307210, 2124168, -666166, -462313, 360427, 860359, 291536, 382852, 1486989, 1075841, 465473, 1135610, 1476812, 1902824, -1114925, 529283, 'Left']
[2303429, 2127250, -677475, -466800, 345445, 856561, 291600, 378272, 1476602, 1063224, 517816, 1232533, 1488750, 1899825, -1112788, 593463, 'Left']
[2306672, 2125976, -669862, -462591, 359188, 860011, 293012, 382911, 1486817, 1076143, 461863, 1140881, 1474868, 1902937, -1117246, 533686, 'Left']
[2302935, 2124455, -675079, -468067, 346638, 857090, 289558, 376847, 1476652, 1062570, 520117, 1225221, 1490134, 1899957, -1111501, 586249, 'Left']
[2305989, 2127260, -674068, -463285, 356482, 858591, 293640, 382474, 1485620, 1074960, 459882, 1149291, 1472579, 1901784, -1120085, 540756, 'Left']
[2303407, 2122983, -671781, -467734, 348668, 858393, 288399, 376816, 1476980, 1062811, 520367, 1215509, 1490988, 1900201, -1110558, 578360, 'Left']
[2305963, 2129421, -677205, -462717, 354313, 858287, 296179, 383985, 1485138, 1075165, 460646, 1159735, 1471806, 1902249, -1121113, 548381, 'Left']
[2303854, 2121587, -668397, -467188, 350885, 859491, 286663, 376482, 1477889, 1064445, 519066, 1203852, 1491611, 1901454, -1109213, 569008, 'Left']
[2305544, 2130740, -680233, -462959, 351810, 857003, 297059, 383455, 1484091, 1074390, 463313, 1172662, 1471697, 1901987, -1122035, 557685, 'Left']
[2304088, 2119693, -665761, -466978, 352829, 860269, 286145, 376408, 1479134, 1065103, 515454, 1191083, 1491293, 1901546, -1108462, 559695, 'Left']
[2305004, 2131754, -682939, -463438, 349096, 856335, 297375, 383218, 1482309, 1072365, 467475, 1186754, 1471410, 1900653, -1123012, 568592, 'Left']
[2305129, 2119631, -662643, -465804, 356066, 861741, 286205, 377378, 1480643, 1067088, 510672, 1177976, 1490783, 1902070, -1107494, 551404, 'Left']
[2304733, 2132759, -684471, -464143, 347265, 855628, 297878, 382631, 1481763, 1071468, 473826, 1199745, 1473319, 1900452, -1121919, 577768, 'Left']
[2305307, 2118720, -661209, -466619, 357393, 861258, 284666, 376707, 1481578, 1067845, 503837, 1165252, 1489299, 1901852, -1107891, 543463, 'Left']
[2305079, 2133943, -686107, -465158, 345323, 854666, 296970, 381796, 1480271, 1069315, 480470, 1212319, 1474354, 1899476, -1122087, 586823, 'Left']
[2307068, 2120116, -660840, -465768, 359507, 861880, 285701, 378166, 1483985, 1070604, 497130, 1153330, 1487483, 1902406, -1108243, 535514, 'Left']
[2305365, 2134425, -687377, -465932, 343660, 854093, 296555, 379973, 1479643, 1068349, 488622, 1222597, 1476651, 1899222, -1121581, 592293, 'Left']
[2307773, 2120875, -661609, -465228, 359926, 861531, 285011, 378139, 1484669, 1072189, 488968, 1144582, 1484727, 1902664, -1110452, 530159, 'Left']
[2305582, 2134525, -686542, -465680, 342819, 854432, 296067, 380311, 1478704, 1067342, 496694, 1231086, 1478725, 1899450, -1120350, 597125, 'Left']
[2308547, 2122338, -661788, -463822, 360566, 861727, 287137, 379100, 1486176, 1074170, 481830, 1138232, 1482231, 1903286, -1111218, 526659, 'Left']
[2305877, 2133955, -684521, -465359, 342396, 855046, 295248, 379221, 1477920, 1066228, 504511, 1236332, 1481541, 1899998, -1117905, 598853, 'Left']
[2309479, 2124507, -662680, -462324, 360825, 862174, 288004, 380282, 1487424, 1076235, 475455, 1135254, 1479950, 1904529, -1111955, 525246, 'Left']
[2305697, 2132295, -681763, -465714, 343054, 856099, 293555, 379056, 1477900, 1065451, 511660, 1238146, 1484804, 1900702, -1115044, 597704, 'Left']
[2308904, 2125086, -664550, -462588, 360531, 861715, 290305, 381666, 1487385, 1076296, 469069, 1135828, 1477675, 1903932, -1113301, 526928, 'Left']
[2305656, 2130307, -678876, -466755, 344662, 856499, 292526, 378083, 1477176, 1064045, 516151, 1236528, 1487227, 1899733, -1112989, 595787, 'Left']
[2309346, 2127128, -667176, -462891, 359903, 860551, 292065, 382278, 1487766, 1076879, 464626, 1138509, 1476258, 1903126, -1115014, 530139, 'Left']
[2306555, 2129091, -675400, -467405, 346005, 857160, 290626, 377380, 1478067, 1063809, 520322, 1230678, 1489884, 1900052, -1111592, 589941, 'Left']
[2309954, 2129545, -670722, -463010, 357385, 859552, 292507, 382302, 1487819, 1076937, 462184, 1145439, 1473896, 1902795, -1118173, 535920, 'Left']
[2306947, 2127339, -672559, -467528, 346969, 857676, 287571, 376088, 1478357, 1064215, 521805, 1222890, 1490484, 1900265, -1111117, 582802, 'Left']
[2309948, 2131739, -674154, -462533, 355249, 858224, 293148, 382640, 1487588, 1077264, 461628, 1155223, 1472427, 1902671, -1120430, 543042, 'Left']
[2307323, 2125580, -669015, -467098, 349324, 858103, 287347, 375382, 1479349, 1065098, 521818, 1212838, 1491548, 1901077, -1109346, 574341, 'Left']
[2309251, 2133020, -677428, -462624, 352594, 856648, 294837, 381638, 1486524, 1076155, 463198, 1168205, 1471916, 1901849, -1121292, 553398, 'Left']
[2307366, 2123654, -666060, -466772, 351379, 858856, 284817, 375057, 1479745, 1065654, 518958, 1201361, 1491682, 1901168, -1108607, 566501, 'Left']
[2309103, 2134575, -679965, -462315, 351045, 856395, 296169, 382742, 1485110, 1074932, 466270, 1181591, 1472192, 1901558, -1121551, 564067, 'Left']
[2308513, 2123187, -662507, -465517, 355158, 860922, 285447, 376751, 1481594, 1067664, 515329, 1187910, 1492073, 1902684, -1106376, 557220, 'Left']
[2308541, 2135710, -682619, -463015, 348907, 856015, 296936, 382921, 1484225, 1073943, 471522, 1194708, 1473402, 1901618, -1120929, 572915, 'Left']
[2308498, 2122030, -661310, -465892, 356858, 861467, 285022, 377087, 1482661, 1068984, 508815, 1174141, 1490932, 1902882, -1106440, 547382, 'Left']
[2307661, 2135719, -685098, -464460, 346201, 855129, 297058, 382165, 1482443, 1071614, 477400, 1207108, 1474278, 1900404, -1121188, 581161, 'Left']
[2308283, 2120861, -660898, -466310, 357943, 861194, 283574, 376354, 1483343, 1069761, 501228, 1161110, 1488648, 1902414, -1107723, 538952, 'Left']
[2306972, 2135396, -686565, -465411, 344323, 854327, 296124, 380587, 1480666, 1069503, 484280, 1218373, 1475540, 1899628, -1121595, 588943, 'Left']
[2308733, 2120958, -660631, -465612, 359542, 861555, 284445, 377396, 1484809, 1071518, 493409, 1149941, 1486632, 1902386, -1108777, 532128, 'Left']
[2306305, 2134416, -686477, -466015, 343033, 853910, 295445, 379954, 1479823, 1067969, 491887, 1226907, 1478193, 1899261, -1120308, 593203, 'Left']
[2308850, 2121170, -660983, -465203, 359945, 860963, 284467, 377469, 1485585, 1072758, 485393, 1141377, 1483824, 1902572, -1110540, 526893, 'Left']
[2306075, 2133896, -685543, -466489, 342019, 853588, 294767, 379132, 1478197, 1065926, 499531, 1234064, 1479985, 1898696, -1119651, 597265, 'Left']
[2309247, 2123147, -661784, -464166, 360440, 860997, 285959, 379058, 1486425, 1074573, 478019, 1136546, 1481377, 1902956, -1111964, 524806, 'Left']
[2306067, 2133132, -683170, -466813, 341970, 854506, 292528, 378305, 1477527, 1065219, 506931, 1237654, 1482778, 1899287, -1117636, 597809, 'Left']
[2309363, 2124361, -663385, -463761, 360018, 861034, 287230, 380090, 1486874, 1075463, 471422, 1135060, 1478466, 1903076, -1114018, 524957, 'Left']
[2306176, 2131514, -680386, -467138, 343157, 855725, 292591, 378261, 1477052, 1064227, 513092, 1237985, 1485370, 1899560, -1115394, 596775, 'Left']
[2309674, 2126037, -665906, -463529, 359446, 860485, 289614, 381133, 1487699, 1076572, 466458, 1136909, 1476689, 1903084, -1115215, 527712, 'Left']
[2306019, 2129372, -677178, -467849, 344095, 855742, 290362, 376395, 1476921, 1063418, 517664, 1234692, 1487648, 1899104, -1113558, 593139, 'Left']
[2309506, 2127988, -668469, -463347, 357955, 858949, 290877, 381131, 1487447, 1076486, 462693, 1141825, 1474497, 1902331, -1117389, 532652, 'Left']
[2305882, 2127411, -674336, -468439, 345348, 856022, 287695, 375443, 1477022, 1063198, 520197, 1228093, 1489074, 1899451, -1112119, 587269, 'Left']
[2309506, 2130117, -672396, -463283, 356355, 858026, 292378, 382296, 1486970, 1076564, 460382, 1149543, 1472759, 1902184, -1119073, 539443, 'Left']
[2305815, 2125376, -672010, -468624, 347355, 856976, 286116, 375293, 1477398, 1063518, 520420, 1217652, 1490319, 1899762, -1110399, 578467, 'Left']
[2307751, 2130483, -677280, -464466, 353238, 856643, 293366, 381680, 1485234, 1075286, 459752, 1158849, 1470916, 1901293, -1121218, 546166, 'Left']
[2305287, 2122644, -670130, -469296, 348935, 857623, 284416, 374407, 1477326, 1063452, 517792, 1205048, 1490122, 1899723, -1109864, 568969, 'Left']
[2306543, 2131307, -681714, -465473, 350020, 855681, 292800, 381369, 1483403, 1073603, 461372, 1170640, 1470064, 1900111, -1123108, 555049, 'Left']
[2304923, 2120646, -668184, -469912, 350468, 858299, 282815, 374146, 1477513, 1063727, 514226, 1192257, 1489417, 1899748, -1110087, 559848, 'Left']
[2306331, 2132794, -684393, -465978, 347417, 854424, 295003, 380527, 1481514, 1071741, 465188, 1184119, 1469759, 1899255, -1124304, 565316, 'Left']
[2306000, 2120477, -664743, -468612, 352992, 859129, 283513, 374453, 1478920, 1065362, 509842, 1178651, 1488657, 1900380, -1109504, 549731, 'Left']
[2306480, 2134370, -685311, -465547, 345786, 853912, 296202, 380538, 1480900, 1070815, 472168, 1197722, 1471434, 1899412, -1123464, 573917, 'Left']
[2306888, 2120114, -662461, -468019, 355076, 859172, 282561, 374324, 1480722, 1067190, 504404, 1166146, 1487841, 1900785, -1109130, 541018, 'Left']
[2305798, 2134189, -686752, -466683, 343197, 852709, 294991, 379482, 1479308, 1068528, 479270, 1210258, 1472457, 1898247, -1123818, 582255, 'Left']
[2306669, 2119298, -661724, -467983, 356533, 859100, 282324, 374796, 1481353, 1068171, 496743, 1154659, 1485605, 1900827, -1110380, 534229, 'Left']
[2304896, 2133397, -687926, -467979, 341125, 851604, 293520, 378444, 1477361, 1066369, 486803, 1221163, 1474353, 1897590, -1123779, 589772, 'Left']
[2307256, 2119637, -662187, -467469, 357511, 859289, 282565, 375734, 1482717, 1069863, 489109, 1144292, 1483345, 1900957, -1112248, 528421, 'Left']
[2305169, 2133379, -687455, -468007, 340886, 852335, 293757, 377877, 1476467, 1065122, 494659, 1228904, 1477166, 1897557, -1122434, 594366, 'Left']
[2308054, 2120970, -662612, -466622, 358729, 859676, 284356, 376957, 1484104, 1071802, 481766, 1137409, 1481321, 1901462, -1113036, 524494, 'Left']
[2305023, 2132265, -686036, -468859, 340425, 852367, 292001, 376957, 1476088, 1063757, 502505, 1233957, 1480122, 1897511, -1120235, 596317, 'Left']
[2308163, 2122204, -664000, -466304, 358695, 858780, 284961, 377416, 1484945, 1072875, 474736, 1133534, 1478970, 1901413, -1114377, 523060, 'Left']
[2304836, 2130952, -683653, -469047, 341191, 852568, 292766, 376975, 1475548, 1062755, 509332, 1236068, 1482782, 1897801, -1117497, 596129, 'Left']
[2307993, 2123305, -666304, -465924, 358677, 858145, 287650, 378735, 1485471, 1073989, 468638, 1133106, 1476541, 1901471, -1114979, 524357, 'Left']
[2304344, 2128756, -681566, -469823, 341873, 852699, 289459, 374667, 1474812, 1061387, 514300, 1234593, 1484932, 1897310, -1115642, 594336, 'Left']
[2308289, 2125545, -669330, -465267, 357333, 857411, 288162, 379831, 1485396, 1074476, 463781, 1136120, 1474142, 1901256, -1117139, 528447, 'Left']
[2304791, 2127344, -678389, -469877, 343023, 853863, 287537, 373998, 1474901, 1061562, 518376, 1229555, 1486973, 1898088, -1113785, 589666, 'Left']
[2308107, 2127504, -672470, -465005, 355763, 857032, 290481, 379830, 1484939, 1074637, 460676, 1142432, 1472034, 1900938, -1119283, 534532, 'Left']
[2304725, 2125187, -674979, -469941, 344834, 855441, 286029, 374219, 1475709, 1061877, 520360, 1220867, 1488661, 1898928, -1112090, 582368, 'Left']
[2307086, 2128481, -676290, -465638, 353141, 856008, 290863, 380576, 1484352, 1074035, 459910, 1150903, 1470571, 1900354, -1121522, 541476, 'Left']
[2304473, 2122615, -672197, -470612, 346713, 855531, 284236, 373500, 1475744, 1061675, 519513, 1210064, 1489037, 1898328, -1111924, 574079, 'Left']
[2306948, 2130017, -679468, -466015, 351373, 854574, 292954, 380473, 1483218, 1073244, 460473, 1161780, 1469372, 1899609, -1123393, 549863, 'Left']
[2304915, 2120946, -668810, -470437, 349665, 856319, 283109, 373422, 1476531, 1062774, 517104, 1197452, 1489747, 1899439, -1110630, 564090, 'Left']
[2305781, 2130645, -682899, -466965, 348605, 853017, 293644, 379648, 1481813, 1071859, 463242, 1174489, 1469502, 1899564, -1124078, 558521, 'Left']
[2304860, 2119159, -666750, -470345, 351347, 856483, 282504, 373413, 1476951, 1063266, 512213, 1184150, 1488619, 1898833, -1110157, 554310, 'Left']
[2305762, 2132324, -685328, -466473, 346300, 852781, 294321, 380795, 1480401, 1070750, 468033, 1188296, 1469977, 1898509, -1123948, 568332, 'Left']
[2305454, 2118918, -664669, -469274, 353609, 858324, 281623, 374020, 1478686, 1065324, 506932, 1171298, 1487921, 1900129, -1109438, 545665, 'Left']
[2305481, 2133595, -687287, -466499, 344319, 852913, 295063, 380398, 1478978, 1069271, 474476, 1201571, 1471186, 1898689, -1123475, 577722, 'Left']
[2306002, 2119131, -663011, -468335, 355656, 859280, 282191, 374662, 1480090, 1067343, 500354, 1158613, 1486286, 1901327, -1109194, 536883, 'Left']
[2304428, 2133131, -688355, -467814, 342065, 852271, 294508, 379463, 1477534, 1067400, 481694, 1213254, 1472764, 1898363, -1122949, 584634, 'Left']
[2306007, 2118646, -662695, -468348, 356800, 859356, 281981, 375454, 1480666, 1068243, 492085, 1148035, 1483644, 1900642, -1110672, 530713, 'Left']
[2304558, 2133066, -688029, -468182, 341214, 852319, 293505, 378628, 1476451, 1065502, 489616, 1223498, 1474807, 1897753, -1122053, 591633, 'Left']
[2306548, 2118856, -662868, -467729, 358004, 859470, 282879, 375650, 1482171, 1070011, 484975, 1139631, 1481390, 1901099, -1112008, 526143, 'Left']
[2303672, 2131305, -687854, -469312, 340282, 851688, 292073, 376580, 1474924, 1063549, 497304, 1230907, 1477047, 1897150, -1121502, 595945, 'Left']
[2307031, 2120076, -664034, -466900, 358849, 858872, 284177, 377230, 1483342, 1071701, 477543, 1133603, 1478831, 1901015, -1113864, 523271, 'Left']
[2303580, 2130038, -686046, -469723, 340574, 851961, 291804, 376417, 1474497, 1062328, 504956, 1233865, 1479747, 1897133, -1119753, 596066, 'Left']
[2307105, 2121238, -665631, -466550, 358775, 858711, 286113, 378353, 1484000, 1072566, 470946, 1131199, 1476338, 1900920, -1115420, 522693, 'Left']
[2303197, 2128176, -683540, -470375, 340781, 852632, 289186, 375199, 1474005, 1061179, 511174, 1234699, 1482408, 1897185, -1117943, 595285, 'Left']
[2307278, 2123088, -667870, -465984, 358080, 858142, 287131, 378848, 1484417, 1073341, 465431, 1133001, 1474079, 1901071, -1117665, 525756, 'Left']
[2303924, 2127097, -679678, -470035, 342627, 853936, 288770, 375785, 1474113, 1060958, 516321, 1232232, 1485122, 1897613, -1115460, 592281, 'Left']
[2307114, 2125055, -670321, -465852, 356637, 857163, 289199, 379563, 1484455, 1074053, 462129, 1138419, 1472170, 1900996, -1118790, 531084, 'Left']
[2304207, 2125505, -676211, -470223, 344058, 854067, 286608, 374272, 1474458, 1060976, 519374, 1226160, 1486964, 1898075, -1113457, 586908, 'Left']
[2307336, 2127283, -673640, -465544, 354541, 856139, 289818, 380737, 1484265, 1074053, 460070, 1145588, 1470754, 1900940, -1120381, 537135, 'Left']
[2304340, 2123647, -673538, -470477, 345431, 854915, 285028, 373934, 1474745, 1061136, 520284, 1216976, 1487976, 1898833, -1111851, 579211, 'Left']
[2306594, 2128894, -678043, -466000, 351682, 855133, 290168, 380662, 1483205, 1073596, 459779, 1156295, 1469090, 1900584, -1122056, 545670, 'Left']
[2303477, 2120909, -671479, -471360, 346615, 855186, 283108, 372220, 1474750, 1061279, 518004, 1205237, 1488023, 1898869, -1111206, 570456, 'Left']
[2305350, 2129502, -681994, -466993, 349098, 853370, 292462, 380152, 1481127, 1071530, 460637, 1167643, 1467990, 1898977, -1123660, 554722, 'Left']
[2303660, 2119038, -668619, -471116, 349635, 856271, 282256, 373172, 1475324, 1061570, 514581, 1191835, 1487618, 1898831, -1110124, 560812, 'Left']
[2304864, 2130715, -684544, -467054, 347458, 853199, 293431, 380678, 1480008, 1070251, 464774, 1180563, 1468393, 1898872, -1123397, 564078, 'Left']
[2304028, 2117995, -665924, -470350, 352319, 857630, 281330, 373721, 1476725, 1063132, 509837, 1177992, 1487479, 1899412, -1109214, 551098, 'Left']
[2304139, 2131076, -686829, -467849, 345008, 852119, 293633, 379962, 1478508, 1068413, 470068, 1193789, 1469287, 1898096, -1123922, 573353, 'Left']
[2304687, 2117282, -663938, -469784, 354638, 858096, 281472, 374081, 1478362, 1064742, 503521, 1164483, 1486257, 1899798, -1109234, 541724, 'Left']
[2303875, 2131771, -687960, -468111, 343192, 851749, 293968, 379864, 1477444, 1066742, 476949, 1206320, 1471001, 1897599, -1123910, 581274, 'Left']
[2304900, 2116789, -662801, -469537, 356104, 858316, 280819, 374900, 1479778, 1066461, 496513, 1152747, 1484571, 1900103, -1110265, 534049, 'Left']
[2303511, 2131322, -688577, -469198, 341240, 850895, 291817, 378284, 1476107, 1064932, 484523, 1217691, 1473086, 1896712, -1123857, 588664, 'Left']
[2305447, 2117117, -662651, -469274, 357239, 857670, 281005, 375086, 1480924, 1067675, 488499, 1143081, 1482302, 1899523, -1112119, 528390, 'Left']
[2303393, 2131050, -687782, -469629, 340561, 850449, 293368, 378041, 1475219, 1063206, 492572, 1226275, 1475457, 1895996, -1122471, 593203, 'Left']
[2306557, 2118946, -662542, -467852, 358554, 858328, 283463, 376802, 1482310, 1069800, 481124, 1135851, 1480125, 1900279, -1112718, 523978, 'Left']
[2303318, 2130449, -686504, -469981, 339938, 851138, 290503, 376313, 1474618, 1062478, 500561, 1232142, 1478499, 1897097, -1120256, 595316, 'Left']
[2306327, 2119888, -664356, -467714, 358090, 857821, 283372, 377235, 1482772, 1070785, 473622, 1131868, 1476814, 1900148, -1114658, 521909, 'Left']
[2302930, 2128851, -684474, -470694, 340136, 851282, 289739, 375590, 1473538, 1060752, 507081, 1234762, 1480374, 1896525, -1118368, 595562, 'Left']
[2306467, 2121586, -666251, -467003, 357958, 857565, 284935, 378198, 1483342, 1071920, 467467, 1131520, 1474595, 1899937, -1116016, 523380, 'Left']
[2302913, 2127491, -681771, -470743, 341151, 852440, 288467, 375369, 1473156, 1059977, 512962, 1233919, 1483070, 1896543, -1116237, 594042, 'Left']
[2306483, 2123414, -669180, -466584, 356876, 857357, 286546, 379452, 1483774, 1072917, 462957, 1134266, 1472705, 1900278, -1117411, 527048, 'Left']
[2302606, 2125315, -679246, -471410, 342240, 853145, 286177, 373949, 1472928, 1059438, 516695, 1229510, 1484918, 1896816, -1114762, 589974, 'Left']
[2306582, 2125713, -672379, -466135, 355483, 856739, 288745, 380760, 1483467, 1073084, 459702, 1140671, 1470314, 1900175, -1119526, 533182, 'Left']
[2302949, 2123463, -675680, -471345, 344175, 854080, 285393, 373653, 1473637, 1059920, 519238, 1221871, 1486786, 1897587, -1112660, 582990, 'Left']
[2306256, 2127261, -675905, -466202, 353367, 855264, 289715, 380067, 1482799, 1072691, 458778, 1150228, 1468754, 1899330, -1121471, 540936, 'Left']
[2303363, 2121379, -672387, -471009, 346103, 855025, 283154, 373762, 1474240, 1060692, 519260, 1211866, 1487671, 1897918, -1111212, 574942, 'Left']
[2305765, 2128451, -678759, -466139, 351337, 854328, 291538, 380955, 1481904, 1071938, 459772, 1161620, 1468170, 1898833, -1122419, 549914, 'Left']
[2303638, 2119779, -668701, -470402, 349137, 856298, 283275, 373232, 1475141, 1061087, 517340, 1200222, 1488386, 1898275, -1109401, 566871, 'Left']
[2304826, 2129699, -681970, -466377, 348864, 853900, 292529, 380632, 1480645, 1070726, 462727, 1174492, 1468272, 1898728, -1122708, 559781, 'Left']
[2303310, 2118207, -666390, -470274, 351144, 857805, 281536, 374352, 1475836, 1062033, 512879, 1186466, 1487579, 1898857, -1108936, 557140, 'Left']
[2303524, 2130269, -685042, -467442, 345962, 853210, 292339, 380541, 1478471, 1068565, 466565, 1187265, 1467942, 1897971, -1123947, 569087, 'Left']
[2303434, 2116787, -664497, -470538, 353059, 858212, 280338, 374125, 1476481, 1062871, 506596, 1172685, 1485972, 1898857, -1109468, 547950, 'Left']
[2303353, 2130950, -686968, -468253, 343931, 852224, 292569, 379885, 1477574, 1067163, 472766, 1199992, 1469377, 1897164, -1124000, 577875, 'Left']
[2304657, 2116914, -662741, -469968, 355260, 858398, 280591, 374070, 1478597, 1065180, 500500, 1159090, 1485028, 1899223, -1109895, 538003, 'Left']
[2303295, 2131227, -687752, -469221, 342081, 851212, 292982, 379707, 1476391, 1065363, 480584, 1211507, 1470991, 1896282, -1123793, 584251, 'Left']
[2304469, 2116328, -662088, -470268, 356151, 857775, 279427, 374583, 1479706, 1066515, 493114, 1148469, 1482795, 1899092, -1110983, 531153, 'Left']
[2302771, 2130781, -687701, -470074, 340456, 850052, 291308, 377424, 1474406, 1063073, 487645, 1222358, 1472984, 1895440, -1123719, 591452, 'Left']
[2305351, 2117431, -661864, -469166, 357508, 857381, 280880, 374643, 1480658, 1067988, 484926, 1139742, 1480722, 1899365, -1111900, 526414, 'Left']
[2302724, 2130453, -686854, -469892, 340130, 850524, 291582, 377453, 1473965, 1062133, 496033, 1228996, 1476111, 1895726, -1120920, 594361, 'Left']
[2304904, 2117948, -663897, -468478, 357740, 857864, 282002, 376823, 1481227, 1069189, 477672, 1133778, 1478155, 1899594, -1112569, 523375, 'Left']
[2301258, 2128327, -686987, -470963, 339365, 851116, 289968, 375872, 1472188, 1060257, 502936, 1233133, 1477800, 1895612, -1118952, 596235, 'Left']
[2304794, 2119444, -666833, -467586, 357533, 858281, 283770, 377425, 1481091, 1069857, 470040, 1130904, 1474505, 1899424, -1114829, 523098, 'Left']
[2301083, 2126891, -685337, -470969, 339907, 853006, 288961, 376414, 1471630, 1059478, 509248, 1233795, 1480330, 1896793, -1117288, 595381, 'Left']
[2304718, 2121003, -669461, -467477, 356916, 858364, 285856, 379444, 1481143, 1070739, 464440, 1131727, 1472032, 1900354, -1117272, 525479, 'Left']
[2301412, 2125195, -682330, -471973, 341065, 853595, 287071, 374754, 1471461, 1058788, 514580, 1231433, 1482570, 1897010, -1116398, 592458, 'Left']
[2305279, 2123000, -671679, -467692, 355928, 857501, 287770, 379691, 1481855, 1071571, 461128, 1136195, 1470090, 1899907, -1119820, 529722, 'Left']
[2301852, 2123200, -678389, -472689, 342607, 853778, 285339, 373777, 1471774, 1058643, 518231, 1226073, 1484648, 1896970, -1114903, 587578, 'Left']
[2305749, 2125143, -674330, -467520, 354177, 855922, 288194, 380142, 1481615, 1071383, 459290, 1144227, 1468217, 1899132, -1122070, 537153, 'Left']
[2303213, 2122161, -674073, -471874, 345282, 854814, 284358, 373808, 1473079, 1059248, 520337, 1217444, 1486200, 1897599, -1113110, 580189, 'Left']
[2305601, 2126921, -676957, -467146, 352627, 855134, 291132, 380738, 1481967, 1071853, 460027, 1153841, 1467945, 1899336, -1122213, 543955, 'Left']
[2302821, 2119819, -670848, -472077, 347380, 855580, 283257, 373448, 1473585, 1059403, 518963, 1206118, 1487167, 1897467, -1111182, 571182, 'Left']
[2304848, 2128595, -680333, -467168, 350441, 854469, 292521, 381056, 1480218, 1070136, 461098, 1165914, 1467210, 1898471, -1122999, 553828, 'Left']
[2303163, 2118726, -668104, -471343, 349916, 856951, 282093, 373520, 1474352, 1060574, 515825, 1193505, 1487503, 1898686, -1109317, 562548, 'Left']
[2304325, 2129895, -683933, -467490, 347924, 853845, 293299, 381093, 1479038, 1069302, 464617, 1178972, 1467528, 1898716, -1122911, 563763, 'Left']
[2303599, 2117932, -665913, -470724, 352582, 858186, 282041, 374358, 1475688, 1062177, 511067, 1179326, 1487061, 1899732, -1108391, 552809, 'Left']
[2304130, 2131164, -686460, -467830, 345604, 853369, 293715, 380646, 1478057, 1068237, 470268, 1191195, 1468909, 1898944, -1123011, 571918, 'Left']
[2304147, 2117053, -664607, -470684, 354056, 858715, 280990, 375026, 1477060, 1063808, 505273, 1165773, 1485578, 1899919, -1109055, 543077, 'Left']
[2303525, 2131349, -688661, -469183, 342933, 852021, 293214, 380084, 1476535, 1066455, 476718, 1204142, 1469614, 1897756, -1123540, 580374, 'Left']
[2304346, 2116481, -663852, -470774, 355444, 858188, 279835, 374315, 1477975, 1065073, 497604, 1153731, 1483447, 1899448, -1110470, 535444, 'Left']
[2303068, 2131254, -689039, -469874, 341239, 851373, 291876, 377984, 1474937, 1064182, 483949, 1215465, 1471163, 1896690, -1123592, 588078, 'Left']
[2305329, 2117247, -662549, -469433, 357295, 858903, 280428, 375448, 1479800, 1067110, 490788, 1143568, 1481491, 1899870, -1111051, 529306, 'Left']
[2302877, 2130842, -687946, -469980, 340693, 851501, 291608, 377839, 1474093, 1062941, 492702, 1224721, 1473849, 1896460, -1122005, 593194, 'Left']
[2304975, 2117035, -662739, -469174, 358265, 858564, 281907, 376129, 1480599, 1068418, 482906, 1136002, 1479167, 1899731, -1112201, 524975, 'Left']
[2301928, 2128677, -686832, -471050, 340374, 851201, 291283, 376763, 1472630, 1060433, 499652, 1230932, 1476114, 1895410, -1120592, 596859, 'Left']
[2305808, 2118595, -663488, -467879, 359355, 858577, 283661, 377816, 1481838, 1069792, 475331, 1130997, 1477029, 1899588, -1113137, 523371, 'Left']
[2301207, 2126795, -685398, -471658, 340145, 851497, 289001, 375876, 1472091, 1059403, 506634, 1232965, 1479092, 1895506, -1118265, 596323, 'Left']
[2304915, 2119453, -666956, -467836, 358328, 858424, 284444, 378234, 1481177, 1070054, 467721, 1130131, 1473658, 1899057, -1115879, 524494, 'Left']
[2301134, 2125722, -683937, -471975, 340937, 853189, 287779, 375349, 1471141, 1058747, 511467, 1232896, 1481235, 1896195, -1116965, 595890, 'Left']
[2304491, 2121133, -670843, -468479, 356832, 858270, 285650, 379579, 1481666, 1071214, 462566, 1131974, 1471437, 1899440, -1117957, 527366, 'Left']
[2301011, 2123934, -681780, -473374, 341535, 853817, 285256, 374383, 1470615, 1057838, 515364, 1228742, 1482947, 1895919, -1115871, 591685, 'Left']
[2305353, 2123968, -673826, -468338, 355238, 856923, 287176, 379546, 1481280, 1071075, 459232, 1138010, 1468870, 1899080, -1120557, 533191, 'Left']
[2302216, 2122897, -677683, -473010, 343551, 854102, 284774, 374219, 1471971, 1058590, 518531, 1221239, 1485260, 1896754, -1113613, 584452, 'Left']
[2305135, 2125942, -676923, -468256, 353073, 854940, 289446, 380065, 1481001, 1070941, 458139, 1146706, 1467351, 1898653, -1122014, 539942, 'Left']
[2302532, 2121377, -673836, -472581, 345967, 854523, 283495, 374000, 1472579, 1058879, 518914, 1211783, 1486215, 1896825, -1111900, 576736, 'Left']
[2304672, 2127369, -679822, -468161, 351100, 853833, 289995, 380164, 1480588, 1070672, 459382, 1157721, 1466992, 1898153, -1122460, 548346, 'Left']
[2302507, 2119145, -670710, -472380, 348424, 855453, 281694, 373504, 1473208, 1059505, 517206, 1199524, 1486752, 1897055, -1110554, 567612, 'Left']
[2303815, 2128378, -682634, -468168, 349004, 853349, 291234, 381026, 1479381, 1069606, 461952, 1169810, 1466905, 1897690, -1123318, 557463, 'Left']
[2302786, 2117631, -667500, -471824, 350818, 856614, 280707, 373860, 1474216, 1060475, 513607, 1186506, 1486525, 1897692, -1109963, 558157, 'Left']
[2303870, 2129677, -684817, -468122, 347069, 853088, 293125, 381446, 1478152, 1068114, 466779, 1183586, 1467411, 1897308, -1124047, 567075, 'Left']
[2303317, 2116394, -665206, -471176, 353270, 857992, 280774, 374688, 1475524, 1062023, 508644, 1173548, 1485695, 1898310, -1109551, 549109, 'Left']
[2303317, 2130349, -686840, -468682, 344964, 852398, 292495, 380668, 1476696, 1066692, 472424, 1196685, 1468527, 1897058, -1123996, 576362, 'Left']
[2304103, 2116279, -663467, -470880, 355502, 858172, 279776, 374703, 1477062, 1063845, 501981, 1160355, 1484525, 1899172, -1109816, 540249, 'Left']
[2302991, 2130966, -688252, -469600, 343021, 851695, 294152, 380663, 1475454, 1065028, 479510, 1208905, 1470294, 1897020, -1123260, 584347, 'Left']
[2304349, 2116477, -662851, -470511, 356673, 857605, 280685, 375421, 1478464, 1065427, 494504, 1148689, 1482580, 1899647, -1109970, 532772, 'Left']
[2302128, 2130342, -688958, -470704, 340370, 849552, 291375, 378196, 1473754, 1062800, 486822, 1218963, 1471677, 1896129, -1122974, 590345, 'Left']
[2304709, 2117079, -662550, -469645, 357455, 856650, 281567, 376386, 1479265, 1066976, 486495, 1139987, 1479477, 1899493, -1111385, 528073, 'Left']
[2301726, 2129754, -688101, -471159, 339480, 848620, 290417, 377199, 1472706, 1061247, 495018, 1227414, 1474021, 1895762, -1121179, 595455, 'Left']
[2305065, 2118079, -663486, -468914, 358290, 856105, 282216, 377109, 1480221, 1068265, 479134, 1133601, 1477164, 1899292, -1112663, 525163, 'Left']
