[2191840, 2302859, -441532, -574946, 1476836, 1750370, 825071, 965783, 1372308, 1091902, -346040, 184403, 887196, 1470638, -659702, 965999, 'Left']
[2178552, 2304361, -462605, -578499, 1455495, 1745602, 824770, 965552, 1368761, 1087302, -236545, 320511, 976938, 1481100, -657775, 1041853, 'Left']
[2190545, 2303489, -445338, -574928, 1473074, 1747574, 825863, 966200, 1372493, 1093203, -351661, 187582, 886092, 1470586, -660252, 969269, 'Left']
[2180144, 2303074, -458526, -579209, 1459559, 1748066, 823295, 963488, 1368646, 1086962, -232192, 315382, 976607, 1481217, -656432, 1037431, 'Left']
[2187965, 2303470, -450518, -575552, 1468130, 1743911, 826071, 965740, 1371884, 1092582, -354276, 194351, 887589, 1469581, -661729, 974253, 'Left']
[2182048, 2302328, -454386, -578493, 1464401, 1751469, 822437, 963515, 1368213, 1086696, -232506, 305545, 973645, 1481408, -655116, 1030800, 'Left']
[2185727, 2303845, -455939, -575499, 1463304, 1741492, 826704, 967379, 1371045, 1092760, -352763, 205190, 892685, 1469871, -662227, 981919, 'Left']
[2184687, 2301844, -449600, -577491, 1469611, 1754595, 823042, 963966, 1368296, 1087030, -236785, 291314, 967373, 1480726, -653296, 1022207, 'Left']
[2182951, 2304133, -460778, -575786, 1458675, 1739616, 827089, 967214, 1370532, 1092654, -346205, 219521, 900264, 1470522, -662468, 991159, 'Left']
[2187376, 2301760, -445256, -576553, 1474494, 1757172, 823235, 964234, 1368786, 1087564, -244475, 275535, 958731, 1480387, -652500, 1013185, 'Left']
[2181010, 2304793, -465248, -575981, 1454139, 1737487, 827247, 967502, 1370751, 1092557, -335704, 236054, 909867, 1472152, -662513, 1000862, 'Left']
[2189931, 2301458, -441045, -576070, 1478243, 1758639, 822625, 963503, 1369315, 1087930, -255538, 257603, 948123, 1479666, -652316, 1002244, 'Left']
[2179423, 2305284, -468525, -576491, 1450644, 1736267, 827000, 967325, 1370262, 1091896, -322490, 254465, 921264, 1473135, -662666, 1011185, 'Left']
[2192370, 2301536, -437880, -575354, 1481440, 1759568, 822828, 963867, 1370207, 1088847, -269166, 240395, 936494, 1478126, -652688, 992743, 'Left']
[2178052, 2305048, -471089, -577318, 1448088, 1736048, 826559, 966119, 1370154, 1091059, -307852, 271981, 933129, 1474212, -662744, 1020569, 'Left']
[2193951, 2301228, -435924, -575094, 1483564, 1759738, 823125, 963985, 1370907, 1089210, -285330, 222614, 924518, 1476291, -653441, 983330, 'Left']
[2176702, 2304994, -471651, -577496, 1446853, 1736662, 826995, 967521, 1369698, 1090076, -292256, 287678, 944835, 1475439, -661640, 1028842, 'Left']
[2193921, 2300842, -434569, -574857, 1484416, 1759090, 823924, 964342, 1370770, 1089676, -301351, 207665, 912902, 1474580, -653897, 975841, 'Left']
[2175385, 2304305, -472053, -577873, 1446723, 1738114, 826175, 966774, 1368637, 1088697, -276374, 302046, 955932, 1476666, -660920, 1036752, 'Left']
[2193816, 2300733, -435509, -574342, 1483735, 1757661, 824638, 964699, 1371536, 1090358, -317263, 194996, 902513, 1473249, -654946, 969923, 'Left']
[2175112, 2303513, -470982, -578551, 1447825, 1739806, 825880, 966259, 1368388, 1087846, -262037, 311483, 964611, 1478199, -659969, 1040398, 'Left']
[2193162, 2300684, -438207, -574836, 1481523, 1755308, 824630, 965007, 1371395, 1090391, -331474, 186612, 894351, 1471564, -656675, 966214, 'Left']
[2175636, 2302584, -469514, -579286, 1449684, 1742118, 824164, 965002, 1367849, 1087087, -249823, 317595, 971716, 1478999, -659024, 1042510, 'Left']
[2192000, 2300712, -441486, -574966, 1478295, 1752747, 824568, 965568, 1370814, 1090549, -343201, 182863, 888472, 1469851, -658671, 965735, 'Left']
[2177359, 2302891, -465605, -578350, 1453685, 1745170, 824545, 965022, 1367865, 1086850, -240164, 319243, 975698, 1479925, -657107, 1042341, 'Left']
[2191389, 2302257, -444365, -574109, 1474944, 1749747, 826417, 966687, 1371905, 1092293, -350245, 183830, 886047, 1469935, -658517, 966941, 'Left']
[2179500, 2302502, -460717, -578271, 1457553, 1748246, 823619, 963957, 1368399, 1086739, -233126, 316206, 977292, 1480678, -655132, 1038522, 'Left']
[2189177, 2302937, -448926, -574178, 1469697, 1746469, 825787, 966849, 1371618, 1092605, -353752, 189665, 886582, 1469424, -659818, 971603, 'Left']
[2181632, 2302227, -456063, -577271, 1462510, 1751465, 823222, 964437, 1368313, 1087226, -231355, 308418, 974767, 1481680, -653634, 1033093, 'Left']
[2186753, 2303538, -453557, -573889, 1465560, 1743612, 827477, 967477, 1371393, 1093036, -353162, 199970, 890174, 1470426, -660043, 979109, 'Left']
[2183505, 2301323, -451150, -577067, 1467598, 1754300, 823253, 964488, 1368231, 1087228, -233967, 296186, 969556, 1481601, -652039, 1025379, 'Left']
[2184192, 2303426, -458707, -574813, 1460390, 1740945, 827501, 967986, 1370675, 1092435, -348856, 212391, 896428, 1470843, -660971, 987081, 'Left']
[2186510, 2300916, -446861, -576565, 1472554, 1757314, 823755, 963886, 1368807, 1087029, -240741, 280467, 961838, 1481018, -651827, 1015962, 'Left']
[2181516, 2303708, -463746, -575668, 1455604, 1739388, 827786, 967842, 1370415, 1092308, -340370, 227964, 905297, 1471634, -662192, 996302, 'Left']
[2188244, 2300263, -443089, -576658, 1476561, 1759407, 822964, 963735, 1368685, 1086973, -251471, 263129, 951604, 1479899, -652664, 1006161, 'Left']
[2178994, 2303464, -468020, -577077, 1451191, 1737902, 826575, 966875, 1369800, 1090850, -329067, 245505, 916178, 1472024, -663399, 1007047, 'Left']
[2190457, 2300076, -439339, -576231, 1480004, 1760893, 823116, 963811, 1369177, 1087102, -264549, 245468, 940517, 1477786, -653163, 996702, 'Left']
[2177798, 2304346, -469829, -576826, 1448893, 1737953, 827703, 967856, 1369708, 1090519, -314402, 263795, 928048, 1473169, -662770, 1016953, 'Left']
[2192160, 2300144, -436036, -575311, 1482730, 1761621, 823609, 964292, 1370469, 1088186, -279270, 228225, 928859, 1477084, -652564, 986571, 'Left']
[2175987, 2303895, -471139, -577430, 1446611, 1737739, 826389, 967147, 1369250, 1089361, -298360, 281277, 940266, 1474663, -662287, 1026326, 'Left']
[2193392, 2300393, -434148, -574263, 1484117, 1760701, 824357, 964515, 1370639, 1088699, -295047, 212592, 917225, 1474919, -653315, 978988, 'Left']
[2175457, 2304348, -470609, -576843, 1446757, 1738767, 826884, 967391, 1369669, 1089421, -281758, 296292, 951676, 1476211, -660060, 1033919, 'Left']
[2193740, 2300757, -433910, -573297, 1484205, 1760086, 824365, 964979, 1371688, 1090101, -309954, 199368, 906593, 1473765, -653162, 972323, 'Left']
[2174792, 2303622, -470671, -577166, 1447150, 1740939, 825806, 967120, 1368586, 1088776, -266047, 307933, 961563, 1478080, -659111, 1039758, 'Left']
[2193291, 2300625, -436703, -573481, 1482553, 1757829, 824990, 965524, 1371127, 1090770, -325270, 189217, 897014, 1472529, -654935, 968398, 'Left']
[2175411, 2303129, -469851, -577748, 1448821, 1742700, 824752, 965898, 1368241, 1087629, -253182, 314706, 968958, 1479455, -658226, 1042496, 'Left']
[2192266, 2300811, -439781, -573660, 1479820, 1755250, 825338, 966895, 1371243, 1091357, -337973, 183041, 890207, 1471377, -656569, 966086, 'Left']
[2176436, 2302813, -466872, -577713, 1452314, 1745229, 825103, 966244, 1368010, 1087233, -242685, 317887, 974305, 1480329, -656555, 1042713, 'Left']
[2190935, 2301248, -443212, -573543, 1476420, 1752042, 825580, 967124, 1371278, 1091756, -347251, 181671, 886410, 1470369, -657436, 966349, 'Left']
[2177884, 2301841, -462943, -577721, 1456165, 1748368, 823730, 965568, 1367640, 1086610, -235105, 316506, 976759, 1480982, -654997, 1040606, 'Left']
[2189244, 2301796, -447245, -573631, 1472085, 1748675, 826183, 967374, 1371156, 1092098, -352756, 185648, 885830, 1469707, -658527, 970053, 'Left']
[2179970, 2301142, -458020, -577342, 1460738, 1751437, 823712, 965469, 1367943, 1086207, -231768, 310228, 976108, 1481190, -653478, 1035655, 'Left']
[2186676, 2301601, -451550, -574097, 1466875, 1745584, 826142, 967855, 1371074, 1091394, -354286, 193848, 888508, 1469230, -659603, 976213, 'Left']
[2181990, 2300459, -452618, -577019, 1465372, 1753782, 822567, 964416, 1367594, 1085874, -233050, 300094, 972111, 1480849, -652797, 1029411, 'Left']
[2184792, 2302876, -456056, -574371, 1461926, 1742231, 826792, 967222, 1371269, 1091904, -351104, 206182, 893961, 1469645, -660670, 984174, 'Left']
[2185192, 2300929, -447866, -576325, 1470521, 1756529, 822987, 964866, 1368840, 1086729, -237385, 286121, 965321, 1480632, -651691, 1019995, 'Left']
[2182366, 2303373, -461489, -575144, 1456903, 1740299, 826586, 967635, 1370734, 1091860, -343541, 221480, 902087, 1470483, -661703, 992978, 'Left']
[2187350, 2300353, -444113, -576127, 1474491, 1759089, 821970, 964798, 1369122, 1086737, -246533, 270021, 955957, 1479965, -651998, 1010513, 'Left']
[2179827, 2303158, -466438, -576223, 1452077, 1738352, 825693, 967848, 1370171, 1090787, -333169, 239117, 911835, 1471460, -662992, 1003645, 'Left']
[2189627, 2300049, -440658, -575610, 1478499, 1760571, 822773, 964911, 1369196, 1086752, -258815, 252985, 944760, 1478110, -652352, 1001260, 'Left']
[2177847, 2303520, -469606, -576709, 1449435, 1737548, 826312, 968264, 1369831, 1090571, -319970, 257127, 923228, 1472535, -662172, 1014052, 'Left']
[2191162, 2299676, -438214, -575227, 1481351, 1760683, 822202, 963942, 1369745, 1087569, -273440, 234978, 932974, 1476745, -652409, 991216, 'Left']
[2176021, 2303378, -472443, -576988, 1447059, 1737144, 825567, 967973, 1368564, 1089441, -305005, 274541, 934972, 1473703, -662187, 1023536, 'Left']
[2192409, 2299367, -436561, -574761, 1483538, 1760464, 823067, 965103, 1370030, 1088416, -289345, 217950, 921160, 1475522, -652567, 982011, 'Left']
[2174901, 2302886, -472956, -577671, 1446006, 1737129, 825471, 967451, 1368675, 1088828, -288893, 289930, 947013, 1475306, -660839, 1031159, 'Left']
[2192984, 2299239, -435832, -574733, 1483770, 1758913, 823023, 964881, 1369900, 1088590, -305375, 203831, 910452, 1473212, -653570, 975008, 'Left']
[2174836, 2302966, -472511, -577988, 1446789, 1738319, 825232, 967114, 1368148, 1088023, -273119, 303009, 958123, 1476330, -659665, 1037473, 'Left']
[2193242, 2299413, -437091, -574795, 1483044, 1757126, 823189, 965776, 1370683, 1089665, -320372, 192000, 900917, 1471749, -654467, 969032, 'Left']
[2175222, 2302795, -471606, -578371, 1447942, 1740633, 824241, 966717, 1367655, 1087435, -258883, 312515, 966782, 1477636, -658731, 1041672, 'Left']
[2193347, 2300738, -439283, -573794, 1481235, 1755538, 823999, 967058, 1371201, 1090934, -333898, 185068, 893096, 1471183, -655690, 966499, 'Left']
[2176137, 2302548, -469086, -577972, 1450690, 1743954, 823410, 966624, 1367836, 1087559, -246904, 317131, 972610, 1479727, -657110, 1042163, 'Left']
[2191737, 2300634, -442748, -573998, 1477468, 1752949, 824119, 966604, 1370782, 1091212, -344779, 182246, 887931, 1470470, -657424, 965734, 'Left']
[2177508, 2301963, -465067, -577794, 1454266, 1746795, 823280, 966093, 1367401, 1086398, -238014, 318518, 976303, 1480600, -656076, 1042196, 'Left']
[2190300, 2301457, -446024, -573462, 1473676, 1749710, 825410, 968037, 1371257, 1091779, -351206, 185247, 886173, 1469670, -658117, 969515, 'Left']
[2179752, 2301812, -460265, -577174, 1458780, 1749525, 823014, 966302, 1367719, 1086381, -232616, 314557, 976762, 1480805, -654200, 1038579, 'Left']
[2188587, 2302291, -450231, -573622, 1469086, 1746049, 825320, 967806, 1371682, 1092248, -354089, 190930, 887329, 1469066, -658995, 973228, 'Left']
[2181610, 2301031, -455556, -577488, 1463545, 1752192, 821801, 964102, 1368402, 1086132, -231777, 304772, 974136, 1480699, -652947, 1030774, 'Left']
[2185455, 2302342, -455620, -575057, 1463730, 1742975, 824857, 967063, 1370907, 1091419, -352830, 201464, 891859, 1468557, -660910, 979912, 'Left']
[2183670, 2300462, -450976, -577693, 1468390, 1754933, 821432, 964054, 1368189, 1085852, -235334, 292614, 968550, 1479834, -652710, 1023403, 'Left']
[2183110, 2302604, -460437, -575840, 1458812, 1740372, 825479, 968324, 1370341, 1091312, -347481, 215490, 898703, 1469033, -661838, 988803, 'Left']
[2186179, 2300065, -446666, -577093, 1472758, 1757337, 821223, 964267, 1368334, 1085787, -242950, 277282, 960212, 1478905, -652557, 1014259, 'Left']
[2180953, 2303358, -465110, -575878, 1454292, 1738624, 825290, 968054, 1370398, 1091222, -338343, 231950, 907980, 1469882, -662214, 998296, 'Left']
[2188533, 2299907, -442782, -576170, 1476970, 1759642, 821238, 965098, 1369031, 1086520, -253649, 259723, 949831, 1477947, -652050, 1003431, 'Left']
[2178929, 2303687, -468767, -576163, 1450864, 1738207, 826526, 968958, 1370160, 1090972, -325572, 249432, 918832, 1471098, -661902, 1008001, 'Left']
[2190470, 2299587, -439865, -575725, 1480514, 1760987, 822083, 964702, 1369453, 1086973, -267223, 242246, 938479, 1476851, -651899, 993897, 'Left']
[2176246, 2302878, -471981, -577436, 1447713, 1737161, 825375, 968217, 1368782, 1089356, -311461, 267156, 930721, 1472535, -661887, 1018105, 'Left']
[2191641, 2298842, -437462, -575328, 1482624, 1761088, 822130, 964486, 1369292, 1087299, -283445, 224466, 926022, 1475275, -652492, 984449, 'Left']
[2174927, 2302542, -473224, -578027, 1446121, 1737803, 824653, 967639, 1368491, 1088333, -296043, 283758, 942147, 1473855, -661165, 1027083, 'Left']
[2192459, 2298869, -436442, -575448, 1483428, 1760359, 821932, 965801, 1369620, 1087863, -300024, 208848, 914437, 1473118, -653032, 976512, 'Left']
[2174410, 2302551, -473291, -578720, 1445843, 1738777, 824205, 967532, 1367827, 1087940, -280157, 297977, 953384, 1475416, -660077, 1034246, 'Left']
[2192861, 2298947, -436927, -575585, 1483277, 1758861, 822797, 965911, 1370179, 1088149, -315476, 196573, 904241, 1471609, -654155, 970724, 'Left']
[2174497, 2302366, -472697, -579060, 1446798, 1740480, 823625, 967192, 1367380, 1086666, -264897, 309423, 963207, 1476122, -659236, 1040203, 'Left']
[2193615, 2300062, -438661, -574745, 1481769, 1756807, 822959, 966248, 1370824, 1089800, -329597, 187674, 895648, 1470497, -655093, 967022, 'Left']
[2176101, 2302531, -470484, -578844, 1449055, 1742200, 822985, 966302, 1368014, 1086859, -251508, 315336, 970104, 1477688, -657719, 1041118, 'Left']
[2192779, 2300461, -441358, -574808, 1478768, 1753974, 823753, 966326, 1371264, 1090575, -340870, 182283, 889253, 1469449, -656703, 964097, 'Left']
[2177424, 2302414, -466947, -578783, 1452303, 1745195, 822559, 965440, 1367968, 1086501, -240992, 318351, 975028, 1479185, -656491, 1041254, 'Left']
[2191195, 2300894, -444852, -574832, 1474806, 1750705, 823819, 966164, 1371616, 1090995, -349238, 182806, 885847, 1468767, -657814, 965523, 'Left']
[2178412, 2301377, -463152, -578925, 1456412, 1748408, 821968, 964423, 1367363, 1085768, -234781, 316095, 976614, 1479648, -655296, 1038514, 'Left']
[2189113, 2301561, -449542, -574875, 1470810, 1747908, 825202, 967785, 1371064, 1091425, -354280, 187667, 886215, 1468502, -659256, 970033, 'Left']
[2180694, 2301363, -458329, -578183, 1461628, 1752306, 822716, 965703, 1367583, 1085830, -232013, 308937, 975370, 1480603, -653647, 1033238, 'Left']
[2186934, 2302585, -453961, -575057, 1466217, 1745836, 826393, 968407, 1370789, 1091675, -354157, 196731, 889210, 1469337, -660165, 976246, 'Left']
[2183039, 2301129, -452915, -577983, 1466549, 1755693, 822883, 965008, 1367726, 1085475, -233275, 297936, 970812, 1480875, -653088, 1025990, 'Left']
[2183903, 2302875, -458272, -575622, 1461071, 1743142, 826853, 968611, 1369985, 1090986, -350046, 209616, 895316, 1469435, -661767, 984411, 'Left']
[2185412, 2300736, -447590, -577361, 1471176, 1757733, 822620, 964055, 1367900, 1085810, -239285, 284177, 963516, 1479640, -653127, 1017481, 'Left']
[2182257, 2303718, -462056, -575925, 1456162, 1740565, 827207, 967427, 1370171, 1091297, -341537, 225445, 903791, 1469893, -663072, 993841, 'Left']
[2188657, 2300796, -441923, -576493, 1475729, 1759719, 823333, 963681, 1369064, 1086598, -247665, 267754, 954384, 1479186, -652989, 1007735, 'Left']
[2180348, 2303930, -465015, -576487, 1452184, 1738642, 827198, 967247, 1370568, 1091214, -329277, 243226, 914531, 1471360, -663242, 1004045, 'Left']
[2190689, 2300665, -438103, -575629, 1479286, 1761008, 823275, 963814, 1369039, 1086910, -259853, 250468, 943106, 1477439, -653520, 997713, 'Left']
[2178759, 2304842, -467675, -576186, 1448812, 1737783, 826922, 967400, 1370340, 1090613, -315216, 261785, 926151, 1472555, -663442, 1014475, 'Left']
[2193030, 2301015, -435064, -574418, 1481989, 1761612, 823954, 964027, 1370749, 1088329, -274092, 233201, 931438, 1476655, -653578, 987619, 'Left']
[2176834, 2304084, -469933, -577046, 1446458, 1737959, 826766, 966415, 1369695, 1089838, -299672, 279274, 937885, 1474132, -663142, 1023211, 'Left']
[2193427, 2300113, -434180, -574495, 1483331, 1761223, 823974, 964390, 1370257, 1088662, -290590, 217016, 919203, 1474439, -654468, 979243, 'Left']
[2175660, 2303749, -471574, -577522, 1445842, 1738286, 826282, 966156, 1368498, 1088730, -284687, 294297, 949116, 1475130, -662241, 1031548, 'Left']
[2193954, 2300230, -434787, -573893, 1483622, 1759965, 824429, 965104, 1370318, 1089199, -306756, 202331, 908244, 1473298, -654894, 972336, 'Left']
[2175087, 2302913, -471672, -577852, 1446262, 1740077, 826546, 966793, 1367932, 1088275, -269085, 305557, 959489, 1476919, -660586, 1036935, 'Left']
[2193411, 2299538, -436713, -574377, 1482253, 1757644, 825561, 964374, 1370486, 1089497, -322266, 190848, 899164, 1471406, -655774, 967408, 'Left']
[2175372, 2302410, -470561, -577967, 1447906, 1742057, 825928, 965765, 1367551, 1086870, -255904, 313190, 967945, 1477659, -659317, 1040392, 'Left']
[2193042, 2300166, -439453, -573818, 1479753, 1755456, 825795, 965604, 1370694, 1090380, -335111, 184146, 892252, 1470432, -656929, 964956, 'Left']
[2176595, 2301981, -468016, -577983, 1450359, 1744889, 824767, 965636, 1366775, 1086356, -244407, 317542, 974235, 1478960, -658039, 1041710, 'Left']
[2192318, 2300985, -442592, -573191, 1476758, 1753140, 826556, 966398, 1371264, 1091180, -344897, 181896, 887975, 1469983, -658030, 965270, 'Left']
[2178531, 2302206, -463954, -577325, 1454953, 1747764, 825419, 965082, 1368283, 1086702, -235678, 316915, 977325, 1480622, -655805, 1039976, 'Left']
[2190652, 2301465, -447006, -573776, 1472021, 1749364, 826081, 965772, 1371110, 1091354, -351178, 184452, 886518, 1468990, -659536, 967815, 'Left']
[2180541, 2301683, -459401, -577170, 1459054, 1750886, 823462, 964382, 1368093, 1086557, -231371, 311772, 976759, 1480251, -655159, 1035361, 'Left']
[2188521, 2301958, -451105, -573617, 1467847, 1746888, 827307, 966768, 1371327, 1091581, -352794, 192477, 888307, 1468506, -660996, 973526, 'Left']
[2183190, 2301113, -454148, -576401, 1464651, 1754397, 824455, 964391, 1368266, 1085903, -230989, 303039, 973793, 1480621, -653931, 1029726, 'Left']
[2186346, 2302720, -455564, -573875, 1463185, 1744124, 827307, 967203, 1371591, 1092038, -350484, 203556, 893118, 1469153, -661479, 980817, 'Left']
[2184927, 2300220, -449106, -576402, 1469510, 1757132, 823809, 963987, 1368438, 1086098, -235057, 289426, 967388, 1480207, -653288, 1020779, 'Left']
[2183100, 2302284, -460369, -574843, 1458260, 1741272, 827561, 967543, 1370533, 1091010, -344632, 217949, 900593, 1469467, -662696, 990156, 'Left']
[2186951, 2299327, -444908, -576145, 1473892, 1758900, 823267, 963360, 1368618, 1085892, -244081, 273406, 958476, 1478738, -653138, 1011602, 'Left']
[2180719, 2302330, -465011, -575674, 1453660, 1739185, 827297, 967030, 1370117, 1090411, -334930, 234783, 909994, 1469744, -663255, 1000157, 'Left']
[2189718, 2299039, -441286, -575639, 1478067, 1760158, 823457, 963452, 1369033, 1086242, -255361, 255941, 947665, 1477397, -652595, 1001549, 'Left']
[2178792, 2302491, -469033, -576213, 1450023, 1738012, 827566, 967134, 1369461, 1089754, -322571, 251994, 920962, 1471274, -663036, 1009773, 'Left']
[2191128, 2298650, -438724, -575222, 1480621, 1761346, 823546, 963319, 1368894, 1086475, -269603, 238013, 936103, 1476410, -652941, 991733, 'Left']
[2177038, 2302927, -471499, -576518, 1447042, 1737940, 826695, 966471, 1368956, 1089249, -307962, 269663, 932920, 1472809, -662626, 1019586, 'Left']
[2193064, 2299327, -436262, -574388, 1482409, 1761607, 823488, 962996, 1369301, 1087364, -284737, 221326, 924412, 1475433, -653450, 983042, 'Left']
[2176591, 2303622, -472210, -576448, 1445853, 1738198, 827197, 966728, 1368651, 1089022, -291045, 287089, 945224, 1474748, -661662, 1029483, 'Left']
[2194451, 2299722, -435609, -573764, 1483353, 1760080, 824546, 963762, 1370588, 1088853, -300250, 206576, 913145, 1473894, -653558, 975609, 'Left']
[2176012, 2302969, -472764, -577326, 1445743, 1739030, 826272, 965735, 1368719, 1087976, -275249, 300236, 955630, 1476052, -660857, 1035436, 'Left']
[2194615, 2299812, -436543, -573631, 1483003, 1759030, 824654, 964714, 1370765, 1089264, -316135, 194515, 902715, 1472399, -655035, 969761, 'Left']
[2175527, 2302400, -471918, -577846, 1447050, 1741201, 825296, 965748, 1367590, 1087084, -261124, 310375, 964705, 1477526, -659811, 1040185, 'Left']
[2193552, 2299551, -438722, -573851, 1481128, 1756787, 825583, 965196, 1370377, 1089488, -330444, 185745, 894462, 1470956, -656438, 966176, 'Left']
[2175812, 2301587, -469768, -578196, 1449598, 1743671, 825310, 965026, 1367059, 1086253, -248663, 316075, 971933, 1478850, -658331, 1042537, 'Left']
[2192340, 2299680, -441991, -574076, 1478157, 1753723, 825618, 965052, 1370883, 1089904, -341977, 181275, 888864, 1469726, -657795, 965195, 'Left']
[2177525, 2301193, -466233, -577894, 1453405, 1746857, 825033, 965512, 1367008, 1085241, -239613, 316591, 976042, 1479147, -657156, 1041335, 'Left']
[2191185, 2300611, -445444, -573406, 1474709, 1751633, 826807, 966139, 1370663, 1090777, -349645, 181821, 886534, 1469038, -658964, 967031, 'Left']
[2179131, 2300605, -461751, -577452, 1457509, 1750167, 824396, 964746, 1367125, 1085214, -233235, 313454, 977208, 1480351, -655606, 1038430, 'Left']
[2189277, 2300998, -449408, -573566, 1469981, 1747925, 827435, 966406, 1370853, 1091046, -353506, 187603, 886919, 1468993, -660131, 971652, 'Left']
[2181960, 2300644, -456431, -576590, 1462398, 1752972, 824304, 964222, 1367864, 1085122, -231199, 305657, 975185, 1480603, -654030, 1032720, 'Left']
[2186730, 2301416, -454166, -573929, 1464643, 1744836, 826653, 966223, 1371061, 1091294, -352534, 197148, 890848, 1468965, -660821, 978025, 'Left']
[2184192, 2300099, -451478, -576114, 1467261, 1756015, 823493, 963956, 1367626, 1085255, -233711, 294439, 970427, 1480061, -653237, 1025584, 'Left']
[2184790, 2302151, -458766, -573889, 1459973, 1742827, 827550, 966874, 1370181, 1091100, -347879, 211436, 897314, 1469083, -661662, 987402, 'Left']
[2186966, 2299681, -446629, -575503, 1471893, 1758759, 823078, 962841, 1368506, 1085798, -239808, 280006, 962348, 1479714, -652199, 1016770, 'Left']
[2181959, 2302458, -463312, -574414, 1455318, 1740645, 826697, 967551, 1370022, 1090706, -339430, 227680, 906121, 1470062, -662259, 997427, 'Left']
[2188572, 2299001, -442705, -575065, 1476268, 1760569, 823211, 963879, 1368490, 1085882, -250390, 262934, 952408, 1478633, -651948, 1007101, 'Left']
[2179470, 2301846, -467276, -575459, 1451671, 1739157, 827917, 967212, 1369136, 1089769, -328082, 244636, 916720, 1471254, -662106, 1007506, 'Left']
[2190650, 2298563, -439306, -574599, 1480309, 1761647, 823724, 963891, 1368591, 1086252, -263629, 244901, 941193, 1477128, -651811, 997371, 'Left']
[2177660, 2302188, -470288, -575629, 1448642, 1738485, 826799, 966843, 1368826, 1089162, -314093, 261503, 928077, 1472351, -661744, 1016521, 'Left']
[2192245, 2298042, -436885, -574194, 1482661, 1762007, 823197, 963829, 1369345, 1087199, -278301, 226581, 929146, 1475615, -652096, 986512, 'Left']
[2176453, 2302205, -472130, -576194, 1447050, 1738440, 827186, 966404, 1368393, 1088254, -298176, 278873, 940371, 1473390, -661512, 1026139, 'Left']
[2193562, 2298300, -435897, -573706, 1483755, 1761464, 823580, 963868, 1369501, 1087145, -294628, 210810, 917747, 1473847, -653243, 978693, 'Left']
[2175839, 2302056, -472566, -576617, 1446247, 1739332, 826421, 966921, 1368488, 1088179, -282110, 293522, 951734, 1475221, -660537, 1033353, 'Left']
[2194020, 2298494, -435567, -573308, 1483808, 1760280, 824473, 964974, 1370121, 1088298, -310228, 197586, 907113, 1472623, -654131, 972241, 'Left']
[2175679, 2302148, -471725, -576726, 1446874, 1740852, 825996, 966947, 1368287, 1087210, -266606, 305601, 961988, 1476826, -659364, 1039165, 'Left']
[2194175, 2298771, -437213, -573318, 1482395, 1758204, 824735, 964684, 1370636, 1089146, -324991, 188011, 898392, 1471319, -655242, 967969, 'Left']
[2175959, 2301462, -470344, -577534, 1448555, 1742707, 824737, 964997, 1367308, 1086397, -253746, 313434, 969734, 1477996, -658675, 1042397, 'Left']
[2193159, 2299461, -439920, -573081, 1479783, 1755527, 825645, 965118, 1370609, 1089588, -337969, 181960, 891225, 1470029, -656751, 965833, 'Left']
[2176456, 2300722, -467660, -577747, 1451412, 1745996, 823939, 964985, 1367066, 1085883, -242982, 315991, 974577, 1479078, -657103, 1041906, 'Left']
[2191077, 2299636, -443998, -573514, 1476047, 1752483, 825652, 965893, 1370428, 1090065, -347490, 180641, 887031, 1468949, -658450, 966437, 'Left']
[2177393, 2300064, -464197, -577781, 1455504, 1748845, 823938, 964170, 1366370, 1084882, -236099, 315062, 976879, 1479635, -656188, 1040537, 'Left']
[2189338, 2300277, -448129, -573430, 1471793, 1749650, 826363, 966106, 1370399, 1090461, -353498, 183975, 886124, 1468222, -659592, 969752, 'Left']
[2179868, 2299620, -459340, -577327, 1460103, 1752163, 823543, 964346, 1367176, 1084967, -232119, 308671, 976192, 1480106, -654489, 1035454, 'Left']
[2186763, 2299978, -453203, -574391, 1466366, 1746307, 825417, 966341, 1369545, 1090003, -354744, 192105, 888463, 1468201, -660884, 976040, 'Left']
[2182766, 2299550, -454623, -576751, 1464812, 1754603, 822796, 963692, 1367243, 1084476, -233236, 299057, 972088, 1479671, -653954, 1029749, 'Left']
[2185007, 2301018, -457808, -574540, 1461381, 1743545, 825877, 966340, 1370080, 1090659, -351689, 203996, 893604, 1468551, -661642, 983341, 'Left']
[2185079, 2299041, -449332, -576446, 1469523, 1757114, 822204, 962745, 1367679, 1085021, -237800, 285789, 965676, 1478865, -652946, 1020871, 'Left']
[2182733, 2301901, -462103, -574761, 1456721, 1740833, 826888, 966638, 1370174, 1090118, -344435, 219753, 902202, 1468581, -662170, 993001, 'Left']
[2187983, 2299259, -444302, -575395, 1474337, 1759456, 822557, 963422, 1368428, 1085621, -246203, 269461, 956895, 1478157, -651815, 1010688, 'Left']
[2180976, 2302597, -465641, -574509, 1452913, 1739546, 827150, 967266, 1370055, 1090506, -333078, 236971, 912216, 1469450, -661768, 1002797, 'Left']
[2190471, 2299126, -440368, -574461, 1478635, 1761318, 823313, 963919, 1369019, 1086337, -257635, 252415, 946215, 1476883, -651062, 1000999, 'Left']
[2178440, 2302362, -469160, -575448, 1449347, 1738534, 826637, 967176, 1368962, 1089892, -320128, 255177, 923609, 1470894, -661528, 1013328, 'Left']
[2191921, 2298649, -437993, -574260, 1481135, 1761517, 822631, 964085, 1369048, 1086568, -272594, 234343, 934427, 1475378, -651803, 991384, 'Left']
[2176904, 2302563, -471903, -576059, 1446608, 1738049, 825598, 966983, 1368904, 1088982, -305428, 271792, 935243, 1472278, -661617, 1022133, 'Left']
[2192933, 2298762, -436612, -573913, 1482784, 1761228, 822637, 963379, 1369189, 1087332, -288660, 217391, 922225, 1473813, -653135, 982037, 'Left']
[2175139, 2301984, -472922, -576762, 1445789, 1738692, 825670, 966444, 1368161, 1088112, -289730, 287307, 946660, 1473733, -660994, 1029777, 'Left']
[2193406, 2298360, -435945, -573630, 1483567, 1760811, 822928, 963723, 1369221, 1087847, -305005, 202447, 911121, 1472514, -653688, 973991, 'Left']
[2175177, 2301785, -472899, -577071, 1446112, 1740444, 825740, 966085, 1367771, 1086872, -274121, 300648, 957532, 1475336, -659953, 1035982, 'Left']
[2194299, 2299036, -436443, -572906, 1483023, 1759814, 824638, 965548, 1370281, 1088605, -319923, 191437, 901555, 1471180, -654356, 968628, 'Left']
[2175652, 2301647, -471188, -577223, 1447696, 1742516, 824711, 965651, 1367934, 1086784, -259167, 310750, 966713, 1477000, -658175, 1040180, 'Left']
[2193588, 2299096, -438819, -573229, 1480712, 1756914, 824351, 964683, 1370626, 1088975, -333208, 184300, 893962, 1469290, -655729, 965493, 'Left']
[2176903, 2301658, -468590, -577139, 1450361, 1744839, 824138, 965177, 1367538, 1086024, -246976, 316662, 973539, 1477280, -657036, 1042380, 'Left']
[2192841, 2299894, -441846, -573157, 1477808, 1754457, 824420, 965329, 1371302, 1090227, -343471, 181277, 889111, 1468432, -656444, 965332, 'Left']
[2178012, 2300982, -465340, -577446, 1453875, 1748063, 823813, 965206, 1367468, 1085002, -237962, 317152, 977088, 1478492, -655787, 1041619, 'Left']
[2190909, 2300325, -445942, -573169, 1473775, 1751127, 825481, 966217, 1370627, 1090347, -350921, 183288, 886997, 1467845, -657923, 968402, 'Left']
[2179801, 2300565, -460867, -577122, 1458105, 1751112, 823106, 964381, 1367441, 1085153, -232855, 312974, 977840, 1479246, -654166, 1038291, 'Left']
[2188683, 2300894, -450578, -573541, 1469175, 1748368, 825659, 966472, 1370606, 1090816, -354188, 189594, 888320, 1467519, -659286, 973627, 'Left']
[2181734, 2299833, -456184, -576867, 1463159, 1754292, 822553, 963437, 1367343, 1084912, -232210, 304341, 975113, 1479005, -652973, 1032173, 'Left']
[2185961, 2300898, -455287, -573846, 1464017, 1745582, 826240, 966845, 1370104, 1090667, -353464, 199846, 892146, 1467564, -660057, 980359, 'Left']
[2184152, 2299297, -451245, -576161, 1468072, 1757411, 822636, 964065, 1367297, 1084701, -235536, 292622, 969463, 1478975, -651701, 1025091, 'Left']
[2183515, 2301701, -460132, -573870, 1459393, 1743136, 826092, 967578, 1370264, 1090970, -347932, 213757, 898932, 1468589, -660180, 989008, 'Left']
[2186097, 2298775, -446524, -575738, 1472622, 1759427, 821440, 963037, 1367761, 1085298, -242463, 277176, 961385, 1478373, -651289, 1015073, 'Left']
[2181117, 2302112, -464049, -574649, 1455095, 1740790, 826643, 967427, 1370039, 1090371, -338975, 230269, 908152, 1468542, -661186, 998415, 'Left']
[2188865, 2299151, -441838, -575070, 1477406, 1761430, 822477, 963829, 1368757, 1086226, -253011, 260813, 951542, 1477072, -651009, 1005447, 'Left']
[2179368, 2302821, -467565, -575265, 1451398, 1739726, 826525, 967014, 1370009, 1090472, -326360, 248494, 919369, 1470343, -661236, 1009000, 'Left']
[2190885, 2298865, -439110, -574781, 1480443, 1762348, 822292, 963535, 1369374, 1086926, -266147, 243018, 940116, 1476205, -651402, 995611, 'Left']
[2177056, 2302069, -471465, -576436, 1447674, 1738656, 825739, 966500, 1368746, 1089291, -311863, 265909, 931082, 1471560, -661805, 1018920, 'Left']
[2192038, 2298417, -437428, -574542, 1482599, 1762755, 823307, 963676, 1368883, 1087168, -282122, 224972, 927976, 1474518, -652178, 985839, 'Left']
[2175441, 2302243, -473045, -576948, 1446243, 1739473, 826891, 965939, 1367785, 1088106, -296416, 282369, 942790, 1473651, -661245, 1027803, 'Left']
[2193291, 2298837, -435881, -573894, 1483794, 1762543, 824284, 964503, 1369333, 1087373, -298055, 209432, 916653, 1473566, -652946, 978308, 'Left']
[2174957, 2302574, -472484, -576903, 1446263, 1740885, 827459, 967120, 1367596, 1087501, -280150, 296292, 954378, 1475320, -660111, 1035061, 'Left']
[2193762, 2299389, -435247, -573279, 1483793, 1761464, 825852, 964753, 1370135, 1088182, -313014, 196369, 906256, 1472105, -654018, 971756, 'Left']
[2175223, 2302635, -470549, -576931, 1447078, 1742535, 827059, 966582, 1367744, 1087001, -264284, 307433, 963885, 1476841, -659383, 1039726, 'Left']
[2193601, 2299721, -435990, -573129, 1481797, 1759126, 825913, 964432, 1370622, 1089275, -326456, 187576, 897632, 1470864, -656090, 967439, 'Left']
[2176286, 2302654, -467684, -577099, 1449525, 1744390, 826324, 964503, 1367818, 1085885, -250316, 315189, 971706, 1477755, -659215, 1042944, 'Left']
[2193147, 2300520, -437950, -572749, 1479605, 1756195, 826122, 965102, 1371637, 1090132, -337430, 182752, 891807, 1469452, -657650, 966045, 'Left']
[2177337, 2302342, -464134, -576692, 1452588, 1747078, 825328, 964396, 1367833, 1085758, -239767, 317970, 976843, 1478744, -658095, 1042814, 'Left']
[2191732, 2301263, -441225, -572408, 1475729, 1753385, 827118, 965004, 1371318, 1090779, -346112, 183021, 888593, 1468703, -659231, 967717, 'Left']
[2178976, 2302015, -460030, -576040, 1456794, 1750336, 825564, 963475, 1367523, 1085566, -232661, 316717, 979047, 1479363, -656255, 1041713, 'Left']
[2190014, 2301977, -445498, -571797, 1472103, 1750369, 828017, 966504, 1371761, 1091983, -351321, 186851, 888119, 1468735, -659358, 971324, 'Left']
[2180948, 2300933, -455448, -575399, 1461895, 1754141, 825830, 963818, 1368056, 1085960, -230130, 309292, 977353, 1480696, -653971, 1035455, 'Left']
[2186928, 2301521, -451438, -572574, 1466730, 1747830, 828953, 966373, 1370632, 1091456, -352245, 195921, 890615, 1468871, -660331, 977880, 'Left']
[2183087, 2300300, -451785, -575392, 1466677, 1757136, 825756, 964096, 1367494, 1085926, -231866, 298379, 972484, 1480343, -652761, 1028646, 'Left']
[2184472, 2301847, -457250, -573075, 1462027, 1745163, 829248, 967325, 1370100, 1091524, -349210, 207025, 895646, 1469064, -660618, 984886, 'Left']
[2185402, 2299259, -448034, -574899, 1471496, 1759682, 824332, 963261, 1367439, 1085582, -237803, 283136, 965031, 1479770, -651566, 1018591, 'Left']
[2181608, 2301529, -462345, -573909, 1457261, 1742636, 828952, 966930, 1369270, 1090566, -341798, 222354, 904221, 1469547, -661437, 994075, 'Left']
[2187621, 2298891, -443975, -574505, 1475883, 1761279, 824449, 963702, 1367487, 1085683, -246920, 267391, 956305, 1478612, -651188, 1010062, 'Left']
[2180014, 2302227, -466689, -574227, 1452943, 1740754, 828794, 967066, 1369259, 1090377, -330760, 239512, 914370, 1470575, -661390, 1004146, 'Left']
[2190290, 2298928, -440235, -573779, 1479609, 1762592, 824863, 962896, 1368039, 1086263, -259193, 249201, 944975, 1477718, -651100, 998982, 'Left']
[2178062, 2302485, -469497, -574678, 1449361, 1739807, 828254, 966855, 1368812, 1089888, -316885, 256943, 925833, 1472319, -661303, 1013443, 'Left']
[2192121, 2298923, -436976, -572987, 1481879, 1763630, 824377, 963376, 1368650, 1086620, -273360, 231860, 933325, 1476261, -652196, 989744, 'Left']
[2176875, 2302773, -470941, -574765, 1447540, 1740038, 828621, 966428, 1368586, 1089404, -300982, 275145, 938267, 1473759, -661397, 1024110, 'Left']
[2193654, 2298961, -435225, -572308, 1484085, 1763337, 825104, 963982, 1369574, 1087559, -288994, 215271, 921488, 1474354, -652817, 981113, 'Left']
[2175945, 2302615, -471555, -575198, 1446630, 1740835, 827697, 965566, 1368257, 1088297, -285229, 290250, 949683, 1475024, -661002, 1031512, 'Left']
[2193999, 2298757, -434394, -571979, 1484624, 1762746, 825525, 964630, 1370112, 1088264, -305108, 201045, 910941, 1473244, -653545, 974042, 'Left']
[2175066, 2301758, -471029, -575922, 1447230, 1742164, 827229, 965886, 1367659, 1087210, -269587, 302859, 960569, 1476478, -659735, 1038414, 'Left']
[2193750, 2298541, -435612, -572227, 1483568, 1760305, 825531, 965000, 1370610, 1088901, -320291, 189815, 901283, 1471407, -654749, 969324, 'Left']
[2175105, 2301180, -469948, -576629, 1449220, 1743863, 827401, 965620, 1367353, 1086159, -255870, 311144, 968689, 1477550, -658389, 1041854, 'Left']
[2192837, 2298793, -438512, -572175, 1481500, 1757954, 826805, 965149, 1369881, 1088982, -333674, 182703, 893777, 1470132, -655825, 966694, 'Left']
[2176473, 2301115, -467579, -575981, 1451801, 1747087, 826312, 965652, 1366704, 1085919, -244118, 315900, 974980, 1479028, -656782, 1043317, 'Left']
[2191789, 2299290, -442268, -572224, 1477975, 1755141, 826807, 964949, 1370265, 1089915, -343476, 180787, 889315, 1469539, -657058, 966970, 'Left']
[2177595, 2300431, -464427, -576248, 1455296, 1749738, 825242, 963469, 1366378, 1084897, -235730, 316183, 977887, 1479424, -655725, 1042300, 'Left']
[2190470, 2300295, -446096, -571825, 1473826, 1752140, 827834, 965938, 1370306, 1090584, -350362, 183361, 887338, 1468582, -658309, 969612, 'Left']
[2180250, 2300469, -459813, -575549, 1459698, 1752818, 825283, 964667, 1366836, 1085086, -230643, 312067, 978152, 1480195, -653842, 1038496, 'Left']
[2188568, 2300886, -451039, -572013, 1468982, 1748931, 827684, 966831, 1370181, 1090932, -352485, 190439, 888683, 1468497, -659474, 974514, 'Left']
[2182438, 2299950, -455152, -575273, 1464462, 1755667, 824842, 963288, 1367244, 1085491, -230517, 302772, 974863, 1480325, -652839, 1031402, 'Left']
[2186343, 2301426, -455795, -572423, 1463995, 1746155, 828159, 967106, 1370186, 1090992, -350738, 201252, 893283, 1468418, -660541, 981172, 'Left']
[2185142, 2299430, -450186, -574701, 1469798, 1758710, 825094, 963694, 1367772, 1085385, -233935, 289983, 969071, 1479790, -651891, 1023050, 'Left']
[2183834, 2301686, -460516, -573027, 1459383, 1743963, 829293, 967279, 1369889, 1090892, -344826, 215950, 900960, 1469256, -660944, 990629, 'Left']
[2187067, 2298570, -446057, -574543, 1474185, 1761461, 824662, 963401, 1367412, 1085334, -242287, 274581, 960734, 1478842, -651441, 1014190, 'Left']
[2180882, 2301789, -465269, -573762, 1455037, 1741661, 828994, 966325, 1368996, 1089919, -335654, 232699, 910424, 1469952, -661911, 1000978, 'Left']
[2188815, 2298052, -441747, -574189, 1478285, 1762566, 824031, 963218, 1367750, 1085451, -253512, 256919, 950174, 1477785, -651493, 1003814, 'Left']
