[3014712, 2624539, 436237, -130546, 617641, 417550, -528125, -22125, 560493, 313162, 507793, 783196, 1575522, 399841, 431668, 1163782, 'Left']
[3027584, 2622682, 436261, -130503, 617132, 417869, -526920, -23008, 559062, 311513, 532982, 798331, 1584828, 399297, 437245, 1163163, 'Left']
[3011675, 2623526, 436002, -130865, 616887, 417736, -528211, -21018, 559909, 312898, 508280, 783164, 1575578, 399704, 431493, 1162972, 'Left']
[3032294, 2622301, 437410, -130751, 615918, 418062, -525924, -22185, 558123, 310797, 531995, 797684, 1584713, 399015, 437784, 1163880, 'Left']
[3008628, 2622934, 435416, -130846, 617403, 418236, -526711, -21849, 559901, 312757, 511005, 783962, 1576071, 399497, 432093, 1163342, 'Left']
[3034139, 2622185, 437774, -131059, 616286, 417458, -527820, -24064, 558175, 310557, 528492, 795594, 1583840, 398541, 437103, 1163044, 'Left']
[3006726, 2622387, 434978, -130785, 617492, 419013, -526532, -20174, 559348, 312409, 513563, 785264, 1576744, 399096, 432367, 1163532, 'Left']
[3035848, 2623015, 438402, -130459, 616126, 418026, -527593, -20971, 558487, 311006, 525381, 793882, 1583171, 399196, 436984, 1163463, 'Left']
[3005906, 2621808, 434551, -130889, 617242, 418441, -526566, -21993, 559329, 312413, 517368, 787186, 1578019, 399588, 433141, 1164185, 'Left']
[3036478, 2623698, 438329, -130721, 616501, 417583, -527528, -23742, 558394, 310940, 521868, 791649, 1582183, 398765, 435967, 1163336, 'Left']
[3006722, 2622264, 434618, -130435, 617217, 419200, -526253, -20954, 559831, 313202, 520554, 789908, 1579133, 399895, 433707, 1164001, 'Left']
[3037080, 2623588, 439042, -131058, 616861, 417003, -528425, -22339, 558627, 311289, 518448, 790450, 1580958, 398863, 435584, 1163512, 'Left']
[3008631, 2621418, 434787, -130661, 617743, 418652, -525219, -20513, 558896, 312059, 525417, 792466, 1580938, 399168, 435267, 1165035, 'Left']
[3035624, 2624066, 439587, -130673, 616584, 417485, -527877, -21839, 558991, 311751, 515082, 788330, 1579846, 399258, 435069, 1163415, 'Left']
[3009657, 2621221, 435028, -130541, 617501, 419042, -524971, -21041, 558817, 311944, 528342, 794464, 1582160, 399392, 435626, 1164454, 'Left']
[3031606, 2624051, 439373, -130534, 616231, 417619, -527708, -21989, 559124, 312104, 511195, 785838, 1578430, 399589, 433715, 1162420, 'Left']
[3011978, 2620547, 435374, -130320, 617265, 418775, -525597, -21321, 558077, 311527, 530386, 795724, 1583029, 399196, 436247, 1163669, 'Left']
[3028693, 2623955, 439449, -129871, 616019, 418042, -527767, -21341, 558897, 312128, 508816, 784130, 1577667, 399354, 433177, 1162239, 'Left']
[3016145, 2620180, 436008, -130139, 616728, 418935, -526347, -22100, 557354, 311031, 533736, 797667, 1584683, 399090, 437666, 1164561, 'Left']
[3025893, 2623288, 438972, -130156, 617281, 417631, -528990, -22581, 558124, 311813, 508116, 783396, 1576915, 398673, 432842, 1162955, 'Left']
[3020870, 2620579, 436182, -129718, 616724, 418473, -527236, -21600, 556824, 310772, 535565, 798745, 1585087, 398553, 437760, 1164427, 'Left']
[3022856, 2624157, 438483, -129240, 616404, 418410, -526636, -20171, 558627, 312680, 507545, 782762, 1576185, 399382, 432306, 1163038, 'Left']
[3026052, 2621883, 436940, -128929, 616021, 419159, -526726, -21477, 557640, 311826, 535834, 799241, 1585489, 399409, 438283, 1164215, 'Left']
[3019427, 2624253, 437387, -129523, 616083, 417922, -527811, -22462, 558974, 313269, 507975, 782826, 1575706, 399622, 431788, 1162813, 'Left']
[3029467, 2622579, 436929, -128733, 615578, 418980, -527273, -21093, 557876, 312016, 535018, 798947, 1585345, 399153, 437399, 1163096, 'Left']
[3016147, 2623957, 437294, -129096, 616672, 418357, -527878, -21247, 559557, 313898, 508912, 783220, 1575952, 399867, 431159, 1162158, 'Left']
[3033881, 2622827, 438272, -128556, 615647, 418572, -527007, -21763, 557780, 311564, 534339, 798822, 1585676, 398970, 437486, 1163319, 'Left']
[3013211, 2624003, 437060, -128466, 616563, 418599, -526606, -21284, 560163, 314351, 511396, 784546, 1576553, 400176, 431682, 1162727, 'Left']
[3036882, 2622677, 438758, -128908, 615341, 417820, -529108, -22548, 558047, 311493, 531982, 797371, 1585069, 399241, 437394, 1163302, 'Left']
[3010618, 2622568, 436267, -128846, 616928, 418397, -527004, -21254, 559574, 313223, 514034, 785247, 1577196, 399771, 431902, 1163228, 'Left']
[3038197, 2622254, 439109, -128864, 615873, 417886, -527913, -22277, 558082, 310869, 528372, 795304, 1584266, 398968, 436954, 1163181, 'Left']
[3008949, 2621319, 435721, -129361, 616583, 418923, -527094, -22168, 559190, 312367, 517132, 786884, 1578257, 399543, 432921, 1164180, 'Left']
[3038442, 2622628, 439028, -129242, 615897, 417925, -527165, -21872, 558307, 310728, 524591, 793039, 1583170, 398850, 436211, 1163606, 'Left']
[3007845, 2620926, 434936, -129659, 617205, 419165, -527398, -21014, 559553, 312565, 520027, 788784, 1579151, 399844, 433511, 1164388, 'Left']
[3038344, 2622475, 439079, -130073, 615440, 418195, -528579, -23150, 558272, 310640, 520894, 790894, 1581850, 398703, 435478, 1163795, 'Left']
[3008354, 2620403, 434729, -130095, 616672, 419617, -525875, -21091, 558977, 311951, 524203, 791369, 1580345, 399239, 434179, 1164801, 'Left']
[3037290, 2623111, 439421, -129967, 615673, 418489, -528410, -21434, 558788, 311471, 517286, 789364, 1580540, 398897, 435170, 1163790, 'Left']
[3010761, 2620582, 435365, -129803, 616297, 419777, -525109, -20203, 558979, 312286, 528103, 794196, 1581802, 399492, 435702, 1165242, 'Left']
[3035388, 2623499, 439564, -129963, 614707, 417848, -528761, -22847, 559024, 312153, 513873, 787746, 1579229, 399070, 434412, 1163405, 'Left']
[3013901, 2620237, 435569, -129635, 616626, 419614, -526803, -21268, 558365, 312090, 530816, 796248, 1582908, 399208, 435894, 1164557, 'Left']
[3033619, 2623466, 439492, -129670, 615580, 418272, -528790, -22073, 558844, 312513, 511216, 786173, 1578083, 399273, 433375, 1163095, 'Left']
[3017400, 2619725, 435842, -129576, 616703, 419123, -525376, -21569, 557928, 311862, 533263, 797660, 1584119, 399246, 436851, 1164481, 'Left']
[3029982, 2622525, 438984, -130134, 615650, 417724, -527882, -22647, 558340, 311840, 508976, 784189, 1577536, 398787, 433399, 1163249, 'Left']
[3020712, 2619856, 436107, -129479, 616325, 419783, -526163, -20558, 557594, 311361, 534584, 798406, 1584842, 398884, 437769, 1164257, 'Left']
[3025452, 2622510, 438626, -129906, 615687, 418121, -528777, -22571, 559235, 312823, 506961, 783173, 1576360, 399309, 432776, 1162490, 'Left']
[3024642, 2619486, 436415, -129754, 615849, 419131, -526871, -22368, 557062, 310629, 535736, 799169, 1585548, 398214, 437901, 1164106, 'Left']
[3021415, 2621982, 437825, -130276, 616066, 418331, -528349, -21806, 558975, 312887, 507100, 782601, 1576024, 399209, 432027, 1162629, 'Left']
[3028755, 2619395, 436682, -130173, 616113, 418990, -525559, -22019, 556811, 310527, 535784, 799337, 1585697, 398364, 438148, 1163966, 'Left']
[3017533, 2621431, 436771, -130476, 616332, 418441, -527259, -22826, 558621, 312498, 508244, 782764, 1575803, 399014, 431805, 1162849, 'Left']
[3032108, 2620043, 437292, -129898, 615254, 418925, -527811, -22180, 557373, 310712, 534313, 798676, 1585302, 398584, 437651, 1163399, 'Left']
[3013910, 2621390, 436898, -130047, 616895, 418255, -528080, -22213, 559396, 313024, 509602, 783496, 1575752, 399274, 431401, 1162674, 'Left']
[3035216, 2620555, 438588, -129216, 616015, 418607, -525911, -20789, 557999, 310998, 531955, 797770, 1585039, 398551, 437315, 1162721, 'Left']
[3012334, 2620283, 436253, -129970, 615696, 417995, -527446, -22414, 559089, 312498, 512534, 785019, 1576699, 398991, 432227, 1163222, 'Left']
[3038396, 2620487, 438213, -129467, 615571, 417463, -527299, -22446, 557598, 310287, 530184, 796352, 1584319, 397968, 437140, 1163582, 'Left']
[3010475, 2620015, 435255, -129556, 616970, 418417, -527084, -21113, 559077, 312226, 515269, 785991, 1577189, 398843, 432381, 1163205, 'Left']
[3039835, 2621160, 438207, -129228, 615960, 418036, -528934, -23226, 557891, 310729, 526218, 793738, 1583205, 398204, 436788, 1162861, 'Left']
[3009690, 2620285, 434452, -129122, 617191, 419626, -526028, -21592, 559206, 312772, 518727, 787761, 1578394, 399237, 433198, 1163229, 'Left']
[3040093, 2621187, 437922, -130072, 615482, 417652, -529222, -23438, 557931, 311074, 522024, 791621, 1581892, 398434, 435667, 1162132, 'Left']
[3009421, 2619707, 433478, -129987, 617035, 419121, -526347, -21990, 558263, 312037, 522077, 789758, 1579445, 398749, 433003, 1162872, 'Left']
[3038866, 2622098, 437825, -129643, 615830, 418305, -529452, -22245, 558307, 311666, 517611, 789053, 1580740, 398884, 434164, 1161380, 'Left']
[3011624, 2619249, 433864, -129800, 616194, 419711, -526675, -20629, 558172, 312093, 525964, 791745, 1580910, 399311, 433585, 1163287, 'Left']
[3038106, 2622850, 438514, -129391, 615912, 418406, -527208, -22231, 558370, 311735, 515802, 787082, 1579688, 398476, 433506, 1162437, 'Left']
[3012929, 2620673, 434195, -128828, 617780, 419889, -524814, -21057, 558695, 312699, 530547, 794365, 1582417, 399070, 434990, 1163824, 'Left']
[3033986, 2624404, 438398, -128691, 616953, 418905, -527123, -22102, 559097, 312812, 512044, 785201, 1578359, 398711, 432698, 1161222, 'Left']
[3014487, 2621841, 434457, -128375, 617655, 420620, -525374, -21933, 558622, 312988, 532367, 796120, 1583452, 399274, 435520, 1162741, 'Left']
[3030514, 2625096, 438159, -128846, 617669, 418760, -528693, -23085, 559455, 313486, 509340, 783960, 1577445, 399011, 432125, 1160807, 'Left']
[3019051, 2621482, 434497, -129136, 617938, 419287, -527424, -23589, 557879, 311932, 534808, 797519, 1584511, 398296, 436403, 1162848, 'Left']
[3027287, 2624689, 437363, -129293, 618296, 418281, -528884, -22807, 559137, 313155, 507938, 781952, 1576389, 398437, 431387, 1160910, 'Left']
[3022817, 2622280, 434775, -128942, 617998, 419437, -527414, -21809, 557876, 312043, 535577, 797547, 1585015, 398412, 436685, 1162538, 'Left']
[3023204, 2624644, 436581, -129615, 617663, 418171, -530111, -21448, 559609, 313754, 506936, 781326, 1575940, 398859, 431038, 1160878, 'Left']
[3026896, 2621830, 435139, -129473, 617748, 419019, -528209, -21981, 557747, 311546, 535749, 798060, 1585354, 397753, 436888, 1162211, 'Left']
[3019491, 2624315, 436157, -129425, 617186, 418758, -528453, -22527, 559518, 313557, 507628, 781455, 1575748, 398640, 430851, 1161196, 'Left']
[3030812, 2622123, 435985, -128970, 617234, 419518, -526985, -21992, 558015, 311840, 535156, 797871, 1585643, 398648, 436901, 1162218, 'Left']
[3015614, 2623734, 435670, -129370, 617529, 418678, -528168, -22874, 559723, 313842, 508914, 781767, 1575802, 399205, 430819, 1161320, 'Left']
[3034766, 2622479, 436992, -128992, 617040, 418716, -527793, -23175, 557862, 311578, 533717, 797178, 1585461, 398300, 436894, 1162205, 'Left']
[3012614, 2623599, 435422, -128996, 618214, 418896, -528269, -22515, 559735, 314076, 511952, 783474, 1576569, 399064, 431316, 1162426, 'Left']
[3036348, 2622843, 437664, -128812, 617454, 418856, -528831, -21989, 558352, 312020, 530913, 795938, 1584723, 398449, 436560, 1162027, 'Left']
[3009627, 2622774, 435215, -128763, 617904, 419415, -528267, -21412, 559753, 313934, 513854, 784827, 1577108, 399347, 431586, 1161925, 'Left']
[3038253, 2623217, 438640, -128215, 616523, 419367, -528391, -21652, 558409, 312410, 527870, 794607, 1584111, 399081, 436252, 1161980, 'Left']
[3008323, 2622300, 434775, -128682, 618335, 419991, -525651, -21997, 559350, 314016, 517947, 786792, 1578266, 399636, 432640, 1162802, 'Left']
[3038570, 2622897, 438467, -129100, 617628, 418916, -529069, -22617, 558240, 312193, 523912, 791808, 1583006, 398898, 435848, 1161609, 'Left']
[3008070, 2621007, 434259, -129573, 618927, 420038, -527782, -22044, 558737, 313068, 520682, 787697, 1579189, 398951, 432427, 1162261, 'Left']
[3038782, 2622771, 438401, -129978, 617250, 418253, -528720, -24556, 557914, 311748, 520036, 789011, 1581499, 398557, 434279, 1161151, 'Left']
[3009556, 2620742, 434134, -129604, 618267, 419850, -526593, -22442, 558306, 312887, 524931, 790185, 1580580, 399007, 433217, 1162585, 'Left']
[3038115, 2623489, 439028, -129409, 617387, 418440, -530260, -21864, 558456, 312604, 516638, 787355, 1580549, 398820, 433581, 1161085, 'Left']
[3011799, 2620953, 434604, -129440, 617979, 419746, -527076, -23008, 558434, 313121, 528850, 792998, 1582264, 399099, 434042, 1162773, 'Left']
[3035789, 2623656, 438738, -129463, 616708, 418254, -529961, -22472, 558753, 312909, 513690, 785820, 1579480, 398866, 432876, 1161108, 'Left']
[3014311, 2620879, 434888, -128855, 617376, 420298, -525809, -21295, 558333, 313011, 531779, 795029, 1583430, 399082, 434919, 1162664, 'Left']
[3033049, 2623776, 438933, -129375, 616589, 418667, -528085, -23124, 559231, 313565, 511483, 784977, 1578463, 399382, 432663, 1161412, 'Left']
[3017148, 2620164, 434690, -129733, 618133, 419537, -527117, -24131, 558122, 312506, 534273, 796897, 1584478, 398914, 435820, 1162378, 'Left']
[3028288, 2623345, 437922, -129891, 616852, 418355, -530643, -22615, 559349, 313478, 508463, 782731, 1577090, 399012, 430985, 1159905, 'Left']
[3020924, 2619719, 435386, -129905, 617229, 419330, -527072, -22699, 557848, 312124, 535998, 798135, 1585304, 398638, 435977, 1162016, 'Left']
[3024004, 2622281, 437633, -130277, 618182, 418247, -528553, -22609, 559259, 313169, 508507, 782190, 1576740, 398713, 431002, 1160571, 'Left']
[3023616, 2619073, 435824, -130251, 617071, 419350, -528007, -21637, 557620, 311340, 536604, 797899, 1585798, 398356, 436801, 1161960, 'Left']
[3018818, 2622169, 437031, -130071, 617449, 419105, -528001, -22276, 558992, 313040, 508240, 781403, 1576170, 399056, 431002, 1160963, 'Left']
[3027158, 2619688, 436109, -130056, 616493, 419071, -527558, -23501, 557102, 311247, 536195, 798073, 1585873, 398606, 437188, 1161970, 'Left']
[3015491, 2622063, 436678, -129823, 617419, 419165, -529410, -20982, 559173, 314007, 508750, 781733, 1575925, 399688, 430755, 1160973, 'Left']
[3031766, 2620235, 437238, -129757, 617038, 418961, -525186, -22867, 557031, 311455, 534874, 797747, 1585854, 398456, 437057, 1162134, 'Left']
[3012674, 2621474, 436112, -129950, 617671, 418256, -527820, -22983, 559111, 313847, 510510, 782975, 1576496, 399236, 431086, 1161483, 'Left']
[3034510, 2620808, 437738, -129674, 617405, 418281, -528865, -24596, 557079, 311285, 532351, 796772, 1585357, 398071, 436530, 1161828, 'Left']
[3010008, 2621711, 435910, -129273, 618084, 419509, -527631, -22229, 559578, 314120, 512552, 783888, 1577184, 399534, 430963, 1161165, 'Left']
[3036485, 2621643, 438343, -129270, 616728, 419208, -528511, -21749, 558054, 312085, 529336, 794866, 1584765, 399086, 436524, 1161451, 'Left']
[3008391, 2621394, 435289, -129357, 617101, 419537, -528389, -21803, 559377, 314058, 516228, 785410, 1577858, 399789, 431775, 1161799, 'Left']
[3038226, 2621867, 438844, -129614, 616737, 418178, -528003, -24044, 558066, 311919, 527080, 793147, 1583906, 398819, 435990, 1162043, 'Left']
[3008028, 2620537, 435242, -129798, 617807, 419075, -527228, -23454, 559236, 313385, 520776, 787472, 1579147, 398964, 432489, 1162368, 'Left']
[3038794, 2622377, 439907, -129180, 616789, 418937, -529101, -21859, 558581, 312347, 523750, 790853, 1582783, 398723, 435322, 1161947, 'Left']
[3008207, 2620230, 435260, -129468, 617658, 419655, -527627, -22776, 559254, 313653, 524879, 789789, 1580659, 399503, 433550, 1162969, 'Left']
[3037869, 2622241, 439779, -129474, 616662, 418201, -528738, -23337, 558557, 312201, 519511, 788656, 1581359, 398826, 434424, 1161525, 'Left']
[3009144, 2620267, 434997, -129069, 618646, 419917, -527198, -22745, 559417, 313606, 527806, 792206, 1582004, 399755, 434302, 1162755, 'Left']
[3035541, 2622952, 439439, -129336, 616821, 418243, -529405, -23599, 559202, 313038, 515282, 786848, 1580493, 399281, 433465, 1161010, 'Left']
[3011617, 2620562, 435082, -128692, 617206, 420316, -526886, -21244, 558913, 313486, 530498, 794222, 1583099, 399493, 434831, 1162599, 'Left']
[3033293, 2623176, 439327, -129326, 616063, 418231, -531040, -23642, 559331, 313661, 512439, 785080, 1579063, 399613, 433065, 1161142, 'Left']
[3015173, 2619599, 435390, -129182, 617851, 419337, -527083, -22369, 558344, 312976, 533685, 795885, 1584500, 399240, 435905, 1162630, 'Left']
[3029990, 2623147, 439252, -128834, 617350, 418610, -528144, -22941, 559202, 313628, 510816, 783513, 1578263, 399446, 432824, 1161343, 'Left']
[3018801, 2619537, 435946, -128956, 617598, 419701, -527177, -22975, 558550, 313236, 535644, 797283, 1585371, 399847, 436992, 1162430, 'Left']
[3026650, 2622319, 438711, -129461, 617737, 418061, -529490, -24355, 558969, 313752, 509407, 782304, 1577509, 399474, 432281, 1161323, 'Left']
[3024018, 2619586, 436628, -128817, 617517, 419990, -526193, -21024, 557666, 312669, 537528, 798422, 1586087, 399483, 437579, 1163113, 'Left']
[3023203, 2621983, 438297, -129434, 617251, 419124, -529351, -23204, 559323, 314444, 509578, 782756, 1576863, 400235, 431917, 1162126, 'Left']
[3027307, 2618984, 436972, -129527, 616981, 419506, -527807, -23246, 557566, 312497, 537235, 798757, 1586181, 399380, 437030, 1162760, 'Left']
[3018748, 2620656, 437823, -129855, 617258, 419069, -527507, -21973, 558862, 314026, 508791, 781806, 1576281, 400013, 430798, 1161421, 'Left']
[3031546, 2618146, 437662, -130029, 616446, 418971, -527220, -22573, 556651, 311437, 536009, 797870, 1586177, 399274, 437598, 1162892, 'Left']
[3015221, 2619767, 436929, -130259, 617371, 419044, -528660, -21909, 558514, 313416, 510344, 782032, 1576445, 399843, 431456, 1162456, 'Left']
[3034416, 2619046, 438007, -129955, 616376, 419007, -527774, -23632, 557355, 311504, 533587, 796849, 1585625, 399452, 437207, 1162850, 'Left']
[3012535, 2619729, 436242, -130140, 617077, 418785, -527513, -21861, 559163, 313550, 511907, 783356, 1576585, 399948, 431512, 1162327, 'Left']
[3037591, 2619780, 438263, -129623, 616063, 418240, -529325, -24243, 557626, 311658, 531321, 796267, 1585023, 399136, 437207, 1162791, 'Left']
[3009722, 2620182, 435568, -129313, 618420, 419414, -526877, -22665, 559622, 314448, 515254, 785779, 1577760, 400545, 432225, 1162498, 'Left']
[3038117, 2620225, 438831, -129452, 616475, 418324, -529945, -21983, 558253, 312448, 527472, 794863, 1584453, 399738, 436764, 1161453, 'Left']
[3008780, 2619278, 435382, -129838, 616835, 418920, -527562, -23396, 558274, 313466, 519041, 788061, 1579051, 399404, 432709, 1162359, 'Left']
[3039579, 2620635, 439327, -129526, 615067, 418493, -529166, -22693, 557440, 312502, 524933, 792955, 1583592, 399075, 436038, 1161616, 'Left']
[3009042, 2619314, 435416, -129213, 617231, 420007, -527330, -21414, 558212, 314067, 522924, 789935, 1580448, 399605, 433495, 1162545, 'Left']
[3039565, 2620751, 439791, -129658, 615597, 418141, -529288, -23668, 557609, 312886, 520849, 790752, 1582494, 399235, 435150, 1161252, 'Left']
[3010534, 2618477, 435655, -129412, 617457, 419970, -528009, -22449, 558340, 314169, 525820, 791835, 1581739, 399869, 434086, 1162005, 'Left']
[3039339, 2620464, 440114, -129765, 615115, 418785, -528609, -23522, 557533, 312811, 517428, 788213, 1581062, 399467, 434264, 1161132, 'Left']
[3013593, 2616901, 435252, -130189, 617285, 419671, -526701, -23192, 557424, 313000, 529808, 793267, 1582523, 399574, 434915, 1162439, 'Left']
[3038200, 2619528, 439875, -130281, 616241, 418089, -527653, -22657, 557104, 312023, 514473, 785778, 1579720, 398731, 433806, 1161508, 'Left']
[3017481, 2616217, 435783, -130286, 617291, 419285, -527065, -21975, 556918, 311947, 533482, 795462, 1584175, 398982, 436522, 1163492, 'Left']
[3034937, 2619556, 439626, -130405, 617260, 418115, -528590, -23610, 557905, 312233, 511675, 783578, 1578414, 398973, 433327, 1161727, 'Left']
[3020497, 2616343, 435828, -130273, 617310, 419537, -527879, -22901, 557471, 311635, 535005, 796354, 1584812, 399051, 436910, 1163132, 'Left']
[3031405, 2619959, 438688, -130413, 616626, 418009, -528581, -24495, 558764, 312430, 509749, 782456, 1577330, 399045, 432407, 1161775, 'Left']
[3024913, 2617148, 435949, -129767, 616886, 418947, -527410, -22623, 558397, 311902, 536430, 797755, 1585560, 399096, 437269, 1163127, 'Left']
[3027978, 2620073, 437952, -130042, 616481, 417308, -531537, -23543, 559975, 313283, 508425, 782103, 1577063, 399468, 431716, 1161751, 'Left']
[3029724, 2617202, 435499, -129780, 616650, 417939, -527218, -23390, 558026, 311316, 537373, 798745, 1586293, 398607, 437126, 1163542, 'Left']
[3023660, 2620169, 436143, -129356, 617019, 417516, -529376, -24455, 560346, 313557, 508841, 782142, 1576685, 399334, 431472, 1161999, 'Left']
[3033175, 2618302, 435399, -128526, 616049, 418500, -527140, -23148, 558613, 312001, 536443, 798791, 1586310, 398988, 437393, 1162753, 'Left']
[3019537, 2619899, 435352, -128834, 617363, 418200, -527590, -23137, 560071, 314390, 509289, 782668, 1576563, 399902, 431648, 1161653, 'Left']
[3036491, 2617878, 436417, -128769, 617187, 418143, -528519, -22109, 557642, 311904, 534538, 797914, 1586437, 398970, 438208, 1162144, 'Left']
[3016342, 2619090, 435098, -129128, 617223, 418450, -528163, -22918, 558688, 313748, 511525, 783112, 1577346, 399305, 432347, 1162074, 'Left']
[3039533, 2618256, 437046, -129015, 616125, 418609, -528488, -22178, 556816, 311833, 532369, 796381, 1585913, 398655, 437840, 1161985, 'Left']
[3013962, 2618407, 434761, -129438, 617970, 418848, -528530, -22246, 558390, 313904, 514273, 784306, 1577797, 399203, 432720, 1162232, 'Left']
[3041423, 2618292, 437694, -129157, 616888, 418337, -527587, -22158, 556809, 311817, 529299, 794489, 1585218, 398406, 437439, 1161596, 'Left']
[3012335, 2617851, 434281, -129390, 617382, 418569, -528232, -23433, 557860, 313637, 517157, 785754, 1578861, 399002, 433347, 1161932, 'Left']
[3041809, 2618967, 437790, -129325, 616626, 418075, -529171, -22758, 556702, 311761, 525563, 792280, 1583814, 398187, 436258, 1160485, 'Left']
[3011639, 2617799, 434393, -128942, 616881, 419275, -525995, -21237, 558014, 313571, 520550, 787637, 1579852, 399380, 433528, 1161357, 'Left']
[3042209, 2619851, 438597, -128680, 615482, 418754, -528879, -22353, 557297, 312467, 522612, 790763, 1582890, 399218, 435950, 1160938, 'Left']
[3012196, 2617801, 434538, -128600, 617774, 419921, -527602, -21642, 557994, 313755, 525189, 790961, 1581014, 399892, 434408, 1162281, 'Left']
[3041142, 2620280, 439236, -128522, 616603, 418628, -528818, -23076, 557826, 312992, 519134, 789315, 1581737, 399292, 435293, 1161055, 'Left']
[3013520, 2617344, 434809, -128899, 617632, 419587, -527588, -22864, 558445, 313896, 528399, 793188, 1582379, 399828, 435261, 1162282, 'Left']
[3038972, 2620295, 439245, -129185, 617000, 418168, -528793, -22696, 558454, 312835, 515978, 787378, 1580435, 399046, 434675, 1161342, 'Left']
[3015578, 2617142, 434951, -129258, 618340, 419889, -526581, -21420, 558602, 313222, 531958, 795245, 1583832, 399558, 436503, 1162640, 'Left']
[3035650, 2620764, 438879, -129474, 617868, 418000, -526503, -22195, 558877, 313098, 513014, 785439, 1579158, 399178, 434080, 1161108, 'Left']
[3018426, 2617648, 434900, -129580, 618757, 419413, -526292, -22776, 558460, 312819, 534695, 797291, 1584781, 399212, 437215, 1162377, 'Left']
[3031957, 2621196, 438160, -129609, 618036, 418710, -528111, -21809, 558827, 313006, 511312, 784574, 1578063, 399038, 433129, 1161107, 'Left']
[3022072, 2617906, 435046, -129429, 618226, 419978, -527016, -22020, 557804, 312320, 536503, 798764, 1585525, 399088, 437131, 1162274, 'Left']
[3028168, 2621197, 437624, -129784, 618191, 418754, -528819, -23733, 558717, 312937, 509732, 783138, 1577174, 399027, 432385, 1161320, 'Left']
[3026489, 2618317, 435611, -129448, 618401, 419735, -528084, -22086, 557435, 311812, 537713, 799091, 1586208, 398585, 437588, 1162849, 'Left']
[3024152, 2621501, 436981, -129263, 618756, 418981, -527551, -21926, 558863, 313429, 509341, 782776, 1576761, 398951, 431827, 1161922, 'Left']
[3030270, 2619351, 436368, -128597, 618555, 420300, -526370, -21552, 557730, 312240, 537460, 799303, 1586545, 399005, 438356, 1163042, 'Left']
[3019949, 2621769, 436790, -128771, 618974, 419567, -526933, -22247, 559538, 314331, 509671, 782801, 1576852, 399811, 432205, 1162075, 'Left']
[3033750, 2619721, 436806, -128870, 617959, 419691, -528331, -21877, 557549, 312224, 536080, 798789, 1586645, 399100, 438267, 1162651, 'Left']
[3016657, 2621653, 436237, -128851, 619202, 419579, -527075, -21809, 559143, 314376, 511293, 783663, 1576929, 399545, 431973, 1161931, 'Left']
[3036828, 2620632, 437329, -128896, 617571, 419709, -528538, -22493, 557630, 312613, 534073, 798393, 1586125, 399061, 437938, 1161851, 'Left']
[3013493, 2620906, 435313, -129366, 618781, 419435, -527514, -22982, 558946, 314566, 513230, 785113, 1577618, 399630, 432145, 1161469, 'Left']
[3039087, 2620107, 437864, -129494, 618291, 418358, -529300, -24242, 557137, 311947, 531301, 796814, 1585690, 398294, 437714, 1161293, 'Left']
[3011150, 2620019, 434967, -129214, 618397, 419855, -528307, -21052, 558422, 313981, 516368, 786354, 1578214, 398773, 432879, 1161461, 'Left']
[3040150, 2620386, 438369, -128874, 617100, 419080, -528706, -21911, 557065, 312257, 528361, 794920, 1584281, 398401, 437430, 1161390, 'Left']
[3009942, 2619188, 435270, -128939, 618404, 419649, -527175, -21908, 558137, 313728, 520498, 788588, 1579405, 398988, 434098, 1162284, 'Left']
[3039752, 2620498, 439410, -128909, 617187, 418533, -528168, -23903, 557157, 312139, 525325, 792975, 1583733, 398104, 437298, 1161861, 'Left']
[3008372, 2618852, 434901, -128617, 618447, 420834, -527746, -22110, 558008, 313664, 523833, 790266, 1580549, 398709, 434747, 1162200, 'Left']
[3038436, 2620445, 439328, -128881, 617380, 419148, -529519, -21441, 557362, 312478, 520731, 790606, 1582102, 398515, 436274, 1161400, 'Left']
[3009608, 2618209, 434873, -128844, 618453, 420288, -525564, -21271, 557567, 313221, 527446, 792620, 1581843, 398486, 435478, 1163231, 'Left']
[3036811, 2620972, 439304, -129349, 617342, 418636, -528058, -22881, 557833, 312647, 517430, 788482, 1581074, 398187, 435676, 1162162, 'Left']
[3011149, 2618534, 434787, -129075, 618813, 420842, -527152, -21279, 558225, 313345, 530479, 794550, 1583200, 398672, 436039, 1163240, 'Left']
[3034060, 2621255, 438919, -129736, 617221, 418463, -529259, -22509, 558459, 313196, 513600, 786161, 1579819, 398520, 434098, 1161426, 'Left']
[3014514, 2618229, 435051, -129236, 617790, 420105, -527764, -22790, 557737, 312886, 533443, 796169, 1584371, 398426, 436443, 1163023, 'Left']
[3029964, 2621257, 439053, -129117, 618113, 419060, -529657, -24020, 558991, 313689, 511150, 784284, 1578769, 398762, 433123, 1161027, 'Left']
[3016635, 2617025, 435916, -129267, 617777, 419824, -527939, -22268, 557492, 312337, 534900, 797362, 1585469, 398608, 436837, 1162082, 'Left']
[3025412, 2619644, 438997, -129282, 618271, 418920, -528164, -22058, 558158, 312765, 508896, 782896, 1577915, 398608, 432564, 1160589, 'Left']
[3020192, 2615497, 436785, -129381, 617369, 420043, -525791, -21745, 556561, 311247, 535835, 798096, 1586329, 398699, 437946, 1162212, 'Left']
[3020807, 2617062, 438588, -130094, 617792, 418549, -528079, -23466, 557318, 311772, 508080, 781646, 1577252, 398629, 432895, 1161211, 'Left']
[3023227, 2613620, 436887, -130274, 617109, 419410, -528451, -22494, 555151, 309436, 535930, 797351, 1586456, 397717, 438366, 1162169, 'Left']
[3015837, 2615744, 437251, -130423, 617611, 419306, -528209, -21494, 556294, 311089, 507920, 780982, 1576486, 398122, 432001, 1161265, 'Left']
[3025521, 2613114, 436502, -130492, 617335, 419795, -528623, -22513, 554484, 309281, 534343, 796891, 1585997, 397658, 437643, 1161415, 'Left']
[3010902, 2615175, 435945, -130475, 617357, 419940, -528458, -22172, 556069, 311418, 507813, 780955, 1576386, 398515, 431179, 1160464, 'Left']
[3028679, 2613415, 436394, -130500, 616599, 419978, -527437, -22577, 554155, 309351, 532297, 796419, 1585700, 398118, 437098, 1160954, 'Left']
[3007965, 2614118, 435005, -131214, 617549, 419122, -527738, -22818, 555529, 310875, 509151, 781865, 1576133, 397726, 430970, 1160171, 'Left']
[3031759, 2613932, 437256, -130619, 616047, 419028, -529030, -22731, 554404, 309256, 529425, 794942, 1584761, 397389, 436545, 1160211, 'Left']
[3005826, 2614474, 435073, -130223, 617143, 419458, -527624, -23132, 556122, 311721, 512211, 783864, 1577196, 398264, 431829, 1160308, 'Left']
[3034016, 2614788, 438336, -130167, 616099, 418273, -529154, -22160, 554357, 309381, 527191, 794057, 1584275, 397120, 436870, 1160445, 'Left']
[3005643, 2614633, 435474, -129786, 616890, 419770, -527226, -21569, 556066, 311612, 516138, 785806, 1578096, 398098, 433022, 1160952, 'Left']
[3036059, 2615944, 439293, -129617, 616269, 418717, -529840, -23285, 555122, 310117, 524661, 792247, 1583385, 397562, 436966, 1161065, 'Left']
[3005857, 2615159, 435792, -129325, 618844, 419891, -526834, -22420, 556438, 311914, 520444, 787951, 1579837, 398159, 434397, 1161865, 'Left']
[3035899, 2617042, 440111, -129487, 617585, 418688, -529050, -23160, 555972, 310743, 520505, 789830, 1582574, 397849, 436643, 1160712, 'Left']
[3006561, 2615380, 435905, -129721, 618694, 420113, -526500, -21716, 556737, 311835, 524151, 790242, 1581347, 398084, 435542, 1161946, 'Left']
[3035088, 2618446, 439977, -130132, 616800, 418875, -528725, -23625, 556926, 311404, 517459, 788091, 1581345, 397689, 435708, 1160669, 'Left']
[3008286, 2616006, 435061, -130308, 618627, 420270, -525957, -21946, 557228, 312230, 528141, 793038, 1582526, 398050, 435667, 1161964, 'Left']
[3032626, 2619462, 439124, -130301, 617777, 419120, -528477, -23004, 557940, 312321, 513584, 786099, 1579905, 398156, 433869, 1159754, 'Left']
[3010985, 2616172, 434887, -130459, 617953, 419994, -527169, -23816, 557654, 312271, 530526, 794408, 1583541, 398242, 435225, 1160707, 'Left']
[3030764, 2619521, 439124, -130182, 616439, 419025, -530326, -22850, 558073, 312434, 511040, 783967, 1578782, 397972, 432356, 1159160, 'Left']
[3015136, 2616713, 435644, -129328, 616489, 421119, -527652, -21511, 557217, 312352, 534421, 796725, 1584936, 398502, 435992, 1161535, 'Left']
[3026941, 2620192, 439083, -128991, 616821, 419627, -529196, -23377, 558611, 313842, 509920, 783566, 1577976, 399061, 432105, 1159947, 'Left']
[3018723, 2616788, 436871, -128651, 617445, 420513, -527043, -22933, 557071, 312622, 536662, 798876, 1586152, 398598, 437411, 1161952, 'Left']
[3023400, 2620288, 439477, -128392, 617500, 419623, -528834, -23475, 558447, 314122, 509856, 783905, 1578157, 398852, 432501, 1160883, 'Left']
[3022181, 2617336, 437509, -128146, 617691, 420818, -526573, -22018, 557255, 312971, 537749, 799812, 1587226, 398970, 438500, 1162196, 'Left']
[3019445, 2619699, 439406, -128632, 617198, 420105, -527577, -22211, 558474, 314421, 509230, 782869, 1577731, 399216, 432692, 1160841, 'Left']
[3027150, 2616799, 438242, -129266, 616829, 420471, -527593, -23176, 556384, 312153, 537806, 799340, 1587438, 398288, 438466, 1162305, 'Left']
[3016568, 2619218, 438454, -129530, 617985, 420426, -527435, -21685, 557803, 313937, 510844, 783118, 1577811, 398658, 432448, 1161862, 'Left']
[3030523, 2617923, 438312, -129405, 617017, 421234, -527571, -22105, 556901, 312947, 535818, 798685, 1587270, 398585, 438077, 1161668, 'Left']
[3012277, 2619009, 436912, -130284, 617523, 420197, -530244, -22744, 558159, 314327, 511297, 783694, 1577664, 398559, 431623, 1160757, 'Left']
[3033314, 2617884, 438276, -130285, 616562, 419662, -529644, -23762, 556664, 312253, 532995, 797251, 1586394, 397672, 436620, 1160113, 'Left']
[3009576, 2618718, 436750, -129811, 617350, 420445, -526495, -23246, 558425, 314437, 513174, 784414, 1577852, 398503, 431480, 1159827, 'Left']
[3036156, 2618665, 439523, -129267, 616024, 419909, -527596, -22427, 556880, 312297, 531253, 796505, 1585951, 398069, 437285, 1160486, 'Left']
[3007804, 2618578, 436970, -128991, 617229, 420512, -527455, -22645, 559287, 315078, 516416, 786760, 1579043, 399519, 432190, 1160308, 'Left']
[3037152, 2618799, 440503, -128977, 616142, 419302, -529523, -24063, 557503, 312633, 527395, 795009, 1585177, 398479, 436159, 1160174, 'Left']
[3007253, 2617705, 436900, -128749, 617554, 420372, -526546, -22300, 558476, 314336, 520676, 789208, 1580345, 399076, 432776, 1161116, 'Left']
[3037639, 2619577, 441523, -128105, 616632, 420321, -528339, -22433, 558117, 313416, 524316, 793073, 1584154, 399057, 435880, 1160681, 'Left']
[3007410, 2617383, 437458, -128178, 618163, 420880, -527886, -21436, 558810, 314395, 525041, 791574, 1582190, 399633, 434225, 1162191, 'Left']
[3036618, 2619542, 441295, -128503, 616825, 419032, -530094, -24386, 558245, 313367, 520546, 790794, 1583085, 398981, 435212, 1160551, 'Left']
[3008054, 2617335, 436307, -128368, 617807, 421203, -527832, -21567, 558490, 314237, 527741, 793379, 1582920, 399131, 434280, 1161309, 'Left']
[3035572, 2619366, 440242, -129454, 615455, 419476, -530156, -24523, 558021, 313519, 517105, 788966, 1581783, 399026, 434084, 1160565, 'Left']
[3011044, 2616359, 435407, -129669, 617229, 420935, -526250, -23092, 557487, 313243, 531991, 795667, 1584215, 398643, 434926, 1162152, 'Left']
[3032389, 2619037, 439448, -130215, 616361, 418585, -528745, -23207, 557733, 312990, 514200, 786215, 1580286, 398112, 433341, 1160736, 'Left']
[3013449, 2615977, 435559, -129792, 616678, 419886, -526863, -23091, 556927, 312435, 534126, 796267, 1585256, 397796, 435756, 1161735, 'Left']
[3028597, 2619433, 439470, -129451, 616132, 419068, -529141, -24130, 558363, 313708, 510908, 784169, 1579098, 398422, 432331, 1159829, 'Left']
[3017255, 2616044, 436714, -128984, 616786, 420397, -528069, -20804, 557090, 312604, 535818, 798035, 1586277, 398330, 436480, 1161451, 'Left']
[3026142, 2619308, 440075, -128916, 616401, 419635, -529324, -22211, 558356, 313765, 509912, 783501, 1578856, 398635, 432329, 1160384, 'Left']
[3022474, 2616508, 438089, -128298, 616063, 421144, -528207, -22826, 556745, 312461, 538330, 799525, 1587686, 398536, 437860, 1162391, 'Left']
[3022146, 2619698, 440142, -128368, 616664, 420325, -528647, -22596, 558635, 314471, 510295, 783554, 1578523, 399279, 432454, 1161049, 'Left']
[3025598, 2616367, 438529, -128784, 616994, 419892, -527981, -24882, 556998, 312531, 537889, 799493, 1587850, 398503, 438151, 1161428, 'Left']
[3018184, 2619142, 439679, -128504, 617734, 420555, -529259, -22171, 558824, 314423, 509659, 783043, 1578376, 398942, 432070, 1160039, 'Left']
[3030006, 2617028, 439248, -128502, 616402, 420751, -526800, -23171, 557118, 312408, 537010, 799996, 1588141, 398562, 438622, 1161418, 'Left']
[3015559, 2618770, 438694, -128813, 617341, 420126, -527839, -22755, 558797, 314473, 511101, 784486, 1578384, 399102, 432184, 1160703, 'Left']
[3034232, 2617402, 438971, -129109, 615798, 420179, -528546, -22982, 557110, 312296, 535618, 799346, 1587686, 398274, 437679, 1161245, 'Left']
[3012603, 2618050, 436842, -129457, 617024, 420518, -527085, -21170, 558972, 314395, 513129, 784848, 1578289, 399019, 431271, 1160526, 'Left']
[3036670, 2617366, 438121, -129503, 615865, 419917, -528335, -23166, 557119, 311852, 532900, 797705, 1586535, 398057, 436735, 1161144, 'Left']
[3010674, 2617198, 435124, -129760, 616780, 420213, -528834, -23868, 558977, 314184, 515474, 785953, 1578949, 398918, 431089, 1160260, 'Left']
[3039304, 2617494, 437910, -129678, 615649, 419188, -529408, -24326, 557144, 311751, 529290, 795093, 1585605, 397802, 435826, 1160094, 'Left']
[3009205, 2616786, 434344, -129763, 617137, 419825, -528232, -23775, 558619, 313881, 518829, 787262, 1580068, 398770, 431843, 1160421, 'Left']
[3039750, 2617146, 438094, -130286, 615378, 418173, -531829, -25068, 556950, 311491, 525140, 792475, 1584889, 397506, 434998, 1159581, 'Left']
[3008598, 2615778, 434335, -129907, 617471, 419608, -527551, -23720, 557718, 312966, 522260, 788538, 1581287, 397938, 432275, 1160327, 'Left']
[3039093, 2617427, 439547, -129714, 615547, 418532, -528942, -24627, 557072, 311790, 520901, 789441, 1583724, 397622, 434825, 1159131, 'Left']
