[2177995, 2361447, 327035, 49735, 2280146, 2504559, 729846, 994798, 1573939, 480888, 1601949, 1604072, 1678214, 2094974, 947803, 1365778, 'Left']
[2176853, 2359441, 325194, 47806, 2285123, 2506130, 728310, 993392, 1573971, 479354, 1623452, 1645711, 1693627, 2112710, 961384, 1383310, 'Left']
[2176461, 2360528, 326380, 49094, 2278213, 2503143, 729253, 994180, 1573677, 480273, 1602209, 1606698, 1679046, 2094897, 948181, 1366980, 'Left']
[2177039, 2359393, 325248, 48071, 2286866, 2507340, 728332, 992689, 1573326, 478746, 1622427, 1641889, 1692703, 2112271, 960667, 1381919, 'Left']
[2174774, 2359927, 325475, 48758, 2276397, 2501915, 729368, 994094, 1572731, 480194, 1602135, 1610874, 1679881, 2095413, 948894, 1369130, 'Left']
[2177917, 2359810, 325122, 49019, 2288237, 2509413, 728797, 994107, 1573305, 479038, 1620798, 1636356, 1690890, 2111215, 959450, 1379953, 'Left']
[2174115, 2359651, 324680, 48677, 2275311, 2501243, 729766, 994120, 1572706, 480115, 1604157, 1616533, 1681091, 2096970, 950661, 1372193, 'Left']
[2178582, 2359986, 325200, 49191, 2289734, 2510632, 728851, 994361, 1573397, 479086, 1619005, 1630257, 1688758, 2110070, 958257, 1377644, 'Left']
[2173586, 2359433, 324633, 48134, 2274865, 2500559, 729930, 993834, 1572519, 479936, 1605545, 1621921, 1682912, 2098437, 951899, 1374264, 'Left']
[2179744, 2360664, 326474, 49533, 2289983, 2511040, 728618, 994965, 1573600, 479299, 1616989, 1624221, 1687104, 2107754, 956226, 1374729, 'Left']
[2173219, 2359187, 324931, 47602, 2274404, 2500114, 729291, 993733, 1572847, 480035, 1608765, 1628407, 1685036, 2100764, 953505, 1376781, 'Left']
[2180640, 2361570, 327358, 50231, 2290053, 2511433, 728801, 994843, 1574116, 479737, 1614840, 1618740, 1685277, 2106045, 954518, 1372073, 'Left']
[2172858, 2358950, 324316, 47037, 2274489, 2499429, 728390, 992572, 1573129, 480252, 1611857, 1634791, 1687603, 2103271, 955301, 1378991, 'Left']
[2180181, 2361112, 327285, 49842, 2289382, 2510256, 728386, 993825, 1573586, 479523, 1611594, 1613084, 1683300, 2103018, 952613, 1369170, 'Left']
[2172695, 2358639, 324625, 47074, 2275268, 2499296, 728195, 992139, 1572662, 479481, 1614007, 1639945, 1689235, 2104893, 957173, 1381049, 'Left']
[2180038, 2361138, 327996, 50213, 2288702, 2510030, 728944, 994585, 1573728, 479952, 1609068, 1608205, 1681485, 2101084, 951454, 1367303, 'Left']
[2172620, 2358372, 324632, 47324, 2276678, 2500213, 728439, 993626, 1572746, 479473, 1616425, 1644453, 1691149, 2107421, 959309, 1383357, 'Left']
[2179317, 2360722, 327022, 50175, 2287414, 2509101, 728922, 995093, 1573357, 479995, 1605847, 1604606, 1679878, 2099047, 950157, 1366502, 'Left']
[2172952, 2358182, 323782, 47165, 2278468, 2501457, 727821, 993111, 1572284, 478904, 1618019, 1647190, 1691953, 2109543, 960055, 1384820, 'Left']
[2179173, 2361068, 326641, 50171, 2285316, 2508284, 729083, 995358, 1573386, 480277, 1603474, 1601710, 1678280, 2097480, 948272, 1365284, 'Left']
[2174327, 2358711, 323859, 47489, 2280173, 2503062, 728237, 993183, 1572953, 479113, 1620100, 1648247, 1692941, 2111315, 960869, 1384987, 'Left']
[2178662, 2360994, 326468, 49912, 2283096, 2507193, 728949, 994613, 1573313, 480633, 1601918, 1601085, 1677767, 2096259, 947684, 1364485, 'Left']
[2175242, 2358954, 324208, 47497, 2281883, 2503959, 727583, 992581, 1572783, 479061, 1621357, 1648552, 1693178, 2112244, 961032, 1384509, 'Left']
[2178073, 2361278, 326858, 49831, 2281555, 2505188, 729381, 994431, 1573426, 480654, 1601304, 1602346, 1677688, 2095139, 947454, 1364834, 'Left']
[2176208, 2359556, 325274, 47764, 2284485, 2505255, 727828, 993610, 1573449, 479298, 1622346, 1647347, 1693400, 2112701, 961516, 1383918, 'Left']
[2176866, 2361014, 327008, 49305, 2279460, 2503515, 728472, 994809, 1573478, 480670, 1601180, 1605298, 1678438, 2094730, 947839, 1366157, 'Left']
[2176580, 2359125, 325470, 47696, 2286369, 2506186, 727618, 992759, 1573307, 478834, 1622056, 1644274, 1692988, 2111978, 960674, 1382582, 'Left']
[2175773, 2360167, 326636, 48884, 2277724, 2502178, 728417, 994197, 1573230, 480117, 1601182, 1607999, 1679069, 2094584, 947791, 1367383, 'Left']
[2177707, 2359480, 326402, 48502, 2288060, 2508146, 727908, 994134, 1573382, 478682, 1621055, 1639027, 1691964, 2111700, 959671, 1380668, 'Left']
[2175079, 2359819, 326282, 48708, 2276391, 2501348, 729243, 994436, 1573257, 480178, 1602598, 1613202, 1680795, 2096018, 949370, 1370192, 'Left']
[2178858, 2360011, 325927, 48835, 2289347, 2509693, 727720, 994359, 1573531, 478673, 1619199, 1633794, 1690291, 2110543, 958707, 1378663, 'Left']
[2174250, 2359596, 324884, 48041, 2275329, 2500770, 729066, 993773, 1572913, 480052, 1603505, 1618701, 1682025, 2097498, 950562, 1372302, 'Left']
[2179417, 2360366, 325727, 49087, 2290032, 2510631, 728303, 995036, 1573507, 479082, 1616958, 1627743, 1688541, 2108916, 957064, 1375801, 'Left']
[2173241, 2359169, 324082, 47667, 2274637, 2499824, 728587, 993862, 1572340, 479789, 1605562, 1625040, 1684189, 2099523, 952441, 1375039, 'Left']
[2179835, 2360666, 326383, 49588, 2290306, 2510839, 728095, 995602, 1573421, 479336, 1614245, 1621798, 1686442, 2107153, 955416, 1373335, 'Left']
[2173164, 2359143, 324829, 47640, 2274794, 2499123, 728390, 993604, 1572845, 479922, 1608192, 1631157, 1686200, 2101897, 954262, 1377630, 'Left']
[2180663, 2361290, 327764, 50225, 2290479, 2510448, 728337, 994984, 1573983, 479807, 1612147, 1616159, 1684437, 2104827, 953809, 1370632, 'Left']
[2173002, 2359065, 325197, 47424, 2275827, 2499076, 728358, 994017, 1572777, 479635, 1611390, 1637633, 1688439, 2103838, 956365, 1380128, 'Left']
[2180322, 2361366, 328059, 50088, 2289785, 2510159, 728620, 995503, 1574002, 479795, 1608785, 1611018, 1682347, 2101896, 952110, 1368625, 'Left']
[2172781, 2358712, 324832, 47041, 2276461, 2499396, 727642, 993386, 1573030, 479330, 1613047, 1641751, 1689995, 2105682, 957672, 1381794, 'Left']
[2179901, 2361255, 327474, 50189, 2288637, 2509530, 728186, 995096, 1573499, 479602, 1605436, 1606443, 1680990, 2099555, 950188, 1366476, 'Left']
[2173087, 2358859, 323921, 47414, 2277997, 2500703, 728429, 993454, 1573056, 478997, 1615469, 1645611, 1691850, 2108089, 959123, 1383461, 'Left']
[2179211, 2361136, 326369, 50253, 2286924, 2508810, 729085, 995648, 1573660, 479851, 1603306, 1603257, 1679645, 2097731, 949271, 1365310, 'Left']
[2172926, 2358164, 322735, 46958, 2279750, 2502051, 727958, 993203, 1572539, 478294, 1616966, 1647990, 1693178, 2109825, 960476, 1384534, 'Left']
[2178404, 2360995, 325830, 50137, 2284911, 2507945, 728610, 996070, 1573092, 479811, 1600390, 1601610, 1678708, 2096367, 947824, 1364792, 'Left']
[2173621, 2358437, 323025, 47195, 2281596, 2503552, 727737, 993903, 1573016, 478771, 1618580, 1648949, 1693827, 2111683, 960713, 1385179, 'Left']
[2177263, 2360346, 325531, 49528, 2283109, 2506461, 729681, 995716, 1573308, 479993, 1598925, 1601447, 1678127, 2095426, 947103, 1364780, 'Left']
[2174270, 2357937, 323306, 47105, 2283923, 2505140, 728157, 993701, 1573064, 478293, 1619131, 1647873, 1694067, 2112176, 961171, 1384782, 'Left']
[2176187, 2359829, 325519, 49300, 2280896, 2504654, 728906, 995076, 1573238, 479519, 1598359, 1603175, 1678413, 2094486, 947098, 1365686, 'Left']
[2175119, 2358179, 323590, 47809, 2285380, 2505964, 728058, 993897, 1573240, 478242, 1620042, 1645261, 1693644, 2112416, 960805, 1383121, 'Left']
[2174948, 2359202, 324774, 49062, 2278834, 2502878, 729312, 994769, 1572418, 479268, 1598936, 1605999, 1678985, 2094253, 947809, 1366332, 'Left']
[2175223, 2357753, 323558, 47938, 2287265, 2507297, 728493, 993939, 1572174, 477379, 1619699, 1641697, 1692499, 2111647, 960483, 1381159, 'Left']
[2172958, 2358141, 323928, 48409, 2277476, 2501915, 729898, 994502, 1571345, 478559, 1600079, 1610440, 1679924, 2094558, 948763, 1368265, 'Left']
[2175010, 2357254, 323199, 47870, 2288796, 2508848, 728943, 993820, 1571274, 476839, 1619321, 1636929, 1691001, 2110525, 959328, 1379427, 'Left']
[2170666, 2356778, 322741, 47305, 2275635, 2500554, 729945, 993546, 1570508, 477669, 1601786, 1614903, 1680409, 2095303, 949468, 1370135, 'Left']
[2174774, 2356933, 323482, 47772, 2289517, 2510037, 729046, 993805, 1570968, 476632, 1617009, 1629679, 1688470, 2108390, 956788, 1375801, 'Left']
[2169145, 2355834, 322552, 46266, 2274639, 2499989, 729280, 992964, 1570230, 477247, 1603331, 1620116, 1682201, 2096961, 950079, 1372058, 'Left']
[2174737, 2356868, 324305, 47555, 2289889, 2510498, 728744, 993877, 1570895, 476517, 1614221, 1623554, 1686600, 2106484, 954427, 1373275, 'Left']
[2168368, 2355650, 322878, 45868, 2273730, 2499237, 728384, 992270, 1570037, 476920, 1604846, 1626222, 1684043, 2098784, 951085, 1374874, 'Left']
[2175267, 2357237, 325193, 48002, 2289833, 2510326, 729067, 993237, 1571269, 476551, 1611050, 1617512, 1684341, 2104352, 952247, 1370891, 'Left']
[2167971, 2355247, 322872, 45609, 2274550, 2499018, 728698, 991811, 1570315, 476886, 1607061, 1632134, 1686035, 2101248, 953057, 1377466, 'Left']
[2175111, 2357239, 325183, 48293, 2289464, 2509991, 728286, 993514, 1570896, 476624, 1607476, 1611951, 1682727, 2102248, 950839, 1368566, 'Left']
[2167867, 2355247, 322741, 45923, 2275098, 2499008, 728577, 991837, 1570339, 476519, 1609532, 1637884, 1688200, 2103538, 954979, 1380012, 'Left']
[2175563, 2357936, 325601, 49178, 2288527, 2509586, 729272, 993676, 1571378, 476862, 1605383, 1607233, 1680849, 2099798, 949621, 1366781, 'Left']
[2168625, 2355576, 322418, 46389, 2276621, 2499532, 728686, 991849, 1570525, 476768, 1612909, 1642096, 1690101, 2106026, 957170, 1382040, 'Left']
[2175407, 2358052, 324875, 49120, 2287445, 2508523, 728624, 993583, 1571438, 477352, 1603599, 1603110, 1679397, 2098004, 948627, 1364941, 'Left']
[2169044, 2355216, 321464, 45745, 2278585, 2500630, 727760, 992216, 1570184, 476291, 1615496, 1645567, 1691550, 2107988, 958615, 1383129, 'Left']
[2175260, 2358108, 324246, 48628, 2285901, 2507667, 728474, 993573, 1570855, 477384, 1601195, 1601025, 1678158, 2096299, 947095, 1363699, 'Left']
[2170391, 2355990, 321467, 46084, 2280309, 2501664, 727457, 992591, 1570727, 476648, 1617398, 1647100, 1692549, 2109764, 959039, 1383250, 'Left']
[2175045, 2358713, 324681, 49053, 2283981, 2506449, 729280, 995223, 1571352, 478186, 1599904, 1600248, 1677517, 2095052, 946412, 1363328, 'Left']
[2171181, 2356153, 322057, 46412, 2282353, 2503321, 727503, 992941, 1570801, 476849, 1618861, 1647872, 1693152, 2111352, 960108, 1383932, 'Left']
[2174352, 2358392, 324529, 48704, 2281841, 2504823, 728144, 993918, 1570965, 477894, 1598765, 1601658, 1677266, 2094203, 946244, 1364488, 'Left']
[2172953, 2357309, 323283, 47487, 2284203, 2505030, 728592, 993243, 1571221, 476940, 1620114, 1646482, 1692864, 2111675, 960051, 1383597, 'Left']
[2174474, 2359245, 325515, 49536, 2279797, 2503951, 728976, 994023, 1571716, 478770, 1599338, 1603871, 1677690, 2094409, 946990, 1365941, 'Left']
[2174515, 2358173, 324493, 48524, 2286178, 2506614, 728177, 993404, 1572202, 477831, 1620945, 1643834, 1692536, 2112437, 960310, 1383006, 'Left']
[2174046, 2359200, 325625, 49280, 2278168, 2502403, 729108, 993880, 1572023, 479027, 1600360, 1607997, 1678789, 2094902, 948094, 1368047, 'Left']
[2175888, 2358693, 325173, 48544, 2288240, 2507882, 728238, 994171, 1572613, 478025, 1620113, 1639761, 1691800, 2111826, 959821, 1381397, 'Left']
[2173255, 2359140, 325424, 48446, 2276918, 2501261, 728476, 994217, 1572123, 479202, 1601147, 1612469, 1680228, 2095924, 948954, 1369937, 'Left']
[2176890, 2359467, 325529, 48919, 2289558, 2509040, 728309, 994198, 1572771, 478258, 1619088, 1634481, 1690300, 2110930, 958311, 1378920, 'Left']
[2172987, 2359428, 324833, 48425, 2276047, 2499984, 729382, 993883, 1572594, 479680, 1603272, 1618040, 1682059, 2097316, 949997, 1371908, 'Left']
[2177892, 2359842, 325265, 49037, 2290919, 2509878, 728089, 993768, 1572884, 478366, 1616931, 1628444, 1688741, 2108895, 956582, 1375721, 'Left']
[2172364, 2359284, 323929, 48132, 2275422, 2499576, 728370, 992817, 1571969, 479258, 1605549, 1624882, 1684012, 2099187, 951538, 1374696, 'Left']
[2179202, 2361039, 326024, 50484, 2291348, 2510741, 728683, 994734, 1572991, 478983, 1615248, 1623531, 1686986, 2107599, 955034, 1373961, 'Left']
[2172498, 2359443, 324292, 48457, 2275825, 2499494, 728527, 993310, 1572300, 479634, 1609034, 1631611, 1686510, 2101978, 953578, 1377813, 'Left']
[2180021, 2361447, 326830, 50930, 2291193, 2510900, 728444, 994661, 1573352, 479222, 1613034, 1617466, 1685219, 2105248, 953310, 1371281, 'Left']
[2172925, 2359576, 324707, 48582, 2276303, 2499778, 728944, 993069, 1572886, 479536, 1612219, 1636988, 1688201, 2104040, 955491, 1380087, 'Left']
[2180162, 2362025, 327705, 51326, 2290808, 2511109, 728845, 994853, 1573714, 479597, 1611008, 1612340, 1682969, 2103117, 951888, 1369396, 'Left']
[2173122, 2359801, 324820, 48440, 2277292, 2500743, 728240, 993321, 1573164, 479673, 1615039, 1642289, 1690100, 2106620, 957235, 1382387, 'Left']
[2180494, 2362359, 327463, 50969, 2289539, 2510351, 729404, 995411, 1574048, 480295, 1608309, 1607800, 1681392, 2101060, 950236, 1367346, 'Left']
[2173216, 2359386, 323868, 47205, 2278009, 2500999, 728250, 992665, 1572934, 479244, 1617128, 1645721, 1691693, 2108296, 958264, 1383468, 'Left']
[2179631, 2361962, 326519, 49858, 2287159, 2509019, 728380, 994355, 1573366, 479560, 1605218, 1603847, 1679722, 2097752, 947995, 1365207, 'Left']
[2173925, 2359561, 323850, 47135, 2279762, 2501635, 728475, 992204, 1573111, 478657, 1619353, 1647771, 1693015, 2109322, 958865, 1383825, 'Left']
[2179216, 2362209, 327102, 50162, 2285696, 2507613, 729147, 994459, 1573858, 480148, 1603711, 1601922, 1678908, 2096352, 946989, 1363957, 'Left']
[2174212, 2359451, 324057, 47138, 2281646, 2502517, 728086, 992302, 1573026, 478752, 1621248, 1649079, 1693755, 2111225, 959878, 1384180, 'Left']
[2178447, 2361793, 326877, 50014, 2283620, 2505767, 728653, 993695, 1573256, 479968, 1601806, 1601597, 1678130, 2094981, 946314, 1363734, 'Left']
[2175674, 2359933, 324580, 48136, 2283931, 2504433, 728126, 992828, 1573285, 478754, 1622015, 1648210, 1694066, 2112361, 960220, 1383598, 'Left']
[2177673, 2361795, 326463, 50136, 2281635, 2505035, 728238, 993729, 1573678, 480512, 1601714, 1603299, 1678639, 2095138, 946469, 1364761, 'Left']
[2176357, 2360307, 324745, 48599, 2285802, 2506258, 728249, 993270, 1573439, 479051, 1622592, 1646441, 1693676, 2112969, 960197, 1383046, 'Left']
[2176845, 2361823, 326136, 50109, 2279843, 2503842, 728732, 994398, 1573246, 480646, 1601397, 1606695, 1679007, 2095385, 947452, 1366615, 'Left']
[2177232, 2360623, 325168, 48977, 2287725, 2507746, 728026, 993670, 1573326, 479364, 1622559, 1643071, 1693009, 2112854, 959792, 1381917, 'Left']
[2175482, 2360918, 325574, 49086, 2278108, 2502082, 728611, 993622, 1573007, 480221, 1602051, 1610375, 1680000, 2095498, 947905, 1367867, 'Left']
[2178138, 2360472, 325172, 48807, 2288991, 2508485, 726775, 993052, 1573373, 478664, 1620897, 1637959, 1691497, 2111494, 958752, 1379134, 'Left']
[2174606, 2360473, 324902, 48650, 2276601, 2500760, 728040, 993528, 1572786, 479970, 1603156, 1615119, 1681246, 2096444, 948795, 1369840, 'Left']
[2178646, 2360731, 325611, 49129, 2290435, 2509665, 728748, 994578, 1573476, 478864, 1619251, 1632428, 1690227, 2109982, 957637, 1376943, 'Left']
[2173246, 2359670, 324322, 47757, 2275566, 2499950, 727844, 993163, 1572391, 479743, 1604939, 1621153, 1683222, 2097868, 950511, 1372504, 'Left']
[2179164, 2361033, 326123, 49489, 2291121, 2510347, 728443, 994159, 1573087, 478855, 1616839, 1626361, 1688181, 2108142, 955543, 1374460, 'Left']
[2172727, 2359574, 324166, 47713, 2275231, 2499387, 728015, 992844, 1572428, 479584, 1607418, 1627525, 1685313, 2100108, 952205, 1375338, 'Left']
[2179678, 2361445, 326445, 50091, 2290987, 2510912, 728030, 994909, 1573493, 479132, 1614559, 1619853, 1686283, 2106202, 953809, 1371843, 'Left']
[2172714, 2359654, 324225, 47740, 2275372, 2499171, 727747, 992661, 1572696, 479609, 1610286, 1633068, 1687457, 2102467, 953805, 1377705, 'Left']
[2180216, 2362037, 327036, 50633, 2290786, 2510592, 728514, 994946, 1573702, 479496, 1611846, 1614003, 1684376, 2103866, 952060, 1369180, 'Left']
[2172981, 2359699, 323913, 47531, 2276237, 2499674, 727146, 992530, 1572994, 479650, 1613135, 1638776, 1689459, 2104996, 955762, 1380149, 'Left']
[2180163, 2362145, 326790, 50011, 2289352, 2509693, 726988, 993930, 1573751, 479476, 1609254, 1609371, 1682372, 2101480, 950177, 1366834, 'Left']
[2173125, 2359724, 324358, 47352, 2277171, 2500227, 728219, 993268, 1573006, 479232, 1615985, 1642922, 1690926, 2106631, 957118, 1381500, 'Left']
[2179906, 2361983, 327412, 50263, 2288444, 2509561, 728754, 994842, 1573789, 479624, 1606644, 1604961, 1681070, 2099483, 949195, 1365430, 'Left']
[2173129, 2359213, 324086, 47086, 2278863, 2500831, 727389, 992738, 1572849, 478824, 1617963, 1646163, 1692674, 2108708, 958860, 1382991, 'Left']
[2179105, 2361809, 326993, 50203, 2286474, 2507984, 728397, 995120, 1573389, 479607, 1604079, 1602342, 1679572, 2097036, 947806, 1363925, 'Left']
[2173791, 2359236, 324177, 47416, 2280467, 2502440, 727533, 993023, 1573002, 478682, 1619995, 1647801, 1693603, 2110296, 959642, 1383430, 'Left']
[2178990, 2361960, 326956, 50359, 2284407, 2507213, 728199, 994664, 1573284, 479870, 1602626, 1601672, 1679108, 2096108, 947204, 1363826, 'Left']
[2175216, 2359969, 324613, 48148, 2282304, 2503827, 727243, 993290, 1573230, 478879, 1621471, 1648885, 1694092, 2112035, 960392, 1383734, 'Left']
[2178493, 2362204, 326732, 50368, 2282510, 2505662, 728358, 994992, 1573273, 480147, 1601087, 1602802, 1679036, 2095188, 947186, 1364380, 'Left']
[2176407, 2360297, 324619, 48175, 2284497, 2504872, 727168, 993853, 1573537, 478872, 1621925, 1647891, 1694706, 2112729, 960764, 1383470, 'Left']
[2177669, 2361994, 326780, 50053, 2280727, 2504026, 728516, 994607, 1573574, 480272, 1600533, 1604368, 1679152, 2094727, 947013, 1364930, 'Left']
[2176831, 2360528, 325161, 48457, 2286774, 2506450, 727437, 993546, 1573543, 478851, 1621651, 1645253, 1694197, 2112828, 960560, 1382010, 'Left']
[2176730, 2362088, 326498, 49829, 2278743, 2502685, 727780, 994409, 1573402, 480494, 1600736, 1608219, 1680020, 2094996, 947559, 1366431, 'Left']
[2177982, 2361070, 325424, 48941, 2288179, 2507833, 726597, 993916, 1573908, 479304, 1621089, 1640927, 1693025, 2112233, 959175, 1379984, 'Left']
[2176115, 2361658, 326250, 49489, 2277516, 2501524, 728787, 994240, 1573294, 480283, 1601559, 1613164, 1681407, 2095962, 948696, 1368682, 'Left']
[2179072, 2361224, 326025, 49353, 2289543, 2508769, 726635, 993759, 1573782, 479079, 1618935, 1636097, 1691646, 2110984, 958637, 1378272, 'Left']
[2174351, 2360604, 324960, 48473, 2275519, 2499955, 726735, 992853, 1572567, 479800, 1602000, 1617894, 1682119, 2096693, 949560, 1370741, 'Left']
[2179271, 2361251, 326014, 49585, 2290661, 2510067, 727745, 994875, 1573454, 478685, 1616227, 1629217, 1689369, 2109048, 956854, 1375556, 'Left']
[2173806, 2360388, 324886, 48464, 2275742, 2500177, 728110, 994181, 1572871, 479964, 1604008, 1623614, 1684438, 2098823, 951713, 1373812, 'Left']
[2179637, 2361456, 326378, 49608, 2291152, 2510657, 726559, 994399, 1573679, 479045, 1613521, 1622969, 1687442, 2107121, 955257, 1373171, 'Left']
[2173342, 2360010, 324424, 47784, 2275583, 2499197, 727667, 993251, 1572490, 479516, 1606190, 1629805, 1686425, 2100771, 953066, 1376122, 'Left']
[2180644, 2362181, 326593, 50128, 2291196, 2510635, 727843, 994748, 1574411, 479534, 1611307, 1617286, 1686066, 2105040, 953668, 1370386, 'Left']
[2173549, 2360345, 323870, 47975, 2275906, 2499495, 728031, 993190, 1573383, 479808, 1609451, 1635835, 1688893, 2103393, 955107, 1378640, 'Left']
[2180822, 2362730, 326349, 50548, 2290400, 2510657, 728446, 994926, 1574486, 480078, 1609093, 1611964, 1683990, 2103005, 951769, 1368144, 'Left']
[2173030, 2359960, 322664, 47251, 2276331, 2499329, 728463, 992450, 1572645, 479334, 1612731, 1640911, 1690447, 2105414, 956545, 1380510, 'Left']
[2180628, 2362922, 325814, 50595, 2288847, 2509823, 728780, 994829, 1573386, 479821, 1606777, 1607368, 1681744, 2100318, 949799, 1366005, 'Left']
[2173523, 2360419, 322806, 47629, 2277692, 2500957, 727715, 992724, 1572400, 479320, 1616071, 1644880, 1691765, 2107701, 957665, 1382023, 'Left']
[2180043, 2363202, 326042, 50846, 2287262, 2509894, 729105, 995017, 1573092, 480205, 1605548, 1604319, 1679948, 2098572, 948319, 1364708, 'Left']
[2173878, 2360713, 323428, 47760, 2279437, 2502317, 728847, 992163, 1572335, 479525, 1619278, 1648058, 1692677, 2109805, 958952, 1383400, 'Left']
[2179095, 2362999, 326550, 50413, 2285456, 2508369, 729641, 994759, 1573163, 480635, 1603812, 1602245, 1678937, 2096668, 947009, 1363839, 'Left']
[2174077, 2360518, 323835, 47369, 2280975, 2502821, 727998, 992083, 1572911, 479140, 1620599, 1648638, 1693674, 2110713, 959152, 1383685, 'Left']
[2178096, 2362819, 326859, 49916, 2283435, 2506352, 729451, 994224, 1573392, 480374, 1601605, 1601126, 1678465, 2095375, 945429, 1363225, 'Left']
[2174137, 2360020, 324284, 46917, 2283446, 2503912, 728764, 991944, 1572915, 478564, 1620960, 1647760, 1694321, 2111627, 959446, 1383485, 'Left']
[2176160, 2361742, 326568, 48974, 2281511, 2504140, 729095, 992681, 1572819, 479467, 1599396, 1602003, 1678703, 2093743, 945339, 1364125, 'Left']
[2174684, 2360029, 324639, 47268, 2284990, 2505105, 727427, 991459, 1572755, 478149, 1620414, 1644967, 1693874, 2111460, 958703, 1382490, 'Left']
[2175341, 2361783, 326235, 48984, 2279480, 2503488, 728981, 992924, 1572529, 479598, 1598907, 1604280, 1678934, 2093536, 945149, 1365201, 'Left']
[2176154, 2361022, 325423, 48377, 2287184, 2507505, 727857, 992709, 1572792, 478726, 1619858, 1642466, 1693177, 2111876, 958490, 1381430, 'Left']
[2174879, 2361848, 326022, 49114, 2277877, 2502657, 729079, 993201, 1572527, 480280, 1599972, 1609281, 1679644, 2094709, 946378, 1367481, 'Left']
[2177497, 2361622, 325250, 49048, 2288768, 2509191, 728159, 993031, 1573064, 479236, 1619518, 1638445, 1691619, 2111484, 957909, 1379750, 'Left']
[2173935, 2361541, 324468, 48779, 2276422, 2501292, 727825, 992744, 1572568, 480395, 1601295, 1614569, 1680834, 2096019, 947707, 1369717, 'Left']
[2177882, 2361609, 324797, 49259, 2289974, 2509772, 727944, 992954, 1573019, 479081, 1617851, 1632422, 1689428, 2109463, 956419, 1376803, 'Left']
[2173038, 2360794, 323669, 48347, 2275558, 2500065, 728558, 993226, 1572354, 479991, 1603435, 1620170, 1682607, 2097428, 949619, 1371900, 'Left']
[2178687, 2361829, 324890, 49767, 2290845, 2510038, 727770, 994066, 1572974, 479032, 1615949, 1626286, 1688162, 2107865, 955341, 1374103, 'Left']
[2172479, 2360647, 323278, 48348, 2275471, 2499234, 728729, 992683, 1571884, 479691, 1605801, 1625909, 1684524, 2099300, 951656, 1374345, 'Left']
[2178731, 2361978, 325123, 50088, 2291080, 2510263, 728143, 993646, 1572842, 479304, 1613805, 1620152, 1686042, 2106001, 953970, 1371631, 'Left']
[2171552, 2359775, 322856, 47674, 2275379, 2498786, 728237, 992706, 1571638, 479211, 1608658, 1631514, 1686431, 2101352, 953385, 1376729, 'Left']
[2179171, 2361647, 325794, 50198, 2290838, 2510558, 728288, 994791, 1572602, 478806, 1611165, 1613954, 1683957, 2103521, 952232, 1369085, 'Left']
[2171538, 2359306, 323128, 47221, 2276082, 2499503, 727266, 991993, 1571370, 478726, 1611242, 1637352, 1688674, 2103589, 955046, 1379657, 'Left']
[2179308, 2361987, 326534, 50206, 2290023, 2510355, 728098, 993572, 1572520, 479022, 1608077, 1609163, 1682165, 2101171, 949742, 1367395, 'Left']
[2172351, 2359718, 324015, 47638, 2277132, 2500206, 727849, 993071, 1572463, 479266, 1614337, 1641846, 1690601, 2106293, 956288, 1381515, 'Left']
[2179409, 2362332, 326982, 50557, 2288790, 2509621, 728609, 994536, 1573334, 479922, 1605948, 1605058, 1681102, 2099641, 948415, 1365579, 'Left']
[2172840, 2359839, 324376, 47927, 2278837, 2500818, 728233, 992568, 1572841, 479255, 1616893, 1645807, 1692769, 2108445, 957963, 1383144, 'Left']
[2179107, 2362587, 327338, 51016, 2287200, 2508370, 728753, 994463, 1573733, 480115, 1603927, 1602498, 1679971, 2097336, 947430, 1364189, 'Left']
[2173196, 2359628, 324003, 47930, 2280999, 2502308, 727821, 992972, 1572576, 478986, 1619194, 1648108, 1693663, 2110127, 959373, 1383775, 'Left']
[2178013, 2362154, 326699, 50721, 2285344, 2507454, 728691, 994131, 1572593, 479768, 1601882, 1601796, 1679040, 2095716, 947087, 1364077, 'Left']
[2173485, 2359704, 324127, 48164, 2282225, 2503830, 727706, 992637, 1572118, 478838, 1620419, 1648687, 1693786, 2111461, 959879, 1383979, 'Left']
[2176631, 2361721, 326614, 50494, 2282718, 2506287, 728850, 994541, 1572048, 479774, 1600407, 1601586, 1677995, 2094840, 946037, 1363976, 'Left']
[2174153, 2359617, 324569, 48419, 2284217, 2505519, 727638, 992716, 1571804, 478391, 1620894, 1647248, 1693605, 2112195, 959766, 1383774, 'Left']
[2175850, 2361240, 326747, 50052, 2280879, 2504903, 729234, 994025, 1572125, 479999, 1599804, 1603087, 1677950, 2094476, 945840, 1365079, 'Left']
[2174918, 2359501, 325177, 48108, 2286390, 2506872, 726775, 992813, 1571834, 478182, 1620829, 1644388, 1693112, 2112155, 959350, 1382443, 'Left']
[2174576, 2360423, 326250, 48992, 2279316, 2502728, 728908, 993244, 1572327, 479311, 1599975, 1606299, 1679143, 2094210, 946294, 1366111, 'Left']
[2175716, 2359690, 325722, 48109, 2288261, 2507053, 727660, 992444, 1572524, 477998, 1620208, 1639789, 1692749, 2111383, 958603, 1379961, 'Left']
[2173717, 2360169, 326168, 48614, 2277695, 2500997, 728356, 993645, 1572195, 479175, 1600654, 1610003, 1680518, 2094507, 947167, 1367341, 'Left']
[2177161, 2360506, 326399, 48837, 2289919, 2508633, 727897, 993308, 1572938, 478197, 1619249, 1634801, 1691290, 2110173, 957602, 1377719, 'Left']
[2173311, 2360473, 326272, 48634, 2276464, 2500556, 728612, 992426, 1572632, 479664, 1603022, 1616313, 1682405, 2096383, 948908, 1370314, 'Left']
[2177919, 2361259, 326951, 49459, 2290492, 2509814, 727452, 993339, 1573043, 478688, 1617650, 1629477, 1689582, 2109033, 956181, 1375451, 'Left']
[2172902, 2360916, 325898, 48804, 2275036, 2499592, 727567, 992331, 1572220, 480089, 1604649, 1622235, 1683555, 2098167, 949942, 1372427, 'Left']
[2178768, 2361819, 327258, 50173, 2290704, 2510595, 726777, 993065, 1573443, 479435, 1615543, 1623626, 1687214, 2107355, 953954, 1372400, 'Left']
[2172003, 2360208, 325470, 48382, 2275525, 2499501, 728369, 992377, 1572083, 479713, 1607517, 1628952, 1685610, 2100718, 951924, 1375273, 'Left']
[2179307, 2362106, 327806, 50771, 2291096, 2511048, 728342, 994361, 1573325, 479726, 1613277, 1617920, 1685380, 2105652, 952986, 1370465, 'Left']
[2171676, 2359580, 324622, 48007, 2275317, 2499821, 727300, 992969, 1572230, 479843, 1610282, 1634390, 1687619, 2103319, 954093, 1377828, 'Left']
[2178745, 2361273, 326962, 50083, 2290228, 2510669, 727523, 993799, 1572405, 478993, 1609497, 1611655, 1683331, 2103068, 950993, 1367711, 'Left']
[2171431, 2359028, 324509, 47637, 2276402, 2499595, 727786, 992879, 1571724, 478668, 1612439, 1639431, 1689583, 2105036, 955565, 1380185, 'Left']
[2178950, 2361659, 327555, 50646, 2289669, 2510047, 728136, 994591, 1572865, 479304, 1607307, 1606948, 1681570, 2100812, 949649, 1366342, 'Left']
[2171646, 2358996, 324579, 47576, 2278195, 2500361, 727534, 992274, 1572017, 478697, 1615292, 1643243, 1691130, 2107433, 957093, 1382023, 'Left']
[2178275, 2361396, 327568, 50402, 2288382, 2508907, 728049, 994386, 1572764, 478941, 1604641, 1603370, 1680293, 2098510, 948073, 1364842, 'Left']
[2172480, 2358962, 324633, 47435, 2279901, 2501346, 726775, 992083, 1572174, 478088, 1617822, 1646584, 1693001, 2109279, 958678, 1383536, 'Left']
[2178352, 2361614, 327501, 50440, 2286362, 2507928, 727413, 993642, 1573207, 479404, 1603051, 1601126, 1679246, 2096251, 947084, 1364128, 'Left']
[2172959, 2358901, 324424, 47708, 2281458, 2502673, 726740, 992101, 1572018, 478019, 1619485, 1647627, 1693574, 2110125, 959311, 1383911, 'Left']
[2177475, 2361585, 327526, 50918, 2284533, 2506996, 728482, 994467, 1572800, 479623, 1601377, 1600644, 1678349, 2095032, 946227, 1363956, 'Left']
[2174151, 2359565, 325271, 48688, 2283794, 2504861, 727595, 993277, 1572652, 478598, 1621270, 1647745, 1694222, 2111944, 959860, 1384008, 'Left']
[2176634, 2361295, 327383, 50476, 2282261, 2505721, 728304, 994190, 1572697, 480018, 1600437, 1601614, 1678276, 2094699, 945965, 1364425, 'Left']
[2174610, 2359327, 325642, 48520, 2285436, 2506310, 727627, 992894, 1572445, 478063, 1621371, 1645888, 1693800, 2112141, 959940, 1383270, 'Left']
[2175275, 2360768, 327029, 49822, 2280154, 2504299, 727825, 994262, 1572416, 479523, 1599982, 1604226, 1678822, 2094172, 946479, 1365773, 'Left']
[2175685, 2359600, 325890, 48702, 2287390, 2507683, 726965, 993236, 1572410, 478151, 1621175, 1642862, 1693204, 2112059, 959686, 1382158, 'Left']
[2174577, 2360576, 326908, 49831, 2278868, 2503214, 728381, 994212, 1572239, 479720, 1600844, 1607862, 1679690, 2094829, 947419, 1367743, 'Left']
[2176251, 2359635, 326222, 48936, 2289629, 2508502, 727405, 993360, 1572791, 478071, 1620385, 1637701, 1692310, 2111377, 959008, 1380154, 'Left']
[2172980, 2359566, 325630, 48539, 2277271, 2501371, 727885, 993674, 1571960, 478890, 1601580, 1612067, 1681113, 2095465, 948430, 1369512, 'Left']
[2176892, 2359900, 325783, 48975, 2290359, 2509786, 727349, 993693, 1572120, 477662, 1618264, 1631973, 1690396, 2109565, 957327, 1377631, 'Left']
[2172344, 2359450, 325102, 48330, 2276148, 2500492, 727771, 993161, 1572007, 479069, 1603450, 1618006, 1682603, 2096990, 949564, 1371978, 'Left']
[2177858, 2360699, 326487, 49741, 2291048, 2510899, 727109, 994294, 1572551, 478150, 1616456, 1626094, 1688502, 2108249, 955389, 1375045, 'Left']
[2171796, 2359577, 325073, 48259, 2275869, 2500136, 727852, 992777, 1571953, 479050, 1605732, 1624402, 1684627, 2099156, 951200, 1374734, 'Left']
[2178431, 2361310, 326875, 50438, 2291169, 2510843, 727204, 994468, 1572767, 478682, 1613770, 1620232, 1686599, 2106321, 953751, 1372465, 'Left']
[2171678, 2359651, 325081, 48349, 2275481, 2499289, 727415, 992956, 1572010, 479441, 1608205, 1630440, 1686412, 2101173, 952610, 1376918, 'Left']
[2178521, 2361431, 327557, 50585, 2291318, 2510934, 727341, 995081, 1573001, 479180, 1611465, 1614556, 1684332, 2104371, 951834, 1369958, 'Left']
[2170876, 2358988, 324605, 47851, 2276268, 2499674, 727539, 992987, 1571441, 478847, 1610305, 1635968, 1688191, 2103901, 954423, 1379601, 'Left']
[2178487, 2361500, 327765, 50781, 2290751, 2510564, 728147, 995227, 1572558, 479038, 1608050, 1608948, 1682257, 2102075, 950426, 1368052, 'Left']
[2171362, 2359013, 324942, 48003, 2277439, 2500547, 726703, 993322, 1571821, 478797, 1613354, 1640813, 1690203, 2106344, 956479, 1381918, 'Left']
[2178239, 2361297, 327633, 50582, 2289218, 2510497, 727676, 995065, 1572342, 479148, 1605086, 1604473, 1680439, 2099693, 948689, 1366169, 'Left']
[2171300, 2358385, 324575, 47259, 2278767, 2501480, 727141, 992774, 1571202, 478138, 1615132, 1643798, 1691364, 2107869, 957666, 1383017, 'Left']
[2178090, 2361226, 327884, 50493, 2287528, 2509146, 727800, 994366, 1571921, 478941, 1602570, 1601366, 1679112, 2097224, 947391, 1364672, 'Left']
[2171991, 2358415, 324648, 47368, 2280425, 2502024, 726430, 992253, 1571855, 478132, 1617507, 1645978, 1693092, 2109749, 958680, 1383663, 'Left']
[2177261, 2360961, 327555, 50275, 2285649, 2507651, 728204, 994904, 1572247, 479159, 1600902, 1599810, 1678800, 2095842, 946320, 1363860, 'Left']
[2172767, 2358615, 324797, 47784, 2282511, 2503262, 727020, 993074, 1571784, 478166, 1618753, 1647099, 1693688, 2111036, 959380, 1384241, 'Left']
[2176797, 2361210, 327443, 50477, 2283541, 2506272, 727916, 994788, 1572280, 479758, 1599228, 1600122, 1678358, 2094984, 945701, 1364255, 'Left']
[2174505, 2359511, 325276, 48407, 2284514, 2504535, 727527, 993192, 1572289, 478625, 1620058, 1646882, 1694241, 2112501, 959851, 1384379, 'Left']
[2176317, 2361149, 326954, 50299, 2281603, 2504668, 728832, 995437, 1572441, 479973, 1599380, 1602155, 1678681, 2094566, 945987, 1365241, 'Left']
[2175201, 2359640, 324753, 48545, 2286625, 2506331, 727803, 994244, 1572087, 478364, 1620868, 1644317, 1694090, 2112420, 959727, 1383203, 'Left']
[2174395, 2360747, 325369, 49486, 2279785, 2503146, 729379, 994653, 1571499, 479767, 1599336, 1604815, 1679004, 2094492, 946294, 1366261, 'Left']
[2175521, 2359905, 324343, 48521, 2288481, 2507589, 728448, 993492, 1571238, 478099, 1620209, 1639935, 1692299, 2111671, 958713, 1380925, 'Left']
[2174143, 2360801, 325243, 49216, 2278132, 2502348, 729320, 993695, 1571236, 479784, 1601151, 1609702, 1679665, 2095129, 946906, 1368267, 'Left']
[2177227, 2360804, 325619, 49223, 2289209, 2509379, 728292, 993271, 1571789, 478526, 1620314, 1636005, 1690768, 2111094, 957157, 1379207, 'Left']
[2173164, 2360449, 325539, 48422, 2276172, 2500876, 728851, 993632, 1571329, 479640, 1602916, 1615285, 1681008, 2096439, 947528, 1370564, 'Left']
[2177342, 2360872, 326681, 48641, 2289947, 2509629, 728190, 992945, 1571753, 478415, 1617670, 1630071, 1689006, 2109113, 955017, 1376570, 'Left']
[2172136, 2360064, 325977, 47634, 2275678, 2499609, 729311, 992030, 1571155, 479356, 1603637, 1620822, 1682840, 2097790, 948443, 1372880, 'Left']
[2178487, 2361547, 327750, 49410, 2291186, 2510395, 728545, 992915, 1572476, 478709, 1614558, 1623638, 1687496, 2107212, 953266, 1373778, 'Left']
[2172006, 2360282, 325940, 47771, 2275649, 2499310, 729296, 992328, 1571837, 479370, 1605162, 1627077, 1685513, 2100014, 950879, 1375934, 'Left']
[2179106, 2362073, 328350, 50008, 2291589, 2510617, 728964, 993308, 1573195, 479276, 1611233, 1617027, 1685504, 2105299, 951839, 1371192, 'Left']
[2171426, 2359799, 325467, 47505, 2276176, 2499168, 728936, 991667, 1571974, 479449, 1608104, 1632601, 1687705, 2102388, 952835, 1378478, 'Left']
[2178351, 2361892, 327667, 50243, 2291185, 2510418, 728953, 993948, 1572593, 479251, 1608722, 1611787, 1683695, 2102959, 950581, 1369261, 'Left']
[2170731, 2359612, 324139, 47548, 2276734, 2499556, 727675, 991778, 1571621, 479248, 1610528, 1637728, 1689395, 2104512, 954805, 1380635, 'Left']
[2178262, 2362186, 326982, 50651, 2290127, 2510299, 729029, 994606, 1572415, 479472, 1605782, 1606741, 1681522, 2100736, 949064, 1367039, 'Left']
[2170856, 2359436, 323359, 47500, 2277907, 2500240, 728172, 992122, 1571448, 479032, 1613123, 1642493, 1690861, 2107319, 956782, 1382653, 'Left']
[2177764, 2362018, 325943, 50433, 2288376, 2509254, 727842, 993775, 1572216, 479674, 1602962, 1602927, 1679823, 2098934, 947516, 1365122, 'Left']
[2171274, 2358880, 322314, 46996, 2279660, 2500933, 727301, 991906, 1571163, 478374, 1615045, 1645238, 1692085, 2108811, 957869, 1383137, 'Left']
[2177581, 2361528, 325066, 49807, 2286809, 2507586, 728038, 994053, 1571859, 479142, 1600584, 1600618, 1678959, 2096741, 946722, 1364012, 'Left']
[2172397, 2358927, 322428, 47104, 2281578, 2502024, 727655, 991812, 1571532, 478055, 1617360, 1646537, 1693299, 2110385, 959535, 1383493, 'Left']
[2177072, 2361570, 325492, 50096, 2285006, 2506955, 728415, 994420, 1571692, 479484, 1599450, 1599427, 1678079, 2095479, 946703, 1363513, 'Left']
[2173073, 2359309, 323169, 47755, 2283575, 2503826, 727155, 992646, 1570709, 478217, 1618447, 1646974, 1693308, 2111832, 960024, 1383896, 'Left']
[2176327, 2361840, 326705, 50858, 2283366, 2505407, 729266, 994716, 1572008, 479839, 1598985, 1600648, 1677691, 2094886, 946351, 1364449, 'Left']
[2174520, 2360118, 325204, 48898, 2286196, 2505392, 727498, 993028, 1572342, 478809, 1620542, 1646119, 1693910, 2112909, 960250, 1383858, 'Left']
[2175830, 2361811, 327187, 50238, 2281392, 2503400, 728290, 993664, 1572839, 480120, 1599490, 1603836, 1678893, 2094722, 946219, 1365891, 'Left']
[2175855, 2360069, 325437, 48380, 2287871, 2505786, 726913, 992219, 1573309, 478528, 1620781, 1643130, 1693638, 2112492, 959306, 1382381, 'Left']
[2174739, 2360548, 325995, 48887, 2279252, 2501276, 727723, 993064, 1572658, 479466, 1599547, 1606765, 1679857, 2094187, 946281, 1366852, 'Left']
[2176186, 2359497, 324890, 47973, 2289426, 2507002, 726424, 992134, 1572655, 477585, 1619320, 1638139, 1692663, 2110971, 957846, 1379678, 'Left']
[2173440, 2359947, 324863, 48359, 2277790, 2500300, 728304, 992913, 1572011, 479171, 1600586, 1611427, 1681012, 2095031, 947064, 1368554, 'Left']
[2176740, 2359895, 324797, 48532, 2290626, 2508432, 727355, 992814, 1571873, 477871, 1617905, 1632476, 1690695, 2109769, 956415, 1376954, 'Left']
[2171878, 2359453, 324047, 47985, 2277109, 2499749, 728415, 993622, 1570712, 478824, 1601887, 1617123, 1682232, 2096576, 948661, 1370803, 'Left']
[2176950, 2360360, 325280, 49453, 2291618, 2509578, 727634, 993938, 1571533, 478231, 1615303, 1626939, 1688462, 2108464, 955218, 1374749, 'Left']
