[2770707, 2581888, 973033, 382590, -462951, 1820924, -149438, 309267, 1546572, 1290337, 1532026, 322658, 1707580, 92428, -292693, 1774934, 'Left']
[2782217, 2582481, 976277, 406953, -469800, 1840967, -157948, 313668, 1554598, 1297795, 1330357, 285017, 1624232, 99923, -291495, 1705566, 'Left']
[2786311, 2580901, 979582, 386226, -463991, 1824346, -150428, 308464, 1545533, 1289514, 1528022, 326758, 1707059, 91669, -292136, 1773682, 'Left']
[2766215, 2582968, 967889, 402597, -468716, 1837073, -155927, 313409, 1554779, 1297980, 1336742, 281156, 1626058, 100008, -292221, 1707133, 'Left']
[2802158, 2580446, 986825, 391254, -465759, 1829318, -152909, 309502, 1545151, 1289602, 1518087, 330047, 1704494, 92132, -291627, 1770629, 'Left']
[2750457, 2583631, 959920, 397587, -467231, 1832693, -155266, 312555, 1554786, 1298085, 1349171, 279173, 1630325, 99965, -293278, 1711245, 'Left']
[2816547, 2579832, 993745, 396626, -467348, 1833498, -156021, 309196, 1544864, 1289688, 1501902, 331681, 1699043, 91936, -290869, 1765366, 'Left']
[2736946, 2584987, 953156, 393131, -465260, 1828570, -150059, 314035, 1554725, 1298209, 1366563, 278763, 1636874, 100121, -293208, 1717022, 'Left']
[2828992, 2579880, 999873, 402898, -469241, 1838528, -155876, 310528, 1545427, 1290627, 1481663, 332311, 1691355, 93024, -288802, 1758467, 'Left']
[2727700, 2585171, 949548, 388580, -464666, 1824527, -151094, 312618, 1554438, 1297998, 1389557, 280315, 1645447, 99917, -293364, 1725033, 'Left']
[2837493, 2579986, 1004082, 407457, -470194, 1841793, -157324, 308616, 1546211, 1291387, 1459920, 330901, 1682827, 93838, -288761, 1751548, 'Left']
[2721566, 2585319, 946732, 384191, -463042, 1820866, -149488, 314265, 1553819, 1297051, 1415113, 282848, 1655705, 98880, -294051, 1734048, 'Left']
[2841198, 2579987, 1005354, 411104, -471009, 1845200, -159207, 310057, 1547265, 1292099, 1434195, 327269, 1672494, 94426, -288313, 1742965, 'Left']
[2719453, 2585339, 945486, 381238, -461879, 1818522, -146818, 313575, 1552967, 1296214, 1440463, 286917, 1665886, 98294, -293868, 1742237, 'Left']
[2841110, 2579353, 1005474, 413606, -472157, 1847290, -160364, 310667, 1548038, 1293225, 1407499, 322421, 1661344, 95589, -287836, 1733363, 'Left']
[2721346, 2584107, 946969, 378206, -461685, 1816214, -147748, 311528, 1550923, 1294464, 1466651, 292080, 1676965, 96489, -294586, 1751310, 'Left']
[2836134, 2579529, 1002800, 415147, -471835, 1848534, -158609, 312007, 1548931, 1293862, 1381840, 315289, 1650093, 96288, -287759, 1724008, 'Left']
[2727199, 2582968, 950616, 377197, -461845, 1815993, -148045, 311578, 1549375, 1292891, 1489980, 298550, 1687051, 95210, -293897, 1759196, 'Left']
[2828271, 2579476, 999359, 414922, -472693, 1848286, -160279, 310643, 1549385, 1294196, 1360706, 307425, 1641082, 96913, -288741, 1717506, 'Left']
[2735693, 2583216, 954902, 377835, -461570, 1816460, -147591, 310643, 1548393, 1292394, 1509503, 306032, 1696163, 94437, -293241, 1766111, 'Left']
[2817227, 2580351, 993795, 415043, -472073, 1847803, -159510, 313130, 1551360, 1296028, 1342713, 300513, 1632860, 98251, -288491, 1710370, 'Left']
[2748235, 2582316, 961883, 379534, -461892, 1818158, -147211, 310994, 1546948, 1291274, 1523592, 313652, 1703345, 93557, -292106, 1771539, 'Left']
[2804057, 2581235, 987448, 412992, -471419, 1846085, -158262, 314041, 1552609, 1296992, 1332565, 293626, 1628062, 99356, -288955, 1707166, 'Left']
[2762997, 2581965, 968950, 381950, -462941, 1820386, -149044, 310843, 1546164, 1290741, 1530741, 320564, 1707527, 92966, -291790, 1774117, 'Left']
[2789479, 2581796, 980088, 410044, -470609, 1842878, -157910, 313097, 1553641, 1297844, 1330058, 288178, 1625552, 99943, -289971, 1705584, 'Left']
[2778689, 2581059, 976613, 385631, -463343, 1822940, -150030, 309351, 1545296, 1289942, 1531112, 325703, 1708792, 92262, -291423, 1774543, 'Left']
[2772840, 2582412, 971863, 406033, -468702, 1839048, -155730, 313130, 1554209, 1298151, 1333461, 283500, 1626059, 100012, -290255, 1705967, 'Left']
[2794580, 2579876, 984216, 389976, -465300, 1826697, -153679, 309002, 1544551, 1289689, 1522738, 329307, 1706496, 91565, -290396, 1771134, 'Left']
[2756969, 2582613, 964500, 400874, -467874, 1834221, -154098, 313217, 1553573, 1297485, 1343298, 280093, 1629032, 99275, -291511, 1708934, 'Left']
[2809505, 2579276, 992140, 395619, -466346, 1831237, -153166, 310427, 1543986, 1289375, 1510069, 331307, 1702688, 91678, -288984, 1767874, 'Left']
[2742358, 2582884, 957960, 396140, -466354, 1830129, -152514, 313935, 1553469, 1297650, 1359005, 278602, 1635071, 99718, -291243, 1714913, 'Left']
[2822809, 2578845, 998163, 401003, -467683, 1836028, -155175, 309022, 1543909, 1289863, 1492209, 331845, 1696519, 92299, -288233, 1762859, 'Left']
[2730567, 2583118, 951713, 390733, -465202, 1825783, -152236, 311870, 1553194, 1297350, 1378977, 278808, 1642559, 99830, -292356, 1721646, 'Left']
[2833275, 2578101, 1003406, 405916, -469948, 1840096, -157348, 311044, 1544032, 1289959, 1470172, 330786, 1687944, 92673, -288417, 1755440, 'Left']
[2722832, 2584182, 948201, 386610, -463389, 1821525, -148948, 313583, 1552832, 1296847, 1403529, 280698, 1652054, 98943, -292666, 1730572, 'Left']
[2839296, 2578846, 1005556, 409995, -470779, 1842656, -158225, 308424, 1545872, 1291531, 1444957, 328791, 1677840, 93871, -287327, 1746382, 'Left']
[2719264, 2583956, 946658, 382530, -462942, 1818320, -149103, 313069, 1552248, 1296263, 1428695, 284683, 1661958, 97882, -293505, 1738012, 'Left']
[2840921, 2578375, 1006495, 412783, -472213, 1844963, -159096, 308830, 1546290, 1291842, 1419332, 324184, 1667171, 93852, -287982, 1737488, 'Left']
[2719435, 2584057, 947140, 380013, -461786, 1816346, -147075, 312835, 1551274, 1295112, 1454957, 289531, 1672765, 96903, -293740, 1746885, 'Left']
[2838553, 2578277, 1005397, 414966, -472186, 1846869, -160259, 309515, 1547796, 1293110, 1392720, 318458, 1655880, 95387, -287560, 1727704, 'Left']
[2723751, 2582894, 949987, 378401, -461296, 1815491, -147360, 312373, 1549390, 1293359, 1480213, 295532, 1683666, 95526, -294015, 1755879, 'Left']
[2831563, 2578370, 1002130, 415983, -472396, 1847846, -159418, 310805, 1548572, 1293628, 1369214, 310934, 1645809, 96048, -287652, 1720387, 'Left']
[2730843, 2581965, 953896, 377928, -461621, 1815443, -148099, 310498, 1547888, 1292111, 1501441, 302477, 1693178, 94259, -293590, 1763342, 'Left']
[2821704, 2578566, 997398, 415433, -472659, 1847374, -159657, 310426, 1549579, 1294415, 1349858, 303080, 1636949, 96976, -288581, 1713481, 'Left']
[2741597, 2581252, 959487, 378764, -462066, 1816606, -147671, 310566, 1546559, 1290792, 1518164, 309882, 1700796, 93101, -293153, 1769404, 'Left']
[2808998, 2579678, 990897, 414294, -471799, 1846468, -158575, 312941, 1551161, 1295697, 1336267, 295920, 1629960, 98256, -288925, 1708551, 'Left']
[2754628, 2580866, 965537, 380521, -462564, 1818352, -149668, 308932, 1545674, 1290100, 1527812, 317066, 1705783, 92592, -292464, 1772729, 'Left']
[2794743, 2579984, 983941, 411224, -471382, 1843637, -158394, 312941, 1552117, 1296265, 1329341, 289391, 1625907, 99065, -290225, 1705233, 'Left']
[2770942, 2580235, 973961, 383764, -463523, 1821111, -148639, 310366, 1544672, 1289363, 1531682, 322964, 1708936, 91457, -291883, 1775091, 'Left']
[2779112, 2581263, 976110, 407842, -470294, 1839952, -156535, 312231, 1553167, 1297261, 1331204, 284699, 1625778, 99137, -290482, 1706067, 'Left']
[2786931, 2580079, 981474, 388714, -464710, 1824745, -150858, 308544, 1544299, 1289414, 1527284, 327916, 1707826, 91412, -291315, 1773245, 'Left']
[2763005, 2582709, 968099, 404361, -468185, 1836580, -154790, 313527, 1554106, 1298197, 1338275, 281706, 1627156, 100101, -290787, 1707390, 'Left']
[2803118, 2578978, 989851, 393892, -466266, 1829438, -153287, 308574, 1544237, 1289412, 1516420, 331225, 1704494, 91737, -289666, 1769450, 'Left']
[2748013, 2582307, 961670, 398621, -467247, 1832315, -153406, 314483, 1553523, 1297278, 1352671, 279100, 1632522, 99373, -291588, 1712661, 'Left']
[2817202, 2578097, 996666, 398450, -467813, 1834233, -153981, 308769, 1543627, 1289036, 1501211, 331914, 1699512, 91751, -288788, 1765284, 'Left']
[2734306, 2582365, 954647, 392814, -465747, 1828019, -152858, 313078, 1553219, 1297160, 1370564, 278319, 1639119, 99300, -291661, 1718292, 'Left']
[2827947, 2577288, 1001477, 403530, -469320, 1838848, -156037, 310669, 1543151, 1289026, 1480000, 331080, 1691559, 91610, -288463, 1758235, 'Left']
[2724054, 2582564, 949660, 387836, -464524, 1823953, -149805, 313994, 1552206, 1296391, 1392120, 279009, 1647303, 98682, -291924, 1725878, 'Left']
[2835337, 2577284, 1004871, 407823, -470218, 1842093, -155984, 308575, 1543975, 1289826, 1455676, 329138, 1682051, 92248, -287430, 1749961, 'Left']
[2718462, 2582612, 946871, 383387, -463870, 1820317, -150787, 312091, 1551582, 1295606, 1417021, 281945, 1657246, 97615, -292944, 1733663, 'Left']
[2838989, 2578016, 1006123, 411858, -471847, 1845210, -158388, 310151, 1545084, 1291097, 1429887, 325839, 1671518, 93273, -287681, 1740452, 'Left']
[2717523, 2583257, 946716, 380881, -462810, 1817748, -148359, 310978, 1550703, 1295172, 1443573, 287076, 1667964, 97380, -293276, 1742484, 'Left']
[2838629, 2578170, 1006108, 414551, -472630, 1846948, -161037, 309757, 1546416, 1292332, 1404044, 320993, 1660803, 94419, -287575, 1731463, 'Left']
[2720038, 2582655, 948943, 378895, -462288, 1815816, -147538, 311750, 1549368, 1293675, 1470275, 292815, 1679359, 95467, -293563, 1751689, 'Left']
[2832625, 2578056, 1003775, 415878, -472674, 1847544, -159751, 311066, 1547890, 1293188, 1379733, 314368, 1650203, 95370, -287013, 1723108, 'Left']
[2725463, 2582198, 951938, 378229, -461554, 1815094, -147706, 310794, 1548240, 1292411, 1492471, 299678, 1688949, 94259, -292738, 1759715, 'Left']
[2824408, 2578541, 999373, 416192, -472362, 1847570, -159096, 311296, 1548968, 1294190, 1357230, 306796, 1640243, 96341, -287058, 1715242, 'Left']
[2734992, 2581030, 956686, 378335, -462179, 1816309, -147895, 311950, 1546774, 1291503, 1511246, 307241, 1697431, 93536, -291670, 1766041, 'Left']
[2812785, 2577749, 993430, 414548, -472721, 1846733, -161037, 311552, 1549328, 1294477, 1340672, 298624, 1632399, 96906, -287976, 1709518, 'Left']
[2746708, 2579384, 962776, 379402, -462423, 1817396, -147012, 309932, 1544666, 1289362, 1525164, 313660, 1704253, 91815, -292011, 1771186, 'Left']
[2797975, 2577683, 986525, 412471, -471658, 1844655, -158204, 311997, 1550265, 1295147, 1331445, 291525, 1627489, 98246, -288501, 1705548, 'Left']
[2760037, 2577850, 970098, 382114, -463378, 1819730, -149889, 309995, 1543060, 1288496, 1530648, 320265, 1707984, 91123, -291528, 1773320, 'Left']
[2781110, 2577514, 978427, 408922, -471167, 1841099, -158442, 311810, 1550570, 1295374, 1328716, 285609, 1625340, 98094, -290225, 1704030, 'Left']
[2774549, 2576220, 977434, 385950, -464759, 1823148, -150606, 309266, 1542047, 1287382, 1528195, 324905, 1708243, 90548, -290963, 1772055, 'Left']
[2764267, 2577419, 971318, 405211, -469451, 1838325, -156280, 313231, 1550710, 1295197, 1333080, 281066, 1626348, 98349, -290099, 1705081, 'Left']
[2790388, 2574852, 985937, 390781, -465469, 1827335, -151585, 309329, 1541227, 1286943, 1520700, 328250, 1706720, 90351, -288961, 1770505, 'Left']
[2748000, 2577517, 963229, 399981, -468293, 1833575, -155671, 312201, 1550858, 1295320, 1343844, 278081, 1629857, 98604, -290156, 1708582, 'Left']
[2805252, 2573810, 992817, 395705, -467684, 1831475, -154341, 307181, 1540453, 1286587, 1506572, 329945, 1701406, 90136, -289109, 1765753, 'Left']
[2733847, 2578001, 956612, 394835, -466913, 1829421, -153169, 312630, 1550365, 1295252, 1360553, 276955, 1635312, 98715, -291474, 1713991, 'Left']
[2817884, 2573286, 998715, 401024, -469239, 1836383, -156055, 309178, 1540751, 1287271, 1487718, 330539, 1694432, 90682, -288204, 1759740, 'Left']
[2722628, 2577805, 951152, 389467, -465737, 1825047, -151703, 311876, 1549689, 1294825, 1381316, 277347, 1643189, 97727, -292213, 1721490, 'Left']
[2827006, 2572784, 1003046, 405338, -470880, 1840052, -158160, 308280, 1540515, 1287308, 1465450, 328728, 1685947, 90680, -288657, 1752816, 'Left']
[2714933, 2578488, 947331, 384728, -464448, 1821445, -151126, 312930, 1549010, 1294006, 1404886, 279181, 1652411, 96973, -293148, 1729286, 'Left']
[2832640, 2573634, 1005333, 410078, -471470, 1843913, -158759, 309560, 1541911, 1288786, 1439910, 326263, 1675638, 91969, -287654, 1743880, 'Left']
[2712347, 2579240, 945918, 381717, -462955, 1818801, -148671, 311933, 1548509, 1293651, 1430907, 283502, 1662898, 96568, -293166, 1738181, 'Left']
[2834219, 2574032, 1005790, 413245, -472407, 1846305, -159634, 310056, 1543387, 1289979, 1413172, 321982, 1664700, 93078, -286865, 1734499, 'Left']
[2713963, 2579073, 947018, 379170, -462145, 1816338, -148262, 310657, 1547694, 1292369, 1456767, 288594, 1673866, 94940, -293196, 1747003, 'Left']
[2832187, 2574162, 1004725, 415038, -472968, 1847566, -159846, 309782, 1544757, 1290721, 1387778, 315595, 1654238, 93688, -286984, 1725926, 'Left']
[2719769, 2579130, 949881, 377942, -461569, 1815196, -148374, 310038, 1546624, 1291110, 1481882, 295092, 1685030, 93628, -293293, 1756247, 'Left']
[2826267, 2575459, 1001286, 415965, -472526, 1848104, -159824, 310836, 1546763, 1292300, 1364311, 308809, 1644318, 94954, -286669, 1717820, 'Left']
[2729084, 2579454, 954495, 378120, -461626, 1815734, -148253, 311156, 1545752, 1290360, 1503742, 303165, 1695135, 92722, -292154, 1763981, 'Left']
[2816460, 2576820, 995861, 415726, -472359, 1847545, -161059, 311153, 1548385, 1293885, 1346710, 301712, 1636277, 96217, -287183, 1711422, 'Left']
[2740570, 2579868, 959978, 379741, -461942, 1817595, -146670, 310874, 1544707, 1289955, 1519465, 311256, 1702406, 92378, -291425, 1769164, 'Left']
[2803953, 2578259, 989377, 414544, -472127, 1846634, -159528, 311010, 1549755, 1295450, 1334224, 295294, 1629717, 97636, -287612, 1706880, 'Left']
[2754476, 2579288, 966526, 381794, -463260, 1819670, -150859, 308411, 1543562, 1289309, 1528275, 318362, 1706775, 91296, -291518, 1772338, 'Left']
[2789814, 2579090, 982570, 411710, -471367, 1844479, -158943, 312838, 1550461, 1296166, 1329181, 288712, 1626442, 98117, -289292, 1704833, 'Left']
[2770499, 2578527, 974878, 384969, -464112, 1822584, -150997, 309061, 1542991, 1288817, 1530722, 324040, 1709149, 90945, -290301, 1773909, 'Left']
[2773777, 2579752, 974686, 407087, -470029, 1839925, -157849, 311192, 1551392, 1296124, 1331558, 283065, 1626361, 98003, -289764, 1705187, 'Left']
[2786924, 2578190, 982755, 389025, -464700, 1826004, -151726, 308615, 1542336, 1287960, 1526038, 327786, 1708477, 90008, -289478, 1772017, 'Left']
[2757857, 2581535, 966469, 403001, -467461, 1836559, -154089, 312359, 1552217, 1297042, 1340298, 280184, 1629115, 98966, -289282, 1707536, 'Left']
[2802805, 2577845, 990391, 394398, -465648, 1831335, -153777, 308832, 1542119, 1288638, 1513930, 331307, 1704788, 90919, -288087, 1767778, 'Left']
[2742876, 2581874, 959466, 397496, -466099, 1832655, -153334, 312237, 1551498, 1297017, 1354460, 278751, 1633983, 99216, -290901, 1711841, 'Left']
[2816600, 2577800, 996944, 399238, -467162, 1835808, -154719, 308044, 1541683, 1288875, 1497566, 332495, 1698897, 90900, -288360, 1762236, 'Left']
[2731425, 2583158, 954027, 392377, -464842, 1828408, -151951, 312634, 1551581, 1297114, 1374132, 279253, 1641017, 98826, -292375, 1717800, 'Left']
[2828962, 2578825, 1002533, 404839, -468553, 1840574, -156384, 309376, 1543162, 1290129, 1477505, 332726, 1691044, 92309, -288036, 1755564, 'Left']
[2723233, 2584308, 949854, 387644, -463591, 1824499, -150485, 311265, 1551888, 1297279, 1397563, 281610, 1649674, 98823, -292824, 1725528, 'Left']
[2836208, 2579161, 1006245, 409160, -469994, 1844220, -157959, 309667, 1544017, 1291180, 1453501, 331042, 1681154, 93098, -287819, 1747142, 'Left']
[2718405, 2584572, 948335, 383730, -462208, 1821398, -149786, 312508, 1551167, 1296710, 1422797, 285061, 1659522, 98202, -293227, 1734054, 'Left']
[2838435, 2578868, 1007809, 412129, -470824, 1846769, -158702, 308784, 1544481, 1291505, 1428347, 326860, 1671093, 93537, -287684, 1738763, 'Left']
[2716481, 2584138, 947742, 379984, -461142, 1818667, -149302, 310718, 1550083, 1295140, 1448718, 289169, 1670453, 97279, -293381, 1742973, 'Left']
[2836719, 2579131, 1006650, 413925, -471289, 1848296, -159471, 308559, 1545949, 1292567, 1400764, 321003, 1659441, 94347, -287431, 1728634, 'Left']
[2719980, 2584076, 949789, 377803, -460455, 1817178, -147858, 312023, 1548684, 1293814, 1474634, 295049, 1681200, 95442, -293469, 1751757, 'Left']
[2831486, 2579530, 1003626, 414643, -471616, 1848715, -161315, 308790, 1547155, 1293524, 1376302, 314176, 1648768, 95465, -287791, 1719965, 'Left']
[2726737, 2583064, 952655, 376399, -461042, 1815931, -148859, 308940, 1547136, 1292402, 1496784, 301773, 1690782, 94055, -293922, 1758468, 'Left']
[2822671, 2579578, 998850, 414508, -471818, 1848886, -160985, 311189, 1548000, 1294181, 1355375, 306364, 1639174, 96273, -288446, 1711990, 'Left']
[2736825, 2583130, 957833, 377829, -460885, 1817828, -148313, 310584, 1545751, 1291507, 1514762, 309321, 1699303, 93436, -292732, 1765315, 'Left']
[2811659, 2580236, 993457, 414155, -471847, 1848256, -161085, 310350, 1549535, 1295940, 1339983, 299563, 1632102, 97936, -288339, 1706827, 'Left']
[2750362, 2582173, 964957, 379539, -461976, 1819402, -149516, 308160, 1544067, 1290333, 1528127, 316749, 1706089, 92678, -292366, 1770747, 'Left']
[2797307, 2581446, 986410, 412085, -470533, 1846389, -156839, 312287, 1550807, 1296985, 1332385, 293176, 1628013, 98792, -288465, 1704256, 'Left']
[2764671, 2581494, 972175, 382753, -462230, 1822482, -149699, 310247, 1543744, 1290121, 1531847, 323498, 1708967, 92183, -290219, 1772045, 'Left']
[2782120, 2581943, 978946, 408319, -469389, 1842866, -157717, 310657, 1551608, 1297570, 1330568, 287744, 1626333, 99496, -289124, 1702992, 'Left']
[2781356, 2580529, 980461, 386253, -463555, 1825602, -151442, 308672, 1542802, 1289541, 1529747, 328188, 1709423, 91632, -290288, 1771627, 'Left']
[2765952, 2582018, 971072, 403278, -468420, 1838755, -156663, 312435, 1551572, 1297550, 1336895, 283206, 1627980, 99503, -290309, 1705399, 'Left']
[2796801, 2579353, 988026, 390270, -464897, 1829316, -152637, 308577, 1542069, 1288833, 1520712, 330844, 1706641, 90928, -290082, 1769078, 'Left']
[2750139, 2582482, 963458, 398011, -466566, 1834229, -155378, 312231, 1552006, 1297264, 1348530, 280469, 1631575, 99687, -291357, 1709004, 'Left']
[2811274, 2578648, 995117, 395391, -465844, 1833494, -152651, 308335, 1542095, 1288621, 1506291, 332572, 1701978, 90715, -289245, 1764859, 'Left']
[2735757, 2583129, 956337, 393064, -464540, 1829862, -152499, 312877, 1552250, 1297224, 1365144, 279431, 1637842, 99145, -291154, 1714530, 'Left']
[2823486, 2577940, 1000441, 400772, -467949, 1838131, -157010, 308168, 1542207, 1288826, 1486287, 332695, 1694729, 91249, -288410, 1757943, 'Left']
[2725050, 2583413, 950358, 387964, -463657, 1825404, -150017, 311386, 1551233, 1296429, 1386741, 280033, 1645744, 98269, -292338, 1721853, 'Left']
[2832265, 2577899, 1003618, 405655, -469476, 1842358, -157607, 308814, 1542543, 1289404, 1463110, 331180, 1685228, 91772, -287451, 1750142, 'Left']
[2718422, 2583731, 946815, 383933, -462702, 1822601, -150866, 312477, 1550121, 1295648, 1410908, 282373, 1655426, 97602, -292633, 1730246, 'Left']
[2836694, 2578397, 1005111, 409878, -470652, 1845948, -158270, 308589, 1543353, 1290670, 1437149, 327915, 1675173, 93335, -287170, 1741345, 'Left']
[2715607, 2583584, 944966, 380576, -461807, 1819598, -148945, 310923, 1549516, 1295169, 1435687, 286140, 1665451, 97259, -292570, 1737860, 'Left']
[2837231, 2578359, 1005112, 412971, -471245, 1847965, -159444, 309527, 1544096, 1291447, 1410085, 322528, 1664179, 93743, -286846, 1731310, 'Left']
[2717885, 2583024, 946924, 378478, -461431, 1817722, -148360, 311054, 1547737, 1294021, 1462235, 291403, 1677056, 96035, -292319, 1747115, 'Left']
[2833903, 2578400, 1003467, 414869, -472143, 1849150, -159843, 309556, 1544715, 1292608, 1385371, 316051, 1653852, 94846, -286656, 1723158, 'Left']
[2723191, 2582907, 949965, 377666, -461216, 1817221, -147383, 309393, 1545997, 1292857, 1486662, 298153, 1687682, 94838, -292380, 1755709, 'Left']
[2826433, 2578785, 999574, 415355, -472046, 1849698, -159681, 310378, 1546089, 1293876, 1362618, 309100, 1643590, 96178, -286665, 1715316, 'Left']
[2731881, 2582311, 954388, 377580, -461076, 1817464, -147400, 310684, 1544767, 1291568, 1506841, 305443, 1696486, 93835, -291746, 1763045, 'Left']
[2815853, 2579428, 994397, 414567, -471725, 1848872, -158950, 310963, 1547300, 1294856, 1345014, 301525, 1635426, 97369, -287288, 1709392, 'Left']
[2743532, 2581639, 960515, 379065, -461149, 1819138, -147928, 310605, 1543740, 1290894, 1521483, 313037, 1703335, 92897, -291067, 1768465, 'Left']
[2802686, 2579654, 988345, 412795, -470852, 1847242, -157887, 311814, 1548711, 1295724, 1333575, 294556, 1629350, 97921, -287764, 1705572, 'Left']
[2757342, 2580780, 967590, 380836, -461858, 1821004, -149591, 309367, 1542686, 1289596, 1530208, 319447, 1708016, 91727, -290735, 1772168, 'Left']
[2787534, 2580155, 980697, 409103, -469968, 1844053, -157735, 310598, 1549661, 1296128, 1329616, 288291, 1626440, 98350, -289680, 1703456, 'Left']
[2772463, 2579754, 975200, 384012, -462862, 1823769, -148276, 308777, 1541739, 1288666, 1530488, 324481, 1709140, 90926, -290304, 1772294, 'Left']
[2770882, 2581396, 972269, 405449, -468799, 1840496, -157124, 312326, 1550585, 1296733, 1331632, 283394, 1626165, 98868, -290142, 1703656, 'Left']
[2789090, 2579391, 983555, 388926, -464484, 1827669, -151038, 308582, 1541358, 1288618, 1523880, 329041, 1707863, 90813, -289729, 1770258, 'Left']
[2755132, 2582862, 964547, 401425, -466883, 1836062, -153965, 311603, 1551182, 1297608, 1341176, 280933, 1629293, 99908, -290324, 1706655, 'Left']
[2804726, 2578470, 990919, 394394, -465880, 1832157, -152989, 308410, 1541184, 1288901, 1511431, 331948, 1703861, 91020, -288526, 1765998, 'Left']
[2740877, 2582594, 957745, 396340, -465461, 1831967, -152878, 312888, 1550734, 1297076, 1356952, 279332, 1635010, 99001, -290569, 1712233, 'Left']
[2817467, 2577701, 996731, 399474, -467198, 1836790, -155787, 308728, 1541205, 1289343, 1493808, 332476, 1697440, 91762, -287263, 1760683, 'Left']
[2728539, 2582726, 951666, 390718, -463946, 1827494, -149997, 311967, 1550123, 1296538, 1375914, 278811, 1642162, 98569, -290730, 1718603, 'Left']
[2827480, 2577561, 1001660, 404004, -468283, 1840709, -154589, 308484, 1541202, 1289308, 1471945, 331022, 1689569, 91770, -286186, 1753510, 'Left']
[2719057, 2582659, 946980, 385379, -462799, 1823374, -149252, 312018, 1549530, 1296060, 1397670, 280197, 1650687, 98027, -290966, 1725383, 'Left']
[2834449, 2577002, 1004571, 408015, -470045, 1844150, -158855, 308218, 1541367, 1289527, 1446159, 328295, 1679504, 91890, -286414, 1743938, 'Left']
[2715474, 2582788, 945433, 381823, -461697, 1820384, -149148, 310959, 1548260, 1294901, 1423787, 283285, 1661461, 97181, -292213, 1734073, 'Left']
[2836473, 2576895, 1005333, 411380, -471376, 1846889, -158434, 306702, 1542171, 1290490, 1421115, 324197, 1669289, 92719, -286814, 1735444, 'Left']
[2715608, 2582560, 945904, 379448, -461267, 1818633, -148183, 312681, 1547094, 1293820, 1450005, 288081, 1672273, 95865, -292708, 1743300, 'Left']
[2834568, 2577566, 1003772, 414105, -471654, 1848899, -160007, 310098, 1543650, 1292031, 1394908, 318805, 1658300, 94394, -286841, 1726742, 'Left']
[2719662, 2582176, 948168, 377863, -461206, 1817555, -147602, 311043, 1545734, 1292883, 1474957, 294605, 1683140, 94861, -292662, 1751981, 'Left']
[2829330, 2578090, 1001204, 415221, -472048, 1849389, -160107, 308912, 1544778, 1293049, 1371397, 312098, 1648393, 95302, -287148, 1718839, 'Left']
[2727349, 2582018, 952320, 377633, -460929, 1817281, -145679, 309412, 1544844, 1291908, 1497476, 302069, 1693141, 93812, -292177, 1759758, 'Left']
[2820215, 2578338, 996851, 415316, -471545, 1849476, -158740, 310843, 1546408, 1294410, 1351320, 304754, 1639363, 96545, -286564, 1711778, 'Left']
[2737321, 2580726, 957421, 378089, -461215, 1817727, -148907, 309128, 1543196, 1290675, 1515004, 309110, 1701139, 93082, -291681, 1765982, 'Left']
[2808144, 2578405, 991017, 413849, -471465, 1847656, -158875, 309672, 1546940, 1294697, 1337159, 296671, 1632534, 96807, -288035, 1706455, 'Left']
[2750082, 2580206, 964229, 380026, -461574, 1819792, -148414, 309397, 1542070, 1289720, 1526115, 315956, 1707033, 91649, -291173, 1770311, 'Left']
[2793312, 2579687, 983613, 411544, -470037, 1845716, -157879, 312471, 1548481, 1295895, 1329137, 290055, 1627947, 97962, -288519, 1703274, 'Left']
[2764902, 2579384, 971362, 382957, -462637, 1822583, -150613, 308644, 1541182, 1289040, 1529200, 322064, 1709261, 91242, -290705, 1771363, 'Left']
[2777433, 2579925, 975480, 407630, -469789, 1842130, -156802, 312104, 1548624, 1296042, 1328649, 284416, 1626649, 98018, -289955, 1702577, 'Left']
[2780892, 2578706, 979201, 387138, -463916, 1826332, -149487, 309141, 1539923, 1288196, 1525888, 326417, 1708967, 90446, -290032, 1770586, 'Left']
[2761303, 2581017, 967417, 403445, -467923, 1838450, -156031, 311576, 1549426, 1296558, 1335272, 280849, 1627927, 98960, -289756, 1704437, 'Left']
[2797091, 2577549, 987223, 391920, -465380, 1830249, -152269, 308086, 1539601, 1287807, 1515924, 329525, 1705571, 89988, -289242, 1766908, 'Left']
[2745807, 2580720, 960298, 397967, -466963, 1833754, -153913, 311518, 1549030, 1295926, 1348128, 278033, 1631893, 97981, -290550, 1708510, 'Left']
[2810819, 2576851, 993951, 396915, -466720, 1834600, -154381, 307242, 1539091, 1287572, 1500596, 330379, 1700077, 89857, -288389, 1762188, 'Left']
[2732587, 2581419, 954528, 392976, -465430, 1829622, -153648, 312514, 1548690, 1295797, 1366146, 277411, 1638460, 97919, -290989, 1714723, 'Left']
[2822978, 2576753, 1000275, 402504, -468241, 1838984, -155095, 308567, 1539504, 1288404, 1481298, 330706, 1692968, 90639, -287685, 1756361, 'Left']
[2722060, 2582196, 949624, 388279, -463590, 1824818, -149554, 312465, 1548592, 1295653, 1388011, 278479, 1646798, 97418, -290952, 1722356, 'Left']
[2831404, 2576857, 1004370, 407285, -469705, 1842585, -156993, 308798, 1540604, 1289274, 1456924, 329415, 1683231, 91478, -286513, 1747773, 'Left']
[2716492, 2582509, 947001, 384012, -462587, 1821644, -149713, 311033, 1548221, 1295330, 1412390, 281594, 1656173, 96896, -292052, 1730066, 'Left']
[2835602, 2576626, 1005997, 410999, -470872, 1845889, -159527, 308985, 1541621, 1290401, 1431466, 326179, 1672777, 92743, -286726, 1738660, 'Left']
[2714816, 2581699, 946983, 380600, -461665, 1818908, -146813, 309844, 1546847, 1293989, 1439303, 285812, 1667239, 95536, -292135, 1739483, 'Left']
[2834869, 2576681, 1005550, 413515, -471257, 1847838, -160026, 309125, 1542262, 1291205, 1405746, 320748, 1662271, 93034, -286128, 1730172, 'Left']
[2716081, 2581341, 947423, 378525, -461141, 1817151, -148055, 310567, 1545324, 1292807, 1464691, 291077, 1677692, 94363, -292693, 1747636, 'Left']
[2830399, 2576294, 1003369, 415202, -471960, 1848947, -159599, 308193, 1543233, 1291860, 1380413, 314016, 1651391, 93997, -286291, 1720941, 'Left']
[2722277, 2580182, 951514, 377925, -461289, 1817074, -147182, 311383, 1543746, 1291237, 1488829, 297669, 1688567, 93103, -292514, 1756534, 'Left']
[2822560, 2576229, 999381, 415349, -472571, 1849254, -161079, 310138, 1544123, 1292500, 1358715, 306253, 1642093, 94776, -287076, 1714686, 'Left']
[2731125, 2580212, 955473, 377999, -460769, 1817355, -146373, 310135, 1542611, 1290159, 1508222, 304909, 1697333, 92088, -292463, 1764325, 'Left']
[2811550, 2577230, 993694, 414690, -471319, 1848154, -158432, 309912, 1545905, 1293955, 1340675, 298856, 1633800, 96383, -287025, 1708023, 'Left']
[2743332, 2579328, 962049, 379012, -461716, 1818712, -149407, 309233, 1541580, 1289102, 1521791, 312461, 1704063, 90959, -291731, 1768618, 'Left']
[2798285, 2578304, 987360, 412394, -470939, 1846614, -157987, 310639, 1547125, 1294859, 1330847, 291877, 1628404, 96714, -288425, 1703920, 'Left']
[2757949, 2579063, 969228, 381994, -462615, 1821368, -149541, 309069, 1540660, 1288669, 1528547, 319342, 1707758, 90448, -291032, 1770731, 'Left']
[2783960, 2579467, 980185, 410196, -470197, 1844253, -158190, 312085, 1548172, 1296014, 1327771, 286662, 1626131, 97606, -289324, 1702440, 'Left']
[2774226, 2578843, 977225, 386138, -463455, 1824853, -151138, 308320, 1540232, 1288564, 1528392, 325281, 1709017, 90317, -290109, 1771470, 'Left']
[2768396, 2580494, 972531, 406132, -468713, 1840166, -154775, 311202, 1548952, 1296590, 1332009, 282805, 1626621, 98071, -289619, 1703503, 'Left']
[2790056, 2578013, 985273, 390735, -464590, 1828495, -150637, 308084, 1539568, 1288360, 1521441, 329144, 1707182, 90400, -288628, 1769309, 'Left']
[2751983, 2580408, 964306, 401040, -467727, 1835800, -155733, 311991, 1548864, 1296640, 1341778, 279532, 1629410, 98140, -289731, 1706492, 'Left']
[2804778, 2576677, 992045, 395301, -466547, 1832622, -154517, 307331, 1538513, 1287440, 1507806, 330348, 1702406, 89397, -288855, 1764904, 'Left']
[2737113, 2580699, 957159, 395565, -466111, 1831199, -152661, 312251, 1548186, 1295763, 1357364, 277473, 1635020, 97414, -290774, 1712015, 'Left']
[2817687, 2576136, 998280, 400562, -467758, 1837426, -156061, 308529, 1538589, 1287656, 1489733, 330854, 1696023, 89686, -287576, 1759120, 'Left']
[2725342, 2580944, 951751, 390129, -464355, 1826631, -150775, 310294, 1547859, 1295307, 1377503, 277357, 1642662, 96844, -291480, 1718428, 'Left']
[2827229, 2575914, 1003014, 405321, -469086, 1841445, -156342, 309844, 1539344, 1288451, 1467447, 329805, 1687846, 90403, -286460, 1751389, 'Left']
[2717068, 2580816, 947648, 384947, -463600, 1822636, -151078, 311178, 1547168, 1294435, 1400771, 279002, 1652199, 96121, -292239, 1726192, 'Left']
[2833071, 2575805, 1005425, 408973, -470863, 1844531, -158087, 308418, 1539782, 1288724, 1442408, 326658, 1678008, 90927, -287320, 1742544, 'Left']
[2713808, 2581444, 946657, 381881, -462397, 1820183, -148903, 309889, 1546625, 1294016, 1426440, 283057, 1662917, 95919, -292843, 1734809, 'Left']
[2834840, 2576647, 1006314, 412801, -471481, 1847369, -159423, 308678, 1541370, 1290428, 1416593, 323159, 1667908, 92258, -286782, 1733694, 'Left']
[2714711, 2581601, 947856, 380034, -461857, 1818340, -149470, 310725, 1546039, 1293645, 1452875, 289010, 1673850, 95053, -292538, 1743672, 'Left']
[2832801, 2577169, 1005999, 415636, -471956, 1849331, -160548, 310615, 1542716, 1291849, 1391292, 317649, 1657267, 93625, -286125, 1725233, 'Left']
[2719181, 2581311, 951052, 378902, -461216, 1817000, -148240, 310054, 1544757, 1292513, 1478375, 295550, 1684949, 93884, -291649, 1753143, 'Left']
[2826821, 2577057, 1003179, 416626, -471474, 1849306, -157781, 308941, 1543987, 1292954, 1367808, 310619, 1646631, 94643, -285427, 1716895, 'Left']
[2726701, 2580557, 954983, 378270, -460591, 1816673, -146865, 309994, 1542961, 1291046, 1500304, 302544, 1694445, 92472, -290311, 1760723, 'Left']
[2816645, 2577210, 997656, 415613, -471714, 1848698, -160061, 310665, 1544695, 1293564, 1348002, 302634, 1637478, 95202, -285986, 1709479, 'Left']
[2737428, 2579585, 960043, 378528, -461792, 1817911, -150087, 308837, 1541302, 1289641, 1516265, 309602, 1701740, 91335, -291545, 1765691, 'Left']
[2803994, 2577493, 991198, 413676, -471775, 1847251, -158355, 310109, 1545515, 1294532, 1333950, 294795, 1630806, 96587, -287747, 1704320, 'Left']
[2750073, 2578556, 966501, 380449, -462388, 1819656, -149469, 309035, 1539544, 1288458, 1526025, 316022, 1706963, 90002, -290971, 1769928, 'Left']
[2788867, 2578185, 983827, 410845, -470996, 1844419, -158846, 308761, 1546270, 1294879, 1327805, 288009, 1626929, 96586, -289244, 1702505, 'Left']
[2765123, 2578563, 973930, 384079, -462929, 1822930, -149634, 309716, 1538967, 1288147, 1528711, 322083, 1709099, 89906, -290105, 1771274, 'Left']
[2773082, 2579518, 975750, 407612, -469347, 1841797, -157279, 312235, 1547588, 1296102, 1328116, 283536, 1625826, 97722, -288852, 1702131, 'Left']
[2781811, 2577867, 982151, 388413, -464184, 1827083, -150565, 309239, 1538569, 1287703, 1523828, 326822, 1708182, 89595, -289357, 1769577, 'Left']
[2757987, 2580306, 969073, 403444, -468178, 1838351, -154316, 312173, 1548155, 1296324, 1336083, 280296, 1628417, 98059, -288993, 1704520, 'Left']
[2798386, 2577434, 990659, 393699, -465600, 1831442, -153044, 308326, 1538556, 1288189, 1513921, 330283, 1705541, 90066, -287978, 1767001, 'Left']
[2742929, 2581302, 961449, 398221, -466557, 1833163, -154480, 311535, 1548419, 1296786, 1350173, 278604, 1633230, 98318, -290380, 1709367, 'Left']
[2812662, 2576991, 997365, 398615, -467011, 1835174, -154812, 308142, 1538554, 1288334, 1497577, 331701, 1699592, 90468, -287800, 1761365, 'Left']
[2730698, 2581562, 955352, 392812, -464971, 1828469, -151869, 311364, 1548634, 1296704, 1368378, 278171, 1639799, 97845, -290568, 1714898, 'Left']
[2824475, 2576641, 1002481, 403473, -468283, 1839333, -155192, 307510, 1538824, 1288678, 1477370, 331116, 1692122, 90154, -287091, 1754407, 'Left']
[2720573, 2581664, 950281, 387711, -463634, 1824350, -151105, 311234, 1547605, 1295841, 1390701, 278807, 1648802, 97023, -291420, 1722101, 'Left']
[2831392, 2575876, 1005303, 407592, -470313, 1843098, -159072, 307420, 1539073, 1289123, 1452347, 328513, 1682523, 90798, -286907, 1745288, 'Left']
[2715081, 2580708, 948013, 383120, -462960, 1821171, -149329, 312135, 1545847, 1294467, 1415163, 281098, 1658630, 95844, -291829, 1730468, 'Left']
[2834841, 2575464, 1007306, 411083, -471124, 1846157, -158604, 308288, 1539117, 1289235, 1426825, 324204, 1672370, 91218, -286117, 1737556, 'Left']
[2713588, 2581114, 947144, 380291, -461949, 1819015, -149539, 311297, 1544835, 1293682, 1441356, 285585, 1669384, 95146, -291569, 1739934, 'Left']
[2834086, 2575861, 1006381, 413933, -471775, 1848261, -159222, 308074, 1540374, 1290656, 1399829, 319120, 1660958, 92782, -286036, 1727903, 'Left']
[2716415, 2580577, 949157, 378354, -461141, 1817353, -148060, 310755, 1543532, 1292101, 1467378, 291523, 1680380, 93757, -292054, 1748995, 'Left']
[2829381, 2576247, 1004513, 415430, -472050, 1849278, -159388, 308556, 1541792, 1291644, 1375533, 312559, 1650891, 93604, -286062, 1719765, 'Left']
[2722899, 2580692, 952821, 377828, -460704, 1817070, -147986, 309619, 1542368, 1291212, 1491066, 298819, 1690875, 92845, -292041, 1757200, 'Left']
[2821384, 2577254, 1000322, 416003, -471763, 1849882, -159561, 309262, 1543394, 1293228, 1354381, 305682, 1641382, 95318, -286677, 1712095, 'Left']
[2732851, 2580300, 958204, 378235, -460937, 1817754, -147781, 308578, 1541048, 1290109, 1510374, 306979, 1699703, 91970, -292058, 1763946, 'Left']
[2810088, 2578238, 994939, 414922, -471103, 1849076, -158994, 310713, 1544705, 1294441, 1338727, 298634, 1633816, 96499, -287919, 1706268, 'Left']
[2745273, 2580279, 964689, 380158, -460865, 1820106, -147450, 311115, 1540174, 1289823, 1523257, 314902, 1705965, 91972, -291579, 1768663, 'Left']
[2796601, 2579021, 988198, 412963, -470324, 1847024, -158798, 310897, 1546083, 1295911, 1329689, 292396, 1628748, 98065, -288818, 1702528, 'Left']
[2759605, 2579336, 972229, 382720, -461658, 1822281, -149243, 308570, 1538773, 1289164, 1528798, 321044, 1709356, 91358, -290871, 1770782, 'Left']
[2781249, 2579643, 981195, 409429, -468846, 1843645, -155916, 311052, 1546187, 1296343, 1328011, 286664, 1627326, 98670, -289107, 1702163, 'Left']
[2774625, 2578584, 979801, 385742, -462358, 1824631, -149970, 306230, 1537855, 1288540, 1527589, 325678, 1709890, 90884, -289680, 1770629, 'Left']
[2764768, 2580372, 973592, 404624, -467523, 1839881, -155253, 312069, 1546575, 1296365, 1332405, 282167, 1627801, 98303, -289547, 1703017, 'Left']
[2790885, 2577721, 988397, 390098, -463908, 1829420, -151766, 307820, 1537214, 1288331, 1520065, 329541, 1707989, 90610, -288928, 1768605, 'Left']
[2748578, 2580658, 965667, 398874, -466435, 1835387, -154255, 311746, 1546402, 1296357, 1344220, 279224, 1631400, 98533, -290893, 1707416, 'Left']
[2805098, 2576845, 995234, 394357, -465900, 1833267, -154922, 307115, 1536678, 1287813, 1506185, 330792, 1702579, 90279, -289428, 1764198, 'Left']
[2734030, 2581275, 958534, 393213, -464797, 1830620, -151846, 310904, 1546574, 1296069, 1359857, 277626, 1636734, 98138, -292224, 1712205, 'Left']
[2817918, 2576631, 1001400, 399714, -467068, 1837930, -154806, 306969, 1537170, 1288089, 1486898, 331134, 1695658, 90568, -288792, 1757473, 'Left']
[2723515, 2581499, 953874, 388441, -463672, 1826882, -149352, 312557, 1546311, 1295684, 1380584, 278359, 1644769, 97827, -292240, 1719268, 'Left']
[2827446, 2576572, 1005554, 404755, -468677, 1842348, -156319, 307168, 1537748, 1288720, 1464653, 330079, 1687124, 91295, -288145, 1750496, 'Left']
[2716356, 2581864, 950217, 384296, -462707, 1823482, -149268, 311386, 1545887, 1295111, 1404211, 280752, 1653618, 97413, -293066, 1727018, 'Left']
