[3009876, 2687785, 973883, 442003, -489721, 1900781, -142793, 319046, 1697944, 1313286, 1405231, 320950, 1680649, 101492, -316775, 1730088, 'Left']
[2911596, 2692435, 926607, 402938, -478172, 1863832, -129326, 318862, 1696586, 1310863, 1561768, 315084, 1738431, 98849, -321609, 1780876, 'Left']
[2997466, 2687914, 968143, 441037, -489645, 1899760, -143354, 319236, 1699556, 1314557, 1386389, 313675, 1671360, 102844, -316908, 1722813, 'Left']
[2926119, 2691154, 933216, 403466, -478836, 1865500, -130092, 318620, 1694491, 1309157, 1577626, 321880, 1746037, 97179, -322000, 1786733, 'Left']
[2982045, 2689233, 960984, 439489, -488825, 1897202, -142437, 319576, 1700493, 1315741, 1376224, 306912, 1665720, 103778, -317167, 1719439, 'Left']
[2941166, 2690998, 940164, 406964, -479696, 1868777, -130838, 318596, 1693909, 1309375, 1583658, 329153, 1749505, 97435, -320702, 1789068, 'Left']
[2964492, 2689824, 953171, 436768, -488137, 1893851, -140902, 320443, 1701737, 1316604, 1371072, 301164, 1661591, 104594, -317717, 1716764, 'Left']
[2958636, 2689979, 948444, 410393, -481105, 1872742, -132927, 317769, 1693060, 1308637, 1582839, 334386, 1750305, 96569, -320116, 1789112, 'Left']
[2947197, 2690730, 945517, 432954, -486940, 1889896, -139387, 319957, 1702379, 1317223, 1375267, 296596, 1661732, 104843, -318959, 1717853, 'Left']
[2977033, 2689030, 957659, 415575, -482462, 1877724, -133942, 317839, 1692246, 1308300, 1576782, 338788, 1748985, 96788, -319058, 1788281, 'Left']
[2929535, 2691302, 937319, 428120, -485356, 1884550, -138810, 320481, 1702757, 1317525, 1386803, 293362, 1665221, 104964, -318874, 1721847, 'Left']
[2992693, 2687829, 964708, 420387, -484212, 1882445, -137928, 317835, 1691762, 1307935, 1562476, 340722, 1744337, 95944, -319294, 1783510, 'Left']
[2913471, 2692111, 929668, 422662, -483463, 1879656, -134870, 321642, 1702656, 1317073, 1403113, 290970, 1670954, 104807, -320055, 1726716, 'Left']
[3006113, 2687444, 971062, 425666, -485443, 1887526, -137933, 316730, 1692308, 1308587, 1542821, 341893, 1737046, 96773, -317776, 1776806, 'Left']
[2900845, 2692341, 923121, 416761, -482338, 1874143, -134570, 321647, 1702160, 1316671, 1423638, 290688, 1678605, 104257, -321086, 1732973, 'Left']
[3016211, 2686871, 975563, 430172, -487204, 1891795, -139054, 317561, 1692221, 1308635, 1519324, 341020, 1727984, 96663, -317720, 1769040, 'Left']
[2892631, 2692698, 919001, 411645, -481252, 1869903, -134244, 319815, 1701688, 1316101, 1447397, 292105, 1687849, 103531, -321402, 1740818, 'Left']
[3023150, 2686874, 979076, 434785, -488608, 1896205, -142171, 316242, 1693063, 1309783, 1492973, 339397, 1717607, 97758, -317115, 1760090, 'Left']
[2889599, 2692878, 917449, 407932, -479922, 1866469, -130476, 321444, 1700446, 1315181, 1475478, 295257, 1699527, 102616, -321532, 1750311, 'Left']
[3024898, 2686748, 980272, 438444, -489575, 1898878, -143674, 317650, 1694061, 1310796, 1465612, 335873, 1706278, 98700, -316068, 1750509, 'Left']
[2891308, 2693314, 917690, 405649, -478910, 1864516, -130496, 319859, 1699589, 1314528, 1503786, 299846, 1711347, 102421, -321824, 1759706, 'Left']
[3021523, 2687190, 978890, 441270, -490142, 1900901, -145835, 318418, 1695625, 1312497, 1438905, 331194, 1694779, 100544, -315681, 1740832, 'Left']
[2897228, 2692501, 920830, 403740, -479119, 1863877, -128870, 319596, 1698001, 1313384, 1530069, 305977, 1722893, 100787, -321858, 1768746, 'Left']
[3013946, 2687329, 975929, 442238, -490610, 1901371, -144514, 317580, 1696530, 1313308, 1414638, 324325, 1683716, 101148, -316044, 1732846, 'Left']
[2906517, 2692630, 925034, 403865, -478870, 1864381, -130285, 320262, 1696616, 1312352, 1553448, 312776, 1733270, 99783, -321478, 1777424, 'Left']
[3002817, 2687693, 971202, 442349, -490014, 1901059, -143454, 319859, 1698230, 1314936, 1393994, 317579, 1674096, 102940, -315531, 1725616, 'Left']
[2918388, 2691048, 929984, 403378, -478952, 1865146, -131698, 317439, 1694544, 1310582, 1570709, 319201, 1741585, 98212, -320906, 1783558, 'Left']
[2988452, 2687915, 964387, 440396, -489262, 1899392, -142609, 320120, 1699145, 1315365, 1379081, 309445, 1666492, 103262, -316515, 1719767, 'Left']
[2933854, 2690233, 937078, 405273, -479877, 1868032, -131486, 318141, 1693457, 1309517, 1581249, 325804, 1747279, 97121, -320585, 1787322, 'Left']
[2972685, 2688332, 957119, 437559, -489004, 1895551, -142687, 319652, 1700049, 1315944, 1372375, 302808, 1662372, 103365, -317568, 1716946, 'Left']
[2951009, 2689402, 944888, 408115, -480858, 1870415, -133773, 315690, 1692122, 1308437, 1584743, 331563, 1750245, 95773, -320435, 1788817, 'Left']
[2954698, 2689424, 948991, 434395, -487855, 1891894, -141576, 320332, 1701138, 1316820, 1373129, 297826, 1661310, 104106, -318004, 1716103, 'Left']
[2968781, 2688785, 953595, 413274, -481766, 1876143, -134406, 318074, 1691346, 1308278, 1580748, 336512, 1749902, 96234, -319062, 1787928, 'Left']
[2937193, 2690007, 941187, 430136, -486422, 1887768, -138982, 320496, 1701400, 1317186, 1382192, 294224, 1663471, 104534, -318179, 1719283, 'Left']
[2985739, 2687579, 961673, 417879, -483642, 1880980, -135321, 317522, 1691031, 1307978, 1569100, 339442, 1746146, 95638, -317842, 1784704, 'Left']
[2920497, 2691150, 933036, 424818, -484685, 1882401, -137684, 320990, 1701774, 1317242, 1395642, 291530, 1668072, 104434, -318900, 1723345, 'Left']
[3001615, 2687335, 969078, 423567, -485259, 1886357, -138616, 317435, 1691485, 1308890, 1551504, 342080, 1740187, 96534, -317635, 1778912, 'Left']
[2907197, 2691854, 926827, 419153, -483270, 1876822, -135884, 319730, 1701438, 1317233, 1415819, 291095, 1675797, 104230, -320270, 1730198, 'Left']
[3013822, 2686650, 975148, 428288, -486481, 1890947, -138826, 316251, 1691242, 1309227, 1530442, 342169, 1732445, 96740, -317312, 1772272, 'Left']
[2896390, 2692105, 921370, 413624, -481264, 1872446, -133301, 321045, 1700562, 1316646, 1439154, 291432, 1684668, 103704, -321109, 1737728, 'Left']
[3021355, 2686005, 978662, 432735, -487918, 1895508, -142222, 317044, 1691516, 1309663, 1504657, 340365, 1722082, 97269, -317081, 1763406, 'Left']
[2891008, 2692280, 918634, 409002, -479753, 1869059, -131451, 319854, 1699591, 1315759, 1465552, 293877, 1695250, 102864, -322188, 1746665, 'Left']
[3024617, 2686424, 980433, 436576, -488415, 1898938, -141847, 317372, 1692552, 1310689, 1477898, 337766, 1710947, 98655, -316619, 1754274, 'Left']
[2890899, 2692394, 918531, 405787, -478456, 1866459, -130624, 321332, 1698959, 1315320, 1493121, 298507, 1706465, 102225, -322010, 1755473, 'Left']
[3023146, 2686246, 980352, 439226, -488843, 1900936, -142075, 317734, 1694050, 1312038, 1450492, 333446, 1699498, 99681, -316055, 1744370, 'Left']
[2894105, 2692212, 920005, 403387, -477762, 1864906, -129116, 320335, 1697677, 1313995, 1520249, 303842, 1718654, 101393, -321455, 1764793, 'Left']
[3016543, 2686338, 978007, 440293, -489154, 1902107, -142791, 317821, 1695106, 1313159, 1424059, 327400, 1688264, 101124, -315438, 1735444, 'Left']
[2901274, 2691543, 923211, 401439, -478335, 1864143, -132085, 319270, 1695772, 1312573, 1544048, 309873, 1729240, 100074, -322204, 1773265, 'Left']
[3006887, 2686969, 973807, 440632, -489603, 1901803, -143376, 320048, 1696230, 1314281, 1400767, 320424, 1677380, 102140, -316646, 1727247, 'Left']
[2912792, 2691351, 928486, 401783, -478243, 1864705, -130719, 318073, 1694605, 1311622, 1564368, 317207, 1738688, 99106, -321854, 1780758, 'Left']
[2994002, 2687401, 967999, 439723, -489338, 1899741, -143044, 318367, 1698134, 1315748, 1383837, 313773, 1669328, 103342, -317136, 1721139, 'Left']
[2926903, 2690667, 934820, 403012, -479174, 1866356, -132150, 317802, 1693060, 1310505, 1577992, 324413, 1745703, 98319, -321628, 1785724, 'Left']
[2978097, 2688304, 960422, 437868, -488482, 1897697, -142952, 320604, 1699487, 1317346, 1373403, 307446, 1663419, 104617, -316985, 1716844, 'Left']
[2942704, 2689418, 941842, 405761, -479529, 1870218, -132752, 317667, 1691905, 1310090, 1583767, 330880, 1749495, 97472, -320308, 1787588, 'Left']
[2960953, 2687852, 953023, 434456, -488085, 1894197, -140262, 319304, 1699401, 1317073, 1371657, 300937, 1661636, 104407, -317464, 1715556, 'Left']
[2960326, 2687560, 950758, 409323, -480904, 1874430, -134020, 316753, 1690242, 1308683, 1583368, 335218, 1751094, 96295, -319187, 1788784, 'Left']
[2942123, 2688529, 944097, 430001, -486282, 1889709, -140384, 319590, 1699923, 1317235, 1376949, 295931, 1662686, 104626, -318351, 1717455, 'Left']
[2976494, 2686814, 957888, 414115, -482360, 1879289, -135144, 318281, 1689989, 1308493, 1573065, 338726, 1748042, 96229, -318734, 1785187, 'Left']
[2925130, 2688646, 936228, 425297, -484878, 1884691, -136978, 321251, 1700112, 1317196, 1387964, 293007, 1666105, 104777, -318870, 1720456, 'Left']
[2991998, 2685207, 965362, 419232, -484174, 1883555, -137158, 316081, 1689528, 1307935, 1558219, 340658, 1743397, 96025, -317987, 1780883, 'Left']
[2908391, 2689173, 928126, 419885, -483402, 1878832, -137187, 319822, 1699975, 1316860, 1404414, 291088, 1672025, 104413, -320079, 1725821, 'Left']
[3005759, 2683963, 972034, 424869, -486059, 1888663, -141358, 316648, 1689460, 1308238, 1538015, 341908, 1735951, 96375, -317497, 1773956, 'Left']
[2896853, 2689228, 922648, 414985, -481602, 1874104, -133282, 320755, 1699146, 1316234, 1426944, 291135, 1680731, 104354, -320625, 1733278, 'Left']
[3015288, 2683275, 976985, 430163, -487153, 1893148, -138982, 316499, 1689583, 1309050, 1514970, 341388, 1726943, 97399, -315643, 1766775, 'Left']
[2888988, 2689160, 919037, 410495, -480561, 1869848, -133051, 321252, 1698403, 1315955, 1452417, 292851, 1690380, 103580, -320200, 1741820, 'Left']
[3019092, 2682265, 979370, 434742, -488112, 1897029, -141724, 317656, 1690234, 1310047, 1488576, 339120, 1715999, 98404, -315150, 1757683, 'Left']
[2884196, 2687554, 916793, 405932, -479584, 1866216, -131699, 318242, 1696836, 1314676, 1478413, 295525, 1700983, 102610, -320648, 1750226, 'Left']
[3017932, 2680621, 979538, 437255, -488972, 1899244, -141845, 318115, 1690171, 1309776, 1459446, 333937, 1704018, 98547, -315079, 1747222, 'Left']
[2885167, 2686006, 917690, 402922, -478709, 1864164, -129922, 319983, 1694663, 1312621, 1505487, 299293, 1712856, 101022, -320857, 1759634, 'Left']
[3012760, 2679826, 977756, 439105, -489734, 1900770, -144848, 318921, 1690969, 1310765, 1432360, 328109, 1692669, 99725, -315111, 1738286, 'Left']
[2890246, 2684738, 920154, 401002, -478745, 1862665, -129814, 317756, 1692886, 1310919, 1530987, 304593, 1724114, 99631, -322016, 1768657, 'Left']
[3004001, 2679079, 973996, 439552, -490267, 1900038, -143466, 316755, 1692003, 1311243, 1407251, 320822, 1681184, 100855, -315910, 1729296, 'Left']
[2899922, 2683705, 924319, 400624, -479022, 1862747, -131537, 318423, 1691019, 1309079, 1553244, 310942, 1734092, 97952, -322118, 1776586, 'Left']
[2992178, 2679712, 968547, 439469, -490284, 1899204, -144009, 318798, 1693380, 1312446, 1387933, 313729, 1672119, 101631, -316300, 1722552, 'Left']
[2912226, 2683447, 929563, 401632, -479189, 1864031, -130718, 316250, 1689761, 1308689, 1568963, 318434, 1741932, 97381, -321299, 1781838, 'Left']
[2977693, 2680501, 961994, 438373, -489687, 1897493, -143744, 319329, 1694537, 1314018, 1373730, 307102, 1665221, 102881, -316644, 1717031, 'Left']
[2928375, 2683308, 937127, 404099, -479720, 1867455, -131435, 318086, 1688426, 1307672, 1578732, 325289, 1747565, 96551, -320893, 1786312, 'Left']
[2961898, 2682493, 954655, 436094, -488383, 1895031, -141926, 320767, 1696422, 1315372, 1368628, 301385, 1661575, 104075, -317273, 1715144, 'Left']
[2946651, 2683501, 945135, 407669, -480354, 1871094, -131870, 315927, 1688738, 1308142, 1580970, 332041, 1750025, 97106, -319626, 1787254, 'Left']
[2945259, 2683631, 946858, 432018, -487492, 1890582, -140342, 320256, 1697638, 1316190, 1371168, 296851, 1661520, 104097, -317543, 1715433, 'Left']
[2965030, 2683249, 953777, 412156, -481920, 1875616, -134032, 315510, 1688140, 1307851, 1575978, 336385, 1749449, 95800, -318889, 1786220, 'Left']
[2928101, 2685324, 938633, 428071, -485643, 1886175, -139259, 321401, 1698226, 1316970, 1380490, 293486, 1664050, 104640, -318135, 1718064, 'Left']
[2982712, 2682621, 962165, 417716, -483191, 1881578, -135528, 318238, 1687815, 1308029, 1563781, 339715, 1745635, 96102, -317618, 1782558, 'Left']
[2912496, 2686142, 931132, 422632, -483824, 1881294, -137067, 319763, 1698541, 1317062, 1395880, 291396, 1669439, 104866, -318299, 1723103, 'Left']
[2998221, 2681612, 969420, 422934, -484949, 1886697, -137511, 316580, 1687763, 1308080, 1546378, 340979, 1739516, 96371, -316946, 1776889, 'Left']
[2899273, 2686777, 925014, 417248, -482041, 1876305, -134845, 321359, 1698029, 1316529, 1416554, 290151, 1677231, 104550, -319184, 1730167, 'Left']
[3009673, 2681987, 975456, 428176, -485784, 1891636, -139459, 317530, 1688477, 1308945, 1524310, 341107, 1731498, 97106, -315532, 1770658, 'Left']
[2889151, 2688250, 919884, 411751, -480325, 1870820, -132208, 320472, 1698260, 1316629, 1439993, 291230, 1686362, 103675, -319242, 1737909, 'Left']
[3016986, 2682390, 978960, 432672, -487788, 1895209, -141677, 317835, 1689806, 1310205, 1496974, 339667, 1720425, 97673, -314563, 1760194, 'Left']
[2885724, 2688730, 918769, 407739, -479377, 1867560, -131294, 320313, 1697473, 1316021, 1466675, 294145, 1697311, 102829, -320018, 1746457, 'Left']
[3020383, 2682728, 981260, 436583, -488328, 1898347, -142185, 317478, 1690802, 1311328, 1470745, 336719, 1709963, 98604, -313970, 1751954, 'Left']
[2886410, 2689315, 918760, 404884, -478615, 1865135, -130563, 319747, 1696888, 1315467, 1494825, 298557, 1709165, 102015, -320046, 1756260, 'Left']
[3018610, 2683528, 980643, 439668, -489169, 1900604, -142795, 318528, 1692481, 1312958, 1443273, 332263, 1698094, 100012, -314108, 1742152, 'Left']
[2891494, 2689476, 921269, 403427, -478358, 1863817, -130857, 319618, 1695875, 1314644, 1522273, 304461, 1721047, 101484, -320187, 1765847, 'Left']
[3012223, 2684176, 978191, 441566, -489378, 1901390, -144302, 318767, 1694199, 1314782, 1418429, 326518, 1687421, 101770, -313882, 1733879, 'Left']
[2899576, 2688869, 924947, 402738, -478122, 1863800, -130618, 319169, 1694526, 1313820, 1546543, 311298, 1732146, 100210, -320022, 1774372, 'Left']
[3001680, 2683830, 973725, 441604, -489634, 1900586, -143370, 317540, 1695089, 1315193, 1396959, 319061, 1677769, 102115, -314337, 1726478, 'Left']
[2911142, 2688411, 929946, 403211, -478290, 1864895, -130566, 319244, 1692974, 1312152, 1565494, 317822, 1741114, 98901, -319504, 1780993, 'Left']
[2987934, 2685022, 967382, 440977, -488761, 1899688, -141709, 320200, 1697014, 1316940, 1380236, 312158, 1669255, 103794, -314569, 1719645, 'Left']
[2925503, 2687623, 936875, 404847, -479032, 1867160, -130759, 317850, 1691583, 1311308, 1578027, 325095, 1747468, 97887, -319056, 1785448, 'Left']
[2972270, 2685247, 960495, 438293, -488823, 1896478, -143253, 318169, 1697906, 1317626, 1371907, 305476, 1664301, 104023, -315995, 1716213, 'Left']
[2941234, 2686908, 943948, 407058, -480170, 1869419, -133294, 316877, 1690498, 1310458, 1582547, 330871, 1750687, 97056, -319165, 1787147, 'Left']
[2954736, 2686156, 952303, 434869, -487876, 1892572, -142719, 320137, 1698670, 1318077, 1370370, 299850, 1662373, 104018, -316829, 1714727, 'Left']
[2958774, 2685653, 952513, 410982, -481355, 1873699, -133181, 315356, 1689252, 1309630, 1580070, 335669, 1751320, 95995, -317862, 1786976, 'Left']
[2936375, 2687299, 944098, 430997, -486092, 1887873, -139673, 320115, 1699265, 1318822, 1375388, 295417, 1663141, 104691, -316719, 1715995, 'Left']
[2976503, 2685251, 960748, 416441, -482695, 1878929, -136524, 317769, 1688940, 1310009, 1570637, 339859, 1748921, 96354, -317099, 1784229, 'Left']
[2920241, 2688279, 936486, 426394, -484803, 1883404, -136653, 320734, 1699543, 1319395, 1388627, 293100, 1667616, 105389, -317753, 1719963, 'Left']
[2992932, 2684352, 968458, 421718, -484699, 1883718, -137597, 316981, 1688920, 1310319, 1555294, 342223, 1743326, 96488, -316422, 1778971, 'Left']
[2905938, 2688696, 929573, 420647, -483639, 1877691, -136062, 319997, 1699427, 1319116, 1407343, 291809, 1674063, 104663, -318437, 1726036, 'Left']
[3006008, 2683634, 974804, 426710, -486273, 1888435, -139728, 313971, 1689066, 1310520, 1535101, 342733, 1735677, 96553, -315870, 1772515, 'Left']
[2894427, 2688722, 924205, 415422, -481840, 1873140, -134615, 320487, 1698807, 1318117, 1429757, 291595, 1682693, 104040, -319496, 1733280, 'Left']
[3014667, 2682766, 979348, 432054, -487094, 1893380, -140565, 318496, 1689558, 1310777, 1511098, 341478, 1726729, 96961, -314885, 1764845, 'Left']
[2887293, 2688475, 920659, 410531, -480323, 1868999, -133725, 320320, 1697825, 1317062, 1455405, 293160, 1693255, 102846, -319732, 1742258, 'Left']
[3018946, 2682267, 981438, 435568, -488250, 1896394, -142727, 314830, 1690017, 1311479, 1483764, 338666, 1715711, 97832, -314489, 1755490, 'Left']
[2885095, 2688432, 919460, 406960, -479489, 1866020, -133467, 320673, 1696749, 1316118, 1482112, 296282, 1704301, 101928, -320145, 1751052, 'Left']
[3019223, 2682414, 982520, 439370, -488958, 1900123, -140931, 319084, 1690919, 1312514, 1456335, 334402, 1704421, 98975, -313608, 1746681, 'Left']
[2888101, 2688431, 920887, 404445, -478529, 1864447, -130926, 319688, 1695267, 1315227, 1510771, 301504, 1716706, 101487, -319785, 1762014, 'Left']
[3014438, 2682676, 980394, 440960, -489612, 1900632, -142748, 317891, 1692364, 1313970, 1429329, 328947, 1692794, 100147, -313534, 1737349, 'Left']
[2894893, 2688519, 923717, 403181, -478660, 1863049, -131540, 318835, 1694063, 1314196, 1535613, 307863, 1727800, 99741, -319802, 1770447, 'Left']
[3006368, 2683499, 976655, 442225, -490114, 1900441, -144629, 317840, 1694011, 1315680, 1405669, 322778, 1682270, 101498, -313812, 1728745, 'Left']
[2905853, 2688412, 928507, 403473, -478627, 1863792, -130307, 319608, 1693057, 1313484, 1557190, 315312, 1737765, 98979, -319862, 1777513, 'Left']
[2994648, 2684455, 971534, 441928, -489884, 1899731, -143287, 318087, 1695983, 1317180, 1387635, 316162, 1673686, 102873, -313954, 1722154, 'Left']
[2919610, 2687707, 934808, 404580, -480005, 1865434, -131616, 317426, 1691633, 1312388, 1573447, 322584, 1745660, 97820, -319436, 1783399, 'Left']
[2979970, 2685156, 964741, 440589, -489250, 1897907, -142895, 321068, 1696897, 1318090, 1376011, 308880, 1667292, 103564, -314875, 1717938, 'Left']
[2934790, 2686551, 941783, 406674, -479737, 1868376, -132868, 317871, 1690177, 1311598, 1582316, 329172, 1750750, 97060, -318556, 1787228, 'Left']
[2962397, 2684759, 956792, 436732, -488032, 1893884, -141436, 318805, 1697398, 1318225, 1370816, 302124, 1663815, 103903, -315616, 1715456, 'Left']
[2951912, 2684810, 950044, 409387, -480864, 1871477, -133304, 317302, 1688528, 1309942, 1583106, 333702, 1752700, 95884, -318311, 1788144, 'Left']
[2944275, 2685713, 948323, 432490, -486663, 1889071, -139388, 320060, 1697925, 1318299, 1374557, 296725, 1664249, 103681, -316496, 1716962, 'Left']
[2968636, 2684142, 957608, 413646, -482295, 1875702, -135145, 316918, 1688539, 1309735, 1575540, 337820, 1750767, 95368, -317300, 1785826, 'Left']
[2926208, 2686344, 940181, 427541, -485313, 1884689, -139507, 320377, 1698516, 1318531, 1383540, 293413, 1666778, 103897, -317619, 1719171, 'Left']
[2984780, 2683332, 965565, 418645, -483415, 1880832, -137157, 316540, 1688252, 1309742, 1562009, 340655, 1746934, 95491, -316431, 1781803, 'Left']
[2910334, 2686678, 933190, 422055, -484607, 1878433, -137469, 319553, 1698438, 1318418, 1399002, 291236, 1672621, 103704, -318266, 1723888, 'Left']
[3000041, 2683275, 973778, 424638, -485247, 1885193, -137706, 317225, 1687790, 1309868, 1544454, 341839, 1741043, 95473, -316083, 1776725, 'Left']
[2897683, 2688332, 927599, 417616, -482352, 1873511, -134720, 320926, 1698358, 1319081, 1420893, 291545, 1680909, 104348, -318005, 1731663, 'Left']
[3010994, 2683224, 978888, 430311, -486955, 1889936, -141213, 315478, 1688353, 1311153, 1521600, 342315, 1731830, 97041, -314998, 1769363, 'Left']
[2889211, 2689663, 922816, 413132, -480758, 1869295, -133495, 321108, 1698011, 1318897, 1445052, 292972, 1689754, 103690, -318496, 1739341, 'Left']
[3018350, 2683605, 982436, 435587, -488100, 1894092, -139963, 317343, 1689821, 1312570, 1495416, 341215, 1721083, 97897, -313486, 1760137, 'Left']
[2885625, 2689565, 921068, 409233, -479481, 1865666, -133790, 320332, 1697419, 1318258, 1471976, 296125, 1700361, 102941, -317986, 1748242, 'Left']
[3020025, 2682706, 983803, 438442, -489183, 1896729, -142098, 315851, 1689998, 1312963, 1468213, 337095, 1709853, 98116, -313358, 1750929, 'Left']
[2885837, 2688434, 920801, 405327, -479522, 1862590, -131978, 320217, 1695522, 1316415, 1499849, 299458, 1712427, 100993, -318958, 1757961, 'Left']
[3016461, 2682386, 981985, 440277, -490200, 1898532, -144259, 317231, 1691128, 1313704, 1439950, 331061, 1697683, 98791, -313475, 1740577, 'Left']
[2890639, 2688174, 922700, 403158, -478856, 1861742, -131165, 318712, 1693956, 1315047, 1526101, 304893, 1723767, 99720, -319620, 1766754, 'Left']
[3008898, 2682593, 978727, 441394, -490183, 1899105, -143958, 317481, 1692324, 1314964, 1414796, 324881, 1686560, 100341, -313657, 1731805, 'Left']
[2899216, 2688321, 926344, 402905, -478050, 1862084, -130778, 318960, 1692561, 1314039, 1548861, 311677, 1733935, 98644, -319436, 1774619, 'Left']
[2998444, 2683591, 974325, 441911, -489825, 1898486, -143825, 317897, 1694119, 1317005, 1393428, 318540, 1676601, 101761, -313564, 1723977, 'Left']
[2912057, 2687726, 932501, 403507, -479004, 1862481, -131756, 318764, 1690874, 1313196, 1566668, 319158, 1742596, 97585, -319379, 1781071, 'Left']
[2984961, 2684727, 967874, 440595, -489520, 1895992, -142690, 317650, 1695175, 1318184, 1379263, 311475, 1669685, 102743, -314064, 1719203, 'Left']
[2926949, 2686966, 939217, 405041, -480019, 1864195, -133470, 316553, 1689742, 1312447, 1577851, 326294, 1748534, 96922, -318667, 1785186, 'Left']
[2969671, 2685961, 961162, 438953, -488373, 1893520, -141824, 319659, 1696943, 1319142, 1371144, 305081, 1665062, 103757, -314792, 1716310, 'Left']
[2943697, 2686989, 946811, 408534, -480186, 1867437, -132797, 315601, 1689783, 1311974, 1583178, 332823, 1752102, 96750, -317414, 1787942, 'Left']
[2952414, 2686364, 953291, 435133, -487662, 1889466, -141833, 320388, 1698409, 1319940, 1371415, 299715, 1663252, 104346, -315341, 1715082, 'Left']
[2960904, 2685474, 955351, 412140, -481669, 1871695, -134725, 315938, 1688748, 1311514, 1580045, 337524, 1751943, 95754, -316895, 1787116, 'Left']
[2933971, 2687072, 944384, 430573, -485880, 1884766, -139214, 319869, 1698442, 1320295, 1378424, 295594, 1664769, 104367, -316104, 1717144, 'Left']
[2978101, 2684146, 963076, 417076, -483248, 1876671, -135834, 315609, 1688048, 1311396, 1568871, 340979, 1748332, 95859, -315691, 1783312, 'Left']
[2917509, 2687096, 936527, 424981, -485424, 1879861, -138427, 319667, 1697761, 1319864, 1391793, 292805, 1669110, 103910, -316771, 1721490, 'Left']
[2993388, 2683233, 970186, 422281, -485529, 1881910, -139512, 316854, 1686906, 1310941, 1553170, 342312, 1743086, 95452, -315550, 1779001, 'Left']
[2902781, 2687951, 929224, 419949, -483434, 1874648, -136801, 319225, 1697024, 1319641, 1410411, 291532, 1676053, 103745, -317516, 1727690, 'Left']
[3005770, 2683169, 975848, 428419, -486593, 1887210, -140827, 316606, 1687362, 1312077, 1531105, 343047, 1734995, 96754, -313727, 1771631, 'Left']
[2891517, 2688430, 923784, 415093, -481727, 1870124, -135023, 320327, 1696618, 1319695, 1432729, 292077, 1684937, 103887, -317300, 1734891, 'Left']
[3013837, 2682187, 980258, 433280, -487847, 1891513, -142174, 316285, 1687377, 1312575, 1506039, 341279, 1725541, 97929, -313006, 1763022, 'Left']
[2885409, 2688277, 921154, 410965, -480375, 1866726, -133021, 320652, 1695459, 1318925, 1458927, 293429, 1695628, 103482, -317483, 1743936, 'Left']
[3017572, 2682390, 982021, 437382, -488560, 1895183, -142568, 316219, 1687924, 1313471, 1479870, 338088, 1714846, 98606, -312728, 1754660, 'Left']
[2883857, 2688440, 919923, 407389, -479072, 1863823, -131168, 319504, 1694722, 1318237, 1485884, 297442, 1706381, 102879, -318238, 1752085, 'Left']
[3017687, 2682608, 983053, 440349, -489129, 1897761, -142947, 317304, 1689030, 1314603, 1452359, 334334, 1703092, 99670, -312633, 1744865, 'Left']
[2888048, 2689143, 922590, 405348, -478074, 1862782, -130966, 319790, 1693659, 1317765, 1514834, 303877, 1718647, 102215, -318949, 1762882, 'Left']
[3012523, 2683349, 981535, 442146, -489184, 1899106, -144572, 317484, 1690774, 1316933, 1426916, 329861, 1691808, 101640, -313267, 1736637, 'Left']
[2894885, 2688877, 926048, 403891, -477605, 1861854, -130179, 319324, 1692305, 1316933, 1539752, 310979, 1729643, 101326, -319363, 1771856, 'Left']
[3003143, 2683949, 977747, 442401, -489239, 1898521, -144137, 318302, 1692363, 1317925, 1403588, 323313, 1681245, 102569, -313655, 1728556, 'Left']
[2905320, 2688496, 930535, 403238, -477696, 1862227, -131004, 318043, 1691310, 1315655, 1560286, 317880, 1739213, 99996, -319166, 1779244, 'Left']
[2989962, 2684303, 971806, 441452, -488421, 1898034, -143320, 319149, 1694210, 1319149, 1384833, 316043, 1672177, 104489, -314012, 1721288, 'Left']
[2918312, 2686887, 936663, 404042, -478099, 1864112, -131731, 317930, 1689535, 1314191, 1574979, 324723, 1746531, 99049, -318992, 1784500, 'Left']
[2973718, 2683316, 964312, 438451, -488319, 1894866, -144001, 319115, 1694847, 1319226, 1373903, 308354, 1666279, 104311, -315201, 1716890, 'Left']
[2933249, 2684427, 943771, 405418, -479106, 1866238, -132705, 317401, 1687150, 1311885, 1581959, 329843, 1750846, 97015, -318662, 1787075, 'Left']
[2955440, 2683004, 955988, 434968, -487190, 1890586, -141450, 318181, 1694630, 1319133, 1370159, 301449, 1663593, 104293, -315616, 1715131, 'Left']
[2949674, 2682955, 951246, 409202, -480340, 1869843, -135069, 317590, 1685495, 1310910, 1582125, 334973, 1752509, 96361, -316851, 1787687, 'Left']
[2936964, 2683893, 946954, 431701, -485954, 1886905, -141181, 321062, 1694809, 1319856, 1374876, 297072, 1664128, 105143, -315363, 1716516, 'Left']
[2966264, 2681647, 958550, 414231, -481822, 1874568, -135882, 315989, 1684759, 1311083, 1573561, 339182, 1749964, 96835, -315719, 1784950, 'Left']
[2918828, 2683768, 938484, 426895, -484842, 1881594, -138658, 320933, 1694737, 1319971, 1384839, 293734, 1666847, 105318, -315598, 1719081, 'Left']
[2982058, 2679878, 966141, 419610, -483915, 1879470, -137058, 317231, 1684413, 1311257, 1559429, 341560, 1745328, 97158, -314502, 1780869, 'Left']
[2902220, 2682939, 930348, 421067, -483682, 1875946, -137739, 318908, 1694803, 1319617, 1400887, 291514, 1672071, 105505, -316134, 1724202, 'Left']
[2995118, 2677595, 972270, 424112, -485923, 1883909, -140445, 316511, 1683552, 1310363, 1539411, 341368, 1737594, 96530, -314236, 1774208, 'Left']
[2889211, 2682514, 924275, 414664, -482378, 1870979, -135958, 320158, 1692904, 1318007, 1422144, 289820, 1680173, 103533, -317680, 1731701, 'Left']
[3004567, 2676718, 977037, 428810, -486764, 1888999, -140450, 315994, 1683295, 1310457, 1515598, 340159, 1728641, 96700, -313481, 1767016, 'Left']
[2879915, 2682177, 919909, 409443, -480364, 1866930, -134246, 319570, 1692111, 1317203, 1446118, 290846, 1689732, 102944, -317914, 1739723, 'Left']
[3009336, 2675985, 979726, 432874, -487775, 1892443, -142171, 315953, 1683721, 1310971, 1488867, 337709, 1718197, 97350, -312859, 1757981, 'Left']
[2875543, 2681837, 917685, 405320, -479834, 1862676, -134843, 318884, 1690966, 1316079, 1472470, 293422, 1700376, 101838, -318650, 1748304, 'Left']
[3009749, 2675838, 980511, 436538, -488898, 1894895, -143408, 316486, 1684835, 1311877, 1460590, 333861, 1705918, 98091, -313238, 1747875, 'Left']
[2877083, 2681313, 919145, 403181, -478860, 1861000, -131202, 319048, 1689910, 1314933, 1500152, 298144, 1711701, 100927, -318726, 1757896, 'Left']
[3006101, 2675699, 979632, 439110, -489127, 1896523, -143466, 316894, 1685941, 1312705, 1434870, 328572, 1694706, 99398, -312457, 1739931, 'Left']
[2882296, 2681825, 921367, 402153, -478075, 1860202, -132150, 318401, 1688968, 1314164, 1526091, 304264, 1722748, 100083, -318642, 1767459, 'Left']
[2999039, 2676888, 976864, 441031, -489688, 1897608, -143389, 318150, 1687789, 1314464, 1409781, 322928, 1683342, 100884, -312523, 1731045, 'Left']
[2892142, 2682542, 925772, 401964, -477953, 1860459, -130969, 318421, 1688035, 1313709, 1548883, 311769, 1733089, 99394, -318281, 1775908, 'Left']
[2988358, 2678518, 971615, 441130, -489084, 1896842, -143775, 318745, 1689964, 1316787, 1388769, 316356, 1673221, 102416, -312731, 1723443, 'Left']
[2905225, 2682488, 931395, 402959, -477899, 1861507, -130906, 318481, 1686854, 1313028, 1567038, 319354, 1741381, 98349, -317734, 1781946, 'Left']
[2974445, 2678773, 965262, 439350, -489115, 1894688, -142962, 318946, 1691315, 1318053, 1375608, 309515, 1666271, 103405, -313179, 1718052, 'Left']
[2920099, 2681125, 938061, 404105, -479512, 1863396, -133607, 316623, 1684758, 1311460, 1577989, 325476, 1746766, 96639, -318174, 1785711, 'Left']
[2958304, 2679705, 957720, 436962, -487915, 1891984, -141593, 320058, 1692167, 1318497, 1369121, 302630, 1661793, 104088, -314460, 1714990, 'Left']
[2937032, 2680382, 946090, 407883, -479799, 1867427, -132432, 317098, 1684406, 1311013, 1580880, 331540, 1749270, 96296, -316743, 1786574, 'Left']
[2941697, 2680061, 950713, 433934, -486891, 1888531, -140689, 320396, 1692906, 1318839, 1370843, 297567, 1661174, 104060, -314806, 1715211, 'Left']
[2955098, 2679595, 954813, 412253, -481090, 1871969, -135226, 315834, 1683191, 1310392, 1578017, 335978, 1749667, 95787, -316201, 1787117, 'Left']
[2924078, 2681875, 941989, 429442, -485296, 1883993, -140061, 319731, 1693540, 1319823, 1378699, 293970, 1663138, 104743, -315244, 1717454, 'Left']
[2973142, 2679641, 963057, 417687, -482475, 1877467, -136178, 317212, 1683323, 1311363, 1566250, 339943, 1745932, 96273, -314904, 1783178, 'Left']
[2908313, 2682928, 934607, 424219, -483737, 1878959, -137201, 320928, 1693559, 1320379, 1394173, 292109, 1668478, 104773, -315516, 1723337, 'Left']
[2988510, 2679212, 970255, 422956, -484381, 1882115, -139096, 315694, 1683079, 1311592, 1550200, 341831, 1740170, 96198, -314088, 1778694, 'Left']
[2894676, 2684454, 928282, 419493, -482052, 1874446, -135115, 322090, 1693887, 1320754, 1413849, 291713, 1675437, 105376, -316276, 1729216, 'Left']
[3000959, 2679073, 977029, 428805, -485584, 1887539, -139963, 316778, 1684082, 1312975, 1528999, 342977, 1732231, 97422, -312894, 1771617, 'Left']
[2884908, 2684681, 924563, 414037, -480421, 1868887, -132886, 319498, 1693514, 1319877, 1438048, 292328, 1684858, 103919, -316547, 1737423, 'Left']
[3009276, 2679875, 981833, 433841, -486181, 1891450, -140141, 318364, 1685304, 1313558, 1504685, 341665, 1722976, 97994, -311953, 1763740, 'Left']
[2879754, 2686279, 922327, 410130, -478868, 1864999, -133179, 321042, 1693777, 1320187, 1464326, 295609, 1695671, 103797, -316769, 1746150, 'Left']
[3013169, 2680425, 984241, 437792, -487318, 1894116, -142264, 316813, 1686646, 1315106, 1477385, 339281, 1711645, 98961, -311815, 1753864, 'Left']
[2879664, 2686722, 922074, 406925, -477688, 1862272, -130904, 319493, 1693083, 1319658, 1492044, 299740, 1707154, 102837, -316816, 1755004, 'Left']
[3012464, 2680211, 984392, 440674, -488461, 1896680, -142726, 318858, 1687453, 1315948, 1450590, 334665, 1700525, 99695, -311302, 1744892, 'Left']
[2883422, 2686600, 923380, 404792, -477520, 1860274, -131450, 319890, 1691375, 1318308, 1520106, 304752, 1719132, 101470, -317325, 1765430, 'Left']
[3006214, 2680921, 981162, 442262, -488774, 1897071, -144727, 318235, 1689461, 1317727, 1424042, 328811, 1688695, 101284, -311718, 1735355, 'Left']
[2891254, 2686174, 926491, 403397, -477424, 1859700, -129183, 316495, 1690223, 1316941, 1544196, 311152, 1729827, 100000, -317744, 1773218, 'Left']
[2996876, 2680951, 976908, 442438, -488800, 1897121, -142552, 318301, 1690777, 1318565, 1401781, 321664, 1678849, 102405, -311638, 1727392, 'Left']
[2902947, 2685138, 931785, 403567, -477559, 1860657, -131506, 319289, 1688689, 1315490, 1564433, 318064, 1739905, 98852, -317164, 1780648, 'Left']
[2984183, 2681656, 971041, 442164, -488246, 1895813, -143848, 319073, 1692482, 1320137, 1384770, 314740, 1671156, 103495, -312011, 1721183, 'Left']
[2916478, 2684319, 937711, 405000, -478190, 1862396, -131892, 316143, 1687316, 1314727, 1577667, 325483, 1747132, 97934, -316858, 1785294, 'Left']
[2968001, 2681858, 963500, 439611, -487847, 1892748, -143339, 319360, 1693207, 1320627, 1374067, 307440, 1665338, 103672, -313037, 1716399, 'Left']
[2932198, 2683097, 945341, 407484, -479342, 1865382, -133336, 316684, 1685912, 1313308, 1583303, 331130, 1750528, 96578, -316467, 1786973, 'Left']
[2951352, 2682540, 956195, 436236, -486670, 1889061, -140719, 317835, 1694036, 1320955, 1372048, 301550, 1663083, 104098, -313238, 1715159, 'Left']
[2949910, 2681845, 953393, 410567, -480616, 1868350, -135736, 315941, 1684899, 1312615, 1582718, 336124, 1751769, 95682, -315517, 1786987, 'Left']
[2932994, 2683097, 947404, 431453, -485852, 1884052, -139944, 320164, 1694394, 1321182, 1376885, 296550, 1663631, 103994, -314392, 1715792, 'Left']
[2966950, 2681118, 961885, 415072, -482174, 1873028, -135310, 315503, 1684171, 1312271, 1573980, 339812, 1749537, 95254, -314761, 1784389, 'Left']
[2916023, 2684015, 940020, 426469, -484658, 1879107, -138880, 319577, 1694632, 1321546, 1388553, 293622, 1667379, 104107, -315053, 1719649, 'Left']
[2983168, 2680562, 969509, 420213, -483960, 1877631, -137871, 314341, 1683974, 1312508, 1559352, 342160, 1744411, 95815, -314387, 1780072, 'Left']
[2900123, 2685143, 931731, 420889, -482992, 1873841, -137627, 319920, 1694650, 1321689, 1405346, 291917, 1672894, 103888, -316402, 1724785, 'Left']
[2996906, 2680070, 976004, 426167, -485361, 1883553, -141006, 315745, 1684320, 1313239, 1538866, 343190, 1736640, 96015, -314285, 1772878, 'Left']
[2888714, 2685103, 926870, 415676, -481449, 1869362, -135346, 318922, 1694367, 1321417, 1427297, 292001, 1681529, 103796, -317041, 1731903, 'Left']
[3006196, 2679683, 980876, 431092, -486555, 1887885, -140488, 316668, 1684464, 1313537, 1515275, 342016, 1727762, 96353, -313763, 1765581, 'Left']
[2881195, 2685550, 923536, 411340, -479629, 1865732, -133399, 319655, 1693508, 1320770, 1452249, 293493, 1691196, 103086, -317429, 1740805, 'Left']
[3010970, 2679268, 983464, 435658, -487403, 1891907, -142843, 316708, 1685423, 1314980, 1488542, 340110, 1716903, 97803, -312645, 1756736, 'Left']
[2877952, 2685072, 921853, 407280, -479173, 1861941, -133228, 319609, 1692280, 1319799, 1478067, 296541, 1701874, 101927, -318192, 1749282, 'Left']
[3012109, 2679388, 984442, 438889, -488038, 1894006, -142033, 315897, 1686113, 1315405, 1460982, 335977, 1705753, 97934, -312324, 1747473, 'Left']
[2880291, 2685428, 922553, 405208, -478035, 1860396, -131984, 319891, 1691579, 1319175, 1505761, 301822, 1713818, 101385, -317575, 1758803, 'Left']
[3008701, 2679196, 983158, 441465, -489304, 1896335, -143484, 317007, 1687493, 1316972, 1434279, 330920, 1694346, 99627, -312043, 1738479, 'Left']
[2886772, 2684844, 925448, 403487, -478033, 1859570, -131594, 318229, 1689532, 1317500, 1533412, 307566, 1726119, 99362, -318154, 1769162, 'Left']
[3000076, 2679484, 979179, 441970, -489279, 1896501, -145497, 316063, 1688890, 1318246, 1411248, 324149, 1684028, 100460, -312794, 1730370, 'Left']
[2896023, 2684179, 929621, 402985, -477728, 1859833, -130986, 319233, 1687957, 1316224, 1555111, 314091, 1735998, 98095, -318291, 1776565, 'Left']
[2989093, 2679706, 974559, 441603, -489115, 1895832, -144103, 318056, 1690165, 1319267, 1391522, 316939, 1674845, 101555, -312243, 1723362, 'Left']
[2908879, 2683232, 935449, 403575, -478224, 1861107, -131057, 317229, 1686481, 1315194, 1571875, 321086, 1744319, 97142, -317328, 1782706, 'Left']
[2974455, 2680072, 967932, 439662, -488601, 1893853, -143921, 319090, 1690966, 1320099, 1378140, 309333, 1668121, 102169, -312680, 1718435, 'Left']
[2923649, 2682246, 942570, 405529, -478888, 1863935, -132574, 318149, 1684933, 1314166, 1581412, 327578, 1749677, 96183, -316939, 1786558, 'Left']
[2957244, 2680874, 960290, 437180, -487092, 1890633, -140965, 319018, 1691959, 1321189, 1372002, 303068, 1664137, 103101, -312777, 1715838, 'Left']
[2940321, 2681467, 950862, 408752, -479639, 1866941, -133430, 316750, 1683787, 1313656, 1582798, 333579, 1751535, 95979, -315241, 1787235, 'Left']
[2939772, 2681870, 952542, 433154, -486024, 1886396, -140232, 318746, 1692761, 1321868, 1373419, 297947, 1663341, 103333, -313545, 1715622, 'Left']
[2957671, 2680875, 959038, 412882, -481260, 1871267, -135193, 315456, 1683101, 1313199, 1577312, 338009, 1750901, 94874, -315088, 1785823, 'Left']
[2922479, 2683018, 944751, 428727, -485306, 1881898, -140323, 320545, 1693041, 1322140, 1382350, 294590, 1665779, 103367, -315168, 1718252, 'Left']
[2975585, 2680156, 967856, 418217, -483107, 1876082, -137318, 315385, 1682856, 1313518, 1566068, 341650, 1747280, 94887, -314876, 1782648, 'Left']
