[2176055, 3584433, 934346, -3157, 427668, 1050530, -20069, -16382, 1805361, 1442439, 1177309, 841101, 1137390, 2238121, -30994, 1168414, 'Right']
[2170472, 3581215, 960438, -8579, 420541, 1044752, -21111, -18028, 1798210, 1436247, 1325536, 884107, 1185430, 2321807, -12689, 1215204, 'Right']
[2175399, 3584307, 927990, -3533, 425912, 1050236, -18159, -15883, 1805078, 1442054, 1191526, 840571, 1138373, 2245522, -31659, 1170776, 'Right']
[2170723, 3580833, 966785, -8294, 421789, 1045110, -22051, -18866, 1798116, 1436692, 1308644, 883742, 1183582, 2312634, -12147, 1211590, 'Right']
[2174656, 3584222, 922524, -3232, 423691, 1049845, -17570, -15164, 1804376, 1441813, 1210301, 841262, 1140554, 2256624, -31525, 1175291, 'Right']
[2171439, 3580840, 971223, -7176, 424404, 1045395, -22226, -19888, 1798312, 1437375, 1288296, 882101, 1180233, 2301901, -12347, 1206828, 'Right']
[2173484, 3583921, 918824, -3703, 421440, 1049016, -17526, -13675, 1803654, 1441183, 1231709, 843450, 1144311, 2269283, -31167, 1180943, 'Right']
[2172330, 3581325, 973812, -6090, 425889, 1046565, -23238, -18604, 1798548, 1438047, 1265728, 879482, 1175656, 2289647, -14297, 1201425, 'Right']
[2173098, 3584315, 916983, -3708, 420181, 1048968, -15074, -12881, 1803163, 1440763, 1255242, 847492, 1149621, 2282477, -29572, 1187376, 'Right']
[2172395, 3580995, 974799, -6061, 427187, 1046391, -24586, -20444, 1799372, 1438430, 1241740, 875593, 1170505, 2275450, -15408, 1194202, 'Right']
[2172172, 3583912, 917676, -4473, 418219, 1048081, -15744, -12809, 1801983, 1439349, 1279167, 851695, 1155641, 2296000, -28842, 1193681, 'Right']
[2173161, 3581336, 973796, -5382, 429143, 1047019, -23987, -20617, 1800320, 1439115, 1218927, 870442, 1164238, 2263040, -17630, 1187253, 'Right']
[2171570, 3583809, 919585, -4949, 417559, 1047095, -15983, -13720, 1801029, 1438742, 1301555, 857457, 1162207, 2308692, -26144, 1199893, 'Right']
[2173842, 3582074, 970364, -4299, 429977, 1047967, -24997, -19793, 1801472, 1440202, 1197654, 864980, 1157601, 2250558, -20190, 1180252, 'Right']
[2170777, 3583175, 923414, -5704, 416491, 1046540, -16212, -14410, 1800131, 1437804, 1320711, 863348, 1168419, 2319523, -23485, 1206228, 'Right']
[2174264, 3582220, 966362, -3643, 430274, 1048740, -23985, -18978, 1802167, 1440177, 1181257, 858522, 1151260, 2242012, -23135, 1175365, 'Right']
[2170099, 3582986, 928599, -5964, 416966, 1046322, -15679, -13822, 1799549, 1437219, 1334973, 869364, 1174555, 2328211, -20425, 1211764, 'Right']
[2174751, 3582799, 959990, -2956, 431405, 1049488, -23148, -18545, 1802975, 1440960, 1168372, 852876, 1145428, 2234883, -25605, 1170581, 'Right']
[2169674, 3582621, 934901, -6403, 416864, 1045908, -15878, -13802, 1798776, 1436689, 1343230, 874739, 1179610, 2332713, -17719, 1215170, 'Right']
[2174603, 3582948, 953161, -2830, 430671, 1049748, -22444, -19550, 1803585, 1441354, 1163049, 848090, 1141153, 2231496, -27590, 1167709, 'Right']
[2168841, 3581672, 941950, -7465, 416830, 1044615, -18261, -15277, 1797485, 1435468, 1346572, 878732, 1182914, 2334722, -16096, 1217379, 'Right']
[2175154, 3583709, 945739, -2058, 429790, 1050400, -21447, -16397, 1804114, 1441559, 1164927, 844661, 1138070, 2232448, -29935, 1166474, 'Right']
[2169343, 3581957, 949126, -7002, 418003, 1044868, -17720, -16534, 1797598, 1435806, 1343195, 882582, 1184838, 2332753, -14319, 1217984, 'Right']
[2174737, 3583944, 938131, -1807, 428309, 1050174, -21723, -17181, 1804502, 1441898, 1172218, 842544, 1136853, 2235714, -31232, 1166871, 'Right']
[2168932, 3581221, 956725, -7191, 419304, 1044392, -20297, -17536, 1797233, 1435491, 1333206, 884068, 1185107, 2327377, -13494, 1216388, 'Right']
[2174158, 3584117, 931057, -1764, 426894, 1049968, -19773, -14842, 1804090, 1441525, 1184477, 841149, 1136976, 2243166, -32223, 1169241, 'Right']
[2169041, 3580860, 963604, -6917, 421264, 1044736, -21829, -17923, 1797058, 1435930, 1317939, 884605, 1183824, 2319165, -13122, 1213361, 'Right']
[2173388, 3584003, 924581, -1939, 424365, 1049889, -19503, -14444, 1803792, 1441264, 1200961, 841334, 1138228, 2252736, -32772, 1172853, 'Right']
[2169572, 3580718, 968719, -6029, 423259, 1045547, -19842, -17074, 1797315, 1436409, 1298882, 883647, 1181021, 2308842, -12760, 1208814, 'Right']
[2172502, 3583940, 919965, -2159, 422817, 1049875, -16891, -12836, 1803155, 1441319, 1221040, 842913, 1141699, 2264224, -31193, 1177516, 'Right']
[2169436, 3579959, 972597, -6308, 425122, 1045352, -23033, -19322, 1797415, 1437179, 1276551, 881238, 1177368, 2296274, -13176, 1202841, 'Right']
[2171511, 3583621, 917130, -2757, 420778, 1048813, -16069, -13987, 1802018, 1440368, 1243607, 844959, 1145785, 2277175, -30657, 1182868, 'Right']
[2170013, 3580167, 974172, -5627, 426210, 1045946, -25259, -19577, 1797736, 1437824, 1253283, 877551, 1171986, 2283245, -14655, 1196206, 'Right']
[2170790, 3583635, 916941, -3166, 418875, 1048372, -15203, -12146, 1801180, 1439675, 1267307, 849211, 1151349, 2290216, -28767, 1188977, 'Right']
[2171044, 3580880, 974240, -4614, 427929, 1046973, -25563, -20181, 1798409, 1438003, 1230350, 873011, 1166346, 2270327, -15542, 1189792, 'Right']
[2169944, 3583306, 917977, -3991, 417310, 1047711, -16848, -12556, 1800328, 1438478, 1290976, 854510, 1157837, 2303408, -26713, 1195697, 'Right']
[2172018, 3581612, 971236, -3429, 429168, 1048231, -24415, -18706, 1799492, 1438893, 1207745, 867555, 1159634, 2257237, -18455, 1182828, 'Right']
[2169347, 3583160, 920222, -4225, 416491, 1047545, -16203, -11717, 1799483, 1437656, 1311422, 860546, 1164080, 2314504, -23862, 1202320, 'Right']
[2172590, 3581870, 967664, -2593, 430102, 1048759, -25650, -19151, 1800690, 1439755, 1187850, 861725, 1152803, 2245738, -21045, 1176857, 'Right']
[2168600, 3582723, 925416, -4980, 416549, 1046244, -14865, -13504, 1798611, 1436946, 1328913, 866368, 1170652, 2324798, -21005, 1208861, 'Right']
[2172743, 3581997, 962062, -2546, 430674, 1048139, -24096, -20727, 1801388, 1440088, 1173488, 855364, 1146657, 2237930, -23696, 1171711, 'Right']
[2168157, 3582422, 930667, -5196, 416464, 1045694, -16382, -13384, 1797544, 1435819, 1340366, 871852, 1175880, 2331057, -19027, 1212574, 'Right']
[2172855, 3582553, 956308, -1412, 430887, 1049458, -24289, -18769, 1801975, 1440526, 1165348, 850577, 1141943, 2233225, -26710, 1168465, 'Right']
[2167965, 3582693, 937953, -5188, 416648, 1045632, -16784, -15046, 1796360, 1435080, 1347300, 877384, 1180392, 2336136, -17602, 1216898, 'Right']
[2173690, 3584012, 949085, -269, 430350, 1050511, -21961, -16522, 1802839, 1441344, 1163494, 847276, 1138174, 2232341, -29419, 1166436, 'Right']
[2168006, 3582713, 945708, -5265, 417799, 1045246, -18597, -15918, 1796147, 1434985, 1346138, 881839, 1182997, 2335304, -15876, 1218293, 'Right']
[2174017, 3584947, 941960, 4, 429162, 1050797, -23121, -17134, 1803179, 1441340, 1168134, 844258, 1136212, 2235005, -32114, 1166966, 'Right']
[2168617, 3583211, 952830, -5081, 418565, 1045410, -22056, -16855, 1796749, 1435863, 1338753, 884621, 1184466, 2331589, -15623, 1217605, 'Right']
[2173927, 3585621, 934346, 75, 427870, 1050473, -20784, -17763, 1803456, 1441623, 1177865, 842798, 1136048, 2241076, -33607, 1168886, 'Right']
[2168370, 3582664, 959849, -5403, 420624, 1044642, -23220, -18594, 1796538, 1435824, 1325681, 885436, 1183887, 2324920, -14556, 1215539, 'Right']
[2173237, 3585978, 927224, -118, 426131, 1050407, -22516, -14146, 1803239, 1441687, 1191634, 842006, 1136731, 2248822, -33688, 1171594, 'Right']
[2168795, 3582561, 966293, -4856, 422826, 1045449, -24465, -18887, 1796518, 1436243, 1308287, 885127, 1182011, 2315549, -13138, 1212417, 'Right']
[2172241, 3585834, 922668, -332, 423953, 1050029, -20313, -14057, 1802759, 1441018, 1209914, 842743, 1139427, 2259242, -32330, 1176019, 'Right']
[2169165, 3582681, 971054, -4168, 424240, 1045693, -26630, -19368, 1796676, 1436615, 1287685, 883336, 1178646, 2304169, -12979, 1207567, 'Right']
[2171508, 3585848, 918817, -564, 421851, 1049257, -19258, -14526, 1802692, 1440907, 1230800, 844908, 1142960, 2270884, -31256, 1181354, 'Right']
[2169393, 3582462, 973794, -3664, 426146, 1046143, -27595, -19370, 1797197, 1437228, 1264629, 880325, 1174293, 2291093, -14014, 1201948, 'Right']
[2170232, 3585326, 916801, -1816, 419480, 1048286, -19360, -14841, 1801133, 1439659, 1253917, 848011, 1148035, 2284576, -30282, 1188102, 'Right']
[2170237, 3582692, 974404, -3327, 427508, 1046459, -26728, -21796, 1797524, 1437543, 1240706, 876093, 1168560, 2278419, -15973, 1195100, 'Right']
[2169992, 3585560, 916865, -2011, 418267, 1048081, -17724, -11447, 1800478, 1439044, 1277347, 852815, 1154058, 2298589, -28186, 1194242, 'Right']
[2171019, 3583050, 972788, -2233, 428903, 1047739, -26778, -19436, 1798738, 1438715, 1217174, 871366, 1162457, 2265226, -17680, 1187819, 'Right']
[2169056, 3585026, 918900, -2679, 417184, 1047411, -19107, -13623, 1799459, 1438111, 1298799, 858174, 1160408, 2310561, -25885, 1200346, 'Right']
[2171458, 3583195, 969779, -1705, 429269, 1047999, -28181, -19644, 1799564, 1439161, 1196116, 865589, 1155920, 2253562, -20457, 1181051, 'Right']
[2168168, 3584385, 922958, -3374, 416440, 1046589, -17418, -14451, 1798319, 1436961, 1318607, 864076, 1166828, 2322193, -23416, 1206557, 'Right']
[2171465, 3583046, 965494, -1206, 430537, 1048374, -25620, -20513, 1800128, 1439407, 1179590, 859194, 1149487, 2244664, -22810, 1175532, 'Right']
[2167519, 3583921, 928191, -3402, 416115, 1046334, -18407, -12836, 1797394, 1435962, 1334785, 869742, 1173006, 2331306, -20272, 1212271, 'Right']
[2171961, 3583732, 960012, -59, 430809, 1049313, -25433, -20386, 1801104, 1440208, 1168755, 853875, 1144105, 2238211, -25208, 1171563, 'Right']
[2167032, 3583714, 934234, -3850, 416267, 1045698, -19326, -15194, 1796400, 1435494, 1343229, 875281, 1177890, 2336196, -18050, 1216054, 'Right']
[2172689, 3584493, 952618, 478, 430960, 1050169, -24327, -18238, 1801913, 1440815, 1161813, 849146, 1139492, 2233820, -27500, 1167416, 'Right']
[2166991, 3583365, 941748, -4356, 417138, 1045655, -19699, -13660, 1795998, 1434990, 1344574, 879721, 1181627, 2336696, -15444, 1217670, 'Right']
[2172475, 3584546, 945693, 121, 429431, 1050103, -23592, -19150, 1801900, 1440561, 1163260, 845332, 1136827, 2234618, -29746, 1166826, 'Right']
[2166912, 3582919, 949106, -4598, 417899, 1045180, -21134, -16043, 1795403, 1434354, 1341346, 882825, 1183592, 2335064, -14169, 1217735, 'Right']
[2172771, 3585292, 937824, 953, 428277, 1050744, -22153, -17492, 1802256, 1440485, 1170680, 843078, 1135670, 2238624, -31207, 1166718, 'Right']
[2166936, 3582606, 956591, -4384, 418864, 1045008, -22046, -17993, 1795420, 1434673, 1331396, 884819, 1183849, 2329482, -12665, 1215769, 'Right']
[2172138, 3585364, 930654, 881, 426185, 1050321, -22847, -16656, 1801955, 1440320, 1182738, 841683, 1135614, 2245338, -31929, 1168882, 'Right']
[2167105, 3582043, 963625, -4281, 420757, 1044765, -22848, -19661, 1795425, 1434797, 1316525, 884946, 1182722, 2321175, -12613, 1212913, 'Right']
[2171452, 3585271, 925058, 1018, 424810, 1050028, -20023, -15740, 1802077, 1440165, 1199994, 841853, 1137699, 2255208, -31358, 1172653, 'Right']
[2167221, 3581590, 968927, -3618, 423134, 1044913, -24780, -19259, 1795424, 1435414, 1298671, 883946, 1180641, 2311897, -11793, 1209075, 'Right']
[2169893, 3584570, 919935, 88, 422673, 1049130, -19897, -14020, 1801494, 1439801, 1219706, 842832, 1140743, 2266708, -31260, 1177140, 'Right']
[2167612, 3581422, 971947, -3419, 425498, 1045855, -25226, -20422, 1795719, 1435532, 1276042, 881153, 1176334, 2299289, -12803, 1202845, 'Right']
[2169269, 3584807, 917022, -510, 421036, 1049103, -16105, -13756, 1800639, 1438802, 1241853, 845543, 1145115, 2278958, -29827, 1182408, 'Right']
[2168377, 3581806, 973569, -3109, 426835, 1046306, -25644, -20932, 1796398, 1435957, 1252730, 877574, 1171536, 2285736, -13841, 1196007, 'Right']
[2168374, 3584582, 916225, -1463, 418551, 1048252, -17815, -14045, 1799532, 1437438, 1265623, 849178, 1150553, 2292008, -29169, 1188345, 'Right']
[2168976, 3582157, 973639, -2293, 427716, 1046906, -27637, -21485, 1796935, 1436547, 1229330, 873146, 1165095, 2272687, -16758, 1189334, 'Right']
[2168041, 3584765, 917830, -1730, 417551, 1047757, -17600, -14123, 1798886, 1437231, 1289178, 854798, 1156522, 2305699, -27201, 1195397, 'Right']
[2169661, 3582462, 971841, -1475, 429202, 1047709, -27091, -20781, 1798141, 1437754, 1207391, 867902, 1158941, 2260517, -18477, 1182737, 'Right']
[2166932, 3584099, 920981, -2583, 416627, 1046432, -17568, -15382, 1798014, 1436407, 1310430, 860182, 1163431, 2317884, -24400, 1202104, 'Right']
[2170187, 3582959, 968116, -487, 429875, 1048288, -28433, -19704, 1798860, 1438432, 1188114, 861719, 1152534, 2249872, -21207, 1176311, 'Right']
[2166424, 3584078, 925828, -2583, 416034, 1046182, -17557, -14641, 1797010, 1435821, 1327380, 866491, 1169660, 2327756, -21636, 1207865, 'Right']
[2170655, 3583602, 963383, 527, 430481, 1049080, -23733, -19350, 1799853, 1439358, 1173593, 856408, 1146535, 2242057, -23253, 1171938, 'Right']
[2166136, 3583777, 931542, -3031, 416481, 1045618, -17226, -14442, 1796200, 1435449, 1339238, 872662, 1175247, 2334657, -18053, 1212920, 'Right']
[2171445, 3583962, 956432, 789, 430427, 1049282, -24971, -19730, 1800998, 1439905, 1164350, 851087, 1141286, 2236384, -25854, 1167836, 'Right']
[2166277, 3583089, 938061, -3721, 416489, 1044766, -18733, -16291, 1795776, 1434488, 1344167, 877083, 1179631, 2337205, -16045, 1215274, 'Right']
[2171942, 3583786, 949583, 936, 429794, 1049748, -24916, -17145, 1801076, 1439891, 1161888, 846711, 1137931, 2234924, -28221, 1165851, 'Right']
[2166210, 3582156, 944818, -4116, 416924, 1044556, -20977, -16622, 1795059, 1434119, 1343540, 880789, 1182233, 2337171, -14486, 1216658, 'Right']
[2172516, 3584161, 941072, 1314, 429107, 1049793, -23249, -18355, 1801448, 1439866, 1165521, 843316, 1135647, 2236613, -30255, 1165316, 'Right']
[2166838, 3581763, 952305, -4226, 418342, 1044006, -20407, -18128, 1794661, 1434004, 1336071, 883231, 1183655, 2332866, -13006, 1215726, 'Right']
[2172734, 3584582, 933934, 1601, 427066, 1049739, -22583, -15965, 1801595, 1439562, 1175768, 841713, 1135319, 2242195, -30972, 1166922, 'Right']
[2167352, 3581525, 959951, -3808, 419619, 1044304, -22069, -17300, 1794577, 1434177, 1324481, 884733, 1183433, 2326631, -11987, 1214416, 'Right']
[2172298, 3584550, 927387, 1183, 425441, 1049013, -20188, -17115, 1801222, 1439562, 1190569, 841142, 1136195, 2250673, -31543, 1170063, 'Right']
[2168051, 3581553, 966181, -3078, 421842, 1044504, -21968, -18102, 1794511, 1434290, 1308179, 884553, 1181805, 2317799, -11549, 1210739, 'Right']
[2171846, 3584926, 922471, 1331, 422907, 1049313, -19480, -14476, 1801034, 1439574, 1209392, 842411, 1139232, 2261498, -30783, 1174616, 'Right']
[2168735, 3581729, 970684, -2628, 423561, 1045053, -23715, -19355, 1795172, 1435166, 1288072, 883098, 1178680, 2306889, -11773, 1205863, 'Right']
[2170991, 3585008, 918557, 794, 421357, 1048846, -18763, -14844, 1800522, 1439110, 1230647, 844752, 1142858, 2273355, -29744, 1179382, 'Right']
[2169113, 3581732, 973721, -2112, 425470, 1045788, -26815, -19510, 1795410, 1435590, 1265638, 880463, 1174378, 2294134, -12598, 1199823, 'Right']
[2169962, 3584911, 916928, 429, 419715, 1048454, -15965, -13287, 1799590, 1438248, 1254368, 848111, 1147875, 2286778, -28411, 1185554, 'Right']
[2169421, 3581660, 974298, -1634, 427111, 1046124, -23996, -20376, 1795890, 1436135, 1242112, 876188, 1168677, 2280685, -13691, 1192930, 'Right']
[2169169, 3584409, 917267, -287, 417942, 1047580, -16102, -12713, 1798404, 1437188, 1278232, 852414, 1153625, 2300098, -26429, 1192048, 'Right']
[2169839, 3581616, 973283, -1039, 428472, 1046769, -25460, -20449, 1796865, 1436638, 1219589, 871174, 1162031, 2268162, -16228, 1186343, 'Right']
[2167955, 3583764, 919163, -1021, 416550, 1047138, -16697, -13320, 1797312, 1435942, 1300538, 857415, 1159400, 2313475, -24731, 1199026, 'Right']
[2170661, 3582365, 969545, 344, 429278, 1048342, -24940, -19767, 1797751, 1437741, 1197633, 865315, 1155029, 2256273, -18982, 1179773, 'Right']
[2167264, 3583611, 922607, -1295, 415619, 1046992, -16410, -13093, 1796778, 1435613, 1319349, 863661, 1166063, 2323896, -21898, 1205087, 'Right']
[2170594, 3582185, 965437, 269, 429500, 1048361, -25651, -19377, 1798710, 1438222, 1179676, 859082, 1148867, 2246131, -21455, 1173907, 'Right']
[2166285, 3582876, 928367, -2415, 416028, 1045465, -16266, -13794, 1795616, 1434295, 1335042, 869280, 1172211, 2333284, -19363, 1210812, 'Right']
[2171507, 3583079, 959620, 1338, 430115, 1048664, -24834, -19226, 1799489, 1438606, 1169107, 853295, 1143146, 2240701, -24073, 1169775, 'Right']
[2166555, 3582903, 934339, -2307, 415586, 1045243, -16871, -14169, 1795305, 1434206, 1342734, 874889, 1176915, 2337746, -16694, 1213956, 'Right']
[2171901, 3583494, 953285, 1792, 429616, 1049436, -23334, -18408, 1800379, 1439312, 1162717, 848869, 1138962, 2236897, -26123, 1166872, 'Right']
[2165879, 3582412, 941659, -2988, 415940, 1044471, -16800, -14386, 1794405, 1433786, 1345809, 879360, 1180572, 2339709, -14487, 1216434, 'Right']
[2171674, 3583793, 945872, 1956, 428739, 1049470, -23247, -16575, 1800340, 1439432, 1164272, 845157, 1136025, 2237565, -28153, 1165513, 'Right']
[2165883, 3582107, 949268, -2940, 417126, 1044618, -18621, -15766, 1793828, 1433588, 1342169, 882511, 1182760, 2337762, -12817, 1216556, 'Right']
[2170809, 3583603, 938597, 1876, 427156, 1049787, -19801, -17091, 1800559, 1439499, 1171373, 842883, 1135075, 2241272, -29026, 1166003, 'Right']
[2165318, 3581172, 956566, -3237, 418416, 1044430, -19588, -16225, 1793241, 1432941, 1332404, 883907, 1183109, 2332337, -11639, 1215071, 'Right']
[2170828, 3584271, 931179, 2617, 425563, 1050484, -19719, -13822, 1800348, 1438945, 1183741, 841436, 1135244, 2248189, -30400, 1168389, 'Right']
[2165618, 3581042, 963610, -2727, 420210, 1044843, -20725, -17843, 1793487, 1433552, 1317955, 884733, 1182260, 2324494, -11011, 1212832, 'Right']
[2170039, 3584307, 925175, 2292, 424268, 1050224, -18449, -13580, 1799847, 1438703, 1200742, 841351, 1137024, 2258218, -30689, 1172417, 'Right']
[2166205, 3581033, 968985, -2258, 422340, 1045255, -22699, -16777, 1793659, 1433894, 1299700, 883688, 1179908, 2314950, -11084, 1208901, 'Right']
[2169733, 3584709, 920528, 2043, 421976, 1049843, -17314, -13099, 1799917, 1438654, 1220663, 843161, 1140176, 2269761, -30135, 1177527, 'Right']
[2167006, 3581165, 972693, -1829, 424451, 1045831, -22234, -17764, 1794318, 1434648, 1277820, 881611, 1175973, 2302682, -11665, 1203439, 'Right']
[2168421, 3584221, 918088, 985, 420115, 1048969, -16996, -11546, 1799062, 1437871, 1242897, 845603, 1144752, 2282088, -28885, 1182884, 'Right']
[2167343, 3581014, 974941, -1623, 426009, 1045901, -22306, -19441, 1794533, 1435037, 1254833, 877947, 1171158, 2289918, -12611, 1196951, 'Right']
[2167927, 3584164, 917189, 252, 418844, 1047682, -15851, -12945, 1798345, 1436954, 1266843, 849494, 1150142, 2295794, -27687, 1188988, 'Right']
[2168431, 3581720, 974011, -804, 427531, 1046442, -25890, -19346, 1795815, 1435643, 1230948, 873336, 1165197, 2275990, -15250, 1189638, 'Right']
[2167108, 3584061, 918677, -304, 417320, 1047482, -15323, -12830, 1797389, 1436161, 1289427, 854578, 1156298, 2307739, -26057, 1195175, 'Right']
[2168861, 3581955, 972573, 14, 428467, 1047663, -25243, -18890, 1796316, 1436457, 1208937, 868102, 1158748, 2263873, -17542, 1183797, 'Right']
[2166371, 3583888, 921340, -505, 416173, 1047528, -16077, -11912, 1796108, 1434995, 1310870, 860274, 1162760, 2320634, -23952, 1202689, 'Right']
[2169421, 3582506, 968611, 863, 429071, 1048933, -24374, -18101, 1797373, 1437346, 1189026, 862244, 1152064, 2252937, -20665, 1177768, 'Right']
[2165651, 3583481, 925450, -1396, 415186, 1046609, -15234, -13463, 1795167, 1434194, 1327698, 866254, 1168779, 2330196, -21577, 1208583, 'Right']
[2169969, 3582923, 963346, 1594, 429856, 1049417, -23865, -16294, 1798353, 1437762, 1173804, 856094, 1145716, 2244327, -23307, 1172553, 'Right']
[2165174, 3583010, 931661, -2070, 415386, 1045716, -16226, -13884, 1794344, 1433292, 1339688, 871719, 1174604, 2337287, -18603, 1213381, 'Right']
[2170388, 3583203, 956840, 1874, 429494, 1049920, -24868, -15683, 1798963, 1438469, 1165188, 850509, 1140999, 2239520, -25483, 1168466, 'Right']
[2164899, 3582347, 938310, -2347, 415916, 1045389, -15465, -13032, 1793901, 1433934, 1345031, 876893, 1179334, 2340308, -15061, 1215863, 'Right']
[2170626, 3583317, 950020, 2376, 429378, 1049829, -22580, -16427, 1799723, 1439671, 1163020, 846439, 1137686, 2238502, -26224, 1166498, 'Right']
[2164637, 3581411, 945608, -2959, 416274, 1043956, -19451, -14171, 1793536, 1434183, 1344159, 880730, 1182149, 2340421, -13165, 1216626, 'Right']
[2171037, 3583658, 942142, 2448, 427882, 1049386, -22217, -15162, 1799766, 1439686, 1166780, 843305, 1135502, 2240520, -29049, 1165629, 'Right']
[2165223, 3581563, 952926, -2897, 417896, 1043745, -19207, -14902, 1793471, 1434123, 1336936, 883397, 1183141, 2336397, -11835, 1216135, 'Right']
[2170589, 3583984, 935129, 2581, 426397, 1049291, -20569, -14871, 1800192, 1439306, 1176523, 841943, 1134870, 2245637, -29947, 1167502, 'Right']
[2165182, 3581146, 960795, -2579, 419500, 1043792, -21826, -16610, 1793156, 1432965, 1326146, 884549, 1182946, 2330895, -11786, 1215360, 'Right']
[2170096, 3584446, 928403, 2814, 425239, 1049346, -19413, -13653, 1800228, 1438417, 1192171, 841250, 1135948, 2255194, -31401, 1171460, 'Right']
[2165818, 3581392, 966265, -2007, 422077, 1044219, -20857, -18112, 1793743, 1432976, 1310012, 884374, 1181291, 2322070, -11619, 1212131, 'Right']
[2169400, 3584580, 922011, 2260, 422964, 1048775, -18900, -13551, 1799969, 1437602, 1210653, 841807, 1138427, 2264915, -31740, 1175116, 'Right']
[2165865, 3581026, 970507, -1722, 423265, 1044861, -22695, -17155, 1793690, 1432936, 1289103, 882580, 1177747, 2309917, -12874, 1206489, 'Right']
[2168438, 3584520, 918911, 2177, 420901, 1049049, -16469, -10103, 1798775, 1436895, 1231855, 843975, 1142193, 2277307, -30585, 1181083, 'Right']
[2166721, 3581458, 972676, -727, 424990, 1045841, -24941, -17306, 1794083, 1433993, 1267039, 879903, 1173610, 2297800, -12428, 1201066, 'Right']
[2167472, 3584393, 916053, 1874, 418978, 1049035, -16729, -10112, 1798285, 1436855, 1253320, 847459, 1146857, 2288653, -28218, 1185874, 'Right']
[2166910, 3581284, 973660, -84, 426657, 1046700, -25318, -17972, 1794438, 1434602, 1241906, 875826, 1168170, 2283258, -13461, 1193773, 'Right']
[2166312, 3583870, 916852, 956, 417961, 1047879, -15534, -11806, 1796823, 1435991, 1277845, 852035, 1153374, 2302752, -25522, 1192854, 'Right']
[2167186, 3581236, 971990, 199, 427737, 1046862, -27104, -18740, 1794704, 1435646, 1218885, 870773, 1162060, 2270487, -14977, 1187137, 'Right']
[2165312, 3583585, 918570, 463, 416614, 1047638, -16397, -9922, 1795248, 1435068, 1299370, 857313, 1159589, 2314716, -23536, 1199208, 'Right']
[2167622, 3581684, 970003, 1068, 428869, 1048424, -25664, -18246, 1795192, 1436473, 1198470, 865496, 1155849, 2258966, -16822, 1181245, 'Right']
[2164490, 3583007, 922534, -747, 415528, 1046960, -17835, -10932, 1794293, 1434185, 1320329, 863418, 1166055, 2326641, -20295, 1206122, 'Right']
[2168431, 3582402, 965570, 1528, 429093, 1049231, -26295, -16357, 1796205, 1436902, 1182555, 859323, 1148956, 2249688, -20058, 1175571, 'Right']
[2164529, 3583380, 927719, -944, 414667, 1047020, -18448, -11193, 1793534, 1433930, 1335264, 869556, 1171749, 2334926, -17724, 1211699, 'Right']
[2169311, 3583250, 959386, 2494, 429473, 1050104, -26188, -15784, 1797516, 1438057, 1169773, 853938, 1143088, 2242276, -22953, 1170933, 'Right']
[2164111, 3582876, 934214, -1480, 415414, 1045940, -17142, -12346, 1793000, 1432989, 1343281, 874561, 1176667, 2339410, -15318, 1215441, 'Right']
[2169123, 3583258, 952859, 2651, 429375, 1049653, -23564, -16445, 1797996, 1437570, 1163938, 848668, 1138735, 2239500, -25431, 1168605, 'Right']
[2162851, 3581531, 940698, -2539, 415448, 1044499, -19193, -14504, 1792169, 1431371, 1346225, 878302, 1180230, 2342059, -14381, 1217661, 'Right']
[2168576, 3582867, 945074, 2555, 428052, 1049497, -23063, -15491, 1798257, 1436534, 1165014, 844002, 1135509, 2240880, -29142, 1167095, 'Right']
[2162229, 3580728, 947672, -2846, 417039, 1044031, -19398, -15054, 1791957, 1430922, 1342094, 880966, 1181723, 2340742, -14163, 1217854, 'Right']
[2167958, 3582725, 936549, 2683, 427285, 1049567, -23168, -13798, 1798651, 1436745, 1170936, 841264, 1133825, 2244253, -31111, 1167190, 'Right']
[2161362, 3579203, 954599, -3261, 417665, 1043708, -21484, -15780, 1791221, 1430319, 1332145, 882439, 1181880, 2335484, -13773, 1216267, 'Right']
[2166135, 3581635, 929011, 2523, 424730, 1049596, -22420, -13419, 1797666, 1435957, 1183179, 839593, 1133746, 2251605, -32869, 1169399, 'Right']
[2160706, 3577999, 960584, -2852, 419730, 1044079, -21325, -16100, 1790336, 1430193, 1317345, 882736, 1180625, 2328108, -13548, 1213498, 'Right']
[2164522, 3580488, 922848, 1935, 423541, 1049224, -20004, -12704, 1797078, 1435628, 1198789, 839423, 1135496, 2260298, -31817, 1172322, 'Right']
[2160134, 3576700, 966281, -2601, 422017, 1044273, -22192, -16003, 1789858, 1430277, 1298741, 881323, 1178240, 2317706, -12379, 1208949, 'Right']
[2162694, 3579407, 917612, 1172, 421221, 1048318, -19240, -12293, 1795808, 1434807, 1218178, 840505, 1138170, 2271170, -31394, 1176261, 'Right']
[2159814, 3575842, 969765, -2471, 423353, 1044482, -24418, -18738, 1789697, 1430741, 1275948, 879112, 1173907, 2304394, -13342, 1202280, 'Right']
[2161883, 3579522, 915013, 1287, 419506, 1048729, -17791, -11209, 1794442, 1434455, 1240076, 843450, 1142519, 2282972, -30722, 1181445, 'Right']
[2159893, 3575711, 971916, -1636, 425386, 1045969, -25785, -16828, 1789620, 1431279, 1252760, 876001, 1169356, 2290944, -14579, 1196131, 'Right']
[2160518, 3579130, 913934, 374, 417612, 1048508, -17978, -10630, 1793073, 1433232, 1263535, 847450, 1148045, 2296172, -29565, 1188239, 'Right']
[2160522, 3576217, 971427, -1059, 426694, 1046860, -25081, -17980, 1790114, 1431615, 1228824, 871256, 1163447, 2277299, -17013, 1189549, 'Right']
[2159658, 3578945, 915674, -736, 417185, 1047864, -16556, -10939, 1791829, 1432127, 1287098, 852204, 1154757, 2309454, -27279, 1195004, 'Right']
[2161746, 3577323, 968876, -206, 428416, 1048051, -26929, -17195, 1791150, 1432871, 1206443, 865747, 1157170, 2264900, -18983, 1182135, 'Right']
[2159260, 3579080, 918461, -1577, 415859, 1047058, -17810, -11463, 1791418, 1431929, 1307113, 857992, 1161035, 2320480, -24737, 1200409, 'Right']
[2162905, 3578472, 965694, 356, 428828, 1048569, -27756, -17858, 1792321, 1433686, 1186724, 859890, 1150505, 2254257, -21924, 1176033, 'Right']
[2159261, 3579734, 922878, -2054, 414891, 1046168, -19079, -12795, 1790800, 1431575, 1323964, 863983, 1167153, 2330655, -22604, 1206136, 'Right']
[2163635, 3579251, 961129, 691, 428956, 1048378, -27042, -18883, 1793567, 1434613, 1171271, 854202, 1144295, 2245732, -24939, 1170266, 'Right']
[2159084, 3579868, 929895, -2647, 414653, 1044932, -18265, -13214, 1789894, 1430099, 1336996, 869674, 1172896, 2338853, -20671, 1211157, 'Right']
[2165086, 3581153, 955255, 1920, 429344, 1049619, -26741, -16379, 1794894, 1434756, 1163792, 849318, 1139491, 2242168, -28148, 1167690, 'Right']
[2159663, 3580494, 936463, -2498, 415128, 1045264, -19606, -13454, 1790203, 1430233, 1342905, 875645, 1177361, 2342190, -18410, 1214915, 'Right']
[2165427, 3581616, 948464, 2252, 428824, 1049796, -26328, -17184, 1795501, 1435089, 1161142, 845205, 1135601, 2240516, -30671, 1166235, 'Right']
[2159866, 3580214, 944560, -2836, 416534, 1044798, -19615, -13874, 1789712, 1429554, 1343435, 879655, 1180545, 2342965, -16117, 1217294, 'Right']
[2165921, 3582308, 941576, 2433, 428193, 1050092, -23763, -14918, 1796179, 1435244, 1165510, 842327, 1133774, 2243133, -31830, 1166264, 'Right']
[2160449, 3580485, 951859, -2789, 417641, 1044924, -21182, -14890, 1789902, 1429916, 1336182, 882248, 1181863, 2339531, -14744, 1216686, 'Right']
[2165989, 3582871, 933662, 2339, 426356, 1050085, -22120, -15018, 1796921, 1435888, 1173323, 840622, 1133490, 2247188, -32617, 1166617, 'Right']
[2160782, 3580272, 959308, -2914, 418516, 1044753, -22911, -16054, 1789369, 1429769, 1322885, 883003, 1181588, 2332246, -14140, 1213783, 'Right']
[2166106, 3583764, 927435, 2567, 424512, 1050171, -20866, -13998, 1796661, 1436101, 1187979, 840310, 1134549, 2255711, -33120, 1169423, 'Right']
[2161712, 3580489, 965755, -2257, 420873, 1044789, -22501, -15691, 1789839, 1430722, 1306503, 883479, 1180129, 2323296, -13200, 1210226, 'Right']
[2166160, 3584520, 922082, 2822, 422266, 1049994, -19894, -11593, 1796422, 1436071, 1206398, 841395, 1137294, 2266132, -32567, 1173450, 'Right']
[2163148, 3581352, 970477, -939, 423106, 1046103, -24086, -15492, 1790840, 1431943, 1286331, 882577, 1177031, 2311608, -12968, 1205388, 'Right']
[2165374, 3584442, 918482, 2279, 420637, 1049523, -17040, -12425, 1796310, 1436097, 1227145, 844013, 1140831, 2277454, -31212, 1178992, 'Right']
[2163829, 3581375, 973245, -549, 424738, 1046049, -25342, -17357, 1791032, 1432242, 1263508, 879586, 1172480, 2298943, -13991, 1199697, 'Right']
[2164936, 3584589, 916280, 1587, 418849, 1048413, -17903, -12126, 1795749, 1435538, 1250115, 847231, 1145669, 2289795, -30261, 1184330, 'Right']
[2164541, 3581521, 974299, -217, 426167, 1046618, -25568, -17637, 1791904, 1433233, 1240144, 875867, 1167061, 2285306, -15492, 1192551, 'Right']
[2164614, 3584666, 917180, 1190, 417292, 1048529, -16259, -10403, 1794604, 1434626, 1275353, 851929, 1151591, 2304565, -28385, 1191736, 'Right']
[2165690, 3582293, 973114, 662, 427640, 1047849, -25109, -18013, 1793232, 1434234, 1218682, 871200, 1161201, 2273611, -17414, 1186639, 'Right']
[2163490, 3584318, 919322, 372, 416118, 1047887, -16755, -11734, 1793858, 1433734, 1297978, 857251, 1158147, 2317379, -26110, 1198434, 'Right']
[2166086, 3582572, 970687, 1525, 428401, 1048532, -27415, -17981, 1793590, 1434766, 1198046, 865271, 1154285, 2262177, -20522, 1180270, 'Right']
[2163580, 3584482, 923612, 649, 415826, 1047799, -14317, -10644, 1793140, 1433324, 1317962, 863275, 1164700, 2328928, -23436, 1205364, 'Right']
[2167169, 3583206, 966536, 2689, 429200, 1049369, -24880, -16776, 1795476, 1436541, 1180685, 859960, 1148396, 2252462, -22182, 1174997, 'Right']
[2162773, 3583536, 928365, -521, 414872, 1045842, -15686, -13013, 1792408, 1432687, 1333104, 869118, 1170661, 2337621, -20524, 1210478, 'Right']
[2167528, 3583293, 960149, 2770, 429256, 1048948, -25653, -17550, 1795714, 1436541, 1168738, 853495, 1142174, 2246231, -25225, 1170285, 'Right']
[2162398, 3583277, 934454, -1060, 414957, 1045611, -16983, -12927, 1791384, 1432069, 1341504, 874193, 1175152, 2342926, -18349, 1214095, 'Right']
[2167908, 3584141, 953909, 3346, 429105, 1050067, -23450, -16280, 1796621, 1437248, 1162319, 848914, 1137615, 2242825, -27628, 1167344, 'Right']
[2161987, 3582936, 941919, -1907, 415246, 1044845, -18495, -13341, 1790642, 1431081, 1344670, 878748, 1179064, 2345007, -16649, 1216526, 'Right']
[2168247, 3584893, 946651, 3561, 428345, 1050591, -22196, -15246, 1797046, 1436658, 1163332, 845320, 1134859, 2242879, -30318, 1165813, 'Right']
[2162083, 3582837, 949770, -1699, 416692, 1045065, -18134, -14108, 1790299, 1430594, 1341777, 882267, 1181573, 2343002, -14877, 1216802, 'Right']
[2168328, 3585460, 938885, 3979, 427241, 1050932, -21067, -13857, 1797470, 1436966, 1170607, 842871, 1133928, 2246474, -31579, 1166261, 'Right']
[2162070, 3582409, 956852, -1887, 417712, 1044840, -20991, -14633, 1790456, 1430969, 1331703, 883913, 1182400, 2337091, -13809, 1215410, 'Right']
[2167089, 3585001, 932242, 3474, 424739, 1049909, -20143, -14705, 1796857, 1436573, 1182511, 841110, 1133993, 2253228, -32758, 1168574, 'Right']
[2162464, 3582172, 963832, -1346, 419275, 1044745, -21380, -16645, 1790193, 1431217, 1318171, 884274, 1181057, 2330656, -13147, 1212995, 'Right']
[2167037, 3585538, 926060, 3930, 423329, 1050388, -17702, -11760, 1797154, 1436954, 1199378, 841498, 1135694, 2263389, -32346, 1172051, 'Right']
[2163330, 3582594, 968671, -390, 422315, 1045681, -21076, -15543, 1790919, 1432327, 1299313, 883706, 1178753, 2320211, -12228, 1208737, 'Right']
[2166192, 3585449, 920987, 3186, 421177, 1049476, -17551, -12767, 1796810, 1436570, 1218142, 842737, 1138687, 2273146, -31690, 1176560, 'Right']
[2163768, 3582141, 972748, -293, 423540, 1045640, -23887, -17656, 1791083, 1432358, 1277228, 880982, 1174423, 2307250, -13791, 1203066, 'Right']
[2165438, 3585289, 918223, 2628, 419770, 1049104, -16751, -11345, 1796095, 1435801, 1240802, 845417, 1142844, 2285892, -30832, 1182134, 'Right']
[2164482, 3582033, 974293, 134, 425240, 1046100, -23902, -17752, 1791829, 1432927, 1253874, 877748, 1169479, 2294361, -14947, 1196457, 'Right']
[2164507, 3584672, 917433, 1632, 417575, 1047937, -14902, -12417, 1795122, 1434748, 1264113, 848958, 1148128, 2299283, -29340, 1188263, 'Right']
[2165108, 3582439, 974105, 682, 426781, 1046752, -25255, -18657, 1792370, 1433616, 1230409, 873067, 1163514, 2281171, -16751, 1189717, 'Right']
[2163877, 3584789, 918752, 1330, 416556, 1047491, -13340, -12099, 1794265, 1434163, 1287271, 854195, 1154344, 2312035, -27190, 1195038, 'Right']
[2165418, 3582491, 972572, 1435, 428149, 1047366, -24160, -17945, 1793329, 1434434, 1208183, 867894, 1157285, 2268551, -18174, 1183496, 'Right']
[2162767, 3584125, 921635, 723, 415991, 1046490, -15369, -11563, 1792767, 1432950, 1308866, 859723, 1160801, 2324258, -24457, 1202175, 'Right']
[2166103, 3582742, 969224, 2249, 428720, 1047731, -25221, -18609, 1793859, 1434909, 1189234, 861946, 1150589, 2257644, -21156, 1177353, 'Right']
[2162733, 3583985, 926159, 384, 414913, 1045935, -15604, -12031, 1792165, 1432233, 1328031, 865960, 1167335, 2335022, -21960, 1207919, 'Right']
[2166614, 3583148, 964066, 2955, 429107, 1048564, -24132, -18198, 1794882, 1435596, 1174850, 856169, 1144404, 2249676, -24023, 1171921, 'Right']
[2162007, 3583675, 931517, 48, 414841, 1045659, -15105, -13554, 1791054, 1431487, 1339890, 871495, 1172644, 2342074, -19397, 1212600, 'Right']
[2167048, 3583894, 957843, 3871, 428786, 1049807, -23789, -16411, 1795778, 1436306, 1164966, 850987, 1139114, 2244295, -26623, 1168321, 'Right']
[2161717, 3583313, 937986, -507, 414910, 1045563, -15466, -13387, 1790714, 1431524, 1344811, 876840, 1177073, 2345130, -17064, 1215706, 'Right']
[2166797, 3583583, 950533, 3581, 428186, 1049843, -22900, -17315, 1796070, 1436496, 1161292, 846361, 1135650, 2242104, -28508, 1165871, 'Right']
[2160709, 3582046, 945988, -1314, 415169, 1044956, -16834, -13623, 1789389, 1430268, 1344106, 879847, 1180127, 2345122, -15488, 1217177, 'Right']
[2166546, 3583921, 942745, 3826, 427110, 1050387, -19600, -14548, 1795858, 1436227, 1165433, 842897, 1133488, 2244605, -30455, 1165714, 'Right']
[2160314, 3581373, 952975, -2049, 416662, 1044224, -17531, -15855, 1789116, 1430266, 1336401, 882301, 1181234, 2340867, -13743, 1215844, 'Right']
[2166109, 3584002, 935500, 3693, 425757, 1049867, -17871, -13550, 1795789, 1435811, 1174937, 840631, 1132803, 2250075, -31631, 1166575, 'Right']
[2160739, 3581044, 959914, -1587, 418081, 1044325, -19369, -16511, 1789220, 1430262, 1324388, 883121, 1180724, 2334731, -12736, 1213963, 'Right']
[2166170, 3584561, 928262, 3981, 423900, 1049958, -17767, -14760, 1796052, 1435975, 1187901, 840156, 1133617, 2257122, -32350, 1169043, 'Right']
[2161628, 3581446, 966639, -865, 420413, 1044717, -19099, -17039, 1789452, 1430972, 1307676, 883693, 1179311, 2325296, -12540, 1210432, 'Right']
[2165528, 3584643, 923425, 3681, 422046, 1049549, -15293, -12645, 1795840, 1436027, 1206913, 841504, 1136223, 2268148, -31479, 1173996, 'Right']
[2162437, 3581369, 971192, -256, 422424, 1045161, -20347, -16746, 1789802, 1431546, 1288178, 882371, 1176018, 2314979, -12523, 1206309, 'Right']
[2165005, 3584456, 918828, 2851, 419787, 1048986, -18227, -12818, 1795468, 1435622, 1227761, 843481, 1139596, 2279836, -31120, 1178920, 'Right']
[2163068, 3581116, 973959, -330, 423917, 1045379, -21474, -18990, 1790336, 1432035, 1265240, 879400, 1171492, 2301573, -14281, 1199435, 'Right']
[2164106, 3584320, 917734, 2225, 417994, 1048194, -13024, -10749, 1794621, 1434420, 1251756, 846363, 1144643, 2293352, -30013, 1185023, 'Right']
[2163651, 3581403, 974548, 474, 425177, 1045921, -20940, -18259, 1790961, 1432539, 1243182, 875347, 1166151, 2289392, -15545, 1193665, 'Right']
