[3941312, 3374617, -861336, -453666, 1802393, 2001427, 1082112, 332882, 2196668, 2018673, 507870, 540686, 1470071, 2437860, -330220, 1099991, 'Right']
[4005766, 3368265, -858043, -458017, 1818729, 1997603, 1074279, 324720, 2189253, 2009387, 596661, 586318, 1476109, 2446277, -287409, 1109983, 'Right']
[3935486, 3375513, -863932, -453225, 1797703, 2000527, 1082473, 333669, 2195090, 2016875, 527123, 545951, 1469079, 2437769, -327364, 1109704, 'Right']
[4009521, 3366806, -856083, -458330, 1821683, 1997812, 1073475, 323621, 2189536, 2009707, 575353, 579206, 1475895, 2445578, -292166, 1099954, 'Right']
[3932840, 3376014, -865764, -452409, 1794286, 2000401, 1083658, 335548, 2194588, 2015918, 549058, 553489, 1469414, 2439639, -322176, 1119167, 'Right']
[4010711, 3365448, -854478, -459289, 1824083, 1997739, 1072229, 322959, 2190279, 2010228, 553256, 571393, 1475864, 2444471, -297608, 1091171, 'Right']
[3933178, 3377604, -866616, -451384, 1792447, 1999706, 1084719, 336635, 2193856, 2014829, 571634, 562023, 1469887, 2440511, -316345, 1128501, 'Right']
[4010377, 3365590, -852196, -459074, 1825835, 1997926, 1072024, 322504, 2192503, 2012221, 531613, 564355, 1476562, 2443301, -303023, 1081984, 'Right']
[3936435, 3377799, -867749, -451518, 1790854, 1998449, 1084276, 336782, 2192753, 2013440, 594288, 571205, 1470329, 2442035, -309354, 1135779, 'Right']
[4007256, 3366020, -850845, -458444, 1826516, 1998496, 1073363, 322560, 2194186, 2013803, 511588, 556544, 1476473, 2441731, -309304, 1075206, 'Right']
[3941379, 3377398, -868955, -451842, 1790758, 1997730, 1084764, 336115, 2191630, 2012262, 612833, 579819, 1470917, 2443380, -302284, 1141257, 'Right']
[4000597, 3365960, -851416, -458452, 1824896, 1998419, 1073965, 322894, 2194216, 2014432, 493399, 549323, 1475083, 2440085, -315756, 1070958, 'Right']
[3948379, 3376731, -869026, -451618, 1792079, 1997868, 1085075, 336005, 2190501, 2010937, 626636, 587531, 1471261, 2445208, -295886, 1144416, 'Right']
[3992436, 3366065, -851900, -458036, 1822892, 1999114, 1075680, 324074, 2194986, 2014882, 480498, 543704, 1473615, 2438945, -321468, 1069287, 'Right']
[3956278, 3375876, -868223, -452579, 1794690, 1997454, 1084774, 334827, 2189230, 2009012, 638113, 593626, 1471352, 2445898, -290826, 1146473, 'Right']
[3982888, 3367462, -851622, -457262, 1820825, 2000416, 1077589, 325281, 2196610, 2016143, 472217, 540028, 1473362, 2438411, -327084, 1069645, 'Right']
[3966229, 3374661, -866257, -453846, 1798376, 1997353, 1083588, 333212, 2188802, 2007617, 643415, 599249, 1472869, 2447458, -287135, 1144290, 'Right']
[3973367, 3368402, -852452, -457238, 1817252, 2000529, 1078059, 325604, 2197482, 2016298, 470450, 538113, 1472931, 2437741, -331251, 1072424, 'Right']
[3976554, 3373345, -864243, -454754, 1802277, 1997012, 1081719, 330745, 2188535, 2006801, 644238, 601622, 1473692, 2447595, -285242, 1140488, 'Right']
[3963845, 3369962, -853401, -456034, 1813354, 2001257, 1080400, 328056, 2198076, 2016904, 474005, 537690, 1472247, 2437920, -334075, 1077816, 'Right']
[3986573, 3371746, -861423, -455431, 1806815, 1997038, 1080463, 329320, 2188874, 2006548, 635906, 601978, 1475004, 2448386, -284033, 1134049, 'Right']
[3954011, 3371324, -855288, -455186, 1808035, 2000491, 1080945, 328552, 2198194, 2016643, 480907, 539710, 1471586, 2437452, -334976, 1084869, 'Right']
[3995579, 3370512, -858802, -456140, 1810874, 1997062, 1078783, 326756, 2189347, 2006714, 623553, 600531, 1475703, 2448372, -285123, 1125341, 'Right']
[3945883, 3373129, -857543, -454164, 1803112, 2000521, 1082333, 330142, 2197726, 2016174, 495118, 544288, 1470476, 2438196, -334008, 1093781, 'Right']
[4002045, 3368632, -857137, -457138, 1815004, 1996298, 1077360, 324716, 2189300, 2006600, 607027, 596621, 1475912, 2447879, -287145, 1115954, 'Right']
[3938547, 3374242, -859971, -453161, 1799162, 2000102, 1084201, 332235, 2196769, 2015528, 511789, 548740, 1470088, 2438608, -331107, 1102627, 'Right']
[4006406, 3366591, -855520, -458295, 1818838, 1996405, 1076191, 323641, 2188702, 2006422, 586226, 590027, 1475784, 2446788, -290887, 1105101, 'Right']
[3933804, 3374384, -862856, -452912, 1795683, 1999310, 1085407, 333649, 2195085, 2013931, 532052, 555173, 1469120, 2439563, -327023, 1112321, 'Right']
[4009126, 3365225, -853551, -458365, 1822369, 1996782, 1075617, 322820, 2189472, 2006924, 563492, 582956, 1475539, 2445289, -295558, 1096177, 'Right']
[3931697, 3375226, -864554, -452072, 1793305, 1999278, 1086786, 335485, 2194274, 2013034, 552935, 562695, 1469688, 2440542, -321128, 1120922, 'Right']
[4008764, 3363252, -852528, -459420, 1824244, 1996472, 1074471, 321953, 2190130, 2007524, 540174, 574382, 1475612, 2444158, -300821, 1085276, 'Right']
[3932116, 3375138, -866909, -452166, 1790733, 1997836, 1086790, 335695, 2191925, 2010618, 573833, 570705, 1468920, 2440996, -315226, 1129435, 'Right']
[4007060, 3363312, -851974, -459594, 1824992, 1996599, 1073949, 321232, 2191319, 2008563, 517163, 566392, 1475077, 2441966, -307492, 1077575, 'Right']
[3936002, 3375564, -867911, -451882, 1790208, 1997427, 1087315, 336527, 2191170, 2009443, 593503, 579223, 1469272, 2442573, -308758, 1136448, 'Right']
[4002773, 3363149, -850804, -459138, 1825078, 1997086, 1075007, 321758, 2192834, 2010293, 497936, 559033, 1474816, 2441597, -313597, 1071665, 'Right']
[3941897, 3375375, -868110, -451693, 1790509, 1996310, 1086747, 335335, 2190071, 2007533, 611700, 587730, 1469681, 2443376, -302283, 1141360, 'Right']
[3996520, 3364296, -850018, -457913, 1824233, 1997699, 1076426, 323135, 2194576, 2011552, 483650, 553043, 1474133, 2439933, -319448, 1068489, 'Right']
[3949583, 3374532, -867918, -452470, 1792338, 1995518, 1085795, 334446, 2189272, 2006580, 627153, 595182, 1470369, 2445238, -295827, 1144425, 'Right']
[3987281, 3364521, -850731, -458335, 1821825, 1997230, 1076983, 322752, 2194927, 2011786, 472850, 546834, 1472782, 2438117, -325297, 1067859, 'Right']
[3958143, 3374023, -866460, -452999, 1795522, 1995098, 1085459, 333437, 2188755, 2005218, 636049, 599636, 1471410, 2445304, -290878, 1143972, 'Right']
[3977690, 3365221, -851748, -457970, 1818679, 1997627, 1077768, 324394, 2196106, 2012681, 466110, 542515, 1472659, 2436715, -329650, 1067814, 'Right']
[3968184, 3371664, -865707, -454398, 1799146, 1994621, 1083764, 332068, 2187880, 2004013, 638011, 602644, 1472509, 2445831, -287298, 1140378, 'Right']
[3967615, 3366091, -853757, -457569, 1814919, 1997868, 1079542, 325237, 2196366, 2012755, 465733, 540218, 1471719, 2435828, -332860, 1071660, 'Right']
[3977861, 3369970, -864442, -455544, 1802790, 1994463, 1081814, 329658, 2187057, 2002501, 635381, 603983, 1472935, 2445982, -285318, 1135775, 'Right']
[3957480, 3367701, -855599, -456079, 1810080, 1998214, 1081323, 327493, 2196372, 2012495, 470898, 540179, 1470406, 2435071, -334849, 1078195, 'Right']
[3987279, 3368921, -861619, -455523, 1807579, 1995034, 1081053, 328448, 2187658, 2002385, 628161, 603316, 1473762, 2446013, -284472, 1128581, 'Right']
[3948900, 3370164, -856930, -454265, 1805560, 1999187, 1082943, 329636, 2196384, 2012774, 483248, 542915, 1469874, 2435546, -334449, 1085841, 'Right']
[3996016, 3367512, -859030, -456065, 1812058, 1995055, 1079380, 326540, 2187902, 2002653, 615444, 601109, 1474622, 2445488, -285141, 1120043, 'Right']
[3941581, 3371270, -858995, -453388, 1801488, 1998664, 1084546, 331246, 2196443, 2012428, 499349, 547509, 1469436, 2435663, -332292, 1095391, 'Right']
[4002384, 3365896, -856774, -457008, 1815993, 1994876, 1077805, 324655, 2188408, 2003007, 597950, 596324, 1474941, 2444900, -287816, 1110901, 'Right']
[3935857, 3372145, -861650, -452864, 1796915, 1998309, 1085351, 332376, 2195608, 2011716, 517811, 553822, 1468707, 2436464, -329342, 1105033, 'Right']
[4007261, 3364675, -854958, -457546, 1819488, 1995269, 1076735, 323140, 2189197, 2003753, 576797, 590453, 1475000, 2444167, -292124, 1101251, 'Right']
[3932197, 3373507, -863599, -451900, 1793910, 1998168, 1086548, 334144, 2194920, 2010663, 538038, 561547, 1468839, 2437414, -324549, 1115116, 'Right']
[4008277, 3363057, -853070, -458439, 1822640, 1995432, 1075821, 321652, 2190384, 2004522, 553277, 583691, 1475447, 2442893, -297270, 1090833, 'Right']
[3930837, 3373563, -865444, -451852, 1791643, 1997699, 1087203, 334750, 2193343, 2008583, 559554, 569478, 1468511, 2438560, -318862, 1124385, 'Right']
[4007618, 3362148, -851390, -458871, 1824762, 1996354, 1075332, 321409, 2191144, 2004898, 530453, 575176, 1474961, 2441887, -303110, 1082827, 'Right']
[3932827, 3373929, -866234, -451267, 1790692, 1997398, 1087655, 335642, 2192598, 2007067, 580290, 578245, 1469188, 2440317, -312217, 1132784, 'Right']
[4004897, 3361859, -849908, -458487, 1825434, 1996442, 1075265, 320830, 2193283, 2006394, 508762, 568433, 1475430, 2440355, -309162, 1075270, 'Right']
[3937245, 3373720, -866925, -451379, 1789559, 1996234, 1086969, 334996, 2191349, 2005104, 599701, 586999, 1469587, 2441063, -305797, 1138315, 'Right']
[3999435, 3362198, -849245, -458115, 1824496, 1996721, 1075616, 321202, 2194384, 2007162, 490700, 561129, 1474791, 2438917, -315435, 1070013, 'Right']
[3943829, 3373397, -867276, -451771, 1790463, 1995724, 1086358, 334096, 2191134, 2004315, 616546, 595044, 1470607, 2443192, -298966, 1141852, 'Right']
[3991915, 3362627, -849740, -458012, 1821988, 1997230, 1075521, 321481, 2195466, 2008396, 476991, 554624, 1473633, 2437791, -321947, 1067268, 'Right']
[3951750, 3372551, -866973, -452564, 1791722, 1995015, 1085149, 332679, 2189776, 2002834, 629209, 601367, 1470511, 2444038, -294249, 1144040, 'Right']
[3982965, 3363853, -849950, -457342, 1819735, 1997895, 1077234, 322541, 2196427, 2009503, 468104, 550177, 1472572, 2436608, -327183, 1067717, 'Right']
[3960986, 3371694, -865535, -452794, 1795643, 1994716, 1084194, 331861, 2189211, 2001607, 635856, 606443, 1471547, 2444933, -289216, 1143611, 'Right']
[3972908, 3364590, -851348, -456571, 1816587, 1997652, 1078467, 324076, 2197250, 2009658, 463697, 547049, 1471989, 2435740, -330675, 1069843, 'Right']
[3970553, 3370280, -864229, -453114, 1799691, 1994627, 1083031, 330875, 2188295, 2000177, 636021, 608773, 1472438, 2445195, -285665, 1139468, 'Right']
[3962518, 3365483, -853498, -455495, 1812157, 1998408, 1079892, 326293, 2197367, 2009787, 464874, 545814, 1471106, 2435744, -332796, 1074159, 'Right']
[3980044, 3368246, -862387, -454082, 1803921, 1995012, 1081629, 329380, 2187920, 1999355, 630612, 609283, 1473132, 2446102, -283764, 1134100, 'Right']
[3952778, 3366947, -854985, -454202, 1807726, 1999147, 1082101, 328470, 2197609, 2009795, 471941, 546794, 1470402, 2436036, -333481, 1081450, 'Right']
[3988725, 3366655, -859997, -454663, 1808507, 1995429, 1080242, 327437, 2188466, 1999260, 619299, 608090, 1474292, 2447044, -283548, 1125980, 'Right']
[3944001, 3368304, -857581, -453440, 1802979, 1998878, 1083071, 329682, 2197419, 2009688, 483848, 549989, 1469730, 2436242, -333049, 1089356, 'Right']
[3996321, 3365268, -858277, -455897, 1811954, 1994689, 1078445, 325012, 2188597, 1999328, 604470, 605102, 1474262, 2446066, -285978, 1117238, 'Right']
[3937410, 3371066, -859301, -451951, 1798565, 1998865, 1084831, 331244, 2197755, 2009497, 501449, 555394, 1469315, 2436834, -330966, 1098453, 'Right']
[4003034, 3364532, -855624, -456275, 1816438, 1995087, 1077215, 323115, 2190105, 2000745, 586610, 600595, 1475066, 2445157, -288399, 1106449, 'Right']
[3932928, 3371708, -861951, -451548, 1794744, 1998006, 1085841, 331971, 2196854, 2008493, 522731, 562512, 1468542, 2437059, -326660, 1108670, 'Right']
[4005760, 3362743, -853602, -456833, 1819973, 1995439, 1076230, 321959, 2190715, 2001046, 565506, 593750, 1475007, 2444227, -292824, 1096808, 'Right']
[3929942, 3372164, -863805, -451059, 1791814, 1998237, 1086828, 333118, 2195635, 2006996, 544391, 569626, 1468571, 2438487, -321222, 1118324, 'Right']
[4006602, 3361435, -851680, -457716, 1822813, 1996080, 1075737, 320845, 2191823, 2001732, 542960, 585602, 1475319, 2443210, -297886, 1087688, 'Right']
[3929714, 3372585, -865454, -450964, 1790311, 1997468, 1087554, 334058, 2194241, 2005169, 566072, 577548, 1468838, 2439344, -314990, 1127405, 'Right']
[4004893, 3360403, -850563, -458480, 1824086, 1996218, 1074801, 319800, 2192880, 2002532, 519747, 577479, 1475360, 2441505, -304017, 1078983, 'Right']
[3932036, 3372102, -866920, -451601, 1788225, 1996547, 1086976, 333299, 2192667, 2002746, 586063, 586159, 1468879, 2439972, -309102, 1134484, 'Right']
[4000282, 3360192, -849999, -458612, 1823309, 1996474, 1074953, 319403, 2193201, 2002816, 499412, 570459, 1474377, 2438967, -311190, 1073558, 'Right']
[3937298, 3373024, -866992, -450771, 1788667, 1996674, 1087190, 334057, 2191938, 2001939, 604355, 596258, 1469688, 2441521, -303111, 1140444, 'Right']
[3995164, 3361568, -848892, -457331, 1823038, 1997268, 1076114, 320562, 2195611, 2005058, 482495, 565693, 1474452, 2438522, -317258, 1068800, 'Right']
[3944973, 3372488, -866643, -451098, 1790381, 1995393, 1086384, 333289, 2191274, 2001087, 619344, 604363, 1470680, 2442807, -296531, 1143347, 'Right']
[3987177, 3362119, -849181, -457194, 1820831, 1996899, 1075857, 320813, 2196753, 2005977, 469946, 559686, 1473656, 2436699, -323245, 1066620, 'Right']
[3953808, 3371682, -865787, -451409, 1792863, 1994619, 1085026, 331739, 2190512, 1999678, 628911, 609820, 1471519, 2443730, -291516, 1143250, 'Right']
[3977992, 3363213, -849838, -455760, 1818568, 1997597, 1078342, 323132, 2197749, 2007163, 461969, 555206, 1473204, 2436107, -327371, 1066599, 'Right']
[3962801, 3370108, -864861, -452139, 1796375, 1994271, 1083772, 330810, 2189765, 1998759, 632991, 613379, 1472497, 2444963, -286770, 1140224, 'Right']
[3967670, 3364083, -851939, -455532, 1813894, 1997554, 1079070, 324165, 2197916, 2007443, 459626, 552097, 1471912, 2435470, -331014, 1068902, 'Right']
[3973005, 3368167, -863823, -453455, 1800141, 1993909, 1081590, 328858, 2188999, 1997594, 631249, 614985, 1472862, 2445059, -284370, 1135702, 'Right']
[3957981, 3365468, -853905, -454461, 1809797, 1998021, 1080335, 326325, 2198454, 2007825, 463053, 551074, 1470962, 2434714, -332980, 1074297, 'Right']
[3982562, 3366778, -861304, -453867, 1804590, 1994193, 1080926, 327817, 2189077, 1997431, 623049, 613821, 1473873, 2445867, -282971, 1128378, 'Right']
[3948358, 3365833, -856415, -454262, 1804569, 1996921, 1081140, 327165, 2197839, 2006901, 471579, 551953, 1469824, 2435100, -333116, 1081574, 'Right']
[3990429, 3364318, -859779, -455675, 1808540, 1992413, 1077627, 324255, 2188400, 1996089, 609698, 610713, 1473778, 2444450, -284335, 1120713, 'Right']
[3940089, 3367846, -858237, -452973, 1800629, 1996632, 1082717, 329320, 2197571, 2006410, 485118, 555408, 1469085, 2434454, -332493, 1090845, 'Right']
[3997633, 3363386, -856869, -455900, 1813394, 1992971, 1076808, 323631, 2189455, 1997095, 592860, 607204, 1474875, 2444469, -286130, 1110940, 'Right']
[3934515, 3369063, -860234, -452077, 1796313, 1996323, 1084278, 331123, 2197468, 2005776, 503226, 561523, 1469085, 2435117, -329163, 1099840, 'Right']
[4003279, 3361637, -854856, -457031, 1816476, 1992300, 1074943, 321363, 2189993, 1996765, 572606, 601697, 1474619, 2442800, -289911, 1101327, 'Right']
[3931018, 3370982, -861821, -450904, 1793049, 1995854, 1085364, 332676, 2196767, 2004920, 523834, 569219, 1468681, 2436430, -324695, 1110707, 'Right']
[4006098, 3361293, -852413, -457114, 1820508, 1993000, 1074690, 321109, 2191593, 1998386, 550129, 595857, 1475333, 2442672, -294388, 1091263, 'Right']
[3929149, 3371695, -864064, -450733, 1790696, 1995183, 1085612, 333624, 2195528, 2003488, 545635, 577553, 1468494, 2437495, -319581, 1119564, 'Right']
[4005886, 3360766, -850295, -457212, 1823169, 1993633, 1074701, 320843, 2193078, 1999552, 527730, 587734, 1475430, 2441079, -300498, 1081602, 'Right']
[3929696, 3371130, -865733, -451186, 1788888, 1994268, 1085809, 333755, 2194463, 2001804, 568072, 586123, 1468727, 2438724, -313189, 1127090, 'Right']
[4002331, 3359207, -849788, -458289, 1823538, 1993556, 1073908, 320335, 2193228, 1999734, 505505, 579207, 1474383, 2439200, -307201, 1073767, 'Right']
[3932623, 3370699, -866920, -451075, 1788261, 1993515, 1086001, 334368, 2192524, 1999753, 586564, 593447, 1468707, 2439737, -306688, 1133831, 'Right']
[3997522, 3359314, -849081, -457615, 1823546, 1993814, 1074387, 320361, 2194465, 2000839, 485545, 571549, 1473998, 2437626, -313183, 1068175, 'Right']
[3938811, 3370783, -866677, -450888, 1789058, 1992972, 1085679, 334064, 2191802, 1998505, 603807, 601581, 1469680, 2441243, -299925, 1137969, 'Right']
[3990600, 3359629, -848733, -456967, 1822292, 1994223, 1075246, 321590, 2195985, 2001931, 471484, 565022, 1473639, 2436770, -318635, 1064673, 'Right']
[3946310, 3369703, -866825, -451251, 1790638, 1992151, 1084422, 333054, 2190507, 1996909, 617877, 608204, 1470137, 2442566, -293684, 1140802, 'Right']
[3981856, 3360108, -850170, -456742, 1819443, 1994349, 1075512, 321863, 2196410, 2002494, 460451, 559673, 1472101, 2435366, -324298, 1064228, 'Right']
[3955556, 3368690, -866270, -451837, 1793499, 1991928, 1083085, 331722, 2189743, 1995736, 625674, 613251, 1470778, 2442799, -288630, 1140387, 'Right']
[3972449, 3361048, -851482, -456061, 1815770, 1994514, 1076531, 323215, 2196838, 2003102, 455501, 556357, 1471229, 2434238, -328341, 1066272, 'Right']
[3965405, 3367545, -865017, -452349, 1797117, 1991105, 1082078, 329473, 2188967, 1994683, 628918, 617278, 1471401, 2443639, -284592, 1138993, 'Right']
[3962803, 3363407, -852448, -454132, 1812175, 1994947, 1078855, 325599, 2198182, 2004297, 456639, 555324, 1470653, 2433277, -331091, 1070770, 'Right']
[3975734, 3366096, -862894, -453146, 1800860, 1990713, 1080366, 328098, 2189099, 1994414, 625862, 618558, 1472604, 2443961, -282302, 1132017, 'Right']
[3953255, 3364108, -854810, -453799, 1807259, 1994758, 1080168, 326703, 2197768, 2003940, 463803, 555039, 1469507, 2432893, -332188, 1076434, 'Right']
[3984964, 3364568, -860436, -453798, 1806037, 1990884, 1079485, 326858, 2188697, 1993699, 616783, 617135, 1473302, 2444038, -281125, 1124939, 'Right']
[3944335, 3365569, -856093, -452343, 1803860, 1995022, 1082360, 328766, 2198007, 2003893, 475281, 557499, 1469344, 2433853, -330690, 1084433, 'Right']
[3992303, 3362423, -858064, -454501, 1810812, 1990484, 1077707, 324624, 2188793, 1993292, 603210, 614102, 1473752, 2443879, -281736, 1116631, 'Right']
[3936706, 3366877, -858584, -451177, 1798926, 1994582, 1083002, 330203, 2197306, 2003168, 491724, 562116, 1468550, 2433805, -328477, 1094254, 'Right']
[3998889, 3361415, -855461, -454388, 1815544, 1991450, 1077050, 324127, 2189570, 1993780, 585110, 609297, 1474197, 2443238, -283831, 1108018, 'Right']
[3931424, 3368249, -860426, -450076, 1795615, 1994464, 1085066, 332062, 2197185, 2002390, 511221, 567762, 1468517, 2435052, -323773, 1104865, 'Right']
[4002945, 3360538, -852800, -455205, 1819204, 1991225, 1076184, 322818, 2191180, 1994861, 564164, 602412, 1475163, 2442356, -287406, 1097483, 'Right']
[3928608, 3369895, -862098, -449380, 1792482, 1993944, 1085880, 334294, 2196657, 2001685, 533271, 575212, 1468694, 2436607, -318674, 1113662, 'Right']
[4004765, 3359358, -851147, -456000, 1821418, 1990880, 1074993, 321559, 2192419, 1996037, 542317, 595567, 1475157, 2441695, -292910, 1087275, 'Right']
[3927912, 3370225, -863906, -449231, 1789868, 1992926, 1086392, 334614, 2195762, 2000117, 556141, 583207, 1468540, 2437424, -313033, 1122487, 'Right']
[4003498, 3358507, -849717, -456301, 1822785, 1991345, 1074596, 321027, 2193457, 1996721, 519975, 586941, 1474731, 2440105, -298878, 1078728, 'Right']
[3929672, 3369929, -865597, -449354, 1788194, 1991574, 1086239, 334375, 2193704, 1998077, 577330, 591360, 1468205, 2438845, -306200, 1130951, 'Right']
[3999946, 3358323, -848615, -456181, 1823607, 1991589, 1074268, 320960, 2194182, 1997557, 498898, 578546, 1474082, 2438376, -305290, 1072443, 'Right']
[3933693, 3369525, -866559, -449544, 1787956, 1991073, 1085671, 334277, 2192229, 1996300, 596434, 598775, 1468409, 2439983, -299570, 1137041, 'Right']
[3993651, 3357904, -848387, -455900, 1823311, 1992031, 1075023, 321425, 2195061, 1998384, 480735, 571043, 1473611, 2436848, -311492, 1067773, 'Right']
[3940023, 3368679, -866536, -449822, 1789738, 1990228, 1085292, 333920, 2190901, 1994595, 611402, 606333, 1469479, 2440954, -292932, 1140781, 'Right']
[3986086, 3358326, -848755, -455648, 1821756, 1992223, 1075917, 322290, 2195854, 1999307, 467070, 565050, 1473102, 2435746, -317240, 1065380, 'Right']
[3948344, 3367897, -865955, -450303, 1792386, 1989795, 1084904, 333412, 2190143, 1993536, 623100, 612421, 1470728, 2441986, -286662, 1142069, 'Right']
[3976962, 3358792, -849645, -455368, 1818725, 1991796, 1076989, 323323, 2197116, 1999927, 459036, 560349, 1472542, 2434170, -321968, 1065621, 'Right']
[3957761, 3366567, -865295, -451089, 1795218, 1988929, 1084125, 332156, 2189907, 1992316, 629470, 616826, 1471785, 2442640, -282364, 1140607, 'Right']
[3967467, 3360787, -850669, -453792, 1815550, 1992652, 1079770, 325625, 2197855, 2000693, 456762, 557440, 1471411, 2433101, -325990, 1068321, 'Right']
[3967595, 3365668, -863090, -451437, 1799386, 1988746, 1083749, 330895, 2189492, 1991700, 630046, 620249, 1472246, 2444036, -279046, 1136919, 'Right']
[3957347, 3362512, -851744, -452600, 1811132, 1992719, 1082185, 327254, 2198625, 2001365, 459325, 557488, 1470296, 2433653, -328278, 1073376, 'Right']
[3977413, 3364564, -860356, -452065, 1803613, 1988689, 1082661, 328974, 2189622, 1991303, 624692, 621141, 1472871, 2444583, -277765, 1130661, 'Right']
[3948595, 3364199, -853254, -451825, 1806468, 1993458, 1083488, 328333, 2199307, 2001622, 469953, 560035, 1469697, 2433901, -328909, 1080304, 'Right']
[3986725, 3363170, -857575, -452876, 1808229, 1989714, 1081415, 326400, 2190137, 1991392, 617098, 620582, 1473761, 2444541, -278588, 1123136, 'Right']
[3940120, 3365028, -855664, -451339, 1801910, 1993566, 1084626, 329374, 2198835, 2000929, 487432, 564082, 1468796, 2434065, -328964, 1088975, 'Right']
[3993306, 3361188, -855259, -454116, 1812900, 1989908, 1079905, 325066, 2190937, 1991299, 604239, 617105, 1474190, 2444096, -281405, 1113562, 'Right']
[3933147, 3366513, -857442, -450658, 1797868, 1993830, 1086864, 332225, 2198838, 2000343, 506531, 568340, 1468536, 2434770, -326472, 1097491, 'Right']
[3998757, 3359330, -852925, -455783, 1816692, 1990046, 1078931, 323832, 2191307, 1991353, 582751, 611043, 1474472, 2443391, -285056, 1102641, 'Right']
[3928492, 3367205, -859825, -451033, 1793769, 1992587, 1087087, 332627, 2197502, 1998691, 526294, 574418, 1467815, 2435193, -322854, 1107540, 'Right']
[4001914, 3358434, -850801, -456434, 1819183, 1989671, 1076912, 321637, 2192100, 1991771, 561075, 604145, 1474112, 2441345, -290555, 1093525, 'Right']
[3926906, 3368353, -861376, -450101, 1790499, 1991827, 1087566, 333209, 2196972, 1997877, 547884, 583015, 1467642, 2435455, -317735, 1117159, 'Right']
[4002718, 3357232, -849067, -456731, 1821749, 1989494, 1076124, 320599, 2193141, 1992768, 537511, 597693, 1474140, 2440347, -296106, 1084681, 'Right']
[3926759, 3368674, -862889, -449047, 1789074, 1991404, 1088743, 335055, 2195345, 1995897, 567681, 591648, 1467625, 2436992, -311188, 1127290, 'Right']
[4000475, 3356936, -847605, -455907, 1823417, 1990627, 1077070, 321673, 2194695, 1994273, 514513, 590456, 1474121, 2439061, -301555, 1077391, 'Right']
[3929232, 3368523, -864768, -448997, 1787866, 1990800, 1088796, 335951, 2193879, 1994625, 587071, 600086, 1467590, 2438352, -304410, 1134013, 'Right']
[3996015, 3356303, -847729, -456078, 1823396, 1991007, 1076858, 321992, 2195410, 1995200, 492921, 582037, 1473146, 2437315, -308400, 1070784, 'Right']
[3934106, 3367273, -865999, -449643, 1788653, 1990030, 1088208, 335382, 2192360, 1992779, 604479, 607340, 1467783, 2439829, -298013, 1139128, 'Right']
[3988972, 3355800, -848476, -456441, 1822524, 1991129, 1076992, 321961, 2195658, 1995523, 476337, 573907, 1471961, 2435796, -314745, 1067172, 'Right']
[3940878, 3366243, -866697, -450725, 1790157, 1989232, 1087157, 334679, 2190862, 1990916, 618522, 612762, 1468417, 2441263, -292044, 1142088, 'Right']
[3980652, 3356576, -849351, -456243, 1819958, 1991466, 1077889, 323156, 2196532, 1996347, 464043, 567486, 1471255, 2435036, -320582, 1065664, 'Right']
[3949871, 3366056, -865321, -450611, 1792995, 1989144, 1086793, 334523, 2190437, 1989955, 626992, 618629, 1469771, 2442329, -286612, 1141533, 'Right']
[3971940, 3357983, -849384, -454948, 1816639, 1991863, 1079121, 324977, 2198078, 1997244, 457984, 563796, 1470896, 2434279, -324543, 1065834, 'Right']
[3960123, 3364739, -863659, -451181, 1795825, 1988575, 1084674, 332873, 2190251, 1988846, 631580, 622685, 1470541, 2443288, -282311, 1138736, 'Right']
[3962435, 3358810, -851123, -454206, 1812376, 1991442, 1079816, 326317, 2198050, 1997363, 457615, 561505, 1469546, 2433225, -327922, 1069272, 'Right']
[3969965, 3363368, -861740, -451844, 1799958, 1987793, 1082973, 330814, 2189646, 1988040, 627674, 624112, 1471067, 2443697, -279765, 1134447, 'Right']
[3952708, 3360508, -852512, -452787, 1808395, 1991802, 1081161, 327813, 2198644, 1997821, 460618, 561158, 1468703, 2432742, -329353, 1075229, 'Right']
[3980018, 3361476, -859702, -452712, 1804856, 1988276, 1081403, 329000, 2189378, 1987201, 618824, 623541, 1471879, 2443483, -278606, 1127936, 'Right']
[3944133, 3362068, -854623, -451807, 1804410, 1992658, 1083818, 330145, 2198915, 1997809, 470929, 562859, 1468554, 2433045, -329032, 1083478, 'Right']
[3987998, 3359425, -857929, -454109, 1808869, 1988331, 1079958, 327230, 2189381, 1987138, 605639, 620784, 1472815, 2442638, -279427, 1119627, 'Right']
[3936098, 3362722, -857480, -451667, 1799304, 1992486, 1085008, 331672, 2197655, 1996960, 486043, 566374, 1467690, 2432413, -327523, 1092303, 'Right']
[3994623, 3357571, -855827, -455216, 1813366, 1988762, 1078938, 325747, 2189557, 1987158, 588145, 615546, 1472913, 2441968, -281940, 1110255, 'Right']
[3929827, 3363997, -860083, -451331, 1795150, 1991838, 1086066, 333281, 2196860, 1995392, 504882, 571403, 1466669, 2433575, -324463, 1102542, 'Right']
[3998966, 3356756, -853333, -455629, 1817387, 1989331, 1077898, 324374, 2190685, 1987542, 568102, 609887, 1473176, 2441449, -285981, 1100642, 'Right']
[3926321, 3365344, -861448, -450092, 1792018, 1992405, 1087664, 335714, 2196680, 1994783, 527700, 579084, 1466972, 2434935, -319294, 1112170, 'Right']
[4001006, 3355266, -851219, -456248, 1819938, 1989456, 1076560, 323936, 2191505, 1988262, 547646, 603095, 1473169, 2440436, -290870, 1091132, 'Right']
[3924947, 3365939, -863357, -449466, 1789397, 1991937, 1088390, 337144, 2195405, 1993474, 550604, 587102, 1466572, 2435791, -313990, 1122191, 'Right']
[4001164, 3355297, -849268, -455789, 1822083, 1990543, 1076971, 323836, 2193082, 1989809, 525462, 595971, 1473332, 2439143, -296768, 1082648, 'Right']
[3927139, 3366859, -864773, -448955, 1787921, 1991379, 1088592, 337348, 2194779, 1992466, 573796, 596533, 1467017, 2437734, -307558, 1130202, 'Right']
[3998515, 3354966, -848548, -455987, 1822531, 1990349, 1076306, 323462, 2194370, 1991120, 505440, 588545, 1472654, 2437729, -303792, 1075320, 'Right']
[3930600, 3367077, -865339, -448702, 1787607, 1990209, 1088602, 337791, 2193746, 1991271, 593125, 604716, 1467372, 2438718, -301368, 1136283, 'Right']
[3993148, 3354882, -848049, -456035, 1822372, 1990403, 1076988, 323399, 2195491, 1992070, 486523, 581206, 1472059, 2436014, -310019, 1070472, 'Right']
[3936190, 3366512, -865742, -449130, 1788471, 1989592, 1088051, 337310, 2192558, 1989285, 609250, 612107, 1468205, 2439401, -294830, 1141328, 'Right']
[3986052, 3355068, -847745, -455740, 1821133, 1990878, 1077818, 324487, 2196992, 1993083, 470854, 574103, 1472061, 2434976, -315849, 1066132, 'Right']
[3944555, 3364835, -865452, -450250, 1790082, 1988420, 1086926, 336070, 2191228, 1987391, 620673, 618427, 1468655, 2440960, -288936, 1142467, 'Right']
[3977435, 3355829, -848371, -454802, 1818129, 1990993, 1079061, 325876, 2197391, 1993567, 460195, 568718, 1470689, 2433148, -321040, 1066621, 'Right']
[3953496, 3363956, -864164, -450438, 1793467, 1988125, 1086097, 335319, 2190570, 1986316, 626359, 623229, 1469686, 2441992, -283683, 1142030, 'Right']
[3968164, 3356863, -849306, -454067, 1814879, 1991308, 1079795, 327413, 2198485, 1994492, 455187, 566081, 1470252, 2432609, -324880, 1068111, 'Right']
[3963599, 3362871, -862270, -450632, 1797004, 1988149, 1084686, 334262, 2190014, 1985575, 628063, 627350, 1470459, 2442148, -280107, 1139131, 'Right']
[3958420, 3358741, -850874, -452677, 1810519, 1991846, 1081239, 329405, 2199385, 1995412, 457105, 565699, 1469472, 2432714, -327224, 1072791, 'Right']
[3973763, 3361601, -860514, -451325, 1801200, 1988161, 1083004, 332347, 2190126, 1985696, 624309, 628549, 1471520, 2443052, -277861, 1133048, 'Right']
[3950009, 3359984, -852883, -451965, 1806283, 1991586, 1082739, 331230, 2199481, 1995308, 465180, 566085, 1468583, 2431812, -328042, 1078679, 'Right']
[3983527, 3359555, -858716, -452802, 1805880, 1987105, 1080423, 330432, 2190065, 1984603, 615564, 627358, 1472110, 2442063, -277490, 1125307, 'Right']
[3941519, 3361341, -854915, -450910, 1802139, 1991110, 1083377, 332905, 2199317, 1994842, 477757, 568618, 1467930, 2431482, -327291, 1087337, 'Right']
[3991146, 3358125, -855987, -453166, 1810759, 1987257, 1078818, 329115, 2190361, 1984629, 601601, 624176, 1472618, 2441779, -279026, 1117114, 'Right']
[3934094, 3362510, -857245, -449989, 1798062, 1991368, 1085090, 335562, 2198831, 1994441, 495546, 574286, 1467573, 2433228, -324532, 1097011, 'Right']
[3996835, 3355930, -854141, -454408, 1815003, 1987160, 1077389, 327388, 2190379, 1984693, 583570, 619650, 1472942, 2441863, -281554, 1107787, 'Right']
[3928853, 3363877, -859365, -449064, 1794265, 1990900, 1086436, 337189, 2197819, 1993009, 515770, 580507, 1466848, 2433041, -320711, 1107934, 'Right']
[4000569, 3354898, -851594, -454646, 1818611, 1988126, 1076782, 326474, 2191952, 1985704, 562229, 613839, 1473662, 2440624, -285469, 1097809, 'Right']
[3925991, 3364509, -861706, -448833, 1791261, 1990739, 1087128, 338357, 2196542, 1991681, 537588, 587816, 1466622, 2434518, -315222, 1117499, 'Right']
[4001883, 3354152, -849645, -455125, 1821647, 1988361, 1075973, 325635, 2192663, 1986384, 540072, 605602, 1473293, 2439164, -291010, 1088489, 'Right']
[3925998, 3365324, -863004, -448312, 1789120, 1990004, 1087296, 338306, 2195694, 1990449, 560199, 596064, 1466778, 2435859, -309369, 1126043, 'Right']
[4000433, 3354449, -847804, -454818, 1823005, 1989559, 1076048, 326061, 2194229, 1987879, 518723, 598458, 1473132, 2438212, -297218, 1080022, 'Right']
[3928203, 3365920, -864017, -448214, 1788142, 1990017, 1087810, 339486, 2194890, 1989507, 582365, 605135, 1467206, 2438555, -302526, 1133281, 'Right']
[3996517, 3353330, -847462, -455729, 1822887, 1989369, 1074937, 324632, 2195276, 1988938, 499078, 590743, 1472330, 2437506, -303807, 1074001, 'Right']
[3932269, 3365139, -865028, -448811, 1787987, 1988948, 1087055, 338684, 2193203, 1987224, 600268, 612411, 1467336, 2438574, -296839, 1140274, 'Right']
[3990193, 3353997, -846956, -455065, 1822424, 1990105, 1076022, 326092, 2196199, 1989647, 480535, 582629, 1471992, 2435341, -310686, 1070182, 'Right']
[3939037, 3364654, -864945, -448967, 1789902, 1988664, 1086574, 338824, 2192576, 1986111, 614146, 619542, 1468546, 2440320, -290521, 1143102, 'Right']
[3982028, 3354028, -847256, -454990, 1820993, 1990781, 1076770, 327147, 2197474, 1990679, 467014, 576595, 1471395, 2434061, -316108, 1067787, 'Right']
[3946884, 3363384, -864423, -449793, 1792591, 1988360, 1085743, 338064, 2191200, 1984236, 624505, 624968, 1469012, 2441624, -285120, 1144679, 'Right']
[3972562, 3354642, -848257, -454569, 1817849, 1990818, 1077516, 328025, 2198061, 1990977, 459108, 571474, 1470429, 2432820, -320987, 1068579, 'Right']
[3956173, 3362015, -863090, -450541, 1795775, 1988351, 1084021, 336566, 2190749, 1983214, 628887, 629147, 1470114, 2441948, -280527, 1142725, 'Right']
[3963006, 3355748, -849357, -453526, 1814580, 1991805, 1079046, 329886, 2198817, 1991570, 456598, 569423, 1469842, 2432540, -324387, 1071464, 'Right']
[3966395, 3361086, -860981, -450815, 1799973, 1988286, 1082926, 335995, 2190372, 1982191, 627915, 632159, 1471076, 2442828, -277348, 1138973, 'Right']
[3953568, 3357642, -851224, -452777, 1809887, 1991635, 1080697, 331512, 2199641, 1992211, 460489, 569920, 1469142, 2432188, -326060, 1076826, 'Right']
[3976232, 3360117, -859021, -451911, 1804063, 1987651, 1081472, 333574, 2190159, 1982115, 622124, 632650, 1471561, 2442815, -276481, 1132521, 'Right']
[3945117, 3360505, -852319, -450754, 1806063, 1992175, 1083379, 334738, 2200232, 1993167, 470423, 571667, 1468732, 2432798, -326196, 1084125, 'Right']
[3985698, 3358995, -856061, -451850, 1809491, 1988361, 1080039, 332538, 2191662, 1983146, 610903, 631502, 1473266, 2442922, -275753, 1123596, 'Right']
[3936904, 3361548, -854852, -450176, 1801497, 1991546, 1083976, 335816, 2199870, 1992649, 484610, 575518, 1467872, 2432740, -324527, 1092228, 'Right']
[3992072, 3356986, -854417, -453475, 1813580, 1987573, 1078241, 330484, 2191392, 1982875, 593863, 626750, 1473065, 2442453, -278164, 1114256, 'Right']
[3930377, 3362738, -857224, -449354, 1797773, 1991785, 1086071, 338545, 2199271, 1991992, 501854, 580225, 1467436, 2433409, -321570, 1101999, 'Right']
[3996695, 3355150, -852070, -454175, 1817855, 1988219, 1077265, 329873, 2192426, 1983535, 573783, 621269, 1473917, 2442320, -281085, 1103703, 'Right']
[3925576, 3362890, -860149, -449564, 1793915, 1990797, 1085777, 339355, 2198031, 1990217, 522216, 586481, 1467105, 2434747, -316813, 1111029, 'Right']
[3999838, 3353626, -850405, -455409, 1820709, 1988187, 1075700, 327815, 2192787, 1983387, 551508, 613209, 1473563, 2440912, -285948, 1093853, 'Right']
[3924647, 3363645, -862057, -449410, 1790820, 1990274, 1086548, 340838, 2196670, 1988515, 544102, 593612, 1466797, 2435478, -311299, 1121050, 'Right']
[4000921, 3352518, -848885, -456379, 1822700, 1988192, 1074644, 327059, 2193743, 1984068, 529104, 605133, 1473511, 2439116, -291732, 1085497, 'Right']
[3925827, 3364436, -863128, -449169, 1789097, 1989729, 1087044, 340973, 2195586, 1986748, 565807, 601099, 1466970, 2436752, -305356, 1130172, 'Right']
[3998311, 3352567, -847352, -456158, 1823601, 1988735, 1074686, 326630, 2195005, 1985110, 506931, 596482, 1473281, 2437812, -298041, 1078086, 'Right']
[3929066, 3365016, -863909, -448459, 1788492, 1989470, 1086975, 341202, 2194876, 1985845, 585009, 609324, 1467768, 2438164, -298334, 1136005, 'Right']
[3994036, 3352902, -846365, -455713, 1823520, 1989379, 1074538, 327209, 2197011, 1986817, 487110, 588952, 1473041, 2436608, -304159, 1071057, 'Right']
[3934911, 3364389, -864476, -449217, 1788952, 1988513, 1085941, 340525, 2194026, 1984274, 602494, 617031, 1468308, 2439399, -291859, 1140274, 'Right']
[3987384, 3353112, -846852, -455916, 1821941, 1989417, 1074648, 327090, 2197722, 1987538, 471654, 581619, 1472001, 2434911, -310688, 1067688, 'Right']
[3942428, 3364379, -864267, -449188, 1790662, 1988025, 1085247, 340006, 2192670, 1982655, 616376, 623017, 1468758, 2440234, -286216, 1143361, 'Right']
[3979331, 3354496, -846782, -454717, 1820367, 1990268, 1076869, 329148, 2199560, 1989443, 460854, 576125, 1471938, 2434127, -315731, 1066204, 'Right']
[3950461, 3362353, -863691, -450709, 1793481, 1987056, 1084119, 338336, 2191955, 1981670, 624253, 627940, 1469781, 2441121, -280809, 1142537, 'Right']
[3967969, 3354137, -848699, -455237, 1816294, 1990085, 1076861, 330027, 2198870, 1988830, 454286, 570509, 1470400, 2432581, -320616, 1067272, 'Right']
[3958968, 3360315, -862499, -451951, 1797030, 1986875, 1082588, 337308, 2190396, 1979790, 625572, 629703, 1470295, 2441372, -277150, 1139649, 'Right']
[3957617, 3354787, -850306, -454900, 1812135, 1990257, 1078018, 331088, 2198688, 1988880, 453165, 567470, 1469395, 2431496, -323470, 1071358, 'Right']
[3968336, 3358372, -860713, -453212, 1800904, 1986528, 1080530, 334855, 2189945, 1978656, 621887, 629748, 1470853, 2442010, -274903, 1135031, 'Right']
[3947844, 3356563, -851823, -453638, 1807698, 1990433, 1080010, 333604, 2199451, 1988825, 459159, 567329, 1468432, 2431624, -324861, 1078260, 'Right']
[3977694, 3357353, -858255, -453755, 1805499, 1986623, 1079171, 333892, 2190530, 1978853, 613333, 629434, 1472059, 2442039, -273797, 1127777, 'Right']
[3939095, 3358154, -854555, -453205, 1802577, 1990093, 1081007, 334750, 2198976, 1988498, 470534, 569458, 1467416, 2431333, -324758, 1086124, 'Right']
[3985463, 3355876, -856326, -455012, 1809270, 1986210, 1077091, 331357, 2190298, 1978675, 599268, 625592, 1472322, 2441384, -275622, 1119072, 'Right']
[3931701, 3359650, -856706, -452101, 1798439, 1990013, 1082476, 336553, 2198681, 1988453, 485987, 572951, 1466996, 2431816, -322710, 1094865, 'Right']
[3991799, 3354813, -853472, -455379, 1814395, 1986615, 1076485, 329771, 2190932, 1979271, 582326, 620579, 1472701, 2440803, -277807, 1109324, 'Right']
[3925748, 3361427, -858313, -451237, 1795039, 1990104, 1084331, 338769, 2198517, 1987937, 506680, 578489, 1466707, 2432556, -318285, 1104376, 'Right']
[3995524, 3352791, -851679, -456657, 1817889, 1986236, 1074760, 328269, 2191581, 1979795, 562250, 613771, 1472754, 2439885, -281372, 1098736, 'Right']
[3922473, 3362388, -860950, -450500, 1792115, 1989331, 1085660, 339562, 2197143, 1986412, 528508, 585043, 1466058, 2433099, -313314, 1114046, 'Right']
[3997084, 3352052, -849819, -457119, 1820825, 1987016, 1074522, 327952, 2192635, 1980733, 539865, 605941, 1472729, 2438540, -286148, 1088788, 'Right']
[3921228, 3362620, -862792, -450632, 1789090, 1988649, 1085920, 340631, 2195727, 1984923, 550684, 592197, 1466021, 2433923, -306590, 1122911, 'Right']
[3995981, 3351253, -848027, -457355, 1822546, 1987237, 1073948, 327126, 2193949, 1981380, 517573, 597041, 1472702, 2436285, -291638, 1080143, 'Right']
