[910961, 867190, -1297790, -1004630, 300510, 819323, 405363, 542881, 698133, 330316, -643480, 392274, 627476, 1709414, -173087, 688117, 'Right']
[905203, 860553, -1308207, -1012662, 321461, 827436, 395911, 535615, 694563, 318064, -606653, 471084, 710443, 1732395, -94966, 731842, 'Right']
[910605, 868238, -1299397, -1005372, 291244, 816744, 404503, 541144, 696192, 328699, -645518, 401130, 633261, 1710283, -172716, 693362, 'Right']
[904429, 858372, -1308471, -1013473, 329702, 828578, 395261, 535931, 695239, 318730, -606674, 459751, 702607, 1730283, -98641, 724781, 'Right']
[910184, 869225, -1300760, -1006148, 283187, 814576, 403937, 539279, 694597, 327134, -645902, 412001, 641516, 1712052, -169627, 699640, 'Right']
[904845, 857230, -1307344, -1013085, 336442, 829668, 395778, 537434, 695983, 319765, -607619, 447266, 693015, 1727629, -104237, 717180, 'Right']
[910726, 870723, -1301343, -1005940, 277245, 813516, 404026, 539024, 693831, 325972, -643918, 424854, 652315, 1714477, -163083, 706883, 'Right']
[904758, 856334, -1306300, -1012804, 341308, 830198, 396128, 538780, 697329, 321516, -609543, 433547, 682077, 1724514, -111225, 708940, 'Right']
[909897, 870902, -1303046, -1007291, 273460, 812401, 402829, 536802, 692546, 323870, -641799, 437873, 663907, 1717011, -154982, 714152, 'Right']
[904968, 855660, -1305272, -1012622, 344291, 830017, 396266, 539045, 698187, 322821, -613047, 419906, 669901, 1721029, -120407, 700882, 'Right']
[908882, 870623, -1304448, -1008177, 271847, 812483, 401560, 535451, 691572, 321874, -638316, 450935, 675932, 1720196, -145695, 721601, 'Right']
[905883, 856168, -1303453, -1011007, 344327, 830283, 397623, 541141, 698670, 324397, -617322, 407733, 658134, 1718024, -130316, 694456, 'Right']
[908910, 870631, -1305263, -1008297, 272937, 813983, 401468, 535490, 691289, 320845, -633283, 462907, 687903, 1723790, -134904, 728781, 'Right']
[906732, 857180, -1302033, -1009577, 341893, 829832, 398968, 542400, 699259, 326438, -621742, 397245, 647113, 1715495, -140140, 689026, 'Right']
[908023, 870099, -1306598, -1009060, 276282, 815666, 400390, 534191, 690812, 319546, -628265, 472754, 698187, 1727239, -124984, 734491, 'Right']
[907613, 858818, -1300928, -1008419, 337514, 828685, 400564, 543200, 699587, 328113, -626772, 388906, 637182, 1713327, -150454, 684545, 'Right']
[907331, 868707, -1307894, -1010355, 282048, 817365, 399029, 533917, 690848, 318287, -623237, 479394, 706339, 1729788, -115704, 737785, 'Right']
[907849, 859671, -1300292, -1008031, 330938, 826485, 401403, 543317, 699332, 328855, -631885, 383094, 629607, 1710640, -159487, 681214, 'Right']
[905839, 866120, -1309025, -1011947, 289496, 819018, 397671, 533516, 690451, 316564, -618956, 483257, 712266, 1730812, -107616, 739823, 'Right']
[908123, 861329, -1299549, -1007369, 322872, 824157, 402286, 543399, 698446, 328931, -637043, 381321, 625211, 1708395, -166857, 680809, 'Right']
[905036, 864417, -1309125, -1012477, 298337, 821523, 396914, 533572, 691029, 316215, -614470, 483389, 715470, 1731696, -101292, 739581, 'Right']
[909076, 863223, -1298942, -1006451, 314019, 822263, 403625, 543544, 698045, 329348, -640717, 382632, 623504, 1707630, -171595, 682003, 'Right']
[904906, 862398, -1309187, -1013035, 307570, 823797, 396092, 534299, 691989, 315943, -610840, 479993, 715319, 1732075, -97150, 737513, 'Right']
[909588, 865081, -1298494, -1005820, 304451, 819886, 403946, 543216, 697220, 328957, -643675, 387602, 625427, 1708037, -173920, 685570, 'Right']
[904439, 860545, -1308447, -1013126, 317403, 826174, 395536, 534858, 693202, 316575, -608016, 473657, 712561, 1731863, -95825, 733676, 'Right']
[909571, 866586, -1298931, -1005613, 295205, 817706, 403509, 541729, 696216, 328295, -645334, 395858, 630399, 1709244, -174046, 690545, 'Right']
[904545, 859169, -1307807, -1012780, 326048, 827938, 394890, 535810, 694288, 317253, -607042, 464161, 706404, 1730488, -97723, 728053, 'Right']
[910538, 868953, -1299068, -1005045, 287010, 816040, 404162, 540748, 695832, 327944, -645198, 406206, 637806, 1711046, -171780, 696616, 'Right']
[904843, 857879, -1306585, -1012811, 333835, 829791, 395274, 536983, 696076, 319242, -606520, 452426, 697980, 1728825, -101939, 720764, 'Right']
[910693, 869967, -1299961, -1005811, 280056, 814426, 403648, 539065, 694429, 326225, -644485, 418627, 647500, 1713312, -166966, 703704, 'Right']
[905101, 856694, -1305905, -1012677, 339584, 830661, 395564, 537996, 696931, 320511, -608216, 439862, 687313, 1725797, -108497, 713160, 'Right']
[910483, 870848, -1301262, -1006191, 275402, 813698, 403916, 538238, 693653, 325219, -642252, 431857, 658491, 1715894, -159494, 711047, 'Right']
[904961, 855994, -1305023, -1012144, 343498, 831168, 396735, 539717, 697731, 322276, -611161, 426334, 675682, 1722788, -116331, 705265, 'Right']
[909260, 871026, -1303329, -1007175, 272619, 813366, 403091, 537035, 691904, 322914, -639880, 445098, 670646, 1718627, -150160, 718861, 'Right']
[905108, 856007, -1304376, -1011455, 344701, 831257, 397396, 541013, 698355, 323844, -615218, 412946, 663750, 1719167, -125921, 697420, 'Right']
[908507, 870769, -1305483, -1008110, 272083, 814030, 401861, 535624, 690803, 321008, -636104, 457774, 682970, 1722011, -140431, 726113, 'Right']
[905911, 856908, -1303290, -1010017, 343378, 830903, 398870, 542376, 698702, 325535, -619939, 401916, 652486, 1716760, -135867, 691607, 'Right']
[907670, 870263, -1306895, -1008825, 274617, 815365, 400595, 534669, 690303, 319642, -631328, 468696, 694138, 1725407, -129756, 732419, 'Right']
[906830, 858456, -1301510, -1008641, 340160, 829787, 400138, 542684, 699238, 327224, -624773, 392518, 641927, 1713992, -145886, 686638, 'Right']
[907448, 869769, -1307179, -1009438, 279819, 817190, 400233, 534117, 691077, 319046, -625330, 476931, 703438, 1728724, -119399, 736639, 'Right']
[907389, 859306, -1300999, -1008524, 334365, 828005, 401064, 543067, 699579, 328430, -629492, 385915, 633809, 1711797, -154824, 682818, 'Right']
[906293, 867547, -1308943, -1011536, 286103, 818701, 398528, 533425, 690672, 317056, -620905, 481947, 710606, 1730251, -111267, 739295, 'Right']
[908319, 861125, -1299759, -1007582, 327113, 825743, 402643, 543490, 699117, 328867, -634763, 381821, 627383, 1709317, -163350, 680876, 'Right']
[905777, 865937, -1308892, -1012251, 294709, 820489, 398090, 533567, 691440, 316564, -615986, 483345, 715044, 1731599, -103418, 739596, 'Right']
[908698, 862810, -1299253, -1007036, 318605, 823054, 403644, 543478, 698804, 329206, -638953, 381488, 624928, 1708229, -168976, 680775, 'Right']
[904626, 863516, -1309649, -1013335, 303698, 822848, 397016, 533623, 691626, 315769, -612454, 481815, 716780, 1732112, -98660, 738454, 'Right']
[909356, 864762, -1298712, -1006006, 309069, 821164, 404498, 542905, 697907, 328993, -642453, 385130, 625028, 1707752, -172876, 683543, 'Right']
[904646, 862057, -1308885, -1012710, 313484, 825334, 396484, 534371, 693154, 316509, -608792, 476768, 714960, 1732157, -95541, 735082, 'Right']
[909947, 866758, -1299264, -1005362, 299551, 818654, 404701, 542208, 697073, 328979, -644559, 392130, 628634, 1708970, -173592, 687825, 'Right']
[904614, 860375, -1308989, -1013002, 322335, 827064, 395594, 535022, 693952, 317112, -607309, 469137, 710375, 1731474, -96104, 730538, 'Right']
[910701, 868891, -1299862, -1005337, 290986, 816430, 404816, 540943, 696266, 328439, -645534, 401493, 635096, 1710378, -172551, 693172, 'Right']
[904620, 858812, -1308565, -1013171, 330615, 828457, 395643, 536052, 695408, 318550, -606494, 458215, 702657, 1729863, -99258, 723406, 'Right']
[910427, 869798, -1300977, -1005636, 282872, 814573, 404374, 540037, 695090, 327053, -645271, 412855, 643392, 1712349, -168632, 699779, 'Right']
[904134, 856931, -1307956, -1013304, 337109, 829754, 395715, 537598, 696243, 319665, -607708, 445489, 692745, 1727397, -104531, 716014, 'Right']
[909469, 869968, -1302719, -1006783, 276904, 813310, 403860, 538308, 692929, 324662, -644614, 425643, 653640, 1714437, -162306, 707590, 'Right']
[904356, 855948, -1306778, -1012660, 342152, 830686, 396524, 538921, 696973, 320928, -610408, 431609, 680996, 1723964, -111805, 707995, 'Right']
[908997, 870384, -1303722, -1007439, 273794, 812990, 403398, 536585, 692066, 323048, -641808, 438455, 665311, 1717491, -153791, 714950, 'Right']
[904692, 855485, -1305155, -1012166, 344991, 830828, 397626, 540223, 697650, 322208, -614055, 418217, 669185, 1720986, -120975, 700809, 'Right']
[908993, 870745, -1304195, -1007696, 272768, 813115, 402648, 535644, 691560, 321602, -637941, 451287, 677386, 1721039, -144209, 722705, 'Right']
[905554, 855918, -1303285, -1010499, 345099, 830821, 398135, 541023, 699229, 324836, -617363, 406023, 657518, 1718499, -130496, 694171, 'Right']
[908402, 870186, -1306132, -1008489, 273334, 814177, 400890, 533907, 690834, 320056, -633248, 463864, 689525, 1724419, -134272, 730151, 'Right']
[906999, 857528, -1302312, -1009485, 341860, 829370, 399208, 541360, 699522, 326397, -622246, 396188, 646878, 1715017, -141646, 688313, 'Right']
[908014, 869736, -1307502, -1009711, 276522, 815089, 399271, 532921, 691068, 318976, -627651, 473409, 700001, 1726963, -124697, 734373, 'Right']
[907528, 858588, -1301321, -1008739, 336550, 827962, 400191, 542834, 699745, 327676, -627012, 388381, 637384, 1711960, -151994, 683714, 'Right']
[907160, 868241, -1308086, -1010564, 282261, 817052, 398627, 533218, 690745, 317532, -622620, 480522, 708004, 1729005, -115754, 738225, 'Right']
[907921, 859753, -1300004, -1007627, 330087, 826121, 401435, 543131, 699495, 328485, -632036, 383293, 629989, 1710054, -160315, 681256, 'Right']
[905403, 865506, -1309015, -1011808, 290653, 819283, 398113, 533075, 690741, 316239, -617929, 483329, 713625, 1731209, -107101, 739847, 'Right']
[907500, 860493, -1299787, -1007322, 322261, 824068, 402583, 543074, 698313, 328461, -637475, 381374, 625762, 1708700, -167135, 681147, 'Right']
[903629, 862433, -1309858, -1012932, 299389, 821725, 396972, 533527, 690957, 315545, -614194, 482802, 716132, 1732164, -100804, 739628, 'Right']
[906779, 860881, -1299996, -1007087, 313071, 821803, 403304, 542587, 696831, 327770, -642197, 382575, 623930, 1707870, -171946, 682813, 'Right']
[902254, 859622, -1310115, -1013637, 308897, 824089, 396264, 533473, 691215, 314685, -611394, 478650, 715681, 1732230, -97351, 737208, 'Right']
[907182, 862621, -1299815, -1006412, 303456, 819575, 403951, 542140, 696224, 327516, -645097, 387227, 626022, 1708228, -174776, 685648, 'Right']
[901385, 856986, -1310259, -1014238, 317636, 826111, 395407, 534150, 691738, 314982, -609420, 471714, 711941, 1731565, -96726, 732579, 'Right']
[906932, 863599, -1300460, -1006420, 293452, 817278, 403408, 540656, 694416, 326329, -647087, 395540, 630477, 1708700, -174952, 690453, 'Right']
[900812, 854982, -1309670, -1014172, 325652, 827893, 394315, 534436, 692720, 315634, -608425, 462105, 705479, 1730058, -98710, 726656, 'Right']
[906792, 865226, -1300533, -1005889, 285607, 815683, 404676, 540339, 693820, 325764, -647076, 406442, 638559, 1710769, -171621, 696754, 'Right']
[900475, 853569, -1308310, -1013566, 333400, 829551, 395141, 536774, 694040, 317167, -608455, 450682, 697135, 1728350, -102570, 720037, 'Right']
[905753, 865596, -1302079, -1006669, 278981, 814108, 403817, 538782, 692123, 324123, -646413, 418590, 648416, 1713188, -166167, 704109, 'Right']
[900073, 852016, -1307548, -1013292, 339620, 830602, 395825, 537937, 694663, 318267, -610743, 436899, 686179, 1725007, -109002, 712164, 'Right']
[904920, 865785, -1303590, -1007419, 274466, 813510, 403339, 537541, 690602, 322132, -644802, 431394, 659544, 1715742, -158197, 712205, 'Right']
[900014, 850754, -1306763, -1013184, 343262, 830978, 396266, 538714, 695301, 319451, -613843, 423041, 674379, 1721738, -116854, 704637, 'Right']
[904569, 865782, -1305261, -1008580, 271744, 813178, 401959, 535630, 689245, 319673, -641817, 444397, 671636, 1718433, -149256, 719867, 'Right']
[901279, 851683, -1305254, -1012201, 344306, 830930, 397249, 540038, 695956, 321053, -617671, 410160, 662341, 1718467, -126692, 697494, 'Right']
[905089, 866926, -1306018, -1009037, 272408, 813735, 401347, 534303, 689348, 318568, -636780, 456904, 683574, 1721743, -138973, 726747, 'Right']
[902764, 852955, -1303572, -1011146, 343470, 830146, 398335, 540992, 697458, 323382, -621321, 399321, 650888, 1715650, -136502, 690942, 'Right']
[905291, 867070, -1306962, -1009762, 275119, 814742, 400485, 533334, 689293, 317437, -631439, 468450, 694744, 1724829, -128565, 732801, 'Right']
[904916, 855676, -1301619, -1009258, 339707, 828797, 399769, 541969, 698470, 325753, -625654, 390646, 640678, 1713021, -146624, 685802, 'Right']
[905664, 866844, -1307756, -1010424, 280298, 816330, 398976, 532656, 689927, 317102, -625569, 476719, 704008, 1727990, -118840, 736654, 'Right']
[906389, 857546, -1300463, -1008222, 333719, 827190, 400343, 541924, 698872, 327351, -630354, 384729, 632614, 1710961, -156139, 682598, 'Right']
[904977, 865403, -1308698, -1011346, 286528, 818209, 397490, 532374, 690300, 316297, -620362, 482236, 710994, 1730183, -110281, 739816, 'Right']
[906468, 858833, -1300180, -1007859, 325918, 824651, 401132, 542035, 698279, 327864, -635600, 381498, 626828, 1708756, -164442, 681397, 'Right']
[903641, 863154, -1309768, -1012843, 294926, 820217, 396372, 532047, 690147, 314927, -616594, 483453, 715127, 1731171, -103878, 740578, 'Right']
[907318, 860870, -1299674, -1007286, 316981, 822694, 402356, 542101, 697481, 327894, -640389, 381305, 624157, 1707599, -170737, 682084, 'Right']
[903670, 861684, -1309536, -1013315, 304537, 822966, 395963, 533250, 691340, 315199, -612529, 480996, 716085, 1732036, -99110, 738811, 'Right']
[907819, 862597, -1299491, -1006920, 307705, 820252, 402874, 541979, 696704, 327829, -643780, 385315, 624807, 1707613, -174194, 684831, 'Right']
[903065, 859731, -1309594, -1013821, 313622, 824791, 394761, 533287, 691957, 315049, -609881, 476038, 713915, 1731592, -97032, 735780, 'Right']
[908768, 865327, -1299362, -1005942, 298294, 817880, 403231, 540876, 696176, 327760, -645620, 392415, 627857, 1708162, -175344, 688821, 'Right']
[903147, 858245, -1308921, -1013451, 323133, 826813, 394910, 534611, 693526, 316487, -607676, 467742, 708665, 1730843, -97270, 730290, 'Right']
[909185, 867071, -1299733, -1005395, 290113, 815963, 403782, 539947, 695133, 326985, -646340, 402766, 634929, 1709698, -172976, 695185, 'Right']
[903780, 857342, -1307546, -1012560, 331638, 828821, 394830, 535371, 695190, 318020, -606728, 457490, 701383, 1729123, -99691, 724416, 'Right']
[909643, 868714, -1300240, -1005257, 282664, 814807, 403604, 538917, 694590, 326192, -645116, 414671, 644138, 1712040, -167888, 702310, 'Right']
[903957, 856552, -1306678, -1012334, 337909, 830398, 394971, 536686, 696323, 319241, -607798, 445076, 691624, 1726657, -105080, 717363, 'Right']
[909333, 869889, -1301556, -1005945, 276796, 814029, 402840, 537528, 693739, 324901, -643456, 427654, 654686, 1714848, -161464, 709792, 'Right']
[904391, 855557, -1305775, -1012019, 342289, 831262, 395218, 538584, 697343, 320890, -610251, 431515, 680017, 1724142, -112859, 709199, 'Right']
[909138, 870119, -1302969, -1006686, 273132, 813758, 402407, 536445, 692630, 323097, -640874, 440617, 666616, 1718402, -152913, 717261, 'Right']
[904462, 854802, -1305001, -1011925, 344229, 831007, 395490, 538932, 698112, 322352, -613800, 418032, 668142, 1721102, -122195, 701680, 'Right']
[908867, 870266, -1304298, -1007660, 272088, 813358, 401228, 535326, 691515, 321013, -637295, 453503, 678345, 1720812, -144412, 724455, 'Right']
[905465, 855625, -1303154, -1010797, 344627, 830476, 397271, 540643, 699227, 324581, -617730, 405805, 656176, 1717627, -132422, 694227, 'Right']
[907801, 869234, -1305776, -1009206, 273700, 814212, 399804, 533301, 691069, 319543, -632575, 465012, 689973, 1723966, -133974, 730535, 'Right']
[906096, 855974, -1301697, -1009998, 341667, 829596, 398152, 541216, 699423, 325692, -622651, 395358, 645161, 1714103, -143123, 688179, 'Right']
[907764, 868798, -1306285, -1009468, 277977, 815742, 399281, 532901, 691030, 318163, -627243, 474341, 700315, 1726481, -123674, 735293, 'Right']
[906915, 857315, -1300891, -1008698, 336997, 828006, 399344, 541800, 699989, 327553, -627271, 387926, 636541, 1711732, -152647, 683763, 'Right']
[906294, 866930, -1308260, -1010690, 284090, 817196, 397916, 532177, 690763, 316796, -622460, 480921, 708625, 1728947, -114695, 738809, 'Right']
[907618, 859549, -1300039, -1007319, 330315, 826160, 401322, 542644, 699787, 328379, -632520, 383144, 629556, 1709738, -161042, 681468, 'Right']
[905716, 866050, -1309089, -1011055, 291784, 819987, 397233, 533029, 691334, 316206, -617473, 484147, 714123, 1731117, -106007, 740383, 'Right']
[908365, 862003, -1299519, -1006155, 321849, 824376, 402348, 543045, 699415, 329073, -637158, 382147, 625504, 1708492, -167250, 681414, 'Right']
[904629, 863993, -1309944, -1012315, 300606, 822185, 396143, 532708, 691765, 315726, -613413, 484105, 716671, 1732110, -99885, 739959, 'Right']
[908453, 863321, -1299968, -1006413, 312493, 821816, 402686, 542509, 698016, 328675, -641746, 384889, 624647, 1707876, -172024, 683413, 'Right']
[904110, 862063, -1310072, -1012803, 310003, 824466, 395595, 533393, 692262, 315546, -610644, 480142, 715600, 1731953, -96733, 737406, 'Right']
[909146, 865570, -1299626, -1005374, 303354, 819940, 403959, 541899, 697273, 328669, -644560, 390191, 626590, 1708410, -174147, 686373, 'Right']
[903763, 860247, -1309275, -1012796, 319976, 826942, 395630, 534485, 693721, 316640, -608025, 472865, 711878, 1732067, -96043, 732732, 'Right']
[909420, 867177, -1299788, -1005453, 294153, 817448, 404106, 540667, 696461, 327857, -646047, 398419, 631746, 1709753, -173689, 691981, 'Right']
[903674, 858325, -1308433, -1013039, 328390, 828554, 395472, 535305, 695102, 317222, -607235, 462448, 704974, 1730267, -98257, 726842, 'Right']
[909679, 868758, -1300039, -1005181, 286434, 815888, 404685, 539642, 695724, 326824, -645864, 409025, 639716, 1711627, -170409, 698212, 'Right']
[903786, 857129, -1307585, -1012790, 335824, 830190, 395378, 536832, 696189, 318558, -607446, 450505, 695931, 1728265, -102721, 719605, 'Right']
[909507, 869841, -1301253, -1005762, 279724, 814568, 404060, 538536, 694547, 325526, -644750, 421686, 649618, 1713692, -164641, 705521, 'Right']
[904054, 856298, -1306552, -1012307, 341176, 830924, 395922, 537888, 697376, 320135, -609182, 437816, 685242, 1725093, -109178, 712109, 'Right']
[909418, 870570, -1302672, -1006079, 274905, 813733, 403062, 536663, 693421, 323935, -642418, 435110, 661016, 1716289, -156961, 713126, 'Right']
[904372, 855622, -1305682, -1011578, 344407, 831670, 396731, 539632, 698338, 322160, -611886, 424401, 673447, 1722204, -117332, 704000, 'Right']
[909128, 870855, -1304289, -1007011, 273046, 813765, 402927, 536156, 692221, 322100, -639215, 448480, 673053, 1719551, -147608, 720743, 'Right']
[904945, 855530, -1304590, -1011022, 345459, 831121, 397510, 540655, 698964, 323602, -616032, 411552, 661452, 1718797, -126710, 696920, 'Right']
[908088, 870160, -1305725, -1008062, 273371, 814096, 401346, 534686, 691422, 320200, -635141, 460471, 685031, 1722586, -137738, 727722, 'Right']
[905223, 855871, -1303285, -1010223, 343803, 830177, 398312, 541313, 699239, 325033, -621070, 399922, 650170, 1715635, -137353, 690623, 'Right']
[907308, 869395, -1306949, -1009062, 276324, 815250, 400220, 533657, 690566, 318265, -630636, 470305, 695899, 1725218, -128071, 733666, 'Right']
[906555, 857654, -1301122, -1008366, 340480, 829772, 400250, 542927, 699866, 327051, -625595, 390806, 640225, 1713025, -147456, 685922, 'Right']
[906328, 867847, -1307467, -1010145, 281635, 817444, 399042, 532946, 690846, 317438, -624848, 478184, 705337, 1728501, -117881, 738112, 'Right']
[907343, 858774, -1299683, -1007718, 334042, 827711, 401391, 542615, 699842, 327761, -630858, 384404, 632389, 1710854, -156809, 682583, 'Right']
[905768, 866391, -1307912, -1010966, 288618, 819139, 398229, 532242, 691345, 316547, -619636, 482420, 712091, 1730575, -109432, 740014, 'Right']
[907535, 860330, -1299230, -1006951, 326045, 825622, 402203, 542297, 699586, 328830, -635399, 381987, 626997, 1709334, -164837, 681718, 'Right']
[904614, 864337, -1309135, -1011924, 296816, 821514, 396987, 531987, 691463, 315951, -615360, 484359, 715713, 1731743, -103136, 740987, 'Right']
[908430, 862654, -1298960, -1005675, 317037, 823287, 402987, 542050, 698788, 329161, -639861, 382759, 624215, 1708151, -170650, 682391, 'Right']
[903950, 862752, -1309479, -1012188, 306094, 823995, 396193, 532805, 692345, 316103, -611407, 481567, 716301, 1732810, -98274, 738674, 'Right']
[908646, 864501, -1299125, -1005271, 307506, 821049, 403840, 542343, 697718, 328703, -643444, 386631, 625341, 1708181, -173644, 684926, 'Right']
[903165, 860359, -1309538, -1012848, 315735, 826254, 395339, 534138, 693220, 315942, -608830, 475666, 714226, 1732201, -95816, 734918, 'Right']
[908319, 865568, -1299918, -1005674, 298161, 818596, 403784, 541374, 696275, 327484, -645877, 393913, 629414, 1708760, -174182, 689624, 'Right']
[902878, 858299, -1309594, -1013540, 324414, 827715, 395139, 534872, 693501, 315902, -608138, 466847, 708500, 1730675, -96828, 729882, 'Right']
[908918, 867531, -1300380, -1005548, 289595, 816457, 404185, 540053, 695206, 326653, -646845, 403515, 635963, 1710098, -172103, 695324, 'Right']
[903233, 857241, -1308447, -1013106, 332715, 829197, 395341, 535805, 695113, 317435, -607656, 455605, 700659, 1729052, -100198, 722958, 'Right']
[909003, 868748, -1301257, -1005809, 282440, 814770, 403925, 538959, 694675, 325893, -645695, 415524, 645266, 1712642, -167324, 702041, 'Right']
[903013, 855797, -1307722, -1013247, 339031, 830264, 395396, 537131, 696084, 318893, -608953, 443176, 690415, 1726332, -105891, 715462, 'Right']
[909119, 870167, -1301879, -1005945, 277002, 813581, 403681, 537625, 693309, 324279, -644070, 428704, 655786, 1715137, -160668, 709522, 'Right']
[903773, 855728, -1305785, -1011868, 343455, 831105, 396466, 539022, 697728, 321111, -610599, 429994, 678811, 1723881, -113163, 707523, 'Right']
[908555, 870463, -1303216, -1006695, 273647, 813360, 402730, 536107, 692521, 322655, -640915, 442259, 667647, 1718600, -151840, 717587, 'Right']
[903778, 855017, -1304808, -1011457, 345396, 831119, 396834, 539649, 698418, 322437, -614639, 416628, 666591, 1720352, -123047, 700052, 'Right']
[907536, 869804, -1304813, -1007679, 273098, 813794, 402008, 535300, 691398, 320569, -637471, 454659, 679521, 1721690, -142436, 724926, 'Right']
[903971, 854859, -1303529, -1010663, 344881, 830535, 397815, 540558, 698786, 323847, -619329, 404153, 654445, 1717468, -132945, 693457, 'Right']
[906489, 868797, -1306085, -1009007, 274455, 814537, 400288, 534306, 690623, 318453, -633210, 465144, 690609, 1724330, -132369, 731172, 'Right']
[904325, 855579, -1302109, -1009882, 341694, 829718, 398940, 542023, 699467, 325143, -624251, 393323, 643723, 1714214, -143365, 687538, 'Right']
[905355, 867584, -1307369, -1010243, 278691, 815861, 399223, 532612, 690554, 316881, -628254, 473557, 700574, 1727126, -122547, 735654, 'Right']
[905442, 856989, -1300826, -1008883, 336681, 827792, 400066, 541996, 699569, 326455, -629411, 385719, 634806, 1711364, -153155, 683133, 'Right']
[904960, 866053, -1308410, -1011303, 285079, 817579, 398061, 532411, 690730, 315848, -622889, 479616, 708377, 1729122, -113554, 738473, 'Right']
[906549, 858747, -1300145, -1007854, 329320, 825572, 400646, 542271, 699324, 327213, -634277, 381450, 628187, 1709011, -162030, 681080, 'Right']
[904690, 864885, -1308830, -1011622, 292886, 819858, 396875, 532852, 691154, 315294, -617817, 482837, 713733, 1730941, -106112, 740107, 'Right']
[907755, 861231, -1298861, -1006190, 321016, 823753, 402302, 542700, 699286, 328519, -638128, 381442, 624658, 1708342, -168077, 681141, 'Right']
[904364, 863252, -1308917, -1011813, 301773, 822209, 396087, 533183, 692025, 315493, -613147, 482667, 715988, 1732301, -99750, 739335, 'Right']
[908276, 863081, -1298898, -1005620, 311487, 821329, 402951, 542637, 698171, 328507, -642040, 384252, 624152, 1707991, -172263, 683223, 'Right']
[903839, 861268, -1309040, -1012350, 311541, 824642, 396030, 533906, 692791, 315751, -610086, 478299, 714785, 1732268, -96380, 736571, 'Right']
[908368, 864586, -1299303, -1005617, 302480, 819136, 403845, 541403, 697227, 328250, -644819, 389822, 626748, 1708492, -173971, 686952, 'Right']
[902402, 858269, -1309707, -1013638, 320736, 826387, 394782, 533836, 692958, 315332, -608848, 470786, 710855, 1731349, -96428, 732411, 'Right']
[908381, 865953, -1299903, -1005782, 293603, 817073, 403992, 540525, 695353, 326644, -646984, 398489, 632047, 1709153, -173856, 692605, 'Right']
[902805, 857403, -1308224, -1013076, 329625, 828965, 394903, 535374, 694409, 316732, -607751, 460506, 703666, 1729721, -98539, 726083, 'Right']
[908237, 867487, -1300489, -1005881, 285585, 815614, 403567, 538869, 694688, 325834, -646499, 409764, 640304, 1711164, -169995, 699091, 'Right']
[902780, 856109, -1307642, -1012983, 336311, 829906, 394262, 535757, 695379, 317780, -608402, 448920, 694577, 1726753, -103924, 719236, 'Right']
[908648, 869228, -1301034, -1005567, 279051, 814395, 402667, 537266, 693819, 324884, -644961, 422312, 650041, 1713369, -165437, 705890, 'Right']
[902203, 854458, -1306795, -1012990, 341024, 830959, 394368, 536720, 696276, 319173, -610079, 436388, 683464, 1724602, -111424, 711696, 'Right']
[908082, 869609, -1302275, -1006557, 274109, 813318, 402017, 536016, 692042, 322332, -642939, 436757, 661555, 1716194, -157965, 714925, 'Right']
[903641, 854887, -1304508, -1011421, 344161, 831296, 395787, 538827, 697986, 321336, -612722, 422870, 671442, 1721489, -119871, 703689, 'Right']
[907780, 869806, -1303242, -1006857, 272462, 813547, 401506, 534952, 691893, 321226, -638825, 449680, 673821, 1719815, -147722, 721811, 'Right']
[904133, 855016, -1302962, -1010499, 344939, 830938, 396708, 539718, 698755, 323041, -616627, 410247, 659707, 1718547, -128995, 696517, 'Right']
[906873, 869063, -1304752, -1008156, 273300, 814004, 400606, 533918, 691271, 319397, -634621, 461221, 685793, 1723057, -136991, 728508, 'Right']
[904420, 855330, -1301918, -1009750, 343597, 830177, 398096, 540700, 699131, 324412, -621765, 398386, 648402, 1715510, -138785, 690013, 'Right']
[905974, 867971, -1306301, -1009270, 277020, 815353, 399690, 533098, 690881, 317834, -630100, 470579, 696269, 1726034, -126864, 733378, 'Right']
[904845, 855959, -1301456, -1009202, 339353, 828494, 398613, 541191, 699067, 325603, -627112, 389633, 638537, 1712361, -149009, 685016, 'Right']
[905195, 866540, -1307805, -1010501, 281805, 816678, 397551, 532029, 690436, 316477, -625047, 478153, 704988, 1728172, -117663, 737141, 'Right']
[905517, 857443, -1300455, -1008141, 332336, 826619, 400022, 541205, 698668, 326668, -632237, 384055, 630605, 1709842, -158652, 681594, 'Right']
[904415, 865125, -1308511, -1011093, 288489, 818859, 397025, 532357, 690119, 315228, -620324, 483019, 711420, 1730448, -109606, 739488, 'Right']
[906735, 859622, -1299234, -1006649, 324389, 824790, 401044, 542466, 698587, 327827, -636665, 381943, 625772, 1709042, -165946, 680768, 'Right']
[903875, 863330, -1308839, -1011649, 296830, 821231, 395475, 531918, 690701, 314976, -615510, 484262, 715002, 1732036, -102717, 739976, 'Right']
[907664, 861819, -1298514, -1005699, 315405, 822763, 401872, 541661, 698127, 328290, -640379, 383229, 623535, 1708369, -171601, 682029, 'Right']
[903441, 861303, -1308765, -1012390, 306260, 823569, 395067, 532470, 691725, 314850, -611506, 481701, 715625, 1732364, -98708, 738525, 'Right']
[907621, 863146, -1298338, -1005597, 305763, 820048, 402534, 540890, 697151, 327645, -643734, 387506, 624830, 1707506, -174550, 685265, 'Right']
[902775, 859321, -1308224, -1012788, 315963, 825762, 394509, 533138, 692743, 315137, -608994, 475349, 712800, 1731433, -96618, 734956, 'Right']
[907791, 864710, -1298830, -1005854, 296842, 817634, 402527, 539621, 696036, 326739, -645911, 394914, 629000, 1708126, -175072, 690408, 'Right']
[902196, 857104, -1308322, -1013749, 325140, 827208, 394038, 533448, 693834, 315519, -607794, 466049, 706864, 1729846, -98261, 729175, 'Right']
[908375, 866587, -1299660, -1005989, 288357, 815449, 403180, 538615, 694809, 325391, -646971, 404790, 636060, 1709286, -173475, 695857, 'Right']
[902366, 855927, -1307942, -1013404, 333026, 829131, 394349, 535266, 695128, 317139, -607836, 454265, 698790, 1728098, -101964, 721595, 'Right']
[907947, 867569, -1301473, -1006313, 281068, 814151, 402701, 537470, 693322, 324468, -646612, 416702, 645563, 1711989, -168420, 702303, 'Right']
[902214, 854940, -1307575, -1012854, 338700, 830376, 394528, 536556, 695426, 318305, -609855, 441902, 688643, 1725557, -107908, 713961, 'Right']
[907895, 869345, -1302355, -1005820, 275595, 813888, 402864, 537017, 692376, 323447, -644544, 429692, 656278, 1715148, -161180, 709369, 'Right']
[902625, 854724, -1306099, -1011744, 342966, 831428, 395722, 538379, 696716, 320278, -611806, 428524, 677132, 1723326, -115007, 706138, 'Right']
[907917, 870043, -1303560, -1006262, 272912, 813600, 402055, 535679, 691615, 321788, -641237, 443460, 668218, 1718598, -151663, 717553, 'Right']
[903774, 855071, -1304405, -1010673, 345102, 831495, 396841, 540051, 697994, 322224, -615135, 415751, 664843, 1720433, -123621, 699019, 'Right']
[907163, 869384, -1304992, -1007716, 272708, 813752, 401183, 534537, 690986, 319812, -637145, 456606, 680047, 1721720, -140973, 725526, 'Right']
[904661, 855307, -1302752, -1009819, 344615, 830945, 398226, 540953, 698925, 323570, -619598, 404040, 653038, 1716894, -133224, 692905, 'Right']
[906680, 868708, -1306173, -1008629, 274651, 814849, 400306, 533392, 690678, 317952, -632394, 467487, 691388, 1724736, -130361, 732154, 'Right']
[904802, 855661, -1302030, -1009637, 341246, 829473, 398633, 540751, 699084, 324635, -624816, 393971, 642451, 1713912, -143577, 687745, 'Right']
[905441, 867021, -1307821, -1010669, 278880, 815743, 398573, 531527, 690188, 316061, -627651, 475652, 701043, 1727084, -121161, 736456, 'Right']
[905644, 856906, -1301089, -1008962, 335508, 827242, 399736, 540102, 698974, 325563, -630127, 386717, 633755, 1710870, -153801, 683499, 'Right']
[904620, 865828, -1308657, -1011406, 284915, 817321, 397464, 530901, 690305, 315174, -622548, 481376, 708557, 1729380, -112439, 739043, 'Right']
[906234, 858799, -1300196, -1007844, 328028, 825004, 400760, 541073, 698736, 326797, -634908, 382347, 627252, 1708923, -161938, 681004, 'Right']
[904132, 864595, -1308839, -1011656, 293196, 819785, 397033, 532112, 690762, 314767, -617656, 483519, 713506, 1731101, -104515, 739938, 'Right']
[906650, 860764, -1299142, -1006241, 319717, 823281, 402376, 541996, 698391, 327897, -639019, 381764, 624292, 1708396, -167474, 681322, 'Right']
[903070, 862188, -1309227, -1012040, 302446, 821868, 396292, 532191, 691171, 314593, -613389, 482553, 716008, 1732246, -98205, 739584, 'Right']
[907360, 862447, -1299303, -1005823, 310350, 820509, 402841, 541520, 697557, 327813, -642751, 384694, 624303, 1707987, -171396, 683753, 'Right']
[902534, 860175, -1309880, -1012947, 311787, 824147, 395029, 532155, 692104, 314700, -610499, 478017, 714577, 1732085, -95562, 736602, 'Right']
[908092, 864739, -1299504, -1005278, 301216, 818517, 403768, 540253, 696571, 327427, -645557, 390754, 626856, 1708473, -173766, 687271, 'Right']
[902757, 858677, -1309544, -1012918, 321407, 826695, 395105, 533639, 693397, 315845, -608107, 470268, 710255, 1731500, -95259, 731433, 'Right']
[907923, 866161, -1300801, -1005698, 292034, 816446, 403286, 539245, 695180, 326617, -646839, 399682, 632717, 1709697, -172834, 692506, 'Right']
[902137, 856762, -1309427, -1013387, 329385, 828439, 394532, 534402, 694161, 316627, -607864, 459674, 702901, 1729869, -99004, 724562, 'Right']
[907887, 867265, -1301498, -1005903, 283681, 814816, 402877, 537729, 693892, 325323, -647086, 410974, 640758, 1711807, -169791, 698927, 'Right']
[902315, 855288, -1307813, -1012977, 336393, 829949, 394727, 535492, 695295, 317821, -608627, 447448, 693192, 1727527, -103940, 717516, 'Right']
[908325, 868370, -1301624, -1005846, 278042, 813983, 403024, 536788, 693046, 323925, -645199, 423845, 651309, 1714134, -163207, 706866, 'Right']
[902756, 854142, -1306391, -1012302, 341684, 830893, 395092, 536424, 696453, 319434, -610242, 434440, 682445, 1724615, -110326, 710228, 'Right']
[907810, 868680, -1302975, -1006339, 273938, 813479, 402106, 534748, 691646, 321958, -642784, 437288, 662992, 1716798, -155118, 714883, 'Right']
[903343, 854083, -1304898, -1011027, 344461, 831373, 395785, 537578, 697303, 321103, -613334, 421073, 670358, 1721373, -119127, 702857, 'Right']
[907168, 869011, -1304256, -1007001, 272364, 813623, 401499, 534046, 690806, 320355, -638901, 450676, 675007, 1719989, -145430, 722468, 'Right']
[904002, 854806, -1303487, -1010030, 345221, 831450, 397013, 539550, 697963, 322778, -617376, 409065, 658590, 1718145, -128877, 695796, 'Right']
[907018, 869213, -1305404, -1007569, 273742, 814843, 400628, 533161, 690597, 319035, -634058, 462694, 686955, 1723583, -135464, 729344, 'Right']
[904742, 855735, -1302180, -1009060, 342970, 830749, 398221, 540342, 698686, 324594, -621767, 398264, 647352, 1715655, -139160, 689945, 'Right']
[906215, 868074, -1307064, -1009159, 276708, 815979, 399308, 531939, 690199, 317510, -628975, 472705, 697371, 1726884, -125026, 734782, 'Right']
[905577, 856742, -1301296, -1008566, 338122, 828874, 399158, 540564, 698918, 325809, -626998, 389791, 637790, 1712526, -149277, 685186, 'Right']
[906142, 857812, -1300448, -1007764, 331362, 826601, 400362, 541147, 698404, 326555, -632551, 383886, 630369, 1709936, -158177, 681976, 'Right']
[904638, 864764, -1308852, -1011189, 289182, 819006, 397010, 531290, 690178, 315097, -619231, 483149, 712287, 1730669, -107245, 739823, 'Right']
[906985, 859690, -1299429, -1006630, 323639, 824124, 401678, 541183, 698300, 327443, -636976, 381601, 625715, 1708728, -164925, 680823, 'Right']
[904190, 863364, -1309022, -1011624, 298353, 820937, 396307, 531357, 690994, 314997, -614660, 483307, 715565, 1731799, -100463, 739337, 'Right']
[907259, 861365, -1299326, -1006055, 314685, 821699, 401955, 540774, 697738, 327912, -640813, 382679, 624307, 1707877, -169820, 681753, 'Right']
[903194, 860960, -1309558, -1012417, 307549, 823436, 395348, 531709, 691424, 314557, -611199, 480215, 716159, 1732140, -96399, 737560, 'Right']
[908022, 863787, -1299233, -1005263, 305332, 819704, 403388, 540271, 696749, 327595, -644039, 387649, 625878, 1707883, -172714, 685238, 'Right']
[902841, 859227, -1309807, -1012784, 316803, 825755, 394716, 532330, 692473, 315288, -608611, 474210, 712897, 1732161, -95157, 733765, 'Right']
[908719, 865866, -1299697, -1004848, 295604, 817882, 403449, 539877, 695769, 327419, -645719, 395521, 629954, 1709423, -173719, 690161, 'Right']
[902788, 857406, -1309279, -1013193, 325132, 827827, 393967, 533466, 693761, 316233, -606970, 464732, 706746, 1730874, -97261, 728023, 'Right']
[908177, 866512, -1300923, -1006075, 286712, 815377, 402665, 537756, 694393, 325664, -646390, 405834, 637167, 1710667, -171950, 696112, 'Right']
[901929, 855324, -1308915, -1013814, 332603, 828867, 393667, 534118, 694348, 316682, -607822, 453202, 698184, 1728268, -101885, 721040, 'Right']
[908163, 868075, -1301462, -1005912, 279771, 813840, 403220, 537001, 693054, 324209, -646057, 417678, 646600, 1712601, -166989, 703051, 'Right']
[901980, 854153, -1307461, -1013102, 338929, 829800, 394625, 535920, 695789, 318531, -608936, 439931, 687693, 1725784, -107132, 712983, 'Right']
[907482, 868502, -1302631, -1006612, 274862, 812920, 402079, 535455, 691757, 322138, -644114, 431233, 658081, 1715234, -159057, 711202, 'Right']
[902605, 854071, -1305515, -1012061, 343133, 830907, 395247, 537061, 696901, 320098, -611607, 426859, 676280, 1722913, -115086, 705783, 'Right']
[907317, 868928, -1303431, -1006969, 272529, 813155, 401583, 534332, 691092, 320769, -640657, 444548, 670285, 1718657, -149837, 718998, 'Right']
[903479, 854342, -1303774, -1010298, 345165, 831277, 396743, 539055, 697774, 321946, -615304, 413907, 664319, 1720110, -123940, 698689, 'Right']
[906818, 868926, -1304976, -1007339, 272445, 813988, 400067, 532945, 690554, 319442, -636033, 457616, 682287, 1722941, -139832, 726640, 'Right']
