[2317750, 2507104, 690937, -265058, 729617, 1063208, -715335, -366023, 263556, 459219, 737263, 1255784, 1391577, 510659, 979549, 640846, 'Right']
[2320995, 2506848, 690845, -264859, 728674, 1064076, -716964, -367800, 263115, 459425, 751344, 1263630, 1398661, 509757, 982110, 638242, 'Right']
[2316281, 2507054, 689556, -265121, 728700, 1063048, -717102, -368602, 263505, 459338, 738115, 1255977, 1391708, 510791, 978837, 639794, 'Right']
[2322668, 2507881, 690630, -264197, 728626, 1063786, -715632, -366143, 263359, 460206, 749316, 1263105, 1397529, 510287, 981326, 637543, 'Right']
[2315444, 2507089, 689650, -264198, 729083, 1064008, -715255, -365350, 263534, 460054, 739286, 1257230, 1391708, 511654, 979228, 640284, 'Right']
[2324299, 2507948, 692200, -263955, 729112, 1064336, -715513, -365807, 263166, 460425, 747201, 1262733, 1396529, 510451, 981381, 638699, 'Right']
[2315078, 2506817, 690483, -263497, 728845, 1065204, -715295, -365397, 263453, 460119, 741639, 1258957, 1392902, 512143, 980369, 641225, 'Right']
[2325879, 2508872, 692911, -263786, 729195, 1064256, -717811, -366309, 263854, 460795, 744986, 1262117, 1395751, 510783, 981101, 638813, 'Right']
[2315624, 2506949, 690436, -263432, 729409, 1064554, -714015, -367254, 263816, 460486, 743795, 1260554, 1394153, 512124, 980809, 640721, 'Right']
[2327300, 2509239, 693159, -264218, 729273, 1063164, -716664, -366417, 263730, 460703, 743353, 1261364, 1395227, 510454, 981438, 638622, 'Right']
[2315322, 2506426, 690232, -263926, 729262, 1064236, -715293, -365870, 263240, 460121, 746033, 1261498, 1395243, 511657, 981546, 639919, 'Right']
[2326745, 2508718, 692519, -265091, 729700, 1061993, -717372, -367449, 263177, 459951, 740595, 1259306, 1394143, 509842, 980928, 637973, 'Right']
[2314995, 2505389, 689615, -264188, 729320, 1063895, -714570, -365111, 262362, 459305, 747469, 1261650, 1396516, 510639, 981718, 638675, 'Right']
[2325983, 2508228, 692272, -264962, 730056, 1062603, -715812, -365712, 262681, 459680, 737796, 1257254, 1393414, 509773, 979928, 637581, 'Right']
[2315088, 2504950, 689179, -264360, 728621, 1064315, -716343, -366384, 261897, 459194, 749001, 1262542, 1397399, 511036, 981534, 638128, 'Right']
[2325193, 2508957, 691275, -264291, 729783, 1062676, -717173, -366809, 262520, 459690, 736486, 1256392, 1392002, 510026, 978476, 637550, 'Right']
[2316653, 2506034, 689607, -263492, 728758, 1065073, -715164, -366354, 262258, 460051, 750649, 1264017, 1397744, 511762, 981234, 638385, 'Right']
[2324523, 2509034, 691642, -264126, 728995, 1062786, -716495, -366568, 262612, 460014, 736350, 1256544, 1391663, 510953, 978768, 639657, 'Right']
[2317501, 2506566, 689779, -263173, 728390, 1064590, -716046, -366703, 262385, 460104, 752499, 1264769, 1398348, 511572, 981632, 639306, 'Right']
[2322827, 2509216, 691054, -263883, 729147, 1062581, -715909, -366662, 263120, 460099, 735830, 1256109, 1391003, 511445, 978550, 640436, 'Right']
[2318862, 2507864, 690239, -262227, 728959, 1065654, -714282, -365146, 263214, 460830, 752249, 1265170, 1398360, 511599, 981781, 638968, 'Right']
[2321164, 2509555, 691249, -263292, 729072, 1064349, -715158, -365501, 263677, 461037, 735836, 1256593, 1390975, 512290, 979136, 641501, 'Right']
[2319561, 2507590, 690463, -263070, 727777, 1065479, -715391, -365991, 262638, 460856, 752426, 1265472, 1398640, 511608, 982021, 639481, 'Right']
[2319225, 2508913, 690801, -263726, 729051, 1064412, -713618, -366925, 263464, 460970, 735686, 1256171, 1390536, 512169, 978623, 640963, 'Right']
[2320462, 2507453, 690861, -263902, 728962, 1065167, -715459, -367001, 262243, 460278, 752089, 1264945, 1398557, 511008, 982333, 639211, 'Right']
[2317222, 2507974, 690165, -264195, 729074, 1064222, -716210, -365452, 262972, 460279, 737265, 1256344, 1390937, 511839, 978983, 641349, 'Right']
[2322185, 2507814, 691278, -263654, 728854, 1064920, -714793, -366194, 262559, 460538, 750296, 1264071, 1397537, 511222, 981961, 639299, 'Right']
[2316056, 2507047, 690022, -264270, 729198, 1063765, -714926, -367139, 263099, 460289, 738374, 1257137, 1391561, 512007, 979787, 641538, 'Right']
[2323230, 2508020, 691519, -263631, 729190, 1064299, -715330, -365600, 262656, 460386, 748044, 1263190, 1397030, 510127, 981512, 638849, 'Right']
[2315029, 2506931, 689894, -263441, 729390, 1064695, -715684, -365375, 263429, 460708, 739635, 1258422, 1392366, 512512, 979803, 641382, 'Right']
[2324152, 2507915, 691748, -263964, 729322, 1063856, -715406, -367846, 262566, 460307, 746069, 1262547, 1396500, 510278, 981014, 638820, 'Right']
[2314298, 2506618, 689587, -263327, 729664, 1064448, -714417, -365886, 262749, 460115, 742321, 1259602, 1393813, 511847, 980319, 641030, 'Right']
[2325649, 2508781, 692105, -263576, 729342, 1063504, -715396, -366026, 262882, 460738, 744322, 1261942, 1395990, 510403, 981306, 639268, 'Right']
[2314567, 2506294, 689486, -263385, 729816, 1064677, -714364, -366733, 262653, 460400, 744846, 1261138, 1394533, 511988, 981087, 641109, 'Right']
[2325927, 2508717, 692059, -263959, 729774, 1063348, -716381, -365888, 262336, 460228, 742340, 1260685, 1394692, 510230, 980943, 639612, 'Right']
[2314600, 2506188, 689171, -263090, 729828, 1064874, -713015, -364601, 262216, 459965, 747263, 1262209, 1395378, 512086, 981857, 641439, 'Right']
[2325974, 2508908, 691965, -263893, 729914, 1062974, -715531, -366116, 262723, 460501, 739600, 1258875, 1392870, 510806, 980588, 639851, 'Right']
[2314919, 2505684, 689269, -263139, 729250, 1065509, -716110, -365316, 262031, 459920, 748678, 1262687, 1395998, 511948, 981730, 640695, 'Right']
[2325198, 2508583, 691409, -264075, 729666, 1063234, -715862, -365569, 262140, 459958, 738075, 1257663, 1392043, 510601, 979688, 640418, 'Right']
[2315364, 2505477, 688617, -263326, 729084, 1065344, -713330, -366283, 261638, 459829, 750367, 1263612, 1396845, 511804, 981981, 640613, 'Right']
[2324179, 2508153, 690625, -264538, 729413, 1062907, -717385, -366001, 261923, 459690, 736344, 1256570, 1391245, 510689, 979279, 640333, 'Right']
[2316259, 2505382, 688511, -263824, 728569, 1064745, -715674, -366676, 261265, 459534, 751179, 1264179, 1397426, 511099, 981500, 639662, 'Right']
[2323622, 2508922, 690474, -263943, 729640, 1063603, -714979, -364868, 262353, 460023, 735298, 1256372, 1390671, 510714, 978787, 640399, 'Right']
[2318265, 2506757, 688889, -262778, 728771, 1065915, -714690, -365172, 262153, 460636, 751499, 1265325, 1397529, 511793, 982030, 639789, 'Right']
[2322890, 2508984, 690327, -263670, 729373, 1063463, -715998, -365629, 262737, 460764, 734547, 1256799, 1389890, 512172, 978695, 641087, 'Right']
[2319719, 2506895, 689073, -262973, 728332, 1064910, -716486, -366413, 261918, 460434, 751808, 1265986, 1397768, 511430, 982063, 639833, 'Right']
[2321356, 2508479, 689911, -263875, 728842, 1063338, -714604, -365489, 262567, 460390, 734575, 1256477, 1389948, 511639, 978642, 641617, 'Right']
[2321230, 2506802, 689599, -263461, 728034, 1064784, -715686, -365790, 261545, 460102, 751466, 1265316, 1398133, 511015, 982359, 640367, 'Right']
[2319377, 2507668, 689284, -264149, 728428, 1063654, -716198, -365861, 262134, 460016, 735473, 1256273, 1390174, 511765, 978566, 642030, 'Right']
[2322328, 2506726, 689827, -264167, 727919, 1064422, -716234, -366156, 261565, 459957, 750229, 1264292, 1397602, 510961, 981740, 639849, 'Right']
[2317371, 2506465, 688922, -264920, 728360, 1063633, -715924, -365025, 261589, 459021, 737186, 1256104, 1390974, 511411, 979090, 642144, 'Right']
[2323009, 2507004, 690364, -264309, 727955, 1064663, -716753, -366069, 261468, 459491, 748929, 1263094, 1397304, 510175, 981485, 639537, 'Right']
[2316114, 2506934, 688909, -264105, 728839, 1064197, -715541, -367101, 262301, 459616, 738543, 1256879, 1391473, 512152, 979029, 641347, 'Right']
[2324470, 2507863, 690383, -264337, 728017, 1063753, -717151, -366870, 262117, 459933, 746918, 1262268, 1396423, 510107, 980788, 638552, 'Right']
[2315401, 2506657, 688734, -264111, 728387, 1064303, -715970, -365357, 262182, 459685, 741077, 1258227, 1392482, 511585, 979556, 641114, 'Right']
[2325458, 2508860, 691082, -263823, 728415, 1064054, -717909, -367189, 262260, 460389, 745748, 1261878, 1395564, 510487, 980983, 639087, 'Right']
[2315111, 2506666, 689090, -263567, 728502, 1064643, -715374, -365274, 262622, 460236, 743569, 1259993, 1393023, 512393, 980245, 641035, 'Right']
[2326209, 2508840, 691551, -263952, 728583, 1063663, -718028, -365486, 262426, 460231, 743699, 1260999, 1394283, 510496, 980690, 639526, 'Right']
[2314683, 2506271, 688676, -263304, 728707, 1065048, -716486, -365167, 262254, 460179, 746338, 1261395, 1393947, 512381, 980782, 641163, 'Right']
[2326113, 2508952, 691010, -263906, 729121, 1063524, -716952, -367864, 262640, 460628, 741741, 1259933, 1393137, 511141, 980081, 639588, 'Right']
[2314620, 2505712, 688177, -263388, 728913, 1065202, -715301, -365136, 262009, 459941, 748479, 1262449, 1395166, 512544, 981146, 640509, 'Right']
[2325922, 2508486, 690609, -264539, 729078, 1062693, -717590, -367172, 262147, 459930, 739349, 1258288, 1392027, 510912, 979606, 639340, 'Right']
[2315254, 2505736, 688059, -263233, 728757, 1065435, -715704, -364837, 261798, 459652, 749687, 1263025, 1395433, 511855, 981317, 639681, 'Right']
[2324901, 2508345, 690436, -264398, 729430, 1063408, -716813, -366176, 262453, 459922, 737096, 1256861, 1390504, 511270, 979024, 639226, 'Right']
[2315321, 2505174, 688047, -263662, 729042, 1065293, -716062, -364964, 261823, 459537, 750626, 1263338, 1396019, 512172, 981467, 639329, 'Right']
[2323810, 2507617, 690263, -265332, 729004, 1062455, -718567, -367568, 261941, 459118, 735717, 1255679, 1389956, 510930, 978632, 639692, 'Right']
[2316703, 2505287, 688238, -264217, 728561, 1064243, -715467, -365263, 261159, 458761, 751872, 1263587, 1396729, 511083, 981646, 639098, 'Right']
[2322972, 2508474, 690060, -264556, 729273, 1062890, -716261, -366564, 262434, 459391, 735033, 1255245, 1389406, 511027, 978455, 639527, 'Right']
[2318983, 2506524, 689042, -262833, 728703, 1065296, -715593, -365397, 262366, 460107, 751972, 1264644, 1396765, 511928, 981569, 638171, 'Right']
[2322216, 2508177, 690240, -263893, 728779, 1063286, -717873, -367144, 262836, 460006, 735637, 1255994, 1389199, 512320, 978444, 640032, 'Right']
[2321003, 2506641, 689435, -263136, 728233, 1064775, -715606, -365887, 261983, 459836, 753422, 1265540, 1397169, 511375, 981932, 638952, 'Right']
[2321401, 2508409, 689697, -263525, 729054, 1063235, -716360, -367471, 263222, 460342, 736319, 1256457, 1389125, 511718, 978676, 640561, 'Right']
[2323094, 2507486, 689915, -263109, 728336, 1065233, -716517, -365002, 262636, 460348, 751841, 1265378, 1396916, 511318, 981706, 638237, 'Right']
[2320484, 2507749, 689738, -264156, 728671, 1063754, -717628, -366116, 262932, 459968, 737220, 1256952, 1389781, 512145, 978990, 640905, 'Right']
[2324355, 2507397, 690104, -263995, 728025, 1064045, -717118, -367260, 262358, 459903, 750948, 1264567, 1396594, 510883, 981782, 638470, 'Right']
[2318022, 2506467, 688914, -264865, 728842, 1062915, -717143, -366583, 262857, 459395, 737948, 1256772, 1389973, 511765, 978601, 639928, 'Right']
[2325041, 2506935, 690193, -264845, 728041, 1063818, -717188, -367067, 262045, 458953, 748866, 1262755, 1396001, 510090, 980914, 637711, 'Right']
[2317143, 2506410, 688763, -264574, 727776, 1064352, -715408, -365299, 262620, 458983, 740220, 1257196, 1391001, 511989, 979128, 640306, 'Right']
[2326413, 2507796, 690731, -264857, 727464, 1063135, -717847, -368215, 262467, 459536, 746919, 1261962, 1395127, 510563, 980630, 638115, 'Right']
[2316593, 2506669, 688559, -263926, 728047, 1064066, -716610, -366894, 262472, 459277, 742505, 1258708, 1391741, 511908, 979716, 640298, 'Right']
[2327221, 2508754, 690918, -263915, 727964, 1063612, -718548, -365621, 262445, 459948, 744393, 1261154, 1393727, 510878, 980189, 638275, 'Right']
[2316026, 2506311, 688485, -263744, 727639, 1064195, -716441, -367910, 262231, 459819, 744669, 1260498, 1392626, 512638, 980253, 640766, 'Right']
[2327481, 2509774, 691337, -263627, 728237, 1063162, -717740, -366426, 262531, 460473, 742653, 1260669, 1392817, 511090, 980328, 638775, 'Right']
[2316158, 2506745, 689186, -263120, 727654, 1065245, -716895, -363629, 262619, 460725, 746598, 1262270, 1393341, 513200, 980614, 640205, 'Right']
[2327229, 2508799, 691222, -264498, 728393, 1063224, -717948, -366520, 262188, 460141, 740521, 1259532, 1391895, 511450, 979882, 639421, 'Right']
[2315572, 2506054, 688586, -263606, 728159, 1065261, -715333, -366110, 261883, 459732, 748504, 1262721, 1394526, 512703, 981085, 640044, 'Right']
[2326706, 2509008, 691089, -264545, 728186, 1063084, -716821, -367309, 262281, 459712, 737666, 1257613, 1390727, 511290, 979084, 638833, 'Right']
[2316875, 2505781, 688538, -263769, 726944, 1065360, -717798, -365019, 262050, 459707, 749756, 1263505, 1395249, 512277, 981191, 639244, 'Right']
[2325847, 2508833, 690582, -264733, 728082, 1062772, -717460, -366927, 262050, 459516, 736490, 1256651, 1389822, 511092, 978593, 639322, 'Right']
[2317484, 2505640, 688835, -264037, 727649, 1064642, -716916, -366315, 261462, 459428, 751204, 1263897, 1395761, 511900, 981191, 638785, 'Right']
[2324410, 2508282, 690560, -265177, 727926, 1062219, -718325, -368228, 261789, 458999, 735818, 1255838, 1389089, 510972, 978261, 639318, 'Right']
[2318714, 2506215, 689191, -263445, 728122, 1065405, -716149, -364752, 261443, 459329, 752248, 1264470, 1396129, 511646, 981548, 638409, 'Right']
[2323801, 2508922, 690716, -264186, 728866, 1063263, -718043, -366191, 262542, 459768, 735547, 1256124, 1388914, 511829, 978595, 639861, 'Right']
[2320452, 2506823, 689933, -263570, 727874, 1065029, -717007, -365410, 261831, 459799, 752749, 1265498, 1396701, 511806, 981669, 638305, 'Right']
[2322124, 2508743, 690646, -264094, 728667, 1063797, -716399, -367138, 262375, 459792, 735941, 1256234, 1389088, 512308, 978915, 640443, 'Right']
[2321976, 2507489, 689535, -263627, 727854, 1065182, -715901, -367331, 261792, 459891, 752782, 1265395, 1397066, 511482, 982081, 638617, 'Right']
[2320614, 2508220, 688971, -264347, 728398, 1063626, -714514, -366311, 262342, 459642, 736994, 1256505, 1389661, 511771, 979291, 640894, 'Right']
[2323138, 2507673, 688897, -263645, 727473, 1064697, -715408, -366562, 261500, 459784, 752005, 1264538, 1397040, 510859, 982227, 638750, 'Right']
[2318798, 2508112, 687932, -264038, 728445, 1064174, -715742, -365596, 262024, 459895, 737919, 1256634, 1390156, 512249, 979138, 640848, 'Right']
[2324001, 2507815, 688683, -264176, 728271, 1064033, -716354, -367133, 261679, 460062, 749867, 1263795, 1396525, 510884, 981547, 637854, 'Right']
[2316879, 2507760, 687186, -263902, 729109, 1063876, -715285, -365917, 262070, 459730, 738915, 1256903, 1390506, 511953, 978761, 639616, 'Right']
[2324561, 2508252, 688852, -263985, 728750, 1064347, -716130, -367426, 262155, 460453, 747816, 1262717, 1395802, 511106, 981048, 637600, 'Right']
[2315132, 2506889, 686734, -263710, 728880, 1064876, -715614, -365170, 262469, 460308, 740752, 1257858, 1391272, 512861, 979238, 639879, 'Right']
[2324494, 2507873, 688830, -264426, 728710, 1063872, -716544, -367809, 261901, 460249, 745298, 1261482, 1394845, 511083, 980450, 637735, 'Right']
[2313651, 2505600, 686341, -264275, 728912, 1064577, -716655, -367462, 262027, 459655, 742186, 1258847, 1392521, 512455, 979406, 639307, 'Right']
[2324866, 2507842, 688925, -264585, 728726, 1063290, -716148, -367673, 262028, 459712, 742781, 1260208, 1394136, 510325, 980071, 637451, 'Right']
[2314101, 2505839, 686979, -263595, 728512, 1065232, -714249, -364553, 262312, 459807, 744994, 1260392, 1393999, 512331, 980588, 639437, 'Right']
[2325829, 2508614, 690113, -264259, 728567, 1063659, -715860, -366564, 262659, 460332, 740965, 1259541, 1393266, 510967, 980151, 638376, 'Right']
[2314141, 2505909, 687642, -263567, 728606, 1065298, -714336, -366413, 262479, 460143, 747549, 1262043, 1394905, 512590, 981138, 639777, 'Right']
[2325649, 2509008, 690320, -264378, 728619, 1063069, -716370, -368116, 262910, 460318, 739336, 1258402, 1392290, 510980, 979717, 638411, 'Right']
[2314952, 2506203, 687856, -263185, 728104, 1065706, -715359, -365429, 262660, 460401, 749216, 1262881, 1395661, 512646, 981096, 639107, 'Right']
[2325442, 2509064, 690696, -264256, 728500, 1063422, -716617, -367565, 263189, 460704, 737273, 1257354, 1391081, 511674, 979038, 638405, 'Right']
[2316091, 2505718, 688191, -263788, 727937, 1065375, -716730, -366690, 262419, 460212, 750656, 1263843, 1396460, 512557, 981285, 638428, 'Right']
[2324213, 2507886, 690259, -264895, 728717, 1062675, -716669, -367295, 262738, 460043, 736226, 1256369, 1390492, 511574, 978749, 638875, 'Right']
[2316685, 2505029, 688405, -263989, 728379, 1064887, -716119, -365548, 261844, 459446, 751924, 1264047, 1397058, 511420, 981679, 638560, 'Right']
[2323250, 2508117, 689955, -264330, 729081, 1063388, -715425, -366204, 262655, 459666, 735560, 1255516, 1389804, 511153, 978954, 639667, 'Right']
[2318260, 2505697, 688823, -263615, 728820, 1065046, -713945, -365917, 262086, 459901, 752645, 1264689, 1397308, 511779, 982611, 639020, 'Right']
[2321760, 2508149, 689961, -264169, 729614, 1062883, -714922, -367652, 262884, 459917, 735233, 1255425, 1389307, 511464, 979186, 639982, 'Right']
[2319767, 2505944, 689547, -263667, 728727, 1064898, -715463, -366446, 262080, 460104, 752064, 1264557, 1397031, 511325, 982151, 638170, 'Right']
[2320452, 2507837, 690069, -264126, 728864, 1063802, -716100, -365560, 262566, 460015, 735978, 1255434, 1389436, 511710, 979414, 640758, 'Right']
[2321465, 2506898, 689964, -263704, 728082, 1064606, -715009, -367120, 262143, 460107, 752138, 1264369, 1397392, 511004, 982452, 638645, 'Right']
[2318987, 2507688, 689273, -264021, 728463, 1063603, -715611, -367585, 262993, 460207, 736724, 1255707, 1389802, 511903, 979160, 640120, 'Right']
[2323017, 2507101, 690177, -263552, 727930, 1064873, -716828, -365730, 262505, 460459, 751012, 1264058, 1397090, 511432, 981767, 637953, 'Right']
[2317596, 2506426, 688821, -264285, 728277, 1063736, -716621, -365568, 262687, 459981, 738617, 1256510, 1390661, 512112, 979160, 640241, 'Right']
[2323604, 2506392, 689480, -264697, 728256, 1062821, -715056, -368961, 261656, 459570, 749669, 1262651, 1396527, 510220, 981420, 637524, 'Right']
[2315843, 2505605, 687881, -264389, 729044, 1063450, -715926, -366334, 261922, 459281, 739965, 1256487, 1390984, 511610, 979258, 639322, 'Right']
[2324626, 2506996, 689742, -263991, 728729, 1063719, -715875, -366170, 261658, 459607, 747201, 1261514, 1395447, 510614, 981078, 637574, 'Right']
[2315168, 2505221, 687955, -264023, 728322, 1064260, -715551, -366740, 261932, 459514, 741982, 1257893, 1391662, 512262, 979878, 639854, 'Right']
[2326038, 2507025, 690495, -264413, 728281, 1063851, -715458, -367182, 261680, 459462, 745035, 1260277, 1394225, 510640, 980812, 637859, 'Right']
[2314703, 2504900, 687730, -264138, 728094, 1064852, -716714, -366093, 261675, 458871, 744450, 1258451, 1392680, 512102, 980394, 640107, 'Right']
[2325939, 2507592, 690481, -264796, 727997, 1063328, -715728, -367025, 261990, 459170, 742434, 1258435, 1393049, 510288, 979520, 637990, 'Right']
[2314645, 2505413, 687780, -264046, 728020, 1064875, -714010, -366572, 262127, 459107, 746527, 1259649, 1394033, 512100, 980541, 640155, 'Right']
[2325835, 2508099, 690307, -264883, 727717, 1063120, -716542, -367221, 262471, 459358, 740791, 1257355, 1392544, 510871, 979288, 638566, 'Right']
[2314483, 2505221, 687747, -264135, 727285, 1064776, -715505, -366839, 262372, 459404, 748623, 1260862, 1394880, 512299, 980329, 639031, 'Right']
[2325500, 2508156, 690362, -265410, 727401, 1062550, -718315, -368501, 262492, 459524, 739144, 1256469, 1391540, 510774, 978563, 638116, 'Right']
[2315007, 2505285, 688010, -264012, 727352, 1065103, -714142, -365188, 261881, 459347, 750812, 1261833, 1395595, 511878, 980496, 638630, 'Right']
[2324463, 2508302, 690359, -265014, 728598, 1063193, -715422, -368291, 262576, 459829, 737844, 1255888, 1390485, 511188, 978873, 639127, 'Right']
[2315648, 2505236, 687948, -264160, 727810, 1065057, -716662, -365769, 262032, 459883, 751998, 1262986, 1396140, 512054, 980974, 638035, 'Right']
[2323405, 2508069, 690093, -264961, 728205, 1062795, -715681, -367787, 262495, 459683, 736651, 1255183, 1389978, 511283, 978014, 638473, 'Right']
[2317059, 2505674, 688501, -263591, 728202, 1065686, -713879, -365002, 262190, 459803, 753743, 1264186, 1397572, 512283, 981509, 638132, 'Right']
[2321745, 2507818, 689913, -264879, 729551, 1062971, -715442, -366405, 263323, 460093, 736457, 1255011, 1389989, 512430, 978417, 639108, 'Right']
[2317644, 2505336, 688517, -264365, 728681, 1064597, -714097, -366634, 261873, 459278, 753349, 1263645, 1397694, 511412, 981220, 637727, 'Right']
[2319575, 2507121, 689632, -264931, 729090, 1063073, -713947, -366381, 262638, 459451, 735846, 1254333, 1389731, 511765, 978189, 639187, 'Right']
[2318300, 2505243, 689246, -264448, 728716, 1064441, -715549, -365302, 261896, 459313, 752559, 1263404, 1397651, 511336, 981431, 637541, 'Right']
[2317723, 2506532, 689332, -264794, 729026, 1063684, -715154, -365644, 262641, 459268, 736015, 1254173, 1389856, 511945, 978153, 639316, 'Right']
[2320433, 2505832, 689585, -264401, 728281, 1064268, -715822, -366874, 262146, 459536, 751256, 1262995, 1397260, 511361, 981156, 636990, 'Right']
[2316937, 2506454, 689289, -264573, 728827, 1063251, -715264, -366454, 262316, 459248, 737491, 1254999, 1389959, 512006, 978338, 639222, 'Right']
[2322308, 2506647, 690611, -263812, 728603, 1064339, -715253, -366219, 261993, 459799, 750700, 1262905, 1396826, 511270, 981764, 637419, 'Right']
[2316159, 2506342, 689679, -263972, 728944, 1063890, -716413, -367519, 262541, 459777, 739378, 1256260, 1390880, 512919, 979398, 639527, 'Right']
[2323832, 2506893, 691453, -263865, 727665, 1064219, -717409, -366135, 261812, 459730, 749268, 1262505, 1396470, 511389, 981460, 637799, 'Right']
[2315246, 2505900, 689386, -263592, 727856, 1064305, -714604, -365213, 262209, 459578, 741425, 1257456, 1391716, 512763, 979572, 640614, 'Right']
[2324999, 2507258, 691497, -263951, 727849, 1063770, -716073, -365898, 261914, 459706, 746498, 1261206, 1395211, 510927, 980870, 638119, 'Right']
[2314656, 2504968, 689381, -264003, 727702, 1064722, -716070, -365727, 261871, 459305, 743037, 1258321, 1392355, 512544, 979738, 640056, 'Right']
[2325631, 2507426, 691487, -264221, 727444, 1063812, -716581, -366541, 261510, 459397, 744576, 1259848, 1394230, 510843, 980274, 638088, 'Right']
[2314535, 2505160, 689370, -263604, 727909, 1065006, -714754, -366277, 262044, 459785, 745058, 1259358, 1393302, 512882, 980086, 639291, 'Right']
[2326340, 2507689, 692143, -264417, 728179, 1063252, -717260, -366283, 261896, 459875, 741510, 1258495, 1393240, 511202, 979711, 637649, 'Right']
[2314802, 2504818, 689072, -263799, 727588, 1064832, -716889, -365834, 261368, 459315, 747433, 1260567, 1394779, 512763, 980536, 639129, 'Right']
[2326326, 2507410, 692028, -264754, 727722, 1063033, -716898, -368054, 262057, 459822, 739223, 1257509, 1392227, 511681, 979184, 637676, 'Right']
[2315282, 2504327, 689650, -263962, 727323, 1064625, -715005, -364009, 261103, 458860, 749698, 1261965, 1395808, 512152, 981366, 639223, 'Right']
[2325792, 2507770, 692346, -264604, 728442, 1062229, -716646, -367101, 262165, 459557, 738287, 1256536, 1391458, 511159, 979465, 638675, 'Right']
[2316087, 2505356, 689523, -263303, 727311, 1065072, -715700, -365087, 261816, 459801, 751167, 1262811, 1396520, 512555, 981306, 638568, 'Right']
[2324936, 2508727, 691624, -263942, 727751, 1063258, -715719, -366313, 262487, 460151, 736810, 1255869, 1390817, 511879, 978817, 639156, 'Right']
[2317144, 2506142, 689518, -263280, 727494, 1065037, -716685, -367215, 262465, 460697, 751537, 1263582, 1396647, 512663, 981068, 637949, 'Right']
[2323705, 2508486, 691517, -264559, 727966, 1063033, -716560, -366602, 262565, 460222, 735774, 1255239, 1389938, 512060, 978095, 638420, 'Right']
[2318115, 2505923, 690078, -263840, 726737, 1064736, -715919, -365481, 261606, 459781, 753376, 1264005, 1397444, 511872, 981775, 637788, 'Right']
[2321748, 2508186, 691351, -264395, 727299, 1063057, -716820, -366231, 262086, 459724, 736441, 1254907, 1389644, 512010, 978522, 639323, 'Right']
[2319233, 2505873, 690361, -264156, 726774, 1064608, -716803, -367177, 261163, 459627, 753483, 1264075, 1397270, 511845, 981714, 637698, 'Right']
[2320240, 2507628, 691081, -264600, 728377, 1062935, -716435, -366417, 261680, 459524, 736236, 1254724, 1389492, 511672, 978565, 639351, 'Right']
[2320606, 2506215, 690996, -264082, 726980, 1064379, -716913, -366245, 261108, 459766, 752360, 1263708, 1397482, 511194, 981790, 637355, 'Right']
[2318692, 2506818, 690862, -264584, 727534, 1063062, -716981, -366894, 261460, 459439, 737114, 1255174, 1389771, 512099, 978793, 639735, 'Right']
[2322201, 2506168, 691395, -264277, 727519, 1063646, -717154, -367214, 261294, 459583, 751013, 1263203, 1396769, 510881, 981655, 637317, 'Right']
[2317673, 2506497, 690466, -264105, 728419, 1063823, -715196, -365654, 261821, 459426, 737861, 1255272, 1390203, 512070, 979365, 639876, 'Right']
[2323991, 2506553, 691468, -264247, 727520, 1064046, -717052, -365934, 261297, 459615, 749405, 1262389, 1396410, 510938, 981961, 637802, 'Right']
[2316275, 2505635, 689369, -264597, 727341, 1063413, -716532, -366778, 261414, 459079, 739683, 1256098, 1390722, 511978, 979477, 639889, 'Right']
[2325037, 2506631, 691011, -264452, 728032, 1063166, -716435, -366048, 261095, 459335, 746892, 1260811, 1394980, 510164, 980864, 636837, 'Right']
[2315714, 2504852, 688877, -264562, 728059, 1063458, -716672, -367624, 261428, 459154, 740695, 1256791, 1391366, 512043, 979441, 638977, 'Right']
[2326083, 2506653, 690772, -264680, 727231, 1063161, -717684, -366273, 260490, 458800, 744603, 1259733, 1394262, 510432, 980367, 637052, 'Right']
[2315676, 2505008, 688582, -263615, 728118, 1064524, -715387, -363534, 261045, 459341, 743325, 1258249, 1392284, 512471, 980181, 639344, 'Right']
[2327245, 2507181, 691593, -264382, 728804, 1062979, -716355, -366671, 260911, 459337, 742567, 1258904, 1393167, 510635, 980774, 637521, 'Right']
[2315541, 2504734, 688894, -263573, 728372, 1064715, -715644, -364999, 260772, 459185, 746196, 1259852, 1393607, 512487, 981413, 639339, 'Right']
[2327034, 2507715, 691530, -263962, 728382, 1063378, -718428, -366183, 261155, 459722, 740347, 1258089, 1392233, 510992, 980433, 637927, 'Right']
[2315953, 2504738, 689224, -263070, 727870, 1065214, -714409, -365898, 260905, 459690, 747284, 1260918, 1394193, 512649, 981201, 638814, 'Right']
[2327500, 2507962, 691949, -263712, 728374, 1063045, -715698, -366360, 261321, 459881, 738696, 1256896, 1391418, 511581, 980352, 638742, 'Right']
[2317579, 2505786, 689622, -262362, 728464, 1065183, -715442, -364568, 261460, 460169, 750319, 1262626, 1395874, 512943, 982239, 639377, 'Right']
[2327819, 2508729, 691935, -263565, 728187, 1063397, -717757, -367545, 262042, 460577, 737665, 1256905, 1390705, 512068, 979713, 638832, 'Right']
[2318947, 2506128, 689772, -262683, 727421, 1065519, -715825, -366225, 261452, 460401, 752101, 1264186, 1396422, 512874, 982064, 638724, 'Right']
[2326598, 2508980, 691825, -263418, 728294, 1063483, -716881, -366211, 262223, 460683, 736706, 1256542, 1390372, 512636, 979341, 639176, 'Right']
[2319600, 2505668, 689863, -263063, 727723, 1065082, -716343, -365965, 261430, 460112, 752617, 1264527, 1397295, 512263, 982141, 638241, 'Right']
[2324940, 2508155, 691739, -263986, 728438, 1063172, -714983, -367087, 262245, 460187, 735677, 1255462, 1390019, 511967, 979202, 639265, 'Right']
[2320657, 2505865, 689877, -263406, 726994, 1064901, -715797, -365621, 261234, 459834, 752671, 1264039, 1397632, 511916, 982172, 637674, 'Right']
[2323613, 2507812, 691114, -264176, 727497, 1063067, -716527, -366551, 261924, 459899, 735118, 1254674, 1389589, 512010, 978533, 638977, 'Right']
[2322280, 2506325, 690709, -263262, 727202, 1065036, -716473, -366527, 261379, 460071, 751909, 1263981, 1397569, 511750, 981693, 637163, 'Right']
[2321637, 2506744, 690717, -264606, 727819, 1063420, -718444, -368233, 262072, 459858, 735453, 1255098, 1389639, 512434, 978283, 638858, 'Right']
[2323234, 2505544, 690712, -264271, 727487, 1063930, -717084, -365821, 260888, 459006, 751409, 1263410, 1397355, 511047, 981412, 636789, 'Right']
[2319907, 2506782, 690625, -264083, 728379, 1063456, -715965, -366247, 262106, 459523, 736857, 1255144, 1389967, 512811, 978953, 638945, 'Right']
[2325231, 2506927, 691571, -263713, 727534, 1064117, -717294, -366856, 261682, 459806, 750364, 1263021, 1396976, 511728, 981932, 636539, 'Right']
[2319254, 2506822, 691053, -263647, 728364, 1063876, -714865, -365433, 262701, 460025, 738652, 1256182, 1390756, 512904, 979475, 638756, 'Right']
[2326742, 2507957, 692363, -263542, 727628, 1063516, -717060, -366431, 262278, 460238, 749051, 1262405, 1396395, 511268, 981896, 636842, 'Right']
[2318520, 2506460, 690333, -264067, 727480, 1063410, -717814, -366205, 262360, 459862, 741450, 1257433, 1391558, 512634, 979810, 639322, 'Right']
[2327804, 2507981, 691946, -263950, 728078, 1062919, -717736, -368199, 262136, 460197, 747413, 1261327, 1395319, 511049, 981043, 637379, 'Right']
[2317558, 2506118, 689708, -263652, 728064, 1064174, -717585, -365522, 262102, 459906, 743116, 1258190, 1392151, 512859, 979812, 639238, 'Right']
[2328274, 2507970, 692149, -264320, 727776, 1063221, -717921, -368127, 261755, 459971, 744593, 1259833, 1393962, 511207, 980372, 637348, 'Right']
[2317086, 2505511, 688941, -264065, 727831, 1064270, -718101, -365595, 261465, 459539, 744952, 1259014, 1392962, 512642, 979912, 638919, 'Right']
[2328775, 2508272, 691926, -264389, 728750, 1062746, -714924, -366371, 261602, 459844, 741938, 1258543, 1393034, 511043, 979608, 637396, 'Right']
[2317085, 2505538, 689486, -263735, 728216, 1064412, -715486, -365691, 261205, 459597, 747480, 1260609, 1394321, 512932, 980876, 639150, 'Right']
[2328330, 2508505, 691658, -264532, 728303, 1062958, -716161, -367473, 261285, 459655, 740086, 1257511, 1392047, 510939, 979421, 637635, 'Right']
[2316923, 2505662, 688370, -263601, 728081, 1064831, -714673, -366072, 260710, 459455, 748937, 1261397, 1395098, 512489, 980858, 638388, 'Right']
[2327562, 2508720, 690722, -264559, 728491, 1062936, -716970, -367413, 261387, 459860, 737770, 1256236, 1391174, 511262, 978749, 637417, 'Right']
[2317377, 2505769, 688045, -263639, 727825, 1064848, -714785, -365684, 260886, 459612, 750817, 1262385, 1396030, 512314, 980898, 637596, 'Right']
[2325996, 2508379, 690237, -264951, 727954, 1062871, -717625, -368279, 261708, 459833, 736406, 1255493, 1389985, 511356, 978113, 637183, 'Right']
[2317853, 2505455, 688002, -263780, 728025, 1065291, -713955, -365520, 261241, 459617, 751640, 1262978, 1396326, 512157, 980904, 636948, 'Right']
[2324143, 2507681, 689653, -264759, 729132, 1062952, -715932, -366777, 261808, 459903, 735510, 1254934, 1389671, 511743, 978420, 638052, 'Right']
[2318626, 2505226, 688036, -263746, 728338, 1065510, -716653, -365572, 261340, 460033, 751772, 1263569, 1396870, 511893, 981281, 636807, 'Right']
[2322598, 2506782, 688960, -265360, 728553, 1062516, -714607, -367833, 261506, 459539, 735316, 1254643, 1389571, 511874, 978316, 638078, 'Right']
[2319653, 2504964, 687732, -264541, 728169, 1064158, -715649, -368195, 261013, 459605, 752120, 1263417, 1397272, 511338, 981503, 635861, 'Right']
[2320898, 2506515, 688301, -264979, 728586, 1062942, -716266, -366460, 261636, 459525, 735128, 1254298, 1389616, 511581, 977711, 637663, 'Right']
[2321222, 2505369, 688502, -264253, 728226, 1064306, -714570, -366279, 261474, 459801, 751275, 1263435, 1397180, 511111, 980981, 635797, 'Right']
[2319289, 2506064, 688254, -265090, 728457, 1063050, -714489, -366768, 261458, 459371, 736109, 1254823, 1389905, 511660, 978309, 638306, 'Right']
[2322598, 2506007, 688839, -264338, 727792, 1064402, -715922, -367487, 261092, 459817, 750536, 1262922, 1397042, 510930, 981275, 635948, 'Right']
[2318273, 2506534, 688533, -264290, 727774, 1064264, -715516, -365603, 261648, 460139, 736955, 1255611, 1389977, 512656, 978122, 638095, 'Right']
[2324180, 2506815, 689532, -264220, 727988, 1063798, -714735, -366388, 261032, 460367, 749005, 1262796, 1396255, 511415, 980865, 636088, 'Right']
[2317172, 2506258, 687980, -264309, 728282, 1063741, -716091, -366337, 261518, 460263, 739063, 1256457, 1390533, 512621, 978623, 638332, 'Right']
[2325733, 2507060, 689880, -264561, 728405, 1063341, -716585, -369529, 261136, 460204, 747831, 1261738, 1395580, 510999, 980449, 635835, 'Right']
[2316952, 2505720, 688216, -263883, 728817, 1064056, -713785, -364998, 261554, 460018, 742138, 1257709, 1391926, 512878, 979259, 638421, 'Right']
[2327108, 2507044, 690476, -264465, 728567, 1062955, -715121, -367667, 261687, 460365, 746502, 1261275, 1395019, 511063, 980758, 636496, 'Right']
[2315993, 2504476, 687665, -264641, 728344, 1063659, -715383, -366928, 261488, 459660, 744687, 1258992, 1392899, 511993, 979911, 638156, 'Right']
[2326865, 2506990, 690082, -264937, 728753, 1062831, -716174, -365919, 261160, 459561, 744349, 1259417, 1393910, 510341, 979934, 636193, 'Right']
[2315870, 2504431, 687717, -264388, 728274, 1064776, -714898, -365808, 261571, 459792, 746510, 1259810, 1393762, 512517, 979879, 637583, 'Right']
[2327008, 2506931, 690109, -265277, 727981, 1062783, -717546, -367667, 261359, 459872, 741601, 1258188, 1392639, 510824, 979163, 635934, 'Right']
[2315578, 2504347, 687726, -264272, 727885, 1065144, -714591, -366630, 261302, 459920, 747941, 1260849, 1394416, 512558, 979845, 636638, 'Right']
[2326460, 2506823, 690431, -265591, 727989, 1062637, -715323, -369617, 260973, 459547, 739082, 1257043, 1391528, 510938, 978794, 636470, 'Right']
[2316088, 2504113, 688017, -264224, 728103, 1064927, -714212, -365296, 260935, 459490, 749426, 1261734, 1395249, 511734, 980569, 636797, 'Right']
[2326254, 2507214, 690350, -264958, 728135, 1062890, -715364, -367871, 261498, 459770, 737025, 1255825, 1390368, 511187, 978436, 636831, 'Right']
[2317398, 2504052, 688078, -264069, 727352, 1065356, -714756, -365588, 261169, 459891, 751113, 1262911, 1395771, 512066, 980808, 636722, 'Right']
[2325691, 2507191, 690383, -264899, 728531, 1062866, -716155, -366925, 261944, 460003, 736236, 1255280, 1389643, 510941, 978156, 637213, 'Right']
[2318792, 2504629, 688894, -263639, 728052, 1065573, -715864, -365372, 261598, 460342, 751788, 1263588, 1396604, 511887, 980940, 636644, 'Right']
[2324149, 2507218, 690635, -264457, 729016, 1063478, -715396, -368043, 262105, 460339, 735338, 1255272, 1389519, 511601, 977989, 637663, 'Right']
[2319847, 2504544, 689140, -264030, 727800, 1065033, -715855, -367240, 261410, 460295, 752479, 1264377, 1397142, 511796, 981505, 636496, 'Right']
[2322653, 2506814, 689967, -264531, 728596, 1063324, -714495, -366610, 261820, 460022, 735639, 1255205, 1389425, 511721, 978260, 638127, 'Right']
[2320927, 2505326, 689251, -263713, 728089, 1065003, -714810, -367009, 261351, 460397, 752272, 1264396, 1397112, 511800, 981658, 636177, 'Right']
[2320877, 2506483, 689835, -264452, 728465, 1063769, -714942, -366093, 261822, 459992, 735266, 1255114, 1389191, 512338, 978042, 637728, 'Right']
[2321965, 2505403, 689732, -264080, 727112, 1064638, -715705, -366506, 261025, 460026, 751107, 1263752, 1397027, 511921, 981271, 635851, 'Right']
[2318702, 2505852, 689632, -264701, 727550, 1063694, -714949, -367205, 261280, 459602, 736434, 1255454, 1389655, 512523, 978214, 638320, 'Right']
[2323224, 2505587, 690743, -264392, 727842, 1064245, -715309, -367182, 261091, 459760, 749662, 1263033, 1396533, 511288, 981123, 636071, 'Right']
[2317182, 2505345, 689735, -264625, 728491, 1063511, -715218, -367015, 261387, 459327, 737963, 1255928, 1390309, 512329, 978563, 638506, 'Right']
[2324901, 2506444, 691303, -263932, 728615, 1063943, -714284, -366682, 261339, 459918, 748712, 1262457, 1396222, 511096, 981203, 636454, 'Right']
[2317116, 2505221, 689477, -263862, 728865, 1064270, -715300, -366532, 261893, 460121, 740312, 1257044, 1391348, 512864, 979158, 638812, 'Right']
[2326410, 2506463, 691451, -264162, 728502, 1063526, -715453, -367361, 261529, 460123, 746908, 1261227, 1395391, 511081, 980675, 636520, 'Right']
[2316519, 2505242, 689552, -263442, 728822, 1064576, -713963, -364994, 261956, 459952, 742742, 1257915, 1392202, 512859, 979799, 638794, 'Right']
[2327346, 2507220, 691966, -264058, 728149, 1063421, -715338, -367930, 261807, 460352, 745160, 1260333, 1394554, 511353, 980611, 637183, 'Right']
