[2616437, 2063741, 607499, 337099, 2038580, 1225118, -44089, -123889, 1635046, 349403, 1297069, -8388608, 1765430, 1656094, 1060110, 1274472, 'Right']
[2646054, 2058352, 646637, 386937, 2046688, 1223082, -50782, -128182, 1636042, 348404, 1235569, -8388608, 1756901, 1657999, 1045961, 1239777, 'Right']
[2618859, 2063910, 611334, 339434, 2038854, 1225594, -42459, -123280, 1634674, 348745, 1305780, -8388608, 1768614, 1660736, 1063545, 1278691, 'Right']
[2644281, 2058529, 642284, 385346, 2046819, 1224112, -51005, -127787, 1636809, 349840, 1226135, -8388608, 1754251, 1654967, 1043329, 1234608, 'Right']
[2621255, 2063630, 617620, 342961, 2038415, 1225469, -43465, -123918, 1633559, 347961, 1314187, -8388608, 1771431, 1665705, 1067062, 1284017, 'Right']
[2641554, 2059566, 636671, 382124, 2046813, 1225619, -49794, -125718, 1637701, 351840, 1220237, -8388608, 1751500, 1652049, 1040774, 1231550, 'Right']
[2624766, 2062929, 624280, 347847, 2038238, 1224957, -45149, -124281, 1633242, 347583, 1318770, -8388608, 1773551, 1670449, 1068897, 1286650, 'Right']
[2638332, 2059995, 630801, 376651, 2045736, 1225805, -49440, -126334, 1637944, 352448, 1218403, -8388608, 1749539, 1648588, 1039065, 1231004, 'Right']
[2628590, 2062363, 630298, 352497, 2038505, 1224289, -45232, -125578, 1632770, 346666, 1320607, -8388608, 1774593, 1673445, 1069583, 1287762, 'Right']
[2634481, 2060808, 623503, 370088, 2045016, 1226316, -49459, -125479, 1638300, 353117, 1217938, -8388608, 1748210, 1645699, 1037362, 1230200, 'Right']
[2632753, 2061665, 636303, 358134, 2039456, 1223599, -45513, -125967, 1632575, 345997, 1317264, -8388608, 1775107, 1675248, 1068802, 1285202, 'Right']
[2630566, 2060813, 618094, 363292, 2044651, 1225720, -48012, -125533, 1638366, 353032, 1221790, -8388608, 1748479, 1643690, 1037958, 1231832, 'Right']
[2636763, 2059918, 643309, 364230, 2040371, 1222176, -46983, -127106, 1631978, 344625, 1313144, -8388608, 1775340, 1675766, 1068690, 1283167, 'Right']
[2626508, 2061159, 612600, 356598, 2043842, 1225992, -47069, -124286, 1638221, 352881, 1230015, -8388608, 1749635, 1642509, 1040200, 1236725, 'Right']
[2640525, 2059015, 648087, 371059, 2042045, 1222018, -48217, -127672, 1632607, 344794, 1304114, -8388608, 1773935, 1675625, 1066890, 1277826, 'Right']
[2623277, 2062012, 608896, 350845, 2043379, 1226503, -45198, -124016, 1638200, 352987, 1240326, -8388608, 1751676, 1642910, 1043655, 1242864, 'Right']
[2643868, 2058581, 652817, 377017, 2042990, 1222148, -49100, -128267, 1633126, 345129, 1294185, -8388608, 1772124, 1674528, 1064469, 1272907, 'Right']
[2620361, 2062631, 607144, 345848, 2041431, 1226597, -45642, -124189, 1637685, 352762, 1253162, -8388608, 1753843, 1644829, 1046606, 1250524, 'Right']
[2646174, 2058816, 654991, 381960, 2043670, 1222624, -49630, -128282, 1633572, 345923, 1282636, -8388608, 1768991, 1673068, 1060288, 1267117, 'Right']
[2618200, 2064150, 604675, 341526, 2040403, 1227165, -44103, -123042, 1637553, 353001, 1264758, -8388608, 1756169, 1647979, 1048782, 1256820, 'Right']
[2647625, 2058825, 655266, 385494, 2044334, 1222832, -50554, -127962, 1634194, 347230, 1267405, -8388608, 1765410, 1670376, 1054878, 1258099, 'Right']
[2617024, 2064636, 605540, 339041, 2039016, 1226863, -43824, -122730, 1636107, 352419, 1277776, -8388608, 1759583, 1651528, 1052656, 1264181, 'Right']
[2647608, 2058733, 654073, 387664, 2045027, 1223041, -50236, -127814, 1634574, 348426, 1254058, -8388608, 1761992, 1666324, 1050849, 1250772, 'Right']
[2616319, 2064302, 607505, 337633, 2038599, 1226189, -43053, -123103, 1635272, 351364, 1289547, -8388608, 1762888, 1654665, 1056475, 1270443, 'Right']
[2646776, 2058251, 651991, 387760, 2045970, 1222850, -50662, -128220, 1635140, 349026, 1241748, -8388608, 1758598, 1661625, 1047096, 1243761, 'Right']
[2617222, 2064347, 611625, 338217, 2038609, 1225508, -42406, -123596, 1634715, 350042, 1301298, -8388608, 1766434, 1658399, 1060640, 1276984, 'Right']
[2645275, 2058600, 648937, 386742, 2046810, 1223441, -50143, -128666, 1636538, 350043, 1231733, -8388608, 1755546, 1657173, 1043772, 1237945, 'Right']
[2619144, 2064022, 617790, 340303, 2038531, 1225178, -42479, -124603, 1634108, 348645, 1311283, -8388608, 1769670, 1662711, 1064577, 1282801, 'Right']
[2642903, 2059315, 644512, 383763, 2046920, 1224653, -49899, -127928, 1637373, 350864, 1224615, -8388608, 1752658, 1653256, 1041370, 1234319, 'Right']
[2622357, 2063725, 624126, 344395, 2038119, 1225315, -43249, -125043, 1634086, 347924, 1317959, -8388608, 1772045, 1667434, 1067298, 1286469, 'Right']
[2639691, 2060018, 637715, 379682, 2046502, 1225667, -48601, -126546, 1638301, 351862, 1220234, -8388608, 1749987, 1649862, 1039273, 1231751, 'Right']
[2625455, 2063125, 629824, 349486, 2038422, 1224911, -44203, -125233, 1633538, 347056, 1321133, -8388608, 1773511, 1671243, 1068674, 1287962, 'Right']
[2635725, 2060823, 630321, 374032, 2045799, 1226164, -48229, -126246, 1638541, 352562, 1218992, -8388608, 1748416, 1646639, 1037896, 1230966, 'Right']
[2629412, 2062334, 634923, 355165, 2038695, 1223881, -45368, -126007, 1633221, 346494, 1320478, -8388608, 1774132, 1673839, 1069195, 1287376, 'Right']
[2631815, 2061176, 622812, 367667, 2045053, 1225968, -47127, -125659, 1638694, 353278, 1220728, -8388608, 1747475, 1644474, 1037803, 1231863, 'Right']
[2633160, 2060931, 640527, 361261, 2039820, 1222287, -46261, -127233, 1632841, 345782, 1316908, -8388608, 1774438, 1675200, 1068962, 1285340, 'Right']
[2627550, 2061688, 616205, 360775, 2044660, 1225473, -47056, -125581, 1638603, 353224, 1226520, -8388608, 1748004, 1642537, 1039034, 1235046, 'Right']
[2637068, 2060188, 645120, 367708, 2041919, 1221974, -46611, -127688, 1632910, 345537, 1310425, -8388608, 1773939, 1675949, 1067873, 1281675, 'Right']
[2623698, 2061810, 610590, 354812, 2044602, 1225859, -45210, -124481, 1638241, 353333, 1234968, -8388608, 1749426, 1642712, 1041500, 1239988, 'Right']
[2640621, 2059112, 649198, 373939, 2043386, 1221813, -47971, -127952, 1632724, 345591, 1301087, -8388608, 1772520, 1675730, 1066300, 1277092, 'Right']
[2620210, 2062206, 605824, 348855, 2043605, 1226294, -44838, -123468, 1637834, 353211, 1245189, -8388608, 1751330, 1643547, 1044563, 1245991, 'Right']
[2643618, 2058035, 652572, 379920, 2044785, 1221951, -48397, -127575, 1633245, 345800, 1288471, -8388608, 1770070, 1674163, 1063088, 1270070, 'Right']
[2618159, 2062860, 604157, 344174, 2042891, 1226873, -43145, -122634, 1637583, 352915, 1258079, -8388608, 1754414, 1646277, 1048725, 1253737, 'Right']
[2645867, 2058057, 653729, 384177, 2045772, 1222281, -49240, -127989, 1634241, 346620, 1275651, -8388608, 1767175, 1672050, 1059385, 1263438, 'Right']
[2616785, 2063368, 603832, 340763, 2041360, 1226566, -43639, -123059, 1637216, 352586, 1270667, -8388608, 1757387, 1649586, 1052077, 1260777, 'Right']
[2647311, 2058456, 653717, 387193, 2046470, 1222739, -50062, -127943, 1634772, 347945, 1262371, -8388608, 1763751, 1669215, 1054887, 1256345, 'Right']
[2616329, 2064293, 604724, 338668, 2040253, 1226420, -43662, -123227, 1636438, 352419, 1283389, -8388608, 1760788, 1653675, 1055638, 1267975, 'Right']
[2647222, 2058353, 652060, 388419, 2046801, 1222906, -50270, -128479, 1635371, 348935, 1249221, -8388608, 1760250, 1665426, 1050508, 1248822, 'Right']
[2616554, 2063949, 607813, 338403, 2039208, 1225954, -43356, -123478, 1635337, 351043, 1295683, -8388608, 1764179, 1657733, 1059508, 1274776, 'Right']
[2646143, 2058103, 649052, 388288, 2047354, 1223293, -50028, -128243, 1635911, 349538, 1238170, -8388608, 1756954, 1661071, 1046834, 1242898, 'Right']
[2617607, 2063603, 611948, 339545, 2038956, 1225560, -42960, -123578, 1634421, 349581, 1306674, -8388608, 1767540, 1661789, 1063419, 1281158, 'Right']
[2643890, 2058197, 643966, 385713, 2047323, 1223916, -50384, -127339, 1636666, 350204, 1228442, -8388608, 1753502, 1656672, 1042996, 1237050, 'Right']
[2619940, 2062983, 617648, 341879, 2038907, 1224816, -43070, -124343, 1633636, 348100, 1314251, -8388608, 1769984, 1665861, 1065951, 1284753, 'Right']
[2641090, 2058719, 638651, 381663, 2047511, 1224391, -49562, -127216, 1637415, 351115, 1221946, -8388608, 1750847, 1652485, 1040496, 1233159, 'Right']
[2623023, 2062628, 623342, 345887, 2039291, 1224383, -43821, -125084, 1633402, 347331, 1319085, -8388608, 1772391, 1669476, 1067974, 1287085, 'Right']
[2637751, 2058981, 633289, 377195, 2046802, 1224779, -50278, -127334, 1637668, 351677, 1218989, -8388608, 1749074, 1648746, 1038584, 1231262, 'Right']
[2627147, 2062056, 631320, 351910, 2039618, 1223883, -45489, -126112, 1632977, 346520, 1322459, -8388608, 1774210, 1672479, 1069918, 1289538, 'Right']
[2633659, 2060072, 626235, 371009, 2046205, 1225234, -48461, -126752, 1638606, 352837, 1219906, -8388608, 1747941, 1645485, 1038313, 1232135, 'Right']
[2631057, 2061065, 638164, 357817, 2039935, 1222758, -45079, -126367, 1632602, 345546, 1320453, -8388608, 1774621, 1674502, 1070159, 1288270, 'Right']
[2629973, 2061261, 620444, 364806, 2045754, 1225806, -46924, -125280, 1639026, 353522, 1223839, -8388608, 1747856, 1643504, 1039229, 1234612, 'Right']
[2634978, 2060934, 643370, 364236, 2041418, 1222471, -46391, -127454, 1632912, 345792, 1315162, -8388608, 1774452, 1675684, 1069339, 1285323, 'Right']
[2625942, 2062010, 614179, 358652, 2044985, 1226087, -46799, -124692, 1639046, 354211, 1229257, -8388608, 1748258, 1642567, 1039888, 1237071, 'Right']
[2638733, 2059685, 648762, 371170, 2042208, 1222065, -47868, -127457, 1632743, 345723, 1306250, -8388608, 1773022, 1676110, 1067149, 1280071, 'Right']
[2622405, 2062359, 610096, 352484, 2043723, 1226625, -45387, -124082, 1638262, 353849, 1239558, -8388608, 1749841, 1643588, 1042886, 1243323, 'Right']
[2642080, 2059236, 651991, 376822, 2043531, 1222740, -48603, -127481, 1633130, 346240, 1295658, -8388608, 1770638, 1675733, 1064195, 1274269, 'Right']
[2619503, 2063097, 606813, 347153, 2042841, 1227098, -44441, -123759, 1637806, 353899, 1250602, -8388608, 1751902, 1645379, 1045314, 1249384, 'Right']
[2644402, 2058598, 654207, 381939, 2044557, 1222720, -48863, -128149, 1633498, 346897, 1283097, -8388608, 1767992, 1673863, 1060255, 1267305, 'Right']
[2617064, 2063254, 604895, 342820, 2041357, 1227125, -44619, -123432, 1637222, 353316, 1263347, -8388608, 1754598, 1647953, 1048844, 1256178, 'Right']
[2646133, 2057947, 655265, 385746, 2045306, 1222419, -50355, -128895, 1634087, 347325, 1270562, -8388608, 1764934, 1671073, 1056646, 1260439, 'Right']
[2616257, 2063711, 604800, 339867, 2040651, 1226664, -42767, -123090, 1636611, 352588, 1277026, -8388608, 1758082, 1650960, 1053179, 1264266, 'Right']
[2647500, 2058033, 654374, 388257, 2046489, 1222674, -50810, -128557, 1635077, 348329, 1257611, -8388608, 1762061, 1667552, 1053007, 1253623, 'Right']
[2616528, 2063761, 606627, 338773, 2040144, 1226320, -43153, -123053, 1636220, 351917, 1290305, -8388608, 1762184, 1655288, 1057612, 1271925, 'Right']
[2646996, 2057763, 651872, 389008, 2047595, 1223048, -50060, -127924, 1635956, 349466, 1245670, -8388608, 1758794, 1663799, 1049193, 1247144, 'Right']
[2617058, 2063724, 609757, 338689, 2039833, 1225721, -42742, -123459, 1635276, 350888, 1302306, -8388608, 1765617, 1659907, 1061712, 1278823, 'Right']
[2645498, 2058315, 647033, 387279, 2047874, 1223532, -50642, -127724, 1636621, 350525, 1234642, -8388608, 1755032, 1659442, 1044937, 1240436, 'Right']
[2618752, 2063272, 614171, 340410, 2039632, 1225299, -43429, -124174, 1634496, 349978, 1311063, -8388608, 1768334, 1664194, 1064343, 1282999, 'Right']
[2642663, 2058026, 642223, 384127, 2047819, 1224029, -50724, -127626, 1636743, 350946, 1226722, -8388608, 1752036, 1655000, 1041750, 1236252, 'Right']
[2621075, 2062678, 619713, 343481, 2039007, 1224973, -44243, -124965, 1633517, 348418, 1318214, -8388608, 1770808, 1667421, 1066876, 1287240, 'Right']
[2639270, 2058580, 635522, 379861, 2046692, 1224741, -51043, -127781, 1637509, 352096, 1220979, -8388608, 1749494, 1650873, 1039206, 1232805, 'Right']
[2624425, 2061988, 626193, 348306, 2038754, 1223973, -45002, -126006, 1632797, 347318, 1321936, -8388608, 1772939, 1671010, 1068927, 1289255, 'Right']
[2635713, 2059407, 628460, 374757, 2046853, 1225678, -48908, -126644, 1638108, 353003, 1218793, -8388608, 1747793, 1647117, 1037896, 1231224, 'Right']
[2628227, 2061109, 632342, 354915, 2039950, 1224167, -45469, -125791, 1632738, 346713, 1321106, -8388608, 1773911, 1673824, 1069787, 1288278, 'Right']
[2631725, 2059820, 622147, 369663, 2046452, 1226482, -48441, -125447, 1638543, 353758, 1219985, -8388608, 1747209, 1645241, 1038198, 1231793, 'Right']
[2632415, 2060421, 639171, 361786, 2041153, 1223629, -45864, -126476, 1632470, 346198, 1318269, -8388608, 1774501, 1676064, 1070275, 1286986, 'Right']
[2627901, 2060972, 616857, 363374, 2046115, 1226996, -46605, -124657, 1638793, 354219, 1225489, -8388608, 1747628, 1643844, 1039653, 1235044, 'Right']
[2636462, 2059879, 645163, 368258, 2041885, 1223451, -47407, -126758, 1632651, 346209, 1312158, -8388608, 1773940, 1677049, 1069199, 1283624, 'Right']
[2623912, 2061508, 611487, 356434, 2044139, 1227047, -46945, -124890, 1638421, 354316, 1233506, -8388608, 1748567, 1643403, 1041188, 1239812, 'Right']
[2640175, 2059089, 650002, 374329, 2042483, 1222822, -49136, -127999, 1632742, 346326, 1302666, -8388608, 1772100, 1676739, 1066249, 1278486, 'Right']
[2621315, 2062638, 607892, 350649, 2043122, 1227451, -46096, -123927, 1638269, 354648, 1244867, -8388608, 1750802, 1644986, 1043860, 1246513, 'Right']
[2643526, 2058446, 653464, 379984, 2043628, 1222737, -49684, -128038, 1633440, 346901, 1291697, -8388608, 1770197, 1675942, 1063171, 1272522, 'Right']
[2618529, 2062763, 605257, 345740, 2042045, 1227319, -44889, -123342, 1637878, 354157, 1257326, -8388608, 1753592, 1647008, 1047457, 1253475, 'Right']
[2645478, 2057807, 654666, 384560, 2044682, 1222886, -50115, -127947, 1633846, 347333, 1278425, -8388608, 1767181, 1673490, 1059161, 1264954, 'Right']
[2616456, 2063330, 603542, 342157, 2041406, 1227580, -44094, -122799, 1637308, 353642, 1269289, -8388608, 1756269, 1650011, 1050597, 1259458, 'Right']
[2646502, 2057295, 655149, 387956, 2046233, 1222893, -50049, -128038, 1634488, 347751, 1264701, -8388608, 1763841, 1670494, 1055171, 1256842, 'Right']
[2615643, 2063482, 605403, 339833, 2040552, 1227115, -42811, -122791, 1636492, 352448, 1283432, -8388608, 1760025, 1653527, 1055655, 1267618, 'Right']
[2646603, 2057236, 653551, 389709, 2046872, 1223379, -50846, -128262, 1635631, 349162, 1252128, -8388608, 1760434, 1666569, 1051318, 1249789, 'Right']
[2615749, 2063012, 608578, 339616, 2039922, 1226764, -42854, -122644, 1635821, 351681, 1296251, -8388608, 1763652, 1658079, 1059958, 1274926, 'Right']
[2645492, 2057084, 650328, 389393, 2047641, 1224012, -50918, -127739, 1636533, 350427, 1241004, -8388608, 1757002, 1662744, 1047762, 1243759, 'Right']
[2616736, 2062549, 612687, 340227, 2039354, 1226230, -43766, -123618, 1635190, 350788, 1306944, -8388608, 1767053, 1662527, 1063334, 1280528, 'Right']
[2643485, 2057368, 645927, 387163, 2047678, 1224528, -50417, -127854, 1637166, 351204, 1231479, -8388608, 1753806, 1658143, 1044103, 1238295, 'Right']
[2618833, 2062829, 616793, 342553, 2039468, 1226106, -42562, -124075, 1634542, 349820, 1315282, -8388608, 1769695, 1666235, 1066227, 1285298, 'Right']
[2640584, 2058357, 638809, 383610, 2047657, 1225678, -49999, -127124, 1637960, 352916, 1223516, -8388608, 1750777, 1653920, 1040481, 1233541, 'Right']
[2622273, 2062639, 622771, 347040, 2039260, 1225603, -43600, -125024, 1633568, 349185, 1319771, -8388608, 1771783, 1670316, 1067719, 1287306, 'Right']
[2637296, 2059410, 633010, 379132, 2047266, 1225738, -49419, -127312, 1637933, 353792, 1219435, -8388608, 1748529, 1650655, 1038607, 1231535, 'Right']
[2625533, 2062658, 629458, 352544, 2039956, 1224901, -43966, -125159, 1632647, 348693, 1321646, -8388608, 1773065, 1673776, 1069416, 1288943, 'Right']
[2633492, 2060537, 626380, 373832, 2046938, 1226606, -48246, -125637, 1638457, 354934, 1218546, -8388608, 1747079, 1647758, 1037912, 1231306, 'Right']
[2629543, 2061998, 635708, 358647, 2040376, 1224578, -44715, -125032, 1632618, 348001, 1320338, -8388608, 1773856, 1676449, 1070067, 1288249, 'Right']
[2629683, 2061491, 619971, 367494, 2045829, 1227067, -46982, -124897, 1638880, 355800, 1221496, -8388608, 1746424, 1646133, 1038145, 1232486, 'Right']
[2633904, 2061432, 642086, 365130, 2041098, 1223936, -46090, -126631, 1633002, 348206, 1315526, -8388608, 1773580, 1678226, 1069041, 1284952, 'Right']
[2626028, 2062412, 614523, 360947, 2045175, 1227658, -46143, -124651, 1639306, 356470, 1228196, -8388608, 1747310, 1645570, 1039491, 1235986, 'Right']
[2637794, 2060314, 647984, 371249, 2042370, 1223606, -46959, -127886, 1633168, 347725, 1308007, -8388608, 1772588, 1678501, 1067367, 1280481, 'Right']
[2622184, 2062670, 610650, 354213, 2044650, 1227793, -45268, -124659, 1638934, 355659, 1238087, -8388608, 1748898, 1645533, 1041774, 1241596, 'Right']
[2640616, 2059212, 652574, 377214, 2044089, 1223366, -47955, -128166, 1633559, 347190, 1297794, -8388608, 1770671, 1677838, 1064323, 1274777, 'Right']
[2618326, 2062925, 607433, 348473, 2043270, 1227595, -44227, -124856, 1638406, 354511, 1250126, -8388608, 1751358, 1646840, 1045110, 1248518, 'Right']
[2642687, 2058907, 653539, 381935, 2044880, 1223427, -48684, -128766, 1634121, 347372, 1285546, -8388608, 1768134, 1675777, 1060917, 1267715, 'Right']
[2615954, 2063579, 603523, 344066, 2041955, 1227694, -43923, -123900, 1637967, 354005, 1261908, -8388608, 1754105, 1649082, 1048297, 1254391, 'Right']
[2644470, 2058445, 652965, 386233, 2045554, 1223261, -49765, -128745, 1634941, 348239, 1271580, -8388608, 1765056, 1673043, 1056787, 1259380, 'Right']
[2614374, 2063617, 602197, 341003, 2040715, 1227087, -44385, -124153, 1637504, 353680, 1274508, -8388608, 1757595, 1652401, 1052382, 1261322, 'Right']
[2645118, 2057711, 651609, 388578, 2046301, 1223087, -50115, -129198, 1635097, 348682, 1258751, -8388608, 1762224, 1669464, 1053226, 1252955, 'Right']
[2614410, 2063865, 603077, 339530, 2040273, 1226734, -42730, -124000, 1636726, 352971, 1287283, -8388608, 1761244, 1656172, 1056599, 1268850, 'Right']
[2645375, 2058183, 648233, 389737, 2047319, 1223427, -50250, -128251, 1636270, 350491, 1245753, -8388608, 1758717, 1665541, 1049293, 1245881, 'Right']
[2615222, 2063864, 605147, 339507, 2039515, 1226125, -43022, -123754, 1635850, 352173, 1298803, -8388608, 1764661, 1660160, 1060468, 1275531, 'Right']
[2644161, 2057994, 643690, 388807, 2047935, 1223865, -50585, -127914, 1637046, 351722, 1233412, -8388608, 1755027, 1660775, 1044663, 1238820, 'Right']
[2617099, 2063112, 609541, 341442, 2039679, 1225637, -43112, -123956, 1634842, 351141, 1308038, -8388608, 1767975, 1664425, 1063670, 1280924, 'Right']
[2641686, 2057586, 638782, 385894, 2047744, 1223599, -50489, -128098, 1636878, 351883, 1225635, -8388608, 1752361, 1656492, 1041922, 1235232, 'Right']
[2619410, 2062494, 614380, 344199, 2039418, 1224744, -43873, -123980, 1634004, 349788, 1315121, -8388608, 1770383, 1667900, 1066374, 1285283, 'Right']
[2638567, 2058294, 631766, 381677, 2047756, 1224572, -49784, -127124, 1637860, 353245, 1219218, -8388608, 1749627, 1652425, 1039130, 1231464, 'Right']
[2622852, 2061719, 621465, 349061, 2039469, 1224075, -44505, -125587, 1633544, 349011, 1319256, -8388608, 1772568, 1672076, 1068291, 1287374, 'Right']
[2635055, 2059026, 626223, 376535, 2047245, 1225205, -49236, -127115, 1638398, 354416, 1217899, -8388608, 1748174, 1649264, 1038205, 1231095, 'Right']
[2626760, 2061326, 628614, 354469, 2040046, 1223776, -45312, -126350, 1632778, 348172, 1321369, -8388608, 1773972, 1674839, 1069963, 1289248, 'Right']
[2631262, 2060410, 618995, 370396, 2046596, 1226492, -47937, -125549, 1638742, 355183, 1219566, -8388608, 1746903, 1646591, 1037951, 1232358, 'Right']
[2630740, 2060642, 634173, 361111, 2040619, 1224066, -46021, -126080, 1633029, 347711, 1317516, -8388608, 1773614, 1676978, 1069126, 1286628, 'Right']
[2627145, 2060890, 613636, 364590, 2045299, 1227438, -46805, -124579, 1638728, 355071, 1224248, -8388608, 1746958, 1645259, 1038818, 1235040, 'Right']
[2634645, 2060351, 640276, 368315, 2041323, 1223961, -46757, -126699, 1633204, 347503, 1312048, -8388608, 1773335, 1678093, 1068463, 1283811, 'Right']
[2623469, 2062274, 608038, 358722, 2044404, 1227996, -45907, -124309, 1639266, 355992, 1231786, -8388608, 1748108, 1645126, 1040681, 1239048, 'Right']
[2638594, 2059861, 644830, 374854, 2042641, 1223875, -47326, -127482, 1633600, 347923, 1303036, -8388608, 1771909, 1678457, 1066343, 1278568, 'Right']
[2620446, 2062266, 604787, 352819, 2043443, 1227980, -45073, -123735, 1639023, 355759, 1241987, -8388608, 1749926, 1646258, 1043410, 1244733, 'Right']
[2641616, 2058542, 649116, 380371, 2043781, 1223836, -48732, -127717, 1634014, 347801, 1292191, -8388608, 1769752, 1677181, 1063548, 1272908, 'Right']
[2617158, 2062611, 601907, 347094, 2042633, 1227985, -44294, -123690, 1638256, 354985, 1254459, -8388608, 1752324, 1647798, 1046976, 1252270, 'Right']
[2643510, 2057847, 650654, 384353, 2045205, 1223401, -48909, -128233, 1634131, 348013, 1279172, -8388608, 1766712, 1674377, 1059721, 1265749, 'Right']
[2615302, 2062886, 600246, 342701, 2041580, 1227607, -43516, -123259, 1637428, 354009, 1266987, -8388608, 1755341, 1649972, 1050630, 1259182, 'Right']
[2644926, 2057634, 649894, 387519, 2045877, 1223559, -50039, -128348, 1634898, 348657, 1265026, -8388608, 1763301, 1671079, 1055344, 1257541, 'Right']
[2614710, 2063298, 601413, 340765, 2040599, 1227704, -42813, -123387, 1636721, 353374, 1279930, -8388608, 1758769, 1653855, 1054755, 1266181, 'Right']
[2645476, 2057582, 648925, 389687, 2046667, 1224195, -50343, -127939, 1635897, 349931, 1252593, -8388608, 1760082, 1667825, 1051696, 1250936, 'Right']
[2614942, 2063249, 603991, 339913, 2039837, 1227324, -41941, -122866, 1636353, 352530, 1292912, -8388608, 1762469, 1658105, 1059008, 1273608, 'Right']
[2644804, 2057724, 646514, 389677, 2047333, 1224644, -49991, -128123, 1636856, 351079, 1241305, -8388608, 1757213, 1663817, 1048364, 1244815, 'Right']
[2615956, 2063379, 607866, 340868, 2039326, 1226928, -42288, -123006, 1635687, 352164, 1303922, -8388608, 1766122, 1662605, 1063051, 1279817, 'Right']
[2643300, 2057967, 642467, 388580, 2047666, 1225025, -50252, -127507, 1637494, 352503, 1231278, -8388608, 1753898, 1659648, 1044864, 1239350, 'Right']
[2618236, 2062789, 612967, 343277, 2039253, 1226188, -43374, -124343, 1634946, 351036, 1313193, -8388608, 1769035, 1666512, 1066334, 1285293, 'Right']
[2640376, 2058098, 636109, 384794, 2048046, 1225765, -49904, -127161, 1638273, 353422, 1223718, -8388608, 1750793, 1655272, 1041558, 1235091, 'Right']
[2620542, 2061733, 618351, 346825, 2039682, 1225568, -43966, -124654, 1634089, 349761, 1317891, -8388608, 1771002, 1670520, 1067942, 1287367, 'Right']
[2636645, 2057932, 631467, 380248, 2047792, 1225623, -48682, -126769, 1637911, 353563, 1219900, -8388608, 1748829, 1651702, 1039887, 1233174, 'Right']
[2623593, 2061055, 625344, 351577, 2039968, 1225101, -44248, -124410, 1633370, 348772, 1321735, -8388608, 1772933, 1673650, 1070322, 1290179, 'Right']
[2632405, 2058745, 624044, 374436, 2047463, 1226566, -48234, -125737, 1638631, 354784, 1218461, -8388608, 1747195, 1648329, 1038701, 1232230, 'Right']
[2627361, 2060128, 631825, 357661, 2040789, 1224459, -44915, -125850, 1632893, 348068, 1320303, -8388608, 1773721, 1676316, 1070455, 1288918, 'Right']
[2628350, 2059461, 617601, 368346, 2046713, 1227119, -47051, -124634, 1638804, 355583, 1221064, -8388608, 1746743, 1646598, 1039042, 1233473, 'Right']
[2631447, 2059175, 638354, 364375, 2041354, 1223981, -45930, -125766, 1632663, 347801, 1316170, -8388608, 1773715, 1678323, 1070172, 1286464, 'Right']
[2624688, 2059943, 612744, 362335, 2045417, 1227552, -46673, -124130, 1638635, 355621, 1227632, -8388608, 1747310, 1645473, 1040477, 1237326, 'Right']
[2635277, 2058413, 644895, 371041, 2041912, 1223738, -47699, -126801, 1632468, 347279, 1310302, -8388608, 1772936, 1678876, 1069019, 1283848, 'Right']
[2620870, 2061028, 608454, 356035, 2043963, 1228282, -46279, -123641, 1638576, 355903, 1237361, -8388608, 1748471, 1645905, 1042381, 1242994, 'Right']
[2638495, 2057919, 649096, 377046, 2042568, 1223547, -48339, -126972, 1633026, 347654, 1300238, -8388608, 1770852, 1678559, 1065749, 1277835, 'Right']
[2617725, 2061785, 604857, 350410, 2042937, 1228228, -43899, -122956, 1638257, 355452, 1248438, -8388608, 1750603, 1647215, 1045274, 1248837, 'Right']
[2641331, 2057147, 651435, 382445, 2044131, 1223460, -49113, -127731, 1633826, 348152, 1287668, -8388608, 1768273, 1676883, 1062284, 1270170, 'Right']
[2615317, 2061966, 602696, 345424, 2041924, 1227953, -44140, -123226, 1637503, 354721, 1260278, -8388608, 1753317, 1649350, 1048559, 1255189, 'Right']
[2643061, 2056841, 652556, 386368, 2045686, 1223565, -49046, -128152, 1634114, 348558, 1274005, -8388608, 1765329, 1674117, 1058325, 1262414, 'Right']
[2613416, 2062102, 602142, 342165, 2041352, 1228038, -43037, -122411, 1636680, 354091, 1272833, -8388608, 1756618, 1652499, 1052678, 1261902, 'Right']
[2643947, 2056092, 652841, 389017, 2046234, 1223703, -50528, -127930, 1634428, 349042, 1260471, -8388608, 1761974, 1670481, 1054477, 1254919, 'Right']
[2613368, 2062060, 604642, 340136, 2040039, 1227689, -43134, -122895, 1635897, 352889, 1286348, -8388608, 1760017, 1655667, 1056993, 1269722, 'Right']
[2644136, 2056088, 651055, 390031, 2046692, 1224319, -51070, -128230, 1635316, 349936, 1248509, -8388608, 1758629, 1666369, 1050664, 1248540, 'Right']
[2613834, 2062015, 607194, 339743, 2039499, 1227349, -43156, -123049, 1635052, 352015, 1298252, -8388608, 1763432, 1659838, 1060582, 1276289, 'Right']
[2643246, 2056638, 646427, 389209, 2047662, 1224936, -50194, -127729, 1636325, 351472, 1236638, -8388608, 1754920, 1662086, 1046195, 1241509, 'Right']
[2615877, 2062056, 610986, 341292, 2039029, 1226592, -43719, -123781, 1634876, 351422, 1307672, -8388608, 1766632, 1664382, 1063702, 1280951, 'Right']
[2641644, 2056909, 642477, 387511, 2047730, 1225127, -49894, -127212, 1637168, 352606, 1227537, -8388608, 1752109, 1658274, 1042824, 1236244, 'Right']
[2618640, 2061786, 618017, 344882, 2039181, 1225965, -43336, -123943, 1633773, 350257, 1316767, -8388608, 1769917, 1668750, 1067532, 1286751, 'Right']
[2638561, 2057589, 636637, 383203, 2047713, 1225666, -49542, -126726, 1637657, 353759, 1222538, -8388608, 1749662, 1653952, 1041000, 1233932, 'Right']
[2621863, 2060858, 623953, 349141, 2039354, 1225457, -44386, -124313, 1633279, 349669, 1320758, -8388608, 1771864, 1672398, 1069203, 1288644, 'Right']
[2635179, 2057718, 630482, 378108, 2047002, 1226441, -49213, -125886, 1637972, 354593, 1219815, -8388608, 1748025, 1651140, 1039378, 1232782, 'Right']
[2625337, 2059657, 630741, 354358, 2039664, 1225046, -45352, -125205, 1632584, 348632, 1322090, -8388608, 1773111, 1675808, 1070419, 1289980, 'Right']
[2630554, 2057867, 624152, 371939, 2046427, 1226973, -49082, -125692, 1637707, 354895, 1219934, -8388608, 1746446, 1648302, 1038622, 1233179, 'Right']
[2628544, 2058944, 636903, 360340, 2040721, 1224838, -45327, -125237, 1631850, 347741, 1319500, -8388608, 1773306, 1678190, 1070253, 1288654, 'Right']
[2626302, 2058883, 617894, 365540, 2045891, 1227636, -47120, -124628, 1637969, 355375, 1223538, -8388608, 1746444, 1646692, 1039064, 1234883, 'Right']
[2632839, 2058487, 643054, 367046, 2041743, 1224657, -46224, -125638, 1632143, 347467, 1314153, -8388608, 1773029, 1679231, 1069440, 1285403, 'Right']
[2622792, 2059806, 612478, 359403, 2044909, 1228581, -45551, -122941, 1638266, 355664, 1231262, -8388608, 1747383, 1645961, 1040819, 1239112, 'Right']
[2636618, 2057659, 647619, 373539, 2042587, 1224326, -47546, -126294, 1632545, 347487, 1305643, -8388608, 1771739, 1678946, 1067263, 1280486, 'Right']
[2619611, 2060691, 607559, 353399, 2044147, 1228714, -44698, -123173, 1638256, 355669, 1240701, -8388608, 1748946, 1646149, 1043007, 1243839, 'Right']
[2640070, 2056824, 651659, 379537, 2043684, 1224109, -48583, -127426, 1633489, 348215, 1293910, -8388608, 1769606, 1677943, 1064157, 1273095, 'Right']
[2616820, 2060965, 605893, 347725, 2042371, 1228327, -44434, -123398, 1638090, 355240, 1253368, -8388608, 1751810, 1647867, 1046963, 1251030, 'Right']
[2642301, 2056721, 654040, 383781, 2044683, 1224269, -49383, -127883, 1634208, 348466, 1282690, -8388608, 1767073, 1675913, 1061070, 1267230, 'Right']
[2614469, 2061802, 603579, 343648, 2041895, 1228826, -43154, -123117, 1638033, 355214, 1266131, -8388608, 1754497, 1651008, 1050225, 1257649, 'Right']
[2643322, 2056210, 653705, 387240, 2045957, 1224202, -48525, -128548, 1634484, 349003, 1269321, -8388608, 1763847, 1672905, 1056687, 1259560, 'Right']
[2612883, 2061902, 602609, 340590, 2041022, 1228407, -42296, -122946, 1636647, 354307, 1278850, -8388608, 1757562, 1653975, 1053912, 1264964, 'Right']
[2643476, 2056292, 650970, 389008, 2047160, 1224454, -49371, -128455, 1634444, 349862, 1255223, -8388608, 1759876, 1669162, 1052251, 1252061, 'Right']
[2612622, 2062465, 603292, 339503, 2040261, 1228240, -42371, -122723, 1635412, 353381, 1290623, -8388608, 1760778, 1657772, 1057638, 1271528, 'Right']
[2643061, 2056700, 647594, 389925, 2047724, 1225221, -49252, -127119, 1635304, 351264, 1242573, -8388608, 1756600, 1664889, 1048272, 1244622, 'Right']
[2614028, 2062538, 607714, 340461, 2039563, 1227596, -42663, -123657, 1634633, 352488, 1302501, -8388608, 1764584, 1662100, 1062149, 1278435, 'Right']
[2641688, 2057721, 643248, 388498, 2048150, 1225960, -48978, -126946, 1636416, 352536, 1233496, -8388608, 1753749, 1660402, 1045541, 1240277, 'Right']
[2616255, 2063068, 611854, 343196, 2040168, 1227642, -41556, -123410, 1635199, 352312, 1311055, -8388608, 1767867, 1666207, 1065473, 1283023, 'Right']
[2639358, 2058405, 637631, 385881, 2048244, 1226542, -48941, -127119, 1638042, 354233, 1224585, -8388608, 1751024, 1656470, 1042279, 1234707, 'Right']
[2619351, 2062577, 618482, 346918, 2039702, 1226928, -42469, -124209, 1634615, 351234, 1317557, -8388608, 1770675, 1670438, 1067962, 1286252, 'Right']
[2636514, 2058851, 632328, 381533, 2047795, 1227195, -47866, -126393, 1638669, 355196, 1220444, -8388608, 1749009, 1652881, 1040385, 1232370, 'Right']
[2622230, 2061737, 624274, 351394, 2039874, 1226516, -43025, -124993, 1633716, 350092, 1321269, -8388608, 1772410, 1674079, 1070033, 1288540, 'Right']
[2632057, 2058988, 624784, 375798, 2047257, 1227835, -47424, -125468, 1638748, 355560, 1218680, -8388608, 1747041, 1649766, 1039200, 1231272, 'Right']
[2625647, 2060475, 629686, 356880, 2040395, 1225684, -44530, -125519, 1632760, 348546, 1320702, -8388608, 1773156, 1676275, 1070775, 1288299, 'Right']
[2627896, 2059087, 617590, 369509, 2046694, 1227859, -46500, -124847, 1638558, 355503, 1219933, -8388608, 1746378, 1646573, 1038998, 1232073, 'Right']
[2629462, 2059157, 635562, 363431, 2041481, 1224983, -45041, -125759, 1632365, 347976, 1316787, -8388608, 1773571, 1677795, 1070822, 1286730, 'Right']
[2623662, 2059301, 611470, 363326, 2045908, 1228213, -45845, -124185, 1638509, 356080, 1225158, -8388608, 1746963, 1645464, 1040462, 1235730, 'Right']
[2633110, 2057932, 641422, 370006, 2042596, 1224115, -46657, -126575, 1632173, 347923, 1309735, -8388608, 1773038, 1679056, 1069648, 1283520, 'Right']
[2619965, 2060378, 605984, 356637, 2045264, 1228305, -44876, -123325, 1638173, 356374, 1234035, -8388608, 1748297, 1645802, 1042624, 1241480, 'Right']
[2636578, 2057480, 645139, 376117, 2043932, 1223948, -47284, -126964, 1632834, 348652, 1299181, -8388608, 1770987, 1678619, 1066563, 1277366, 'Right']
[2616547, 2061062, 602110, 350854, 2044153, 1228511, -43905, -122378, 1637893, 356429, 1244131, -8388608, 1750047, 1646961, 1044958, 1246875, 'Right']
[2639500, 2057309, 647782, 381572, 2044732, 1223998, -47970, -127402, 1633200, 349061, 1287110, -8388608, 1768353, 1677000, 1062941, 1270510, 'Right']
[2614634, 2062145, 599910, 346496, 2042633, 1228628, -43325, -122687, 1637571, 356409, 1256520, -8388608, 1752780, 1649234, 1048470, 1253599, 'Right']
[2642023, 2057062, 649868, 386241, 2045796, 1223831, -48867, -128091, 1633985, 349792, 1274692, -8388608, 1765749, 1674664, 1059581, 1263594, 'Right']
[2613159, 2062185, 600439, 342862, 2041941, 1227927, -43077, -122686, 1636973, 355402, 1270725, -8388608, 1756447, 1652071, 1052946, 1261599, 'Right']
[2643066, 2056798, 649643, 388704, 2047189, 1224101, -49192, -127733, 1634734, 350461, 1262424, -8388608, 1762891, 1671474, 1056056, 1257016, 'Right']
[2612094, 2062614, 598784, 340107, 2041608, 1228265, -42165, -122511, 1636918, 355235, 1282462, -8388608, 1759535, 1656054, 1056325, 1267345, 'Right']
[2643113, 2055617, 647861, 390371, 2048055, 1224351, -49099, -127486, 1635217, 350865, 1247829, -8388608, 1759225, 1667874, 1051367, 1247927, 'Right']
[2612478, 2061822, 603234, 340135, 2040418, 1227728, -42340, -122799, 1635102, 352995, 1296276, -8388608, 1763650, 1660293, 1061559, 1275793, 'Right']
[2641817, 2056017, 644199, 389719, 2048115, 1225317, -50104, -127429, 1635729, 351895, 1237800, -8388608, 1755973, 1663987, 1048074, 1243068, 'Right']
[2613836, 2061778, 606870, 341305, 2040393, 1228043, -41596, -122240, 1634565, 352454, 1305871, -8388608, 1766553, 1665138, 1064256, 1280987, 'Right']
[2639990, 2056539, 638995, 387671, 2048601, 1226244, -49460, -126608, 1636607, 353162, 1227853, -8388608, 1752758, 1660018, 1044036, 1237369, 'Right']
[2616528, 2061623, 612373, 344325, 2040243, 1227189, -42478, -123084, 1633844, 351358, 1313649, -8388608, 1769422, 1669251, 1066754, 1285010, 'Right']
[2637289, 2056734, 634402, 383931, 2048343, 1225896, -50261, -127083, 1637055, 353813, 1221833, -8388608, 1750222, 1655505, 1041390, 1234130, 'Right']
[2619382, 2061048, 619416, 348248, 2040297, 1226018, -43611, -124758, 1633046, 350089, 1319864, -8388608, 1771815, 1672374, 1069264, 1289166, 'Right']
[2633895, 2058022, 628069, 379230, 2048127, 1226889, -48656, -125850, 1637957, 355100, 1218920, -8388608, 1748217, 1651663, 1039595, 1232861, 'Right']
[2623037, 2060303, 626629, 354193, 2040636, 1225215, -43963, -125110, 1632856, 349650, 1321828, -8388608, 1773307, 1675737, 1070740, 1290287, 'Right']
[2629731, 2058802, 621573, 373859, 2047491, 1227599, -47725, -124718, 1638274, 355954, 1219532, -8388608, 1747116, 1648896, 1039199, 1233449, 'Right']
[2626976, 2059934, 632986, 360692, 2041360, 1225550, -45077, -125042, 1632791, 349314, 1319882, -8388608, 1773824, 1678250, 1070507, 1289102, 'Right']
[2625630, 2059884, 615392, 367563, 2047182, 1228869, -45565, -123951, 1638547, 356659, 1223064, -8388608, 1746829, 1647307, 1039152, 1235022, 'Right']
[2630698, 2059278, 638949, 366979, 2042592, 1225545, -45510, -126279, 1632592, 348891, 1314639, -8388608, 1773538, 1679657, 1069536, 1285673, 'Right']
[2621410, 2060173, 610027, 361125, 2046179, 1229243, -45443, -124006, 1638621, 356802, 1229366, -8388608, 1747450, 1646621, 1040163, 1238043, 'Right']
[2634322, 2058164, 644863, 373296, 2043767, 1225225, -46811, -126697, 1632462, 348208, 1307292, -8388608, 1772456, 1680076, 1067607, 1281579, 'Right']
[2617975, 2060754, 606507, 354574, 2045340, 1229162, -44677, -123570, 1638030, 356472, 1240333, -8388608, 1749155, 1647129, 1042968, 1244251, 'Right']
[2637365, 2057538, 648804, 378556, 2044804, 1224404, -47650, -127767, 1632782, 348500, 1297225, -8388608, 1770316, 1678551, 1064885, 1275892, 'Right']
[2615329, 2061582, 602853, 348769, 2043860, 1228879, -44461, -123600, 1638044, 356383, 1251730, -8388608, 1751322, 1648063, 1045874, 1250327, 'Right']
[2640884, 2057464, 650687, 383822, 2045550, 1224503, -49146, -127789, 1633904, 349399, 1284606, -8388608, 1767621, 1676572, 1060939, 1268294, 'Right']
[2614039, 2062415, 601782, 345227, 2042682, 1229134, -42028, -122069, 1637780, 356132, 1265199, -8388608, 1754594, 1651025, 1049764, 1257688, 'Right']
[2642811, 2057197, 651825, 388334, 2046849, 1225008, -48184, -127094, 1634828, 350500, 1271736, -8388608, 1764708, 1674210, 1057385, 1261218, 'Right']
[2612832, 2062585, 601929, 342273, 2041421, 1228945, -43050, -122684, 1637021, 355356, 1279038, -8388608, 1758057, 1654649, 1054102, 1265680, 'Right']
[2643198, 2056398, 651084, 390146, 2047280, 1224744, -49746, -127941, 1635165, 350946, 1258686, -8388608, 1760929, 1670524, 1052806, 1254019, 'Right']
[2611961, 2062376, 603303, 340194, 2041200, 1228936, -40921, -121989, 1635882, 354075, 1292218, -8388608, 1761154, 1657977, 1058125, 1273246, 'Right']
[2641832, 2055585, 648026, 390183, 2048414, 1225623, -49281, -126887, 1635695, 351753, 1245950, -8388608, 1757387, 1666315, 1048920, 1247002, 'Right']
[2611794, 2060947, 606496, 339973, 2040275, 1228120, -42197, -122765, 1634500, 352451, 1303015, -8388608, 1764407, 1662089, 1061753, 1279220, 'Right']
[2639767, 2055295, 643905, 388618, 2048384, 1225912, -50068, -127474, 1635659, 352248, 1235498, -8388608, 1753999, 1661842, 1045257, 1241293, 'Right']
[2613420, 2060562, 611165, 341899, 2040246, 1227685, -42376, -123054, 1633594, 351611, 1312047, -8388608, 1767415, 1666445, 1064641, 1283919, 'Right']
[2637423, 2055945, 638481, 385644, 2048773, 1226566, -49794, -126404, 1636389, 353548, 1227388, -8388608, 1751240, 1657875, 1042311, 1237253, 'Right']
[2616620, 2060653, 616451, 345538, 2040138, 1227164, -43264, -123347, 1633313, 351256, 1318103, -8388608, 1769841, 1670732, 1066810, 1287209, 'Right']
[2635346, 2056967, 632678, 381861, 2048291, 1226940, -48153, -125760, 1637459, 355013, 1221552, -8388608, 1748976, 1654435, 1039626, 1233701, 'Right']
[2620887, 2060555, 623940, 350754, 2039878, 1226405, -43755, -124272, 1633182, 350591, 1322351, -8388608, 1772488, 1674911, 1069033, 1289871, 'Right']
[2632298, 2057919, 627361, 376904, 2047478, 1227552, -48590, -125584, 1638194, 355941, 1220427, -8388608, 1747572, 1651605, 1038512, 1233171, 'Right']
