[2489890, 3318688, -1145131, -179389, 1503901, 2715123, 1208642, 1910138, 1480957, 1618757, 1672256, -59347, 2354532, 2007585, 574185, 1299422, 'Stay']
[2494228, 3322594, -1131088, -171206, 1527941, 2708088, 1212733, 1917811, 1488497, 1618107, 1539407, -115165, 2254622, 1975756, 489465, 1243254, 'Stay']
[2490559, 3319150, -1142851, -176896, 1507989, 2719289, 1207590, 1911150, 1481855, 1620002, 1673770, -56020, 2351464, 2007144, 575968, 1297623, 'Stay']
[2493806, 3322327, -1133151, -173974, 1523388, 2704076, 1212032, 1916277, 1488839, 1617424, 1541678, -115598, 2259373, 1976999, 489263, 1246363, 'Stay']
[2490642, 3319042, -1141405, -175094, 1512208, 2722994, 1207139, 1911636, 1481260, 1619927, 1669795, -55782, 2345494, 2005094, 573462, 1294187, 'Stay']
[2494156, 3322680, -1134930, -175992, 1518937, 2700347, 1212381, 1916315, 1489402, 1617322, 1547820, -114966, 2267276, 1978784, 492290, 1251200, 'Stay']
[2491291, 3319670, -1139317, -172458, 1517451, 2725496, 1207377, 1912650, 1482082, 1621069, 1660920, -57659, 2335654, 2002107, 567917, 1287885, 'Stay']
[2492770, 3321618, -1137784, -178701, 1513834, 2698304, 1212297, 1915791, 1488889, 1617140, 1558035, -111619, 2277335, 1981914, 498583, 1257102, 'Stay']
[2490925, 3319597, -1137291, -170802, 1522448, 2727427, 1208000, 1913349, 1481406, 1620446, 1647944, -61995, 2324475, 1998614, 561186, 1281699, 'Stay']
[2491948, 3321005, -1139934, -181226, 1509248, 2696645, 1211643, 1915132, 1488141, 1616259, 1570855, -107240, 2289310, 1984853, 507394, 1263660, 'Stay']
[2490582, 3319020, -1135474, -169720, 1526304, 2728948, 1206959, 1913873, 1481916, 1620123, 1632289, -67695, 2311604, 1994376, 552254, 1273806, 'Stay']
[2491106, 3320048, -1142217, -183181, 1504685, 2697014, 1210735, 1913602, 1486573, 1615446, 1586767, -101263, 2303820, 1989044, 517970, 1272189, 'Stay']
[2491622, 3320020, -1132642, -167729, 1530580, 2728763, 1208511, 1916195, 1482908, 1619647, 1615115, -74482, 2299212, 1989988, 541336, 1267102, 'Stay']
[2491016, 3320394, -1143126, -183608, 1501944, 2697302, 1210948, 1914041, 1486432, 1616426, 1604246, -93259, 2317059, 1993601, 528662, 1279799, 'Stay']
[2491612, 3320223, -1131133, -167311, 1533232, 2727353, 1208092, 1916404, 1483611, 1619712, 1597505, -81869, 2286344, 1986230, 529933, 1259745, 'Stay']
[2490677, 3320247, -1144691, -184128, 1499592, 2699227, 1210333, 1912718, 1485217, 1616057, 1621886, -85509, 2329681, 1997676, 539686, 1286435, 'Stay']
[2492843, 3321528, -1129192, -166127, 1535417, 2725843, 1210008, 1917882, 1485659, 1620524, 1580666, -88906, 2274644, 1983100, 518578, 1253003, 'Stay']
[2490745, 3320374, -1145127, -183836, 1498717, 2702317, 1210124, 1912288, 1485048, 1617723, 1638683, -76873, 2340222, 2001991, 550712, 1291863, 'Stay']
[2492794, 3321875, -1128764, -166550, 1535530, 2722319, 1209837, 1917755, 1486767, 1619663, 1565490, -96741, 2264711, 1979760, 508044, 1246985, 'Stay']
[2489504, 3319466, -1145633, -183030, 1498888, 2705975, 1209578, 1912344, 1483315, 1617806, 1652729, -69804, 2348270, 2004625, 560094, 1295993, 'Stay']
[2492165, 3321486, -1128800, -167707, 1534753, 2718932, 1211003, 1919367, 1486882, 1618845, 1552827, -103513, 2258472, 1977516, 499427, 1244076, 'Stay']
[2488550, 3318556, -1145697, -182320, 1499982, 2709872, 1208558, 1911803, 1482209, 1617960, 1663430, -64191, 2354289, 2006494, 567253, 1299488, 'Stay']
[2492432, 3321551, -1129519, -169416, 1532536, 2714010, 1211640, 1918839, 1487973, 1618001, 1543417, -110200, 2255213, 1975773, 492423, 1242404, 'Stay']
[2489003, 3318644, -1144387, -180269, 1503066, 2713738, 1208277, 1912463, 1482049, 1618596, 1669698, -59768, 2355581, 2006921, 572084, 1299504, 'Stay']
[2492447, 3321780, -1130208, -171268, 1529456, 2709988, 1211921, 1918665, 1488692, 1617539, 1538679, -113599, 2254847, 1975191, 489176, 1242499, 'Stay']
[2489193, 3318945, -1142753, -177975, 1507079, 2718621, 1208028, 1912888, 1481378, 1618694, 1672264, -56927, 2354289, 2007126, 574978, 1298866, 'Stay']
[2492709, 3321993, -1131445, -173131, 1525869, 2706152, 1212739, 1918985, 1489546, 1617356, 1538851, -115800, 2258638, 1976065, 488461, 1245355, 'Stay']
[2489105, 3318297, -1141551, -176546, 1511223, 2722680, 1207476, 1912799, 1481477, 1619132, 1670094, -56059, 2348830, 2005500, 574046, 1295628, 'Stay']
[2492875, 3322073, -1133586, -175750, 1521070, 2702714, 1212126, 1917912, 1489582, 1616356, 1543840, -116195, 2265407, 1977686, 490902, 1249690, 'Stay']
[2490052, 3319181, -1139345, -173871, 1515916, 2725812, 1207632, 1913531, 1481843, 1620028, 1663707, -57069, 2340767, 2003229, 570269, 1290775, 'Stay']
[2492606, 3322007, -1135779, -177981, 1515914, 2700048, 1212003, 1917294, 1489472, 1616773, 1553195, -113129, 2274844, 1980985, 495953, 1255130, 'Stay']
[2490382, 3319355, -1136996, -171465, 1520187, 2728308, 1207108, 1914505, 1482474, 1620366, 1652618, -59960, 2329745, 2000221, 563678, 1284081, 'Stay']
[2491828, 3321293, -1138304, -180071, 1510260, 2698267, 1211602, 1916256, 1488728, 1616292, 1565646, -108675, 2286079, 1984106, 503414, 1261638, 'Stay']
[2490364, 3319118, -1135242, -169695, 1524661, 2729396, 1207002, 1915130, 1482362, 1620132, 1637934, -64978, 2317224, 1996422, 554830, 1277181, 'Stay']
[2491466, 3320911, -1140273, -181370, 1506578, 2696922, 1211748, 1915299, 1488165, 1616068, 1580666, -103335, 2298759, 1987996, 512929, 1269232, 'Stay']
[2490614, 3319467, -1132949, -167593, 1529509, 2729924, 1207841, 1916877, 1483395, 1619967, 1621373, -71747, 2303450, 1992476, 544914, 1269654, 'Stay']
[2490842, 3320607, -1142197, -182326, 1503410, 2697828, 1211196, 1915260, 1486994, 1616287, 1598030, -96081, 2312264, 1992648, 524461, 1277361, 'Stay']
[2491033, 3320175, -1131182, -166485, 1532971, 2728782, 1208238, 1917129, 1484271, 1620451, 1604048, -78772, 2290172, 1988386, 534124, 1262382, 'Stay']
[2490469, 3320414, -1143547, -183334, 1500749, 2698829, 1210718, 1913870, 1485929, 1616446, 1615569, -88410, 2324276, 1996587, 535858, 1283842, 'Stay']
[2492011, 3320814, -1129384, -165955, 1534824, 2726874, 1208823, 1918108, 1485639, 1619922, 1586793, -86753, 2277163, 1984061, 522806, 1254857, 'Stay']
[2490081, 3319889, -1144657, -183761, 1498920, 2701595, 1209731, 1912934, 1484863, 1616802, 1633326, -80240, 2335992, 2000752, 547625, 1290683, 'Stay']
[2492571, 3321508, -1128406, -166054, 1535867, 2723778, 1209317, 1919089, 1486843, 1619692, 1571108, -94411, 2267524, 1980978, 512683, 1250031, 'Stay']
[2489818, 3319567, -1145169, -183320, 1498481, 2704648, 1208192, 1912487, 1484522, 1617246, 1648831, -72635, 2345034, 2003374, 557352, 1295511, 'Stay']
[2492930, 3321691, -1128278, -167446, 1535104, 2719877, 1209289, 1917820, 1487488, 1618435, 1557773, -101724, 2259632, 1977687, 502222, 1245715, 'Stay']
[2489759, 3319449, -1144595, -182391, 1499995, 2708705, 1208008, 1912356, 1483978, 1617787, 1660807, -66356, 2351104, 2005432, 564806, 1298368, 'Stay']
[2492869, 3322130, -1128230, -168349, 1533736, 2716714, 1210436, 1919506, 1488684, 1618165, 1547752, -107618, 2255256, 1976521, 495371, 1243609, 'Stay']
[2489300, 3319261, -1144003, -180416, 1502642, 2713573, 1208153, 1912829, 1482803, 1618799, 1669207, -60254, 2354910, 2007518, 571558, 1300635, 'Stay']
[2492537, 3322003, -1129404, -170170, 1531031, 2712071, 1210703, 1919207, 1489070, 1617757, 1540929, -112280, 2254038, 1975919, 490582, 1243076, 'Stay']
[2488488, 3318587, -1143601, -178890, 1505667, 2717537, 1206628, 1912248, 1481914, 1618992, 1672453, -57800, 2354022, 2007459, 574245, 1299625, 'Stay']
[2492424, 3322139, -1130845, -172164, 1527629, 2707767, 1211762, 1919309, 1489185, 1617206, 1538658, -115885, 2255851, 1975706, 488218, 1244593, 'Stay']
[2488592, 3318409, -1141858, -176917, 1509957, 2720930, 1207005, 1913174, 1481872, 1619350, 1671649, -56210, 2349850, 2006149, 574671, 1296786, 'Stay']
[2492045, 3321734, -1132783, -175103, 1522783, 2703522, 1211372, 1918709, 1489557, 1616679, 1541731, -116525, 2261180, 1976978, 489628, 1247301, 'Stay']
[2488764, 3318496, -1140149, -175064, 1513961, 2724527, 1205991, 1913783, 1481663, 1619037, 1666561, -56908, 2342726, 2004070, 571711, 1291913, 'Stay']
[2491640, 3321579, -1135050, -177585, 1517370, 2700715, 1210720, 1917637, 1489440, 1616046, 1549703, -114928, 2270327, 1979436, 493577, 1252485, 'Stay']
[2489294, 3318722, -1137970, -172552, 1518856, 2727209, 1206242, 1914415, 1482037, 1619939, 1657381, -59848, 2333259, 2000874, 566066, 1286104, 'Stay']
[2491266, 3320990, -1137337, -179584, 1512474, 2698372, 1210616, 1917099, 1489285, 1616154, 1561678, -111497, 2281484, 1982491, 500896, 1258551, 'Stay']
[2489605, 3318742, -1136067, -170141, 1523273, 2728903, 1205698, 1915647, 1482285, 1620033, 1644491, -64069, 2321684, 1997990, 559022, 1279218, 'Stay']
[2491000, 3320597, -1140027, -180881, 1507770, 2697304, 1210311, 1916717, 1488480, 1616201, 1576423, -105836, 2294373, 1986892, 510230, 1266292, 'Stay']
[2489900, 3318756, -1134231, -167976, 1527691, 2729999, 1206835, 1917169, 1483466, 1620368, 1628754, -69334, 2308314, 1993966, 548965, 1271689, 'Stay']
[2490301, 3319592, -1142212, -181953, 1503761, 2697788, 1210154, 1916357, 1487496, 1615831, 1592869, -99181, 2307363, 1991191, 520379, 1273796, 'Stay']
[2489941, 3318392, -1132479, -166776, 1531010, 2729828, 1207920, 1917412, 1483789, 1619487, 1611139, -76772, 2294809, 1989838, 537435, 1264394, 'Stay']
[2489582, 3318928, -1144026, -182513, 1500864, 2699196, 1211323, 1915400, 1485860, 1616088, 1610322, -91697, 2320640, 1995645, 531460, 1281857, 'Stay']
[2491063, 3319161, -1130834, -165477, 1533653, 2728422, 1208972, 1918495, 1484464, 1619892, 1593482, -84041, 2282203, 1986304, 525969, 1257919, 'Stay']
[2490282, 3318954, -1144557, -182600, 1499360, 2701291, 1210857, 1914313, 1486542, 1617153, 1628053, -83348, 2331944, 1999299, 542172, 1288306, 'Stay']
[2491926, 3319616, -1129421, -165581, 1534945, 2725699, 1209126, 1918808, 1486552, 1619574, 1577234, -92102, 2270574, 1982161, 514493, 1251478, 'Stay']
[2489675, 3318075, -1145535, -182834, 1497712, 2704613, 1208712, 1913082, 1484785, 1616863, 1644033, -75812, 2342307, 2002875, 552525, 1294119, 'Stay']
[2492829, 3320678, -1128481, -165726, 1534714, 2722322, 1209385, 1918961, 1487814, 1619311, 1562618, -99396, 2262337, 1979458, 504245, 1247338, 'Stay']
[2489399, 3318160, -1145480, -181928, 1497974, 2707499, 1207174, 1911424, 1483793, 1617934, 1657398, -67943, 2349817, 2005555, 561128, 1298093, 'Stay']
[2493095, 3321230, -1128222, -166526, 1533466, 2717353, 1210030, 1919140, 1489073, 1618648, 1551186, -105702, 2256396, 1976834, 495406, 1243873, 'Stay']
[2489186, 3318086, -1144867, -180111, 1500406, 2710914, 1207350, 1912426, 1483627, 1618337, 1667478, -62548, 2354187, 2007069, 568182, 1299889, 'Stay']
[2492462, 3320811, -1129346, -168749, 1531283, 2712551, 1210252, 1919103, 1489385, 1618031, 1543286, -111079, 2254353, 1976100, 490717, 1242764, 'Stay']
[2488431, 3317202, -1144585, -178887, 1503965, 2715010, 1205801, 1912160, 1482554, 1618341, 1672144, -58915, 2355140, 2007327, 573079, 1299765, 'Stay']
[2492037, 3320509, -1131205, -170774, 1528029, 2708340, 1209624, 1919638, 1489411, 1617230, 1539135, -115107, 2255387, 1975808, 488258, 1243251, 'Stay']
[2487854, 3316665, -1143978, -176880, 1507428, 2719921, 1205719, 1913168, 1481567, 1618781, 1672247, -57171, 2352034, 2006842, 574686, 1297323, 'Stay']
[2491030, 3319977, -1133796, -173615, 1523151, 2705170, 1209593, 1919125, 1489262, 1616490, 1539840, -117018, 2259594, 1976764, 488741, 1245941, 'Stay']
[2487883, 3316857, -1142157, -174703, 1511693, 2723730, 1204432, 1914148, 1481067, 1618796, 1668184, -57106, 2345916, 2005244, 573111, 1293800, 'Stay']
[2490998, 3319917, -1135659, -175771, 1518566, 2702236, 1209360, 1919499, 1489309, 1616325, 1546096, -115831, 2267188, 1979237, 492060, 1250872, 'Stay']
[2488393, 3317248, -1139727, -172422, 1516737, 2726659, 1204356, 1915323, 1481628, 1619236, 1660327, -58726, 2336983, 2002636, 568458, 1288643, 'Stay']
[2490678, 3319975, -1137690, -178160, 1513304, 2699354, 1208822, 1917819, 1488810, 1615715, 1556462, -112568, 2277321, 1981990, 497903, 1256696, 'Stay']
[2489275, 3318416, -1136698, -169677, 1521617, 2729182, 1205063, 1916347, 1482266, 1619936, 1648955, -61255, 2325579, 1999511, 561331, 1282073, 'Stay']
[2490777, 3320483, -1138840, -179130, 1509062, 2698434, 1208904, 1918357, 1489304, 1616466, 1571120, -106908, 2289686, 1986311, 506571, 1264163, 'Stay']
[2489729, 3318793, -1134217, -167500, 1525897, 2730407, 1204455, 1916797, 1483188, 1620006, 1634596, -66570, 2313367, 1995931, 551952, 1275262, 'Stay']
[2490859, 3320625, -1140471, -180242, 1504770, 2697656, 1208799, 1916489, 1488748, 1616592, 1587658, -100461, 2303188, 1990141, 516466, 1271711, 'Stay']
[2489782, 3318798, -1132301, -166431, 1529558, 2730345, 1204613, 1917647, 1484341, 1620195, 1617991, -73075, 2299637, 1991466, 541185, 1267087, 'Stay']
[2489555, 3319337, -1143189, -182151, 1501696, 2698648, 1208381, 1915535, 1487065, 1615703, 1604971, -94071, 2316822, 1994193, 527583, 1279401, 'Stay']
[2490286, 3319095, -1130969, -165631, 1533383, 2729251, 1205944, 1919086, 1485126, 1619900, 1599591, -81686, 2286861, 1987587, 529665, 1259706, 'Stay']
[2488698, 3318156, -1144981, -182848, 1499239, 2700745, 1206979, 1915247, 1486175, 1616027, 1622320, -86387, 2329170, 1998710, 539370, 1286140, 'Stay']
[2490092, 3318714, -1130418, -165626, 1534797, 2726992, 1206425, 1919285, 1485373, 1618510, 1582090, -90321, 2274907, 1983582, 518643, 1253096, 'Stay']
[2487979, 3317480, -1146137, -183160, 1498368, 2703618, 1206459, 1915247, 1484561, 1615617, 1638506, -78972, 2339845, 2001921, 550461, 1292026, 'Stay']
[2490845, 3319591, -1129181, -165622, 1535679, 2723752, 1206871, 1921009, 1486553, 1618475, 1566673, -97784, 2265435, 1980355, 508558, 1248450, 'Stay']
[2487918, 3317656, -1146018, -182241, 1498635, 2706894, 1205937, 1914329, 1484382, 1616901, 1652845, -71689, 2347660, 2004625, 559677, 1296296, 'Stay']
[2491411, 3320719, -1128712, -166419, 1534880, 2720137, 1207804, 1920714, 1487996, 1618199, 1554680, -104005, 2258193, 1977917, 499743, 1244567, 'Stay']
[2488131, 3318202, -1145469, -180594, 1500315, 2711113, 1204863, 1914162, 1483656, 1617456, 1664692, -63969, 2353175, 2007173, 567252, 1299304, 'Stay']
[2491641, 3321078, -1129261, -167603, 1532523, 2716153, 1207219, 1921475, 1489142, 1617896, 1545963, -108761, 2254512, 1976741, 492577, 1242660, 'Stay']
[2488536, 3318211, -1144506, -178639, 1502363, 2715646, 1204534, 1914313, 1483079, 1618602, 1672175, -58501, 2355630, 2008220, 572353, 1300495, 'Stay']
[2492246, 3321415, -1130114, -169279, 1528849, 2711532, 1207941, 1920470, 1490126, 1617766, 1541374, -113095, 2254515, 1976098, 488672, 1242807, 'Stay']
[2488332, 3318022, -1143257, -176593, 1505976, 2719732, 1204493, 1914984, 1482918, 1619069, 1674689, -56097, 2353858, 2007808, 574347, 1298751, 'Stay']
[2491255, 3321016, -1131771, -171679, 1525313, 2707656, 1209786, 1921124, 1490376, 1617095, 1541106, -115326, 2258247, 1976989, 487876, 1245234, 'Stay']
[2487485, 3317233, -1141930, -175125, 1510214, 2723825, 1204365, 1914562, 1481704, 1618671, 1671858, -55981, 2349041, 2006713, 573269, 1295739, 'Stay']
[2490845, 3320540, -1133951, -174467, 1520505, 2704175, 1209431, 1919748, 1490066, 1616344, 1544746, -116024, 2264480, 1978364, 488965, 1248932, 'Stay']
[2487632, 3317263, -1139815, -172886, 1514997, 2726935, 1203948, 1914981, 1481967, 1618982, 1664741, -57639, 2340705, 2003893, 568698, 1290842, 'Stay']
[2490364, 3320253, -1136221, -176854, 1515227, 2701024, 1208427, 1919090, 1489434, 1615691, 1553489, -113931, 2273997, 1980969, 493957, 1254717, 'Stay']
[2487964, 3317497, -1137693, -170482, 1519662, 2728742, 1203913, 1916664, 1482326, 1619563, 1653804, -60368, 2330069, 2000679, 562886, 1284505, 'Stay']
[2490050, 3319848, -1138179, -178824, 1510469, 2698750, 1208415, 1918812, 1488741, 1615151, 1565857, -109733, 2285924, 1984553, 502651, 1261809, 'Stay']
[2488811, 3318211, -1134718, -168083, 1524891, 2729829, 1204048, 1917302, 1483445, 1619814, 1639602, -65507, 2317720, 1997420, 554872, 1277450, 'Stay']
[2489773, 3319634, -1139905, -180269, 1506445, 2697688, 1207918, 1917672, 1488678, 1615464, 1581641, -104262, 2299013, 1989298, 512385, 1269198, 'Stay']
[2489435, 3318606, -1132463, -166392, 1529042, 2730369, 1204308, 1919334, 1484266, 1619598, 1623475, -72146, 2304524, 1993217, 544247, 1269759, 'Stay']
[2489421, 3319458, -1141586, -181429, 1503184, 2698235, 1207526, 1917561, 1487840, 1615857, 1598963, -97134, 2312252, 1993341, 523402, 1276688, 'Stay']
[2490225, 3319393, -1130513, -165366, 1532116, 2729383, 1204105, 1919987, 1485198, 1619537, 1606371, -79440, 2291394, 1989200, 533556, 1262457, 'Stay']
[2489130, 3319158, -1143355, -182545, 1499540, 2699569, 1206052, 1915951, 1487000, 1616024, 1616853, -89163, 2325328, 1997220, 535079, 1284077, 'Stay']
[2490793, 3320208, -1129065, -164914, 1534166, 2727321, 1204789, 1920777, 1486128, 1619743, 1588600, -87077, 2279337, 1985119, 522136, 1255621, 'Stay']
[2488364, 3318540, -1144601, -183173, 1498106, 2701962, 1205247, 1915813, 1485845, 1616499, 1633665, -80988, 2336847, 2001324, 546498, 1290390, 'Stay']
[2490787, 3320213, -1128312, -165650, 1535131, 2724289, 1205128, 1920932, 1486760, 1618623, 1572059, -95009, 2268970, 1981622, 511402, 1249662, 'Stay']
[2488403, 3318765, -1144800, -182370, 1498142, 2704586, 1204801, 1914809, 1485135, 1616610, 1648280, -73569, 2345994, 2003684, 556274, 1294579, 'Stay']
[2491077, 3320953, -1127625, -165907, 1535005, 2720528, 1206268, 1922013, 1488355, 1618605, 1558252, -101550, 2260734, 1978581, 502301, 1244807, 'Stay']
[2487617, 3318270, -1144540, -181218, 1499123, 2708691, 1204440, 1915339, 1483934, 1617625, 1660487, -65896, 2352334, 2006402, 565213, 1298189, 'Stay']
[2490604, 3320568, -1128290, -167433, 1532638, 2716372, 1206566, 1921682, 1488514, 1617213, 1547348, -107819, 2255746, 1976793, 495278, 1242747, 'Stay']
[2487374, 3317717, -1144065, -179762, 1501160, 2712793, 1203676, 1914903, 1482917, 1617635, 1668260, -61224, 2355176, 2007617, 571125, 1299693, 'Stay']
[2490772, 3320793, -1129130, -169256, 1530091, 2712138, 1207005, 1921930, 1489089, 1616881, 1540600, -112618, 2254551, 1976247, 490125, 1242348, 'Stay']
[2487664, 3317920, -1142634, -177712, 1505034, 2716931, 1204335, 1915553, 1483247, 1618178, 1672413, -57782, 2354825, 2007559, 574151, 1299277, 'Stay']
[2490516, 3320439, -1130649, -171880, 1526411, 2707783, 1207368, 1921993, 1490055, 1616315, 1538738, -115512, 2255871, 1975989, 488075, 1243603, 'Stay']
[2487208, 3317369, -1141455, -176117, 1508442, 2721272, 1203235, 1915634, 1481858, 1617820, 1672063, -56189, 2351054, 2006811, 574847, 1297256, 'Stay']
[2491081, 3321380, -1131764, -173231, 1522272, 2704390, 1207520, 1921779, 1490553, 1616580, 1542063, -115580, 2261989, 1977890, 489369, 1247645, 'Stay']
[2487575, 3317880, -1139099, -173110, 1513713, 2725119, 1203580, 1916423, 1482526, 1619221, 1667369, -55829, 2344189, 2005675, 572406, 1293130, 'Stay']
[2490085, 3320168, -1134250, -176163, 1517171, 2701250, 1207849, 1920787, 1489879, 1615758, 1549421, -114459, 2270747, 1980852, 493676, 1252869, 'Stay']
[2488007, 3317808, -1137074, -170995, 1518373, 2727270, 1202952, 1917223, 1482586, 1619015, 1657391, -59353, 2334383, 2002764, 566720, 1286899, 'Stay']
[2489840, 3319933, -1136568, -178198, 1512216, 2698875, 1207503, 1920159, 1489769, 1615335, 1560810, -111311, 2281888, 1984020, 501074, 1259184, 'Stay']
[2488412, 3317947, -1134865, -168870, 1522995, 2729329, 1202683, 1918205, 1483120, 1619099, 1644403, -64035, 2322599, 1999040, 559200, 1279929, 'Stay']
[2489496, 3319706, -1138393, -179718, 1507800, 2697881, 1207848, 1919375, 1489290, 1615012, 1575311, -106479, 2294663, 1988113, 510183, 1266474, 'Stay']
[2488839, 3318586, -1132238, -166859, 1528199, 2730337, 1204215, 1919436, 1484201, 1619383, 1629000, -69942, 2310023, 1995280, 549923, 1272584, 'Stay']
[2488737, 3319285, -1140280, -181211, 1504498, 2698051, 1207648, 1918710, 1488300, 1615441, 1591893, -99929, 2308277, 1991979, 521096, 1274013, 'Stay']
[2488507, 3318144, -1131250, -166605, 1531054, 2730127, 1203562, 1919737, 1484379, 1618738, 1611532, -77090, 2296883, 1990812, 539264, 1265184, 'Stay']
[2488532, 3318945, -1142421, -182528, 1500643, 2698910, 1206267, 1917183, 1487226, 1615276, 1609303, -92908, 2321375, 1995523, 532149, 1281334, 'Stay']
[2489646, 3319182, -1129266, -165378, 1533841, 2728457, 1204062, 1921132, 1485643, 1618798, 1593994, -84929, 2284004, 1986214, 527539, 1257724, 'Stay']
[2487938, 3318568, -1143779, -182968, 1498679, 2700715, 1205188, 1915904, 1486081, 1615589, 1627195, -84650, 2334066, 1999786, 543281, 1288423, 'Stay']
[2489921, 3319935, -1128090, -165050, 1534585, 2725445, 1204580, 1921987, 1486815, 1618769, 1577419, -92817, 2273216, 1982862, 515793, 1251683, 'Stay']
[2487433, 3318284, -1144251, -182343, 1497838, 2704190, 1204826, 1916139, 1485191, 1616398, 1643258, -77071, 2344118, 2003459, 553815, 1293818, 'Stay']
[2490071, 3320215, -1127633, -165441, 1534967, 2722832, 1205029, 1922607, 1487784, 1618440, 1562989, -100375, 2264748, 1980311, 506253, 1247387, 'Stay']
[2486780, 3317629, -1144618, -181697, 1498303, 2707794, 1203746, 1915743, 1484376, 1616679, 1656729, -69714, 2352038, 2006656, 563342, 1298334, 'Stay']
[2490046, 3320300, -1127896, -166791, 1533322, 2718197, 1205345, 1922579, 1488575, 1617664, 1550860, -107130, 2258665, 1977859, 498472, 1244140, 'Stay']
[2486245, 3316979, -1144569, -180525, 1500141, 2711776, 1203583, 1915951, 1482899, 1616978, 1666078, -64062, 2356151, 2007741, 570464, 1300320, 'Stay']
[2490127, 3320181, -1128834, -168814, 1531307, 2713706, 1206304, 1922394, 1489223, 1616586, 1542459, -112236, 2255923, 1976382, 492624, 1243008, 'Stay']
[2486386, 3316922, -1143634, -179062, 1503565, 2715884, 1202755, 1916228, 1482725, 1617125, 1671541, -60160, 2356530, 2008022, 574270, 1299948, 'Stay']
[2490309, 3320385, -1129706, -170733, 1528487, 2709955, 1207408, 1923240, 1489737, 1616164, 1539152, -116273, 2256754, 1976287, 489494, 1243679, 'Stay']
[2486461, 3316857, -1142022, -176975, 1507525, 2720219, 1202627, 1916395, 1482512, 1617587, 1672861, -57937, 2354547, 2007717, 576418, 1298789, 'Stay']
[2490081, 3320216, -1131391, -173234, 1523760, 2705435, 1206747, 1921487, 1490199, 1615537, 1540389, -117661, 2261352, 1977070, 489863, 1246507, 'Stay']
[2487145, 3317337, -1139453, -174306, 1511958, 2723516, 1202420, 1916878, 1482416, 1618083, 1669205, -57760, 2348070, 2005312, 574745, 1294427, 'Stay']
[2490229, 3320647, -1132612, -175058, 1518959, 2701853, 1207260, 1921981, 1490556, 1615518, 1546533, -116476, 2268687, 1979088, 493256, 1250914, 'Stay']
[2487101, 3317476, -1137183, -172018, 1516721, 2726642, 1202418, 1917815, 1482811, 1618386, 1661464, -58837, 2339130, 2003161, 570059, 1289372, 'Stay']
[2489489, 3320223, -1134904, -177234, 1514165, 2699643, 1207171, 1920762, 1490165, 1614555, 1556890, -113747, 2279074, 1982055, 498980, 1257703, 'Stay']
[2487040, 3317462, -1135166, -169823, 1521721, 2729005, 1202387, 1918297, 1483147, 1618581, 1649607, -62612, 2327689, 1999816, 562539, 1283135, 'Stay']
[2488179, 3319367, -1137666, -179842, 1509524, 2698418, 1206575, 1919924, 1489008, 1614255, 1570269, -109262, 2291125, 1986162, 507044, 1264808, 'Stay']
[2487280, 3317829, -1133222, -168372, 1526616, 2730552, 1202899, 1920046, 1482952, 1618106, 1634253, -68714, 2315308, 1996042, 553319, 1276074, 'Stay']
[2487899, 3319182, -1139600, -181528, 1505660, 2697966, 1206695, 1919613, 1488699, 1614003, 1585946, -103269, 2304472, 1990114, 517278, 1272184, 'Stay']
[2487542, 3317979, -1131482, -167102, 1530401, 2730431, 1203003, 1920812, 1484073, 1617791, 1617295, -75760, 2301630, 1991638, 542224, 1267997, 'Stay']
[2486986, 3318101, -1142093, -183184, 1501793, 2698753, 1205181, 1918109, 1486855, 1613859, 1603144, -96499, 2317473, 1993713, 527872, 1279187, 'Stay']
[2488284, 3318719, -1129402, -165929, 1533126, 2729478, 1203391, 1921040, 1485194, 1617553, 1599707, -83130, 2289123, 1986926, 530989, 1260624, 'Stay']
[2487069, 3318386, -1142738, -183058, 1499531, 2700866, 1204906, 1917568, 1486684, 1614525, 1621346, -87834, 2330344, 1997811, 539963, 1286387, 'Stay']
[2489127, 3319332, -1127937, -165140, 1534889, 2727513, 1203850, 1922060, 1486433, 1617612, 1583149, -90599, 2277484, 1983829, 520500, 1254366, 'Stay']
[2487037, 3317892, -1143821, -182550, 1498149, 2703460, 1204020, 1916880, 1485839, 1615198, 1638182, -79834, 2341378, 2001841, 551140, 1292612, 'Stay']
[2489779, 3319650, -1127438, -164852, 1535148, 2724148, 1204196, 1923013, 1487603, 1617399, 1567512, -98303, 2267519, 1980607, 510056, 1249125, 'Stay']
[2486551, 3317588, -1144594, -181033, 1498356, 2707340, 1203228, 1917636, 1484830, 1616212, 1652574, -72237, 2349639, 2005258, 561120, 1297524, 'Stay']
[2489096, 3319434, -1128172, -165754, 1534435, 2721153, 1204139, 1923834, 1488165, 1617288, 1554593, -104883, 2260557, 1978553, 501683, 1245844, 'Stay']
[2485564, 3316435, -1144966, -180235, 1500008, 2712002, 1202596, 1917211, 1483353, 1616244, 1663212, -66340, 2355072, 2007150, 569102, 1300429, 'Stay']
[2489387, 3319449, -1128615, -167131, 1532932, 2717073, 1205685, 1924140, 1488874, 1615844, 1544944, -111137, 2256478, 1976525, 495105, 1244093, 'Stay']
[2485615, 3315842, -1144213, -178997, 1502868, 2716790, 1202904, 1917145, 1482827, 1616517, 1670335, -60929, 2356718, 2008258, 574294, 1301426, 'Stay']
[2489251, 3318718, -1130008, -170069, 1529402, 2712944, 1206369, 1922670, 1489512, 1615425, 1539817, -114701, 2256007, 1975849, 490305, 1244171, 'Stay']
[2485705, 3315399, -1143062, -177352, 1505935, 2720430, 1201927, 1915722, 1481932, 1616158, 1672529, -58411, 2355401, 2007194, 575208, 1300067, 'Stay']
[2489172, 3318606, -1131381, -171959, 1525110, 2708538, 1206644, 1922159, 1490009, 1614732, 1539349, -117139, 2259252, 1976287, 488559, 1245995, 'Stay']
[2485791, 3315407, -1141066, -175061, 1509968, 2723666, 1201373, 1915577, 1482083, 1617082, 1670825, -57280, 2350558, 2006121, 574363, 1297001, 'Stay']
[2489374, 3318661, -1133101, -174294, 1520111, 2703612, 1206463, 1920557, 1490244, 1614133, 1543756, -117299, 2265504, 1977949, 490301, 1249575, 'Stay']
[2486980, 3315981, -1138409, -171961, 1515300, 2726529, 1202430, 1916897, 1482530, 1617354, 1664389, -58560, 2341858, 2003814, 570661, 1291464, 'Stay']
[2489395, 3318807, -1134595, -175579, 1515689, 2701403, 1206866, 1921032, 1490507, 1614056, 1553309, -114577, 2275114, 1981247, 496327, 1255766, 'Stay']
[2486936, 3316389, -1136130, -169262, 1519821, 2729564, 1202974, 1918172, 1482953, 1617924, 1654022, -60594, 2331476, 2000691, 565325, 1286115, 'Stay']
[2488599, 3318571, -1136994, -177647, 1510507, 2699714, 1207372, 1919815, 1489787, 1614067, 1565623, -109757, 2286663, 1984221, 504522, 1263021, 'Stay']
[2487032, 3316345, -1134227, -167884, 1524198, 2731248, 1202517, 1918930, 1483221, 1617518, 1639696, -65969, 2318870, 1996830, 556898, 1279253, 'Stay']
[2488121, 3317972, -1139520, -179896, 1505876, 2699565, 1206758, 1919240, 1488705, 1613793, 1580515, -105250, 2299296, 1988312, 513867, 1270833, 'Stay']
[2487253, 3316619, -1132733, -166567, 1528194, 2732301, 1203373, 1919855, 1484027, 1618056, 1623133, -72712, 2305604, 1992864, 546516, 1271600, 'Stay']
[2487440, 3317265, -1142001, -181808, 1501996, 2700253, 1206316, 1918433, 1487772, 1613885, 1597347, -98361, 2312573, 1992309, 524654, 1277904, 'Stay']
[2488166, 3317269, -1130840, -165529, 1531620, 2731256, 1204032, 1921259, 1484756, 1617513, 1605470, -80335, 2292367, 1988284, 534979, 1263730, 'Stay']
[2487045, 3316848, -1143666, -182159, 1499368, 2701446, 1205638, 1918057, 1486877, 1613929, 1615027, -90622, 2325099, 1996250, 536087, 1284741, 'Stay']
[2488331, 3317489, -1129689, -164793, 1533705, 2729313, 1203912, 1922294, 1485713, 1617272, 1588025, -88092, 2279677, 1984537, 524343, 1256896, 'Stay']
[2486270, 3316420, -1144988, -182203, 1497638, 2703370, 1204272, 1917791, 1485326, 1614238, 1632005, -82608, 2336451, 2000256, 548052, 1291178, 'Stay']
[2488792, 3318127, -1128434, -164438, 1534530, 2726188, 1203731, 1922984, 1486656, 1616891, 1571508, -95751, 2268983, 1980919, 513820, 1250916, 'Stay']
[2486151, 3316276, -1144544, -181185, 1497781, 2706943, 1203983, 1917035, 1484519, 1614642, 1647168, -74936, 2345605, 2003449, 558512, 1296375, 'Stay']
[2489308, 3318736, -1127231, -164831, 1534741, 2722867, 1205232, 1923329, 1488202, 1616200, 1558041, -102556, 2261215, 1978362, 504560, 1247228, 'Stay']
[2485835, 3316234, -1144291, -179977, 1498928, 2710895, 1202911, 1917267, 1484128, 1615654, 1660010, -66848, 2352423, 2005851, 566675, 1300275, 'Stay']
[2489216, 3318996, -1127667, -166219, 1532981, 2718612, 1205377, 1923434, 1488735, 1616048, 1547646, -108110, 2256192, 1976799, 496775, 1244915, 'Stay']
[2485366, 3315714, -1143562, -178857, 1501324, 2714877, 1202803, 1916220, 1483358, 1615557, 1668576, -62042, 2355451, 2007775, 572823, 1301927, 'Stay']
[2488794, 3318723, -1128601, -168369, 1530553, 2714041, 1206165, 1923562, 1489813, 1615303, 1540843, -113619, 2254589, 1975931, 491861, 1244394, 'Stay']
[2484805, 3314952, -1143170, -177915, 1504410, 2718975, 1201423, 1915955, 1482351, 1615520, 1672004, -59632, 2355160, 2007763, 576127, 1301337, 'Stay']
[2488752, 3318454, -1130744, -171191, 1526318, 2709634, 1205676, 1922658, 1489486, 1613906, 1537987, -117690, 2256266, 1975804, 489816, 1245222, 'Stay']
[2485107, 3315036, -1142017, -175623, 1508412, 2722731, 1201597, 1916811, 1482268, 1616317, 1671120, -57965, 2350454, 2006653, 576235, 1297762, 'Stay']
[2487931, 3317993, -1133404, -173775, 1521124, 2705787, 1205425, 1922217, 1489368, 1613698, 1541204, -118021, 2261497, 1977141, 491455, 1248394, 'Stay']
[2485090, 3315374, -1140459, -173171, 1512726, 2726529, 1200706, 1917338, 1481643, 1616402, 1666315, -58161, 2343619, 2004501, 574438, 1293692, 'Stay']
[2488356, 3318830, -1135245, -175389, 1516439, 2702749, 1205180, 1921868, 1489803, 1613632, 1548655, -115661, 2270130, 1979659, 495794, 1253434, 'Stay']
[2486009, 3316133, -1137871, -170660, 1517901, 2729228, 1200977, 1918145, 1482266, 1617459, 1657134, -59771, 2333482, 2001881, 569193, 1287728, 'Stay']
[2487842, 3318070, -1137280, -177787, 1511320, 2700593, 1204817, 1920286, 1489436, 1613105, 1560340, -112533, 2281099, 1982993, 502872, 1260041, 'Stay']
[2486416, 3316337, -1135302, -168428, 1522363, 2731431, 1200555, 1919398, 1482883, 1617089, 1644184, -64494, 2321859, 1998110, 560980, 1281045, 'Stay']
[2488217, 3318538, -1138269, -178665, 1507388, 2699939, 1205390, 1920673, 1489243, 1613696, 1575287, -106912, 2294027, 1987145, 512266, 1267807, 'Stay']
[2487329, 3316827, -1132440, -166243, 1527207, 2732040, 1200667, 1920191, 1484468, 1617734, 1628990, -69991, 2308741, 1994008, 551495, 1273784, 'Stay']
[2487310, 3317176, -1140813, -181063, 1503252, 2699259, 1204010, 1919304, 1488530, 1613055, 1592219, -100570, 2307123, 1991065, 522509, 1275371, 'Stay']
[2487428, 3316564, -1130949, -165704, 1531027, 2731275, 1200818, 1921349, 1484955, 1616732, 1611273, -78300, 2295254, 1989383, 539662, 1265978, 'Stay']
[2486411, 3316242, -1142623, -182342, 1500508, 2700511, 1203181, 1918822, 1487251, 1612889, 1609506, -93941, 2320313, 1994806, 533726, 1282603, 'Stay']
[2487333, 3316721, -1129549, -165309, 1533641, 2729874, 1200968, 1921750, 1485393, 1616263, 1593474, -86800, 2282820, 1985120, 528511, 1258969, 'Stay']
[2485969, 3315982, -1143922, -182655, 1498920, 2702513, 1202722, 1918138, 1486124, 1613260, 1626616, -86101, 2332543, 1998491, 544945, 1289251, 'Stay']
[2487609, 3316650, -1128600, -165472, 1534992, 2727143, 1201051, 1922785, 1486407, 1615718, 1576272, -94691, 2271376, 1981359, 517423, 1252386, 'Stay']
[2484961, 3314828, -1144962, -182949, 1497436, 2705238, 1200459, 1916328, 1484705, 1612683, 1642470, -78820, 2342703, 2001627, 555777, 1294957, 'Stay']
[2488253, 3317553, -1127362, -165547, 1535031, 2723522, 1202012, 1923056, 1487548, 1615011, 1561680, -102203, 2262898, 1977967, 507444, 1248011, 'Stay']
[2484872, 3315065, -1144629, -181469, 1498497, 2709117, 1200378, 1916615, 1484172, 1614019, 1656287, -70825, 2350638, 2004708, 565406, 1299470, 'Stay']
[2488604, 3318154, -1127243, -166185, 1534278, 2719392, 1203308, 1923772, 1488695, 1614955, 1550341, -107915, 2257300, 1976364, 500482, 1245605, 'Stay']
[2484978, 3315178, -1143754, -179679, 1500449, 2712962, 1200202, 1917064, 1483763, 1614605, 1666015, -64461, 2354469, 2006423, 572995, 1301535, 'Stay']
[2489312, 3319193, -1127620, -167367, 1531610, 2715000, 1203486, 1924186, 1489465, 1614737, 1542646, -112084, 2254353, 1975599, 495150, 1244459, 'Stay']
[2485578, 3315950, -1142140, -177489, 1504003, 2717399, 1200625, 1917646, 1483442, 1615686, 1671960, -58763, 2354953, 2007451, 577704, 1301758, 'Stay']
[2489138, 3319119, -1128907, -169677, 1528066, 2710909, 1204380, 1924181, 1490136, 1614445, 1539342, -114876, 2254981, 1975354, 492654, 1245079, 'Stay']
[2485175, 3315389, -1141166, -175835, 1507733, 2721610, 1200120, 1917835, 1482993, 1615932, 1672508, -56589, 2352063, 2007140, 579441, 1299729, 'Stay']
[2487916, 3318167, -1131405, -172821, 1523285, 2706654, 1203751, 1923015, 1490043, 1612798, 1539863, -116837, 2259166, 1976797, 492834, 1247680, 'Stay']
[2484766, 3315468, -1139611, -173984, 1511900, 2724907, 1199144, 1918308, 1482242, 1616024, 1668230, -57092, 2345715, 2005242, 576686, 1295516, 'Stay']
[2487584, 3318289, -1133044, -175114, 1518577, 2702865, 1203812, 1922719, 1490436, 1613244, 1545490, -116434, 2266142, 1978669, 495197, 1251455, 'Stay']
[2484430, 3315145, -1137654, -171941, 1516459, 2728058, 1198906, 1918375, 1481998, 1615468, 1659947, -59899, 2336663, 2002632, 571595, 1290004, 'Stay']
[2487271, 3318333, -1134800, -177078, 1513710, 2700683, 1203816, 1921782, 1489759, 1612480, 1555517, -114227, 2277237, 1982154, 500485, 1258289, 'Stay']
[2485061, 3315934, -1134364, -169172, 1521711, 2730227, 1199860, 1919950, 1483040, 1616621, 1647475, -62984, 2324965, 1999252, 563497, 1283478, 'Stay']
[2486609, 3317997, -1136599, -178817, 1509352, 2699198, 1203976, 1921501, 1489550, 1612470, 1568884, -108920, 2288968, 1985541, 508504, 1265570, 'Stay']
[2485036, 3316018, -1132344, -167311, 1526619, 2731506, 1199944, 1921000, 1483713, 1616486, 1632563, -68740, 2312405, 1995407, 554357, 1276651, 'Stay']
[2485742, 3317332, -1139013, -180516, 1505050, 2699463, 1203679, 1920714, 1488360, 1612369, 1584765, -103492, 2302479, 1989590, 518863, 1273789, 'Stay']
[2485827, 3316729, -1130508, -165849, 1530366, 2732252, 1200571, 1922286, 1484476, 1616667, 1615796, -75794, 2299704, 1991482, 543848, 1269974, 'Stay']
[2485717, 3317232, -1141007, -181925, 1501832, 2700119, 1203302, 1920189, 1487992, 1612986, 1602377, -96095, 2315986, 1994435, 529996, 1281497, 'Stay']
[2486583, 3317212, -1128989, -165486, 1532882, 2730039, 1200430, 1922491, 1485365, 1616117, 1597768, -83873, 2286076, 1987009, 532116, 1261975, 'Stay']
[2485176, 3316501, -1142680, -182882, 1498813, 2701115, 1201876, 1919255, 1486808, 1612858, 1619737, -88528, 2327741, 1997640, 541066, 1287513, 'Stay']
[2487183, 3317600, -1127471, -164856, 1534769, 2727827, 1201426, 1924031, 1486743, 1615935, 1580960, -91588, 2274259, 1982834, 520979, 1254944, 'Stay']
[2484230, 3315514, -1143991, -183059, 1497673, 2704005, 1200907, 1918038, 1485562, 1613308, 1636889, -80511, 2339201, 2001587, 552512, 1293910, 'Stay']
[2486949, 3317603, -1127249, -165614, 1534965, 2724437, 1201379, 1924074, 1487270, 1614965, 1565304, -99667, 2264942, 1979663, 510285, 1249844, 'Stay']
[2484483, 3315876, -1143699, -181811, 1498869, 2707567, 1200675, 1918028, 1484809, 1613902, 1650950, -73006, 2347244, 2004196, 561487, 1298136, 'Stay']
[2487281, 3318078, -1126739, -166346, 1534608, 2720881, 1201935, 1923890, 1488298, 1615246, 1553124, -105948, 2258219, 1977323, 501570, 1246323, 'Stay']
[2483741, 3315235, -1143398, -180592, 1499514, 2711756, 1199345, 1917479, 1483496, 1613558, 1662596, -67261, 2353171, 2006237, 569553, 1301327, 'Stay']
[2487605, 3318545, -1127171, -167313, 1532096, 2716764, 1201970, 1924920, 1489215, 1614862, 1544157, -111804, 2254694, 1976078, 495613, 1245073, 'Stay']
[2483858, 3315235, -1142386, -178514, 1502207, 2716636, 1198751, 1918316, 1483331, 1615384, 1669846, -62001, 2355061, 2007628, 575511, 1302779, 'Stay']
[2487601, 3318629, -1127868, -169006, 1529100, 2712703, 1202079, 1924740, 1490056, 1614312, 1539483, -115909, 2254198, 1975829, 492241, 1245806, 'Stay']
[2483602, 3314937, -1141350, -176785, 1505892, 2720878, 1198028, 1918075, 1482425, 1615334, 1672631, -58763, 2353245, 2007541, 577656, 1301829, 'Stay']
[2487624, 3318722, -1129788, -171411, 1525107, 2709175, 1202372, 1925120, 1490396, 1613555, 1539589, -117444, 2257451, 1976672, 491181, 1248298, 'Stay']
[2484200, 3315645, -1139460, -174140, 1510905, 2725298, 1198508, 1919934, 1482749, 1615878, 1670982, -57207, 2348233, 2006433, 576981, 1299086, 'Stay']
[2487023, 3318314, -1131703, -174307, 1520903, 2705054, 1202638, 1924187, 1490642, 1613324, 1544119, -117068, 2263597, 1978161, 493550, 1252045, 'Stay']
[2483939, 3315179, -1137507, -172626, 1515332, 2727385, 1196483, 1918459, 1482424, 1615948, 1663691, -58972, 2339496, 2003230, 573061, 1293127, 'Stay']
[2486124, 3317868, -1133881, -176777, 1515243, 2701630, 1201150, 1922748, 1489608, 1612308, 1552505, -115314, 2272954, 1979837, 498066, 1256785, 'Stay']
[2484025, 3315503, -1134996, -170203, 1520131, 2729670, 1196725, 1919640, 1482871, 1616028, 1653161, -61557, 2329213, 1999722, 566449, 1287064, 'Stay']
[2485865, 3317698, -1135551, -178524, 1510945, 2699792, 1201744, 1921738, 1489717, 1611995, 1565375, -110554, 2284998, 1983652, 505929, 1263844, 'Stay']
[2484374, 3315690, -1132424, -167899, 1525191, 2731470, 1197188, 1921132, 1483290, 1615869, 1639153, -66005, 2317194, 1996513, 558321, 1280195, 'Stay']
[2485321, 3317377, -1137318, -179925, 1506917, 2699274, 1201704, 1921503, 1489001, 1611970, 1581354, -104560, 2298436, 1988261, 516424, 1272153, 'Stay']
[2484727, 3316002, -1130143, -166239, 1529327, 2731774, 1197361, 1921391, 1483983, 1616066, 1622894, -72636, 2303879, 1992364, 548046, 1272732, 'Stay']
[2485196, 3317331, -1139024, -180516, 1503303, 2699662, 1201848, 1920502, 1488412, 1612513, 1598292, -97447, 2311522, 1992458, 526829, 1279667, 'Stay']
