[2833536, 2949801, 579383, -149669, 715445, 197695, -536089, -6926, 933710, 194560, 552672, 760959, 1625332, 577317, 401959, 1179162, 'Stay']
[2849559, 2947828, 580207, -149315, 715271, 198113, -535139, -7496, 931665, 192755, 581835, 779857, 1636971, 577298, 409856, 1181206, 'Stay']
[2829073, 2949682, 578527, -148985, 715975, 198412, -536395, -7003, 933996, 195108, 554642, 762116, 1625431, 577892, 402557, 1179917, 'Stay']
[2852359, 2948054, 580388, -149326, 714563, 197466, -536443, -7874, 932104, 192959, 578578, 778843, 1636545, 577833, 409339, 1180037, 'Stay']
[2827109, 2948488, 577933, -149937, 714902, 197439, -536800, -7144, 933481, 194581, 557172, 763945, 1626407, 576934, 403031, 1179979, 'Stay']
[2855358, 2947893, 580878, -150009, 714221, 197170, -539213, -8193, 931459, 192132, 576570, 777694, 1635928, 576382, 409602, 1180563, 'Stay']
[2824373, 2948459, 577067, -149577, 715632, 198571, -535294, -7241, 933512, 194897, 559742, 765284, 1627003, 576778, 403974, 1179609, 'Stay']
[2856984, 2948119, 581284, -149937, 714335, 196998, -536390, -8427, 931819, 192366, 572504, 775169, 1634840, 576005, 409971, 1179738, 'Stay']
[2823474, 2947306, 576265, -150317, 715436, 197629, -536017, -8018, 933354, 194277, 563678, 767053, 1628276, 576426, 405685, 1180037, 'Stay']
[2857389, 2947856, 581437, -150389, 714099, 196638, -537232, -8307, 931501, 191975, 568177, 772009, 1633202, 575525, 408833, 1179239, 'Stay']
[2824535, 2946318, 576354, -150379, 715235, 198445, -535281, -5924, 932658, 193881, 568093, 769502, 1629799, 576056, 406625, 1181135, 'Stay']
[2857016, 2947604, 581503, -150521, 713813, 197049, -537178, -8048, 931386, 192017, 565170, 769860, 1632012, 575568, 408645, 1180634, 'Stay']
[2825311, 2945706, 575825, -150667, 715666, 198580, -535919, -7433, 932384, 193257, 571904, 771420, 1631094, 576010, 407408, 1181539, 'Stay']
[2855375, 2947791, 581587, -150588, 714247, 196755, -538088, -7830, 931474, 192026, 560806, 766830, 1630328, 575987, 407286, 1180238, 'Stay']
[2826598, 2945823, 575605, -150463, 716027, 198425, -535185, -7568, 932228, 193054, 575572, 773819, 1632367, 575953, 408236, 1181860, 'Stay']
[2851681, 2947727, 581195, -150974, 713980, 196166, -538094, -9695, 932162, 192518, 556285, 764212, 1628425, 576125, 406039, 1178951, 'Stay']
[2829494, 2945645, 576158, -150531, 715693, 198247, -534692, -7554, 932032, 192809, 577895, 775946, 1633997, 575713, 409303, 1181180, 'Stay']
[2847819, 2948082, 581270, -150825, 714472, 196999, -537132, -7705, 932467, 193093, 553373, 762711, 1627379, 575869, 405667, 1178887, 'Stay']
[2833837, 2945145, 577143, -150963, 715128, 198163, -535506, -7105, 931693, 192451, 580381, 778423, 1635419, 575737, 410768, 1181685, 'Stay']
[2843297, 2948084, 580371, -150981, 714749, 196713, -537012, -9033, 932732, 193197, 552040, 761846, 1626614, 575956, 405336, 1179527, 'Stay']
[2837255, 2945039, 577400, -150990, 715923, 197700, -534907, -8257, 932051, 192470, 580919, 779035, 1636119, 576142, 411293, 1180793, 'Stay']
[2839277, 2947463, 579905, -151137, 715217, 196882, -537870, -6719, 932846, 193140, 550567, 760410, 1625644, 575854, 404868, 1178882, 'Stay']
[2843221, 2944810, 578081, -151255, 715266, 196919, -535730, -7761, 931304, 191435, 582150, 779737, 1637087, 575405, 411803, 1181591, 'Stay']
[2835913, 2947264, 579112, -151247, 715268, 196229, -537797, -8841, 932938, 193356, 551952, 760709, 1625641, 576344, 404691, 1180030, 'Stay']
[2846540, 2945499, 578381, -150812, 715912, 197261, -535176, -9559, 931159, 191790, 581508, 779262, 1637055, 575302, 411676, 1181297, 'Stay']
[2829874, 2947167, 577724, -150686, 715724, 197231, -536414, -8051, 933109, 194019, 551493, 759973, 1625020, 575846, 403843, 1178616, 'Stay']
[2850456, 2945439, 579703, -150673, 714913, 197174, -536174, -7876, 930781, 191462, 578575, 777973, 1636874, 575414, 411445, 1180081, 'Stay']
[2827553, 2946630, 577647, -151039, 715536, 197171, -537053, -9011, 932539, 193660, 554584, 761660, 1626006, 575700, 404686, 1179873, 'Stay']
[2854501, 2945759, 580549, -151111, 714022, 196533, -537320, -8021, 930095, 190824, 577378, 777245, 1636467, 574643, 411250, 1181209, 'Stay']
[2825484, 2946791, 577046, -150939, 715207, 197477, -535655, -7860, 932552, 193385, 558597, 763508, 1626731, 575147, 404981, 1181218, 'Stay']
[2855321, 2946772, 580527, -150836, 714603, 196749, -538058, -9151, 931183, 191563, 573539, 774907, 1635143, 575141, 410426, 1180447, 'Stay']
[2823566, 2946607, 576693, -150651, 715970, 197875, -534348, -7707, 932472, 193284, 561326, 765260, 1627554, 575465, 405653, 1180525, 'Stay']
[2856681, 2947084, 581549, -150536, 714244, 196398, -536878, -8951, 931216, 192061, 569838, 773119, 1634072, 575650, 410634, 1180214, 'Stay']
[2822988, 2946127, 576556, -150566, 715528, 197423, -536191, -7781, 932315, 193430, 565676, 768266, 1628961, 575529, 407190, 1180797, 'Stay']
[2857150, 2946835, 581998, -150908, 714114, 196006, -537698, -8988, 930935, 191565, 566285, 770965, 1632655, 574699, 410141, 1179938, 'Stay']
[2824415, 2945658, 576588, -150773, 715568, 197692, -535874, -8249, 931927, 192710, 571054, 770985, 1630916, 574630, 409178, 1182172, 'Stay']
[2854610, 2947770, 581853, -150512, 715069, 196690, -536779, -8289, 931850, 192185, 562416, 768096, 1631027, 574941, 409446, 1179925, 'Stay']
[2825373, 2945232, 576475, -150955, 715835, 197955, -536229, -8783, 932193, 192751, 573136, 772795, 1632109, 575324, 409687, 1181068, 'Stay']
[2852347, 2947871, 581480, -150901, 714390, 196536, -538377, -8463, 931654, 192036, 558080, 765647, 1629481, 574696, 407910, 1179453, 'Stay']
[2828224, 2945358, 576371, -150682, 715319, 198054, -534342, -7864, 932104, 192857, 576253, 775271, 1633505, 575209, 410134, 1181284, 'Stay']
[2849595, 2947626, 581090, -151011, 714120, 195790, -538600, -9708, 931852, 192372, 555119, 763801, 1628180, 574581, 407520, 1179516, 'Stay']
[2832012, 2945323, 576652, -150501, 715042, 198118, -536520, -8037, 931530, 192374, 579339, 777573, 1634776, 574761, 411145, 1181489, 'Stay']
[2846364, 2947561, 580789, -150930, 714414, 196272, -537611, -9424, 931655, 192536, 553165, 762907, 1627106, 575039, 406981, 1179688, 'Stay']
[2837652, 2944944, 577507, -150710, 715008, 197625, -534982, -8291, 930283, 191520, 582620, 780067, 1636239, 575343, 412949, 1182818, 'Stay']
[2841965, 2947849, 580222, -150526, 714005, 197168, -537696, -6738, 931865, 193333, 553063, 762463, 1626462, 575484, 407100, 1181007, 'Stay']
[2840352, 2944513, 577657, -151153, 714649, 197139, -535757, -8387, 929812, 191164, 582385, 779926, 1636069, 574413, 413226, 1182219, 'Stay']
[2835546, 2947387, 579147, -150904, 715336, 197034, -537254, -7962, 932067, 193226, 550244, 760134, 1624687, 574841, 406105, 1179126, 'Stay']
[2844383, 2944546, 578771, -150928, 714354, 197540, -536001, -9136, 929877, 191281, 581099, 779572, 1636634, 574521, 413924, 1181050, 'Stay']
[2831485, 2946687, 578449, -151153, 714736, 197222, -538523, -7997, 931327, 193124, 551297, 760350, 1624756, 574396, 406360, 1179481, 'Stay']
[2847546, 2945070, 579012, -150771, 714054, 197931, -535885, -8466, 929495, 191087, 579373, 778602, 1636481, 574070, 413705, 1180483, 'Stay']
[2827532, 2946322, 577903, -150812, 714656, 198087, -536039, -6612, 931444, 193604, 552123, 760821, 1625266, 575204, 406598, 1179104, 'Stay']
[2851008, 2944896, 579874, -150885, 714313, 197533, -535928, -8424, 929083, 190786, 576873, 777369, 1636146, 574310, 413917, 1180287, 'Stay']
[2825502, 2945672, 577563, -150781, 714772, 198365, -537038, -8376, 931112, 193108, 555278, 762461, 1626049, 575203, 407528, 1179991, 'Stay']
[2854289, 2945052, 580757, -150714, 713509, 197777, -538024, -8463, 928906, 190918, 574374, 776173, 1635557, 573751, 413444, 1180655, 'Stay']
[2823757, 2945503, 576970, -150502, 714298, 198935, -536419, -7058, 930592, 192954, 559225, 764647, 1626789, 574364, 408199, 1181292, 'Stay']
[2856352, 2945519, 581101, -150810, 713675, 197503, -538228, -9599, 929089, 191220, 570832, 774162, 1634053, 574340, 412864, 1180807, 'Stay']
[2823523, 2944885, 576392, -150837, 715323, 198807, -535266, -6811, 930506, 192814, 563292, 767246, 1628170, 574355, 408643, 1181750, 'Stay']
[2856660, 2946110, 581319, -150582, 713789, 197625, -537421, -8900, 929564, 191104, 567106, 771991, 1632706, 574263, 411288, 1180831, 'Stay']
[2823611, 2944363, 576131, -150891, 715097, 198416, -537002, -6821, 930972, 192549, 567005, 769650, 1629250, 574658, 408568, 1181809, 'Stay']
[2855816, 2946171, 581455, -150880, 713567, 196836, -536841, -8343, 930316, 191186, 563140, 769427, 1631258, 574022, 410360, 1180661, 'Stay']
[2824909, 2944115, 575779, -150853, 714619, 198466, -535905, -7752, 930646, 191796, 571460, 772205, 1631062, 574168, 410236, 1182434, 'Stay']
[2853678, 2946028, 581107, -150895, 713872, 196708, -538841, -9596, 930358, 191544, 559472, 767239, 1629856, 574424, 409461, 1180430, 'Stay']
[2826262, 2943942, 575673, -150334, 715532, 198777, -535586, -7078, 930560, 191837, 574827, 774747, 1632659, 573905, 410610, 1182240, 'Stay']
[2850271, 2945903, 580601, -150650, 714114, 196798, -537769, -8121, 930617, 191740, 555498, 764688, 1628384, 574103, 408181, 1179841, 'Stay']
[2829394, 2942815, 575266, -151149, 714956, 198114, -535948, -8074, 929725, 190782, 577544, 776285, 1633752, 573516, 411374, 1182189, 'Stay']
[2847031, 2945887, 580039, -150530, 713440, 197239, -537289, -7274, 930408, 191573, 552877, 762352, 1626537, 574196, 406991, 1179646, 'Stay']
[2832875, 2943366, 575667, -150323, 715122, 198273, -535654, -7776, 929457, 190952, 580153, 777968, 1634749, 573979, 412323, 1182326, 'Stay']
[2842174, 2946000, 579302, -150403, 714062, 197229, -538268, -8070, 930451, 191911, 550775, 760817, 1625366, 574254, 406245, 1179231, 'Stay']
[2838438, 2942865, 576542, -150723, 714216, 197965, -536382, -8267, 928575, 190623, 581612, 779369, 1635679, 574010, 412974, 1182407, 'Stay']
[2838715, 2946082, 578346, -150669, 713861, 197155, -537986, -7626, 929894, 192185, 551800, 761208, 1625062, 574146, 406399, 1180806, 'Stay']
[2842145, 2943722, 576770, -150572, 713829, 198177, -537116, -9249, 928703, 190877, 582187, 780228, 1635972, 573475, 412906, 1182283, 'Stay']
[2833499, 2945773, 577778, -150593, 714952, 197258, -538062, -8192, 930584, 192927, 550956, 760666, 1624499, 574119, 405149, 1179562, 'Stay']
[2846337, 2943486, 577926, -150706, 714494, 197450, -536213, -7557, 928026, 190295, 580867, 779753, 1636162, 573176, 412491, 1181399, 'Stay']
[2830078, 2945685, 577494, -150279, 714617, 197555, -536643, -6669, 930609, 192634, 552724, 761409, 1624754, 573721, 405547, 1180291, 'Stay']
[2850479, 2944123, 579026, -150274, 714043, 197207, -536761, -9111, 928537, 190452, 579663, 779307, 1636332, 573566, 412815, 1181669, 'Stay']
[2826560, 2945553, 577006, -150310, 715610, 197663, -537281, -7372, 930830, 193052, 554898, 762529, 1625127, 574121, 405648, 1180267, 'Stay']
[2853374, 2944642, 579544, -150246, 713365, 197456, -537081, -8052, 928510, 190441, 576559, 777681, 1635335, 573399, 412327, 1180805, 'Stay']
[2825048, 2945011, 576388, -150302, 714550, 197770, -537130, -7740, 930787, 193068, 558401, 764496, 1626151, 574219, 406329, 1180961, 'Stay']
[2855807, 2945130, 579865, -150352, 714285, 196749, -538604, -9700, 928723, 190521, 574248, 776058, 1634690, 573603, 411607, 1181400, 'Stay']
[2822569, 2945061, 575294, -150375, 715317, 197762, -536340, -7339, 930917, 193326, 561435, 766155, 1626801, 574056, 405953, 1180523, 'Stay']
[2855798, 2945423, 580166, -150628, 713874, 196896, -538258, -9550, 928927, 190882, 569123, 773072, 1632862, 573292, 410372, 1179748, 'Stay']
[2822258, 2943909, 575063, -150957, 715359, 198094, -535792, -8202, 930122, 192432, 565009, 768044, 1628092, 573699, 407226, 1180488, 'Stay']
[2854867, 2945374, 580161, -150780, 714176, 197114, -538166, -8598, 929000, 190872, 564521, 769807, 1631354, 573213, 409494, 1179377, 'Stay']
[2822150, 2943488, 574641, -150853, 714846, 198255, -536479, -6840, 929856, 192256, 567758, 769566, 1629412, 573899, 407254, 1180223, 'Stay']
[2853450, 2944969, 580234, -151159, 714043, 196359, -538457, -9853, 928708, 190547, 559947, 766892, 1629477, 573067, 407954, 1178821, 'Stay']
[2824390, 2943400, 575125, -150498, 714855, 198548, -536536, -7664, 929136, 191499, 572323, 772346, 1630885, 573237, 408418, 1180732, 'Stay']
[2851643, 2945722, 580432, -150418, 713417, 196737, -538309, -8670, 928786, 191153, 557539, 765505, 1628347, 573717, 407349, 1179489, 'Stay']
[2827348, 2943442, 575218, -150327, 715012, 198725, -536523, -8182, 928871, 191767, 576253, 775205, 1632190, 573995, 409579, 1181367, 'Stay']
[2848771, 2945747, 580266, -150788, 713462, 196553, -538202, -8111, 928707, 191294, 554309, 763391, 1626513, 573872, 406460, 1179509, 'Stay']
[2831512, 2943060, 575532, -150820, 714984, 198166, -537746, -9216, 928129, 190868, 579301, 777318, 1633326, 573818, 410329, 1181970, 'Stay']
[2844594, 2946302, 579617, -150395, 713964, 197761, -537280, -8146, 929250, 191898, 552353, 761951, 1625137, 574281, 405376, 1179560, 'Stay']
[2834953, 2943640, 576307, -150205, 714860, 199015, -535972, -6488, 928670, 191637, 580624, 778639, 1634274, 574504, 411143, 1181524, 'Stay']
[2839584, 2946129, 578970, -150767, 714313, 197099, -539169, -8535, 929478, 192327, 550684, 760746, 1624273, 574329, 404853, 1179424, 'Stay']
[2838801, 2943547, 576916, -150570, 714355, 198252, -535594, -8321, 928208, 190921, 581382, 779135, 1634697, 574127, 410826, 1181453, 'Stay']
[2835047, 2945197, 578823, -150972, 714334, 197194, -538045, -7971, 929794, 192192, 550377, 760017, 1623607, 574181, 403899, 1179136, 'Stay']
[2843911, 2942677, 578158, -151062, 714179, 197509, -539377, -10000, 927852, 189832, 581457, 779187, 1635344, 573273, 411390, 1181234, 'Stay']
[2831104, 2945021, 578594, -150650, 714886, 197631, -535937, -8996, 929978, 191761, 551835, 759978, 1623715, 573779, 404116, 1179841, 'Stay']
[2847586, 2943522, 579329, -150086, 714722, 198313, -536523, -7699, 928300, 190064, 579934, 778476, 1635478, 573778, 412025, 1181154, 'Stay']
[2827894, 2944756, 577952, -150432, 715409, 198202, -537947, -8467, 930138, 192412, 553474, 761253, 1624220, 574181, 405012, 1180163, 'Stay']
[2851463, 2943728, 579791, -150145, 714491, 198023, -536854, -9808, 928070, 190136, 578035, 778005, 1635190, 573586, 411984, 1181133, 'Stay']
[2825842, 2944293, 577421, -150382, 715027, 198157, -537141, -8068, 930454, 192346, 556825, 763537, 1625270, 574357, 405838, 1180993, 'Stay']
[2855283, 2943920, 580626, -150579, 714326, 197476, -538097, -8655, 928167, 189537, 576349, 777182, 1634670, 573611, 412029, 1182246, 'Stay']
[2823951, 2944490, 576437, -150633, 715675, 198382, -536531, -8271, 930640, 192205, 560792, 765347, 1626043, 573803, 406190, 1181973, 'Stay']
[2856645, 2944387, 580498, -151108, 713852, 197345, -540318, -9253, 928484, 189773, 572355, 774571, 1633372, 573398, 410658, 1181764, 'Stay']
[2823384, 2943844, 575659, -151143, 715185, 198221, -536843, -8640, 929908, 191561, 564449, 767104, 1627116, 573645, 406089, 1182087, 'Stay']
[2857198, 2944579, 580852, -150993, 714114, 197122, -538489, -8963, 928405, 189672, 568301, 771686, 1632103, 573132, 409691, 1181551, 'Stay']
[2822637, 2943559, 575304, -150603, 715588, 199091, -535152, -8102, 929928, 191969, 567559, 768867, 1628438, 574090, 407014, 1181835, 'Stay']
[2855097, 2944346, 580907, -151237, 714332, 196593, -538356, -10070, 928659, 190276, 562763, 768602, 1630474, 573462, 408867, 1180138, 'Stay']
[2824090, 2942205, 575202, -151380, 715672, 197683, -536296, -10138, 928925, 190756, 571144, 771453, 1630116, 573185, 408223, 1181405, 'Stay']
[2853257, 2944675, 580521, -150937, 714879, 196668, -537855, -8238, 928613, 190276, 559010, 766386, 1628684, 573726, 407807, 1179555, 'Stay']
[2826942, 2941935, 575067, -151323, 715780, 198619, -537035, -8464, 928707, 190587, 574781, 774147, 1631373, 573093, 409103, 1181412, 'Stay']
[2850858, 2945485, 580345, -150515, 715107, 197964, -538198, -8412, 928857, 190488, 556475, 764529, 1627348, 572974, 406760, 1180112, 'Stay']
[2830607, 2943029, 575398, -150534, 715714, 199756, -535740, -8395, 928735, 190852, 578457, 776791, 1632910, 573373, 409718, 1182117, 'Stay']
[2846919, 2946471, 579518, -150421, 715402, 198445, -538203, -9688, 929326, 191467, 554014, 763154, 1625856, 573267, 405705, 1180041, 'Stay']
[2834244, 2944145, 576021, -150339, 716296, 199627, -534676, -7732, 928608, 190746, 580854, 778887, 1634096, 573018, 410686, 1182127, 'Stay']
[2842847, 2947131, 579679, -150379, 716089, 198508, -536984, -8621, 930019, 192124, 552312, 762380, 1625145, 573578, 405606, 1180113, 'Stay']
[2837566, 2944802, 576931, -150631, 717078, 199783, -534808, -8901, 928694, 190641, 581796, 779872, 1634856, 572951, 411615, 1181939, 'Stay']
[2838036, 2947210, 579255, -151135, 716019, 197876, -537838, -10589, 930099, 191987, 550805, 761008, 1624020, 573781, 404952, 1179300, 'Stay']
[2842126, 2945337, 577473, -150833, 716369, 199228, -536191, -7675, 928328, 190245, 582361, 780255, 1635419, 572296, 412230, 1181637, 'Stay']
[2833175, 2947691, 578167, -150932, 716915, 198865, -536605, -7256, 929987, 192282, 551217, 760936, 1623581, 573128, 404925, 1179510, 'Stay']
[2846105, 2945591, 578170, -151152, 716492, 198758, -536032, -6990, 928203, 189951, 580765, 779993, 1635262, 572498, 412510, 1180991, 'Stay']
[2829664, 2947613, 577599, -151154, 716562, 198101, -535739, -7677, 930378, 192220, 552328, 761660, 1623606, 572933, 405155, 1179491, 'Stay']
[2850691, 2946067, 579233, -151069, 715883, 197869, -537136, -9039, 927923, 189506, 579430, 779563, 1635171, 572074, 412656, 1181436, 'Stay']
[2826688, 2947493, 577204, -150728, 716784, 198285, -537182, -8004, 930358, 192280, 554989, 763219, 1624177, 572874, 405379, 1180306, 'Stay']
[2853168, 2946625, 580018, -150680, 715593, 197109, -536956, -9907, 928388, 190317, 576494, 778278, 1634383, 572273, 411910, 1180855, 'Stay']
[2823937, 2947129, 576912, -150725, 716654, 197922, -537401, -8897, 930324, 192507, 557927, 764765, 1625024, 572662, 405705, 1180388, 'Stay']
[2855458, 2947465, 581111, -150194, 715595, 197881, -538683, -7532, 928797, 190474, 573106, 776159, 1633695, 572619, 411150, 1180484, 'Stay']
[2823170, 2947298, 577120, -150052, 717213, 198969, -534888, -7978, 930772, 193176, 561780, 767447, 1626764, 573280, 406708, 1181032, 'Stay']
[2857066, 2947310, 581832, -150696, 715243, 197298, -539089, -9098, 928906, 190858, 569665, 774686, 1632611, 572611, 410875, 1180591, 'Stay']
[2822486, 2946191, 576118, -150817, 717426, 198717, -535579, -7953, 930180, 192701, 566110, 769658, 1627628, 572605, 407302, 1181267, 'Stay']
[2855649, 2947147, 581375, -150873, 716048, 197823, -537283, -8318, 928757, 190871, 564821, 771262, 1630601, 572399, 409767, 1179586, 'Stay']
[2823301, 2944858, 575490, -151273, 717055, 199262, -535421, -8355, 929471, 191937, 569484, 771671, 1629018, 572730, 408788, 1181087, 'Stay']
[2854260, 2946393, 580792, -151459, 715841, 197327, -537547, -8622, 928036, 190478, 561358, 768504, 1628943, 572170, 409255, 1179748, 'Stay']
[2824618, 2944143, 575238, -151286, 717471, 199222, -535511, -7894, 928592, 191400, 572961, 773370, 1630090, 572429, 409295, 1181136, 'Stay']
[2851050, 2946625, 580604, -151347, 716597, 197680, -538653, -8962, 928167, 190715, 557164, 765630, 1627416, 572294, 407911, 1179357, 'Stay']
[2827681, 2944047, 575669, -151640, 717318, 199209, -535545, -8737, 927972, 190759, 576389, 775918, 1631884, 572342, 410406, 1181566, 'Stay']
[2847469, 2946858, 580040, -151673, 716661, 197701, -537148, -9206, 928356, 191072, 554355, 763689, 1626177, 572373, 407167, 1179661, 'Stay']
[2830380, 2944137, 575811, -151587, 716653, 199159, -535261, -8249, 927988, 190925, 578318, 777240, 1632953, 572698, 410942, 1181141, 'Stay']
[2843466, 2946672, 579837, -152197, 715934, 197147, -539196, -8939, 928621, 191266, 551437, 761972, 1624979, 572352, 406163, 1179059, 'Stay']
[2834978, 2944551, 576914, -151733, 716617, 198827, -533747, -8562, 927633, 190169, 580295, 778715, 1634229, 571648, 411777, 1181356, 'Stay']
[2839553, 2947377, 579672, -151508, 716112, 198004, -538413, -8063, 929532, 192102, 550457, 761160, 1624107, 572453, 406080, 1179121, 'Stay']
[2839887, 2945010, 577222, -151348, 716562, 198343, -535163, -9495, 927795, 190567, 581374, 780404, 1634885, 571920, 412746, 1181410, 'Stay']
[2835033, 2947595, 578557, -151020, 716777, 197710, -537036, -8895, 929853, 192687, 549843, 760997, 1623289, 572462, 405585, 1178617, 'Stay']
[2844117, 2945043, 578026, -150915, 716174, 198398, -535875, -7648, 928041, 190685, 580270, 780409, 1634961, 572345, 413074, 1180306, 'Stay']
[2831358, 2946770, 577847, -151063, 716398, 198132, -537495, -9065, 929774, 192838, 550407, 761684, 1623039, 572944, 405554, 1178636, 'Stay']
[2848844, 2944646, 578628, -151140, 716605, 198272, -535999, -7462, 926956, 190001, 579558, 780430, 1634770, 572064, 413572, 1180940, 'Stay']
[2827500, 2946693, 576913, -150816, 717252, 198728, -535590, -7881, 929564, 193012, 552861, 762626, 1623265, 573091, 406561, 1179756, 'Stay']
[2850905, 2945531, 578880, -150666, 716091, 198610, -536286, -8741, 927594, 190731, 576374, 778624, 1633987, 572663, 413452, 1180078, 'Stay']
[2824421, 2945862, 576344, -150819, 717434, 198836, -536333, -6510, 929418, 193031, 554638, 763524, 1623734, 573538, 407060, 1179184, 'Stay']
[2853822, 2944805, 579291, -151681, 716049, 197358, -538412, -9725, 926657, 189557, 573364, 776462, 1633486, 571796, 413241, 1179892, 'Stay']
[2822667, 2945494, 575788, -151370, 716764, 198136, -536577, -8180, 928847, 192143, 558078, 764789, 1625030, 572351, 407463, 1179546, 'Stay']
[2855603, 2946282, 580412, -150923, 715494, 197565, -535517, -8063, 927721, 190265, 569523, 774456, 1632358, 571927, 412871, 1179648, 'Stay']
[2822437, 2945692, 575559, -151013, 716958, 198045, -534777, -8072, 929618, 192678, 561856, 767886, 1626417, 572525, 409163, 1180224, 'Stay']
[2855968, 2946967, 580597, -150438, 715747, 197273, -536440, -7265, 928089, 190832, 565890, 772791, 1631081, 571700, 412366, 1179709, 'Stay']
[2822396, 2945866, 575075, -150271, 716953, 198910, -535869, -7837, 929530, 192705, 566056, 770731, 1627863, 572445, 409806, 1180410, 'Stay']
[2855279, 2947198, 581101, -149996, 715206, 197497, -535877, -8129, 928379, 191680, 561066, 770371, 1629278, 572427, 411277, 1178757, 'Stay']
[2824314, 2945217, 575167, -150460, 717112, 198387, -536187, -7786, 928624, 192047, 570512, 773784, 1629278, 572058, 411320, 1181177, 'Stay']
[2853293, 2946916, 580748, -150807, 715503, 196500, -536432, -9706, 928205, 191079, 557641, 767746, 1627731, 571645, 410293, 1179211, 'Stay']
[2826762, 2944458, 575315, -150915, 716868, 198046, -535594, -8507, 928153, 191209, 573458, 775123, 1630461, 571871, 412049, 1181160, 'Stay']
[2850976, 2946701, 580674, -151024, 715205, 196677, -536685, -7204, 928084, 190804, 554459, 765140, 1626420, 571632, 409941, 1179535, 'Stay']
[2829899, 2943762, 575409, -151270, 716792, 198155, -535545, -8400, 927767, 190787, 576531, 776950, 1631834, 571452, 412513, 1181625, 'Stay']
[2846507, 2946185, 579691, -151450, 715699, 196477, -538008, -9940, 928499, 191067, 551035, 762336, 1624576, 571541, 407880, 1178842, 'Stay']
[2833956, 2943082, 575453, -151571, 715944, 197420, -535805, -8605, 926825, 189602, 578542, 777890, 1632892, 570678, 412858, 1181565, 'Stay']
[2842258, 2946178, 578614, -151361, 715552, 196401, -537507, -8404, 928329, 190993, 549475, 760887, 1623552, 571084, 407017, 1179059, 'Stay']
[2838187, 2943417, 575765, -151397, 715937, 197528, -537182, -8389, 926954, 189649, 579606, 779059, 1633723, 570670, 413306, 1181327, 'Stay']
[2837773, 2946308, 577905, -150991, 716258, 196601, -536134, -9429, 928840, 191601, 548714, 760346, 1622923, 571189, 406682, 1179046, 'Stay']
[2843071, 2943246, 576719, -151532, 715663, 196525, -535274, -9792, 926703, 189508, 579765, 779722, 1634505, 570553, 414425, 1181100, 'Stay']
[2834465, 2945920, 577516, -151212, 716027, 196296, -538112, -7828, 928318, 191271, 550089, 760929, 1623091, 570716, 407339, 1179898, 'Stay']
[2847283, 2944311, 577510, -150643, 715508, 197536, -536448, -8502, 926690, 189809, 579709, 780078, 1634653, 570819, 414219, 1181692, 'Stay']
[2829536, 2946542, 576844, -150466, 716751, 197759, -537033, -8603, 929012, 192853, 550567, 761668, 1622858, 572227, 406655, 1179521, 'Stay']
[2849813, 2944846, 578333, -150447, 715891, 197975, -536533, -9514, 926687, 190814, 576353, 779144, 1634029, 570989, 413249, 1179967, 'Stay']
[2826788, 2945341, 576812, -150578, 715995, 198059, -536411, -8669, 928104, 192685, 552451, 763096, 1623358, 571292, 406171, 1179096, 'Stay']
[2853059, 2944493, 579246, -150455, 715226, 197547, -536333, -8694, 925938, 190208, 574288, 778257, 1633534, 571161, 412667, 1180613, 'Stay']
[2824672, 2943689, 576007, -151300, 716304, 197094, -537511, -8976, 926966, 191419, 555927, 764769, 1624135, 570673, 405768, 1180474, 'Stay']
[2855284, 2944387, 579726, -150663, 715728, 196990, -536455, -8882, 925136, 189328, 571167, 775889, 1632436, 570220, 410686, 1181136, 'Stay']
[2822167, 2943895, 575322, -150697, 716405, 198029, -537104, -5899, 927534, 192126, 559028, 766569, 1625006, 571477, 405406, 1180933, 'Stay']
[2855461, 2944534, 580202, -150687, 715272, 197224, -537077, -7901, 925835, 190065, 565984, 773192, 1630715, 570966, 408602, 1180488, 'Stay']
[2821710, 2943527, 574922, -150907, 716806, 198276, -535629, -8241, 927381, 191563, 562780, 768797, 1626344, 571261, 405001, 1181477, 'Stay']
[2855343, 2944680, 580407, -151054, 714458, 196575, -537717, -8728, 926112, 189942, 561892, 770738, 1629315, 570747, 406901, 1180495, 'Stay']
[2822875, 2943175, 574750, -151442, 716472, 197702, -535374, -9375, 926997, 191011, 567297, 771454, 1627699, 570857, 405356, 1182197, 'Stay']
[2853422, 2945267, 580325, -150994, 714915, 196500, -539549, -7730, 926767, 190413, 557857, 767837, 1627481, 570743, 405060, 1179800, 'Stay']
[2824408, 2943067, 575061, -150984, 716416, 198147, -535537, -7356, 927099, 190997, 570489, 773866, 1629103, 570795, 405215, 1181695, 'Stay']
[2851226, 2945286, 580812, -151118, 715159, 196018, -537879, -10798, 927281, 190704, 554230, 766003, 1626139, 570618, 403720, 1179411, 'Stay']
[2827642, 2942573, 575213, -151154, 715838, 197891, -537718, -8019, 926827, 190394, 574468, 776431, 1630814, 570386, 406139, 1182108, 'Stay']
[2847474, 2945556, 580229, -150654, 715003, 196885, -537905, -7812, 927470, 191098, 551292, 763629, 1624680, 570795, 402106, 1179290, 'Stay']
[2830787, 2942898, 575663, -150463, 716373, 198712, -534200, -7070, 926945, 190924, 576776, 778031, 1632049, 570884, 406865, 1181901, 'Stay']
[2843151, 2945293, 579291, -150819, 715443, 197479, -538493, -9068, 927648, 191319, 548983, 761897, 1623405, 571152, 401737, 1178906, 'Stay']
[2834985, 2942222, 575548, -150887, 715054, 198584, -535486, -9597, 926042, 190213, 577923, 778740, 1632618, 570819, 407268, 1181015, 'Stay']
[2839675, 2944310, 578279, -151387, 714573, 196985, -539279, -8952, 926783, 191114, 548507, 761131, 1622637, 570643, 401427, 1179256, 'Stay']
[2839878, 2942217, 576027, -151172, 715141, 198489, -535960, -9136, 924865, 189267, 579728, 779774, 1633576, 569829, 407803, 1181899, 'Stay']
[2835129, 2944577, 577700, -151260, 715580, 198030, -539093, -8456, 926916, 191567, 548538, 760773, 1622344, 570769, 400760, 1179864, 'Stay']
[2843841, 2942325, 576643, -151250, 714826, 198176, -538788, -9012, 924707, 189507, 578855, 779873, 1633857, 570170, 407212, 1181519, 'Stay']
[2830306, 2944885, 577064, -150460, 715795, 198254, -536664, -7039, 926769, 191884, 549041, 761094, 1622004, 570620, 399510, 1179781, 'Stay']
[2848097, 2942992, 578332, -150444, 714996, 198319, -536093, -8802, 925164, 190143, 577140, 779832, 1633862, 570384, 407201, 1181357, 'Stay']
[2826763, 2944640, 576645, -150493, 715517, 198519, -537337, -8907, 927177, 192478, 551127, 762418, 1622274, 570606, 399506, 1180211, 'Stay']
[2850988, 2943097, 578624, -150682, 714539, 198055, -538370, -8514, 924980, 189646, 574713, 778377, 1632874, 570344, 405911, 1180880, 'Stay']
[2824109, 2943841, 575969, -150538, 715373, 198612, -536180, -8229, 927110, 191992, 553404, 763218, 1623014, 570841, 399439, 1180342, 'Stay']
[2853453, 2942763, 579251, -151055, 714283, 197814, -538588, -9090, 924997, 189261, 571443, 775880, 1631936, 569906, 405463, 1180755, 'Stay']
[2822050, 2942494, 574926, -151644, 716200, 198426, -537938, -8581, 926175, 190781, 556974, 764313, 1623878, 569745, 399784, 1180831, 'Stay']
[2854572, 2942776, 579068, -151731, 714494, 197415, -537537, -9906, 924311, 188731, 567735, 772919, 1630761, 569129, 404187, 1180264, 'Stay']
[2820802, 2941951, 573808, -152000, 715853, 198714, -535979, -7247, 926351, 190772, 560211, 765972, 1624769, 569461, 399924, 1180460, 'Stay']
[2854615, 2942605, 579183, -152430, 714963, 196594, -538358, -8883, 924788, 188472, 563118, 770025, 1629214, 568674, 402853, 1179573, 'Stay']
[2821435, 2941723, 573486, -152287, 716205, 198334, -536772, -8871, 926019, 189850, 564637, 768214, 1626288, 568901, 400499, 1180808, 'Stay']
[2853547, 2943718, 578698, -152088, 714659, 197376, -538127, -9049, 925166, 189092, 559656, 767607, 1627736, 569178, 401633, 1179323, 'Stay']
[2822345, 2942477, 573268, -151473, 715970, 198956, -535797, -7936, 926293, 190711, 568199, 770750, 1627666, 569826, 401115, 1180406, 'Stay']
[2851947, 2944542, 579565, -151299, 713931, 197114, -538239, -8908, 925815, 190044, 556037, 765691, 1626472, 569932, 400878, 1178948, 'Stay']
[2825804, 2942457, 574291, -150844, 715488, 199002, -536496, -8532, 926117, 190752, 572968, 774467, 1629715, 569988, 402586, 1181613, 'Stay']
[2849451, 2945190, 579386, -150606, 714855, 197371, -539602, -9911, 926259, 190843, 553746, 764572, 1625262, 570642, 400108, 1179664, 'Stay']
[2829875, 2942498, 574814, -150467, 715566, 198908, -536865, -8814, 925695, 190641, 576892, 777145, 1631380, 570186, 403735, 1182208, 'Stay']
[2846126, 2945024, 579235, -150560, 715264, 197169, -537781, -9093, 926412, 191256, 551795, 763039, 1624174, 569716, 400048, 1179982, 'Stay']
[2833521, 2942366, 575105, -150417, 715534, 199239, -536645, -6815, 925396, 190289, 579066, 778563, 1632386, 569637, 405630, 1182288, 'Stay']
[2840847, 2944731, 578250, -150847, 715543, 197929, -537682, -8901, 926738, 191502, 548970, 761029, 1622820, 570119, 400218, 1178928, 'Stay']
[2837292, 2941250, 575442, -151610, 715683, 198362, -536860, -9633, 924506, 189226, 578666, 778788, 1632832, 568902, 406861, 1180873, 'Stay']
[2836614, 2943771, 577503, -151624, 715461, 197586, -537176, -7687, 925623, 190119, 548608, 759989, 1622321, 568958, 401343, 1179399, 'Stay']
[2840857, 2941822, 575774, -151122, 716126, 198799, -536625, -8031, 924107, 188755, 578916, 778673, 1633203, 568704, 409292, 1181199, 'Stay']
[2830426, 2944450, 576196, -150759, 715762, 198890, -538368, -8070, 927026, 192037, 546929, 759094, 1621220, 569942, 403027, 1177823, 'Stay']
[2844757, 2942166, 576632, -151103, 715349, 198957, -537126, -9780, 924455, 188993, 576787, 778510, 1633011, 569014, 411847, 1179605, 'Stay']
[2828002, 2943576, 575989, -151195, 715862, 198517, -537870, -8970, 926585, 191032, 549256, 760587, 1622010, 569437, 405446, 1178748, 'Stay']
[2848047, 2942852, 577420, -150367, 716435, 199299, -536888, -8340, 924776, 189178, 575233, 777850, 1633060, 569221, 412977, 1179950, 'Stay']
[2824646, 2943776, 576010, -150137, 716456, 199565, -536693, -7037, 927090, 191783, 550861, 761582, 1622462, 570774, 406403, 1178758, 'Stay']
[2852495, 2943289, 579093, -149861, 714824, 199291, -537722, -7555, 924734, 189369, 573231, 777124, 1632982, 569308, 413843, 1180816, 'Stay']
[2822713, 2943625, 575193, -150289, 715939, 199459, -537983, -9158, 926917, 191755, 555216, 764020, 1623328, 569569, 407676, 1180525, 'Stay']
[2854943, 2943150, 579512, -150430, 714972, 198635, -537800, -9680, 924705, 189063, 569829, 774975, 1631612, 568805, 412882, 1180597, 'Stay']
[2822123, 2942746, 574719, -150497, 716419, 200107, -537117, -7188, 926054, 191037, 559791, 766136, 1624689, 569205, 408996, 1181714, 'Stay']
[2855673, 2942606, 579610, -151247, 715209, 198249, -538735, -8882, 924289, 188811, 566513, 772232, 1630483, 568862, 412987, 1181222, 'Stay']
[2821404, 2941696, 574049, -151557, 716936, 199367, -536300, -8061, 925084, 189804, 563802, 767404, 1625798, 568441, 409628, 1182431, 'Stay']
[2854080, 2942958, 579323, -151426, 716220, 197998, -538283, -10283, 924879, 189012, 561771, 768459, 1628747, 568793, 411498, 1180482, 'Stay']
[2822126, 2941362, 574034, -151313, 717785, 199580, -535312, -8120, 925502, 189858, 567133, 769209, 1627454, 568584, 410308, 1181730, 'Stay']
[2852206, 2943865, 579518, -150755, 716456, 198679, -537786, -8865, 925394, 189605, 557855, 766163, 1627566, 569042, 410704, 1180021, 'Stay']
[2824078, 2941837, 574380, -150861, 717415, 200320, -535885, -8539, 925343, 190060, 571022, 772136, 1629326, 569449, 411312, 1181819, 'Stay']
[2850349, 2944853, 579985, -150400, 715839, 199085, -538812, -10406, 925499, 189887, 554921, 764321, 1626064, 568918, 409384, 1179885, 'Stay']
[2827100, 2942686, 575173, -150251, 717392, 200656, -535966, -9584, 925454, 190278, 574785, 775000, 1630648, 568701, 411913, 1182463, 'Stay']
[2846660, 2945846, 579796, -150248, 716674, 199136, -536903, -10158, 925930, 190457, 552189, 762484, 1624658, 568797, 408804, 1180449, 'Stay']
[2829858, 2943786, 575109, -150202, 717861, 200548, -535439, -10767, 925741, 190374, 576571, 776380, 1631436, 568530, 412442, 1182043, 'Stay']
[2842312, 2947040, 579179, -150257, 716974, 199281, -538105, -9412, 927130, 191450, 548975, 760981, 1623064, 568985, 407337, 1179511, 'Stay']
[2835340, 2943939, 576250, -150940, 716746, 199931, -536867, -9636, 925948, 189969, 578704, 778543, 1632483, 568282, 413213, 1182386, 'Stay']
[2839389, 2946570, 579051, -151234, 717615, 198467, -536593, -10212, 926845, 190535, 549527, 760398, 1622772, 567626, 407136, 1180731, 'Stay']
[2839358, 2944460, 576664, -150947, 717632, 199873, -535841, -9570, 925676, 189450, 579751, 778268, 1633455, 567571, 413816, 1182260, 'Stay']
[2834208, 2946656, 577914, -151166, 717517, 198904, -538448, -11848, 927283, 191385, 547954, 758824, 1621836, 568241, 406144, 1179414, 'Stay']
[2844348, 2944062, 577447, -151298, 717165, 199666, -536953, -10821, 924849, 188784, 579121, 778474, 1633837, 567517, 413890, 1181836, 'Stay']
[2830537, 2946150, 577398, -151197, 717701, 199638, -536435, -10401, 927008, 191069, 549201, 759507, 1621971, 568135, 406293, 1179962, 'Stay']
[2848803, 2943953, 578132, -151423, 716293, 199330, -538104, -9976, 924697, 188418, 577309, 778056, 1633463, 567500, 413674, 1181754, 'Stay']
[2827692, 2945661, 576767, -151027, 717527, 199642, -536931, -9778, 926453, 190792, 551517, 760598, 1622433, 568397, 406451, 1180938, 'Stay']
[2851652, 2944615, 578807, -150810, 716046, 199031, -537923, -11166, 924515, 188576, 575071, 776802, 1632972, 567645, 413542, 1181644, 'Stay']
[2824545, 2945752, 576299, -150107, 717710, 200411, -534871, -9354, 926975, 191519, 553801, 762429, 1622941, 568841, 407353, 1180904, 'Stay']
[2854866, 2944630, 579508, -150845, 715489, 199147, -538856, -10988, 924221, 188856, 571684, 775709, 1632270, 568123, 413565, 1181389, 'Stay']
[2823163, 2945161, 575301, -150711, 717095, 200261, -536802, -9440, 925996, 191130, 557858, 764821, 1623956, 568205, 408149, 1181697, 'Stay']
[2855248, 2945778, 579660, -150703, 715574, 199784, -537566, -11081, 924889, 189734, 567372, 773056, 1630652, 568286, 412427, 1180538, 'Stay']
[2822122, 2944467, 574734, -151461, 716760, 199964, -537106, -11063, 926156, 191273, 560473, 766546, 1625003, 568422, 408435, 1180737, 'Stay']
[2855888, 2945826, 580072, -151278, 715847, 198765, -537916, -10869, 924403, 189179, 563660, 770639, 1629567, 567657, 411721, 1180127, 'Stay']
