[3318980, 2533999, 1657008, 852775, 87346, 1358419, -120367, 473955, 1258062, 544697, 1402776, 1744200, 2101415, 1421463, 656416, 1662731, 'Stay']
[3206240, 2533471, 1585274, 854638, 92646, 1337907, -107335, 479211, 1261130, 549377, 1405265, 1789448, 2119777, 1404363, 646633, 1671595, 'Stay']
[3313482, 2534461, 1651195, 853339, 87756, 1359709, -120905, 474647, 1259533, 545808, 1383426, 1723880, 2090545, 1417665, 651739, 1654757, 'Stay']
[3213499, 2532100, 1592241, 853474, 91446, 1337337, -108142, 479428, 1259410, 547083, 1424326, 1808716, 2130471, 1407591, 650652, 1679292, 'Stay']
[3304436, 2534505, 1644183, 853189, 87783, 1359974, -121759, 474154, 1260749, 546752, 1364372, 1705992, 2080600, 1413553, 646600, 1647846, 'Stay']
[3222962, 2531436, 1600215, 852767, 91034, 1337550, -107878, 478880, 1257953, 545223, 1440506, 1823304, 2138812, 1411531, 654301, 1685230, 'Stay']
[3292189, 2535655, 1634325, 854183, 88875, 1360391, -120827, 475917, 1262108, 548492, 1348238, 1691745, 2072275, 1410514, 641633, 1641883, 'Stay']
[3234968, 2531232, 1608021, 852220, 91111, 1337957, -107015, 478206, 1257551, 544187, 1454449, 1833632, 2144724, 1415779, 658131, 1689462, 'Stay']
[3279034, 2536612, 1623829, 854990, 89735, 1359340, -118649, 476634, 1263797, 550070, 1336627, 1682747, 2066556, 1406834, 638343, 1637746, 'Stay']
[3250478, 2530905, 1618987, 851646, 89741, 1339182, -110626, 476744, 1256860, 542953, 1465820, 1840554, 2149022, 1419358, 661985, 1692988, 'Stay']
[3264587, 2537125, 1613941, 855642, 90761, 1357743, -118598, 476492, 1264695, 551450, 1330112, 1681237, 2064906, 1403377, 635251, 1636035, 'Stay']
[3266145, 2530625, 1630084, 851363, 89111, 1341183, -110917, 477170, 1256383, 542133, 1471238, 1841514, 2150396, 1422213, 664128, 1694075, 'Stay']
[3249235, 2537195, 1604508, 856306, 91242, 1354983, -117535, 478041, 1265053, 552098, 1327913, 1684793, 2066163, 1400686, 633873, 1636468, 'Stay']
[3280793, 2530514, 1639483, 851370, 88379, 1343773, -112713, 475009, 1255598, 541598, 1470949, 1836162, 2148082, 1423959, 665566, 1692941, 'Stay']
[3233674, 2537119, 1594032, 856835, 91896, 1352731, -116552, 478634, 1264984, 553090, 1329372, 1691843, 2068739, 1398864, 633201, 1637794, 'Stay']
[3294962, 2530421, 1647642, 850852, 87753, 1346978, -113590, 474947, 1255067, 541579, 1466603, 1826030, 2143297, 1425501, 666113, 1690160, 'Stay']
[3220752, 2536367, 1586649, 856124, 92098, 1349416, -112970, 479641, 1264560, 553102, 1335760, 1703694, 2074797, 1398067, 633648, 1641423, 'Stay']
[3306940, 2530948, 1654576, 850591, 86965, 1349891, -116276, 474801, 1254906, 541237, 1457858, 1812073, 2137037, 1425845, 665469, 1686094, 'Stay']
[3210578, 2536282, 1581148, 856025, 92209, 1346102, -112448, 478732, 1264314, 553115, 1346095, 1719142, 2082468, 1397973, 634561, 1646226, 'Stay']
[3315357, 2531796, 1658470, 850638, 86088, 1352629, -120406, 474573, 1255396, 541830, 1445983, 1794929, 2127958, 1425759, 663020, 1680050, 'Stay']
[3203865, 2535818, 1577751, 855530, 92176, 1342779, -110547, 480790, 1263856, 552856, 1359660, 1737100, 2091429, 1398180, 635899, 1651713, 'Stay']
[3319888, 2532656, 1659357, 850905, 86261, 1354789, -120337, 473201, 1256362, 542711, 1430421, 1775299, 2117908, 1424447, 660821, 1673199, 'Stay']
[3201776, 2534449, 1578865, 854565, 91671, 1340287, -110343, 479698, 1262831, 551661, 1376389, 1757480, 2102291, 1399796, 639122, 1658975, 'Stay']
[3319968, 2532986, 1657862, 851359, 86797, 1357187, -120094, 473303, 1257323, 544036, 1412181, 1754225, 2106556, 1422108, 656923, 1665335, 'Stay']
[3203596, 2533394, 1582649, 853859, 91854, 1338162, -108253, 478859, 1261333, 550308, 1395036, 1778679, 2113712, 1402177, 643134, 1666844, 'Stay']
[3316283, 2533991, 1654209, 852272, 86882, 1358548, -121653, 474965, 1258465, 545375, 1393449, 1734026, 2095918, 1419264, 652827, 1658183, 'Stay']
[3208491, 2532913, 1587107, 853647, 91855, 1337209, -108878, 479063, 1260493, 549176, 1414464, 1798216, 2124380, 1405680, 647420, 1674446, 'Stay']
[3309090, 2534506, 1646908, 852895, 87937, 1359714, -121405, 476012, 1260282, 547022, 1374602, 1714235, 2085123, 1415375, 648817, 1650674, 'Stay']
[3217244, 2531536, 1594718, 852351, 91428, 1336416, -108368, 479095, 1258828, 546846, 1432872, 1816034, 2134440, 1408808, 652800, 1681895, 'Stay']
[3298726, 2534541, 1638913, 852747, 88152, 1359320, -123260, 475006, 1261059, 547637, 1356828, 1698443, 2075800, 1411013, 644116, 1644248, 'Stay']
[3229072, 2530407, 1604511, 851457, 90625, 1336971, -107622, 478252, 1257342, 544548, 1448666, 1829791, 2142123, 1412787, 657062, 1687566, 'Stay']
[3286560, 2535362, 1630287, 853679, 89283, 1359217, -120014, 475770, 1262272, 548869, 1342670, 1687790, 2069280, 1407685, 640666, 1640033, 'Stay']
[3242472, 2530435, 1613643, 851379, 90208, 1338073, -109593, 477999, 1256748, 543334, 1460572, 1838297, 2147117, 1416935, 660750, 1691430, 'Stay']
[3272602, 2535758, 1620043, 854212, 89450, 1357889, -120308, 476913, 1263459, 550081, 1332927, 1681967, 2065302, 1404335, 637217, 1636620, 'Stay']
[3258057, 2529944, 1625071, 850643, 88887, 1339455, -111640, 477183, 1255596, 541936, 1468528, 1841991, 2149903, 1420066, 663228, 1693624, 'Stay']
[3256604, 2537029, 1609048, 855323, 90754, 1355957, -118450, 477332, 1264390, 551765, 1327775, 1681899, 2064572, 1401533, 634514, 1635263, 'Stay']
[3272804, 2530307, 1633876, 850628, 88926, 1341943, -111665, 475913, 1255625, 542164, 1470859, 1838146, 2148627, 1423218, 665440, 1692606, 'Stay']
[3241126, 2536870, 1598361, 855593, 91516, 1353551, -117127, 478405, 1264893, 553162, 1327709, 1686182, 2066093, 1399650, 633872, 1635462, 'Stay']
[3288076, 2529958, 1643648, 850433, 88334, 1344775, -112987, 476579, 1254710, 541588, 1469619, 1831342, 2145779, 1424606, 666475, 1691265, 'Stay']
[3227256, 2535955, 1590676, 855670, 92040, 1350364, -116529, 479501, 1264429, 553090, 1332367, 1697116, 2071102, 1398260, 633348, 1638986, 'Stay']
[3301250, 2530328, 1651686, 850537, 88133, 1348204, -114951, 475479, 1254845, 541231, 1463523, 1820067, 2140402, 1425593, 666378, 1688285, 'Stay']
[3215406, 2535651, 1583665, 855458, 92765, 1347164, -112649, 479064, 1264619, 553021, 1340833, 1711004, 2078356, 1397694, 634486, 1642926, 'Stay']
[3311497, 2530263, 1656600, 849672, 87181, 1350626, -118111, 474943, 1255186, 541391, 1452749, 1803942, 2132679, 1425826, 665182, 1682426, 'Stay']
[3206676, 2534481, 1579063, 854418, 92242, 1343915, -112440, 479784, 1263460, 552152, 1352390, 1727449, 2086829, 1397267, 635411, 1648057, 'Stay']
[3317592, 2530998, 1658900, 849957, 87062, 1353848, -117541, 474354, 1255307, 541707, 1438013, 1784848, 2123115, 1424318, 662705, 1676086, 'Stay']
[3201781, 2533308, 1577931, 853447, 92761, 1340997, -110637, 480017, 1262437, 551364, 1366962, 1746355, 2096779, 1398385, 638423, 1654809, 'Stay']
[3319257, 2531421, 1657943, 849875, 87106, 1355512, -121035, 474219, 1255700, 542315, 1420496, 1764011, 2112090, 1422400, 659233, 1668603, 'Stay']
[3201292, 2532299, 1579322, 852864, 92567, 1338792, -109653, 479362, 1260863, 550154, 1384199, 1766537, 2107339, 1400457, 641230, 1662018, 'Stay']
[3317171, 2532073, 1654538, 850429, 87817, 1357635, -121728, 473836, 1256791, 544106, 1401912, 1742920, 2100850, 1420291, 655509, 1660724, 'Stay']
[3204622, 2531579, 1582983, 852311, 92423, 1337282, -108487, 479138, 1259728, 549115, 1403396, 1786764, 2118553, 1403575, 645829, 1669229, 'Stay']
[3311334, 2533127, 1648045, 851707, 87881, 1358967, -121680, 476635, 1258224, 545648, 1383152, 1723098, 2090164, 1417289, 651634, 1653059, 'Stay']
[3210940, 2531401, 1587556, 852319, 91693, 1336682, -108134, 479601, 1258976, 548364, 1421794, 1804705, 2128205, 1407889, 650626, 1675949, 'Stay']
[3303718, 2533926, 1641199, 852045, 87306, 1359241, -122396, 474960, 1259730, 547583, 1364870, 1704812, 2079775, 1413552, 647251, 1645885, 'Stay']
[3222027, 2530983, 1596839, 851877, 90975, 1336395, -109021, 478800, 1257484, 546473, 1439871, 1822185, 2137947, 1410423, 655095, 1683250, 'Stay']
[3292849, 2535024, 1632386, 853294, 88589, 1359006, -122154, 475965, 1261219, 549528, 1349001, 1692414, 2072254, 1409362, 643200, 1640710, 'Stay']
[3234582, 2529651, 1606355, 850976, 90469, 1336486, -108967, 477183, 1256204, 544688, 1454138, 1833910, 2144369, 1414147, 659761, 1688099, 'Stay']
[3279291, 2534803, 1623464, 853467, 88982, 1358098, -121959, 477362, 1261710, 550033, 1336766, 1684047, 2066802, 1405574, 639586, 1636750, 'Stay']
[3248299, 2529182, 1617019, 850507, 90059, 1338266, -109346, 477096, 1254667, 542971, 1463888, 1840435, 2148516, 1417546, 662702, 1691809, 'Stay']
[3263821, 2534866, 1612734, 853865, 90560, 1356678, -119549, 476726, 1262672, 551275, 1328900, 1680836, 2064417, 1402568, 637002, 1634915, 'Stay']
[3263325, 2528109, 1627176, 849122, 89023, 1340363, -111335, 477237, 1253877, 541648, 1468629, 1839908, 2149275, 1420832, 664923, 1692154, 'Stay']
[3248378, 2534501, 1602841, 853788, 91363, 1354688, -117274, 479353, 1263052, 551576, 1326025, 1683033, 2065079, 1400048, 634707, 1634362, 'Stay']
[3278624, 2527873, 1637124, 848730, 88542, 1342998, -113923, 476652, 1253608, 540655, 1469228, 1835063, 2147516, 1423191, 666359, 1691291, 'Stay']
[3233763, 2534780, 1593582, 853978, 91781, 1351920, -116652, 478947, 1263701, 552117, 1327970, 1690089, 2068120, 1398182, 633795, 1635887, 'Stay']
[3293055, 2529125, 1645404, 849008, 88413, 1345782, -115290, 475764, 1254169, 540895, 1465405, 1825400, 2142973, 1424204, 666341, 1688483, 'Stay']
[3220708, 2535149, 1585636, 854565, 92660, 1348948, -113700, 479936, 1264278, 553113, 1334330, 1701715, 2073358, 1397216, 634461, 1639160, 'Stay']
[3305119, 2529221, 1652541, 848846, 87596, 1348893, -117721, 473694, 1254298, 541365, 1457565, 1811717, 2136247, 1425162, 666168, 1684516, 'Stay']
[3210283, 2534058, 1580600, 854163, 92857, 1345388, -112858, 480286, 1262902, 552600, 1344553, 1717500, 2081371, 1396737, 634904, 1644525, 'Stay']
[3313850, 2530018, 1656981, 849790, 87975, 1352182, -117135, 475476, 1254421, 541984, 1445319, 1795140, 2127634, 1424553, 664569, 1679165, 'Stay']
[3203245, 2533889, 1577530, 854644, 93635, 1343005, -111063, 480444, 1262507, 552689, 1358507, 1736367, 2090806, 1397914, 637913, 1651169, 'Stay']
[3318000, 2530751, 1657857, 849976, 87754, 1355009, -120925, 474799, 1255161, 543197, 1430263, 1775893, 2117490, 1424047, 662397, 1672467, 'Stay']
[3200424, 2532738, 1577060, 853134, 93622, 1340264, -109654, 481157, 1261366, 551816, 1374722, 1756012, 2100994, 1399279, 640788, 1657525, 'Stay']
[3318780, 2531578, 1656505, 849662, 87797, 1356912, -120413, 475185, 1255693, 543862, 1412334, 1754800, 2106493, 1421809, 658713, 1664546, 'Stay']
[3202760, 2532409, 1581139, 852052, 92656, 1338585, -107997, 479841, 1259959, 550497, 1393600, 1777367, 2112437, 1401697, 644640, 1665265, 'Stay']
[3315530, 2532819, 1652857, 849846, 87720, 1358901, -120142, 474023, 1256921, 545137, 1393689, 1734853, 2095701, 1418771, 654480, 1657030, 'Stay']
[3207298, 2531965, 1585636, 851388, 92792, 1338417, -107449, 481461, 1258943, 548514, 1412590, 1797101, 2123394, 1404828, 648928, 1672769, 'Stay']
[3308034, 2533845, 1645352, 850661, 88694, 1361248, -121345, 476517, 1259268, 546727, 1374113, 1714426, 2084695, 1415465, 650330, 1649548, 'Stay']
[3215928, 2531097, 1592852, 850416, 92297, 1337885, -106710, 478640, 1257847, 546482, 1431324, 1814739, 2133606, 1408518, 653891, 1680327, 'Stay']
[3298193, 2534825, 1637274, 851578, 89385, 1361279, -120418, 477653, 1260681, 548103, 1356938, 1698365, 2075816, 1411570, 646275, 1643157, 'Stay']
[3227462, 2531006, 1601283, 850514, 92121, 1338772, -107944, 480196, 1257407, 545913, 1447927, 1828296, 2141681, 1413314, 658964, 1686081, 'Stay']
[3286156, 2535359, 1628320, 852103, 90124, 1360679, -121252, 476099, 1261970, 550005, 1343615, 1687602, 2069691, 1408115, 642283, 1638810, 'Stay']
[3241375, 2530377, 1611798, 849057, 90947, 1339201, -109287, 478062, 1256214, 544587, 1460532, 1837425, 2147343, 1417262, 662000, 1690142, 'Stay']
[3272483, 2536941, 1618426, 852677, 90503, 1359446, -119628, 476985, 1262938, 551919, 1333983, 1682153, 2066263, 1404864, 639366, 1636121, 'Stay']
[3256739, 2531021, 1622362, 848823, 90005, 1340901, -110647, 477781, 1255605, 544457, 1469046, 1841501, 2150126, 1420706, 665665, 1692252, 'Stay']
[3257152, 2537177, 1608515, 852768, 91745, 1356929, -118611, 478216, 1263783, 553193, 1329135, 1682501, 2065277, 1402286, 637016, 1634807, 'Stay']
[3271391, 2530211, 1632374, 847491, 89645, 1342485, -112725, 476451, 1255068, 542878, 1471803, 1839285, 2149611, 1422623, 667225, 1692073, 'Stay']
[3240842, 2536414, 1597920, 852296, 92332, 1354169, -117290, 478833, 1264185, 553130, 1328249, 1686451, 2066771, 1399162, 635316, 1634507, 'Stay']
[3285486, 2529064, 1641211, 846477, 88847, 1345019, -114306, 474984, 1254201, 541577, 1469491, 1830864, 2145895, 1423598, 667532, 1689430, 'Stay']
[3226276, 2535421, 1589131, 852301, 92777, 1351185, -115684, 478923, 1263445, 552860, 1331481, 1695228, 2070748, 1397151, 634457, 1636799, 'Stay']
[3298867, 2529331, 1649207, 847165, 88250, 1348809, -116140, 476002, 1253320, 541327, 1462782, 1819179, 2140290, 1425026, 667225, 1686755, 'Stay']
[3214037, 2535198, 1581838, 853100, 93580, 1349090, -112437, 480768, 1263308, 553418, 1339167, 1708709, 2077324, 1397614, 635632, 1641694, 'Stay']
[3309471, 2529964, 1654798, 848012, 87968, 1352861, -117336, 475463, 1254072, 541728, 1452850, 1803600, 2132496, 1425985, 666835, 1682427, 'Stay']
[3205654, 2534066, 1578303, 852818, 93406, 1346153, -111409, 480220, 1262514, 552694, 1351600, 1726152, 2086112, 1397783, 637568, 1648359, 'Stay']
[3315370, 2530489, 1656865, 848156, 87788, 1355161, -119336, 475080, 1254350, 542028, 1438731, 1785325, 2123147, 1424633, 664634, 1676718, 'Stay']
[3200671, 2533135, 1576551, 851996, 93204, 1343068, -109805, 481281, 1261741, 552035, 1366251, 1744492, 2095627, 1398508, 640225, 1654508, 'Stay']
[3318008, 2531507, 1657095, 848443, 87659, 1357258, -120440, 474683, 1255239, 543228, 1422608, 1765447, 2112709, 1422996, 661988, 1669669, 'Stay']
[3200270, 2532794, 1578549, 851325, 92920, 1340401, -109412, 481184, 1260905, 551450, 1384231, 1765549, 2106659, 1400788, 643486, 1661906, 'Stay']
[3316953, 2532498, 1654693, 848892, 87574, 1358747, -120566, 475452, 1256458, 544744, 1404155, 1744770, 2101602, 1420575, 657811, 1661578, 'Stay']
[3203820, 2532182, 1582509, 850843, 93051, 1338875, -107844, 480880, 1259984, 550243, 1403071, 1786032, 2117815, 1403594, 647516, 1668925, 'Stay']
[3312367, 2532787, 1650046, 849102, 88284, 1359835, -121498, 474351, 1257965, 545685, 1385024, 1724214, 2090689, 1417009, 653986, 1653647, 'Stay']
[3210834, 2531245, 1589067, 850104, 92293, 1337756, -108812, 479127, 1258581, 547663, 1422428, 1805585, 2128897, 1406079, 652220, 1676248, 'Stay']
[3304255, 2533480, 1642939, 849746, 88390, 1360613, -123197, 475434, 1259545, 546965, 1366966, 1706896, 2081074, 1413068, 649240, 1646615, 'Stay']
[3221278, 2530057, 1597908, 849156, 91718, 1337666, -108233, 478991, 1257146, 545738, 1440026, 1821801, 2138025, 1410070, 656456, 1683070, 'Stay']
[3292893, 2533842, 1634394, 850673, 89650, 1360468, -121434, 476594, 1260663, 548277, 1350817, 1693449, 2073361, 1409438, 645511, 1641551, 'Stay']
[3232769, 2529189, 1606537, 848654, 91190, 1338003, -108984, 478420, 1255953, 544292, 1454002, 1833038, 2144292, 1414403, 661243, 1687905, 'Stay']
[3279196, 2533683, 1624567, 850674, 89852, 1359374, -120971, 477697, 1261541, 549625, 1338015, 1683528, 2066917, 1406154, 641656, 1636763, 'Stay']
[3247014, 2528147, 1617461, 847791, 90963, 1339160, -108422, 479539, 1254366, 542516, 1464477, 1839440, 2148497, 1417925, 664801, 1691896, 'Stay']
[3263755, 2534111, 1613731, 851517, 90860, 1357639, -119208, 478657, 1262433, 551295, 1330090, 1680185, 2064232, 1403172, 638974, 1634679, 'Stay']
[3261710, 2527797, 1626891, 847105, 89448, 1340638, -111204, 476187, 1253618, 541881, 1469622, 1839658, 2148785, 1420474, 666295, 1691699, 'Stay']
[3248554, 2534520, 1603544, 852050, 90918, 1355419, -118736, 477917, 1262557, 551893, 1327033, 1682274, 2064151, 1399982, 636106, 1633446, 'Stay']
[3277621, 2528072, 1637295, 847164, 88603, 1343612, -111849, 475844, 1253307, 541442, 1470728, 1835452, 2147178, 1422728, 667777, 1690766, 'Stay']
[3233692, 2534854, 1593915, 852596, 91720, 1352706, -116543, 479015, 1263118, 552809, 1328894, 1689933, 2067215, 1397835, 635286, 1635161, 'Stay']
[3292327, 2528442, 1646765, 847469, 88134, 1346346, -114342, 474722, 1253127, 540999, 1467408, 1826815, 2143055, 1423809, 668247, 1688497, 'Stay']
[3220560, 2534685, 1587127, 853388, 92921, 1349737, -113283, 480593, 1263172, 553162, 1335409, 1702476, 2073291, 1397136, 635986, 1639139, 'Stay']
[3303711, 2529002, 1652681, 847819, 87939, 1349503, -116550, 475794, 1253689, 541702, 1458941, 1812995, 2136071, 1425097, 667658, 1684386, 'Stay']
[3209342, 2534043, 1579833, 852813, 93296, 1346436, -111474, 481184, 1262980, 553218, 1344970, 1716735, 2080305, 1397410, 636763, 1643620, 'Stay']
[3312382, 2529215, 1656393, 847194, 87713, 1352020, -118612, 474700, 1253718, 541442, 1446551, 1795099, 2127200, 1424564, 665560, 1678252, 'Stay']
[3202806, 2532811, 1577455, 851954, 93081, 1343265, -110241, 481294, 1262020, 552072, 1358412, 1734496, 2089432, 1397156, 638256, 1649286, 'Stay']
[3316927, 2529791, 1657863, 847721, 87368, 1354949, -119428, 474046, 1254630, 541977, 1431577, 1775980, 2117506, 1423380, 662999, 1671763, 'Stay']
[3199642, 2531546, 1577355, 851218, 92881, 1340675, -110941, 480591, 1261110, 550724, 1374414, 1754249, 2099987, 1398517, 640918, 1656021, 'Stay']
[3317356, 2530177, 1656476, 847933, 87661, 1356897, -121246, 474613, 1255371, 542527, 1413348, 1754918, 2106466, 1421259, 659101, 1663795, 'Stay']
[3201101, 2531041, 1580197, 850747, 93089, 1338680, -106421, 480091, 1259853, 549347, 1392776, 1775046, 2111301, 1401456, 645015, 1663543, 'Stay']
[3314362, 2531353, 1652328, 848442, 88098, 1358303, -120921, 474620, 1257080, 544446, 1394522, 1733735, 2095213, 1418521, 655834, 1655788, 'Stay']
[3206595, 2530082, 1586108, 849819, 92438, 1336911, -108254, 479186, 1258843, 548174, 1412723, 1795211, 2122346, 1404238, 649359, 1671058, 'Stay']
[3307799, 2532142, 1646276, 849291, 88326, 1359095, -120887, 475123, 1258479, 545952, 1376107, 1715044, 2084759, 1414977, 650805, 1648327, 'Stay']
[3215016, 2529443, 1592810, 849147, 91468, 1336528, -109034, 480241, 1257541, 546811, 1431896, 1813668, 2132466, 1408353, 653603, 1677900, 'Stay']
[3298001, 2532779, 1638454, 850029, 89052, 1359893, -120456, 476499, 1259511, 547571, 1358778, 1699350, 2075870, 1411190, 646548, 1642252, 'Stay']
[3225820, 2528668, 1601306, 848456, 91374, 1337015, -108802, 479101, 1256160, 545230, 1447515, 1827444, 2140274, 1412058, 658458, 1684173, 'Stay']
[3285531, 2532943, 1628891, 850146, 89248, 1359054, -121997, 476200, 1260471, 548913, 1343749, 1686959, 2068236, 1407027, 642051, 1636982, 'Stay']
[3239006, 2528004, 1611057, 847784, 90816, 1337631, -109458, 478157, 1254448, 543292, 1459667, 1836287, 2145454, 1414987, 661629, 1687983, 'Stay']
[3270816, 2533393, 1618207, 850787, 90490, 1358257, -119751, 478295, 1261364, 550355, 1333130, 1680436, 2063870, 1403655, 638674, 1633383, 'Stay']
[3253450, 2526954, 1621412, 846641, 90179, 1339337, -109864, 478701, 1253408, 541838, 1467690, 1839823, 2148179, 1418594, 665056, 1690223, 'Stay']
[3255003, 2533072, 1607679, 850350, 91149, 1355388, -117351, 477410, 1261346, 550685, 1327410, 1680041, 2063125, 1400394, 636231, 1632324, 'Stay']
[3268421, 2526633, 1630835, 845786, 89279, 1341245, -112373, 476694, 1252648, 540767, 1470192, 1837115, 2147453, 1420885, 666635, 1689813, 'Stay']
[3239730, 2533239, 1597521, 850682, 91770, 1353398, -117594, 479104, 1262160, 551554, 1326692, 1684147, 2064334, 1398271, 634749, 1632321, 'Stay']
[3283817, 2526404, 1641106, 845189, 88749, 1343615, -113126, 476650, 1252104, 539902, 1469179, 1830659, 2144838, 1422541, 667758, 1688376, 'Stay']
[3225356, 2533165, 1588450, 850790, 92373, 1349751, -115790, 480623, 1262238, 551700, 1330222, 1693758, 2068799, 1396418, 634494, 1635028, 'Stay']
[3297086, 2526876, 1648657, 845276, 87600, 1346602, -116753, 475302, 1252303, 540000, 1462395, 1818618, 2138706, 1423720, 666839, 1684601, 'Stay']
[3213992, 2532959, 1582352, 851172, 92856, 1346973, -113813, 480606, 1262131, 552251, 1338412, 1707480, 2075316, 1396487, 634714, 1639399, 'Stay']
[3307498, 2528065, 1653786, 846227, 87716, 1350209, -117565, 476460, 1252965, 541017, 1452815, 1803720, 2130991, 1424627, 666399, 1680377, 'Stay']
[3205333, 2532678, 1577786, 851359, 93430, 1343864, -110949, 480756, 1262100, 552658, 1350536, 1723842, 2083295, 1396965, 637406, 1645141, 'Stay']
[3314556, 2528759, 1657267, 846586, 87510, 1352718, -119824, 475790, 1253601, 541718, 1440054, 1785990, 2121867, 1423875, 664651, 1674623, 'Stay']
[3200009, 2531819, 1576428, 851221, 93614, 1341348, -107559, 482666, 1261121, 551711, 1365911, 1743338, 2093230, 1397881, 640208, 1652354, 'Stay']
[3317461, 2528974, 1657641, 846527, 87512, 1354981, -119797, 474583, 1254260, 542264, 1423648, 1765924, 2111217, 1422665, 662611, 1668118, 'Stay']
[3199559, 2530512, 1578046, 850067, 93331, 1338799, -109753, 481718, 1260049, 550477, 1382810, 1763991, 2104015, 1399583, 643720, 1659369, 'Stay']
[3316099, 2529933, 1654499, 847235, 87980, 1356780, -122809, 474860, 1255601, 543606, 1405261, 1745527, 2100390, 1420164, 658452, 1660118, 'Stay']
[3201945, 2529923, 1580721, 849490, 93518, 1336897, -107462, 480929, 1259130, 549240, 1401500, 1783818, 2114908, 1402620, 647238, 1666011, 'Stay']
[3310653, 2530822, 1647713, 847852, 88810, 1358062, -121975, 476615, 1257093, 545034, 1385807, 1724487, 2089226, 1416909, 654352, 1651501, 'Stay']
[3208810, 2528858, 1586176, 848329, 92207, 1335993, -109875, 481219, 1257577, 547599, 1420682, 1802773, 2125406, 1405721, 651730, 1673217, 'Stay']
[3302663, 2531393, 1640571, 847982, 88314, 1358443, -123363, 475232, 1257735, 546468, 1367361, 1707025, 2079268, 1412967, 648961, 1644867, 'Stay']
[3218821, 2528234, 1594552, 847629, 91060, 1335758, -109067, 480062, 1255706, 545752, 1438338, 1819663, 2134867, 1409205, 655634, 1679931, 'Stay']
[3292226, 2532621, 1632231, 849444, 89328, 1358820, -119630, 476664, 1259455, 548627, 1351550, 1693320, 2071274, 1409027, 645763, 1639451, 'Stay']
[3231028, 2527688, 1603690, 847277, 90915, 1335924, -109484, 479074, 1254760, 544231, 1453406, 1832331, 2142274, 1412945, 660881, 1685883, 'Stay']
[3278897, 2533056, 1622193, 850069, 89617, 1357882, -122395, 479686, 1260645, 549940, 1338597, 1683985, 2065613, 1405573, 641527, 1635061, 'Stay']
[3245100, 2527887, 1613006, 847222, 90734, 1337232, -109515, 478577, 1254155, 543664, 1464100, 1838959, 2146633, 1417242, 664257, 1689246, 'Stay']
[3264197, 2533536, 1611225, 850540, 90887, 1356089, -119651, 478313, 1261830, 551714, 1330710, 1680339, 2062967, 1402207, 639243, 1632703, 'Stay']
[3260288, 2526694, 1623306, 846062, 89738, 1339161, -111623, 478046, 1253113, 542356, 1469878, 1840011, 2148070, 1419681, 666951, 1690362, 'Stay']
[3247895, 2533180, 1599949, 850699, 92230, 1354118, -118557, 480214, 1262018, 552166, 1326949, 1681879, 2063251, 1399736, 637043, 1632298, 'Stay']
[3274896, 2525979, 1632538, 845218, 89147, 1341593, -113708, 477848, 1252477, 541223, 1469953, 1834506, 2146001, 1422364, 668652, 1689318, 'Stay']
[3232518, 2533077, 1590281, 850505, 92536, 1351380, -115401, 480983, 1261915, 552546, 1327843, 1688251, 2065785, 1397952, 635852, 1633670, 'Stay']
[3288818, 2526032, 1641016, 844253, 88750, 1344142, -115054, 475113, 1251884, 540907, 1466127, 1825462, 2141600, 1423416, 668689, 1686575, 'Stay']
[3218840, 2532223, 1582593, 850002, 92960, 1347678, -114081, 481551, 1261454, 552284, 1333080, 1699522, 2071014, 1396086, 635146, 1636309, 'Stay']
[3301161, 2526308, 1648854, 844353, 87708, 1346997, -116828, 476103, 1251870, 540510, 1458236, 1812599, 2135462, 1423986, 667697, 1682965, 'Stay']
[3208324, 2531854, 1577283, 849861, 92659, 1343816, -113224, 480238, 1261539, 552150, 1343297, 1715076, 2078884, 1395860, 636348, 1641583, 'Stay']
[3310466, 2527458, 1653592, 845004, 87148, 1349867, -118960, 476278, 1252890, 541126, 1446649, 1795607, 2126804, 1423692, 666093, 1677124, 'Stay']
[3201780, 2531387, 1574282, 850025, 93422, 1341242, -111975, 481456, 1261220, 551867, 1357285, 1733259, 2088262, 1396528, 638891, 1647779, 'Stay']
[3315653, 2528212, 1654311, 845770, 87508, 1353137, -120317, 475411, 1253877, 542145, 1431778, 1776221, 2116810, 1423007, 663980, 1670160, 'Stay']
[3198898, 2530699, 1573920, 849738, 93094, 1339029, -110870, 481515, 1260180, 551240, 1373403, 1752972, 2098861, 1398922, 642100, 1654645, 'Stay']
[3316610, 2529315, 1653155, 846282, 87706, 1355075, -121360, 474711, 1254882, 543618, 1414238, 1755529, 2106300, 1421300, 660869, 1662933, 'Stay']
[3199920, 2529872, 1576557, 848751, 92837, 1336631, -110135, 480555, 1258974, 550182, 1391739, 1773708, 2110200, 1400603, 646015, 1662000, 'Stay']
[3313007, 2529928, 1648694, 846501, 87980, 1356390, -121629, 475925, 1255914, 544696, 1394816, 1734116, 2095016, 1418253, 657144, 1654911, 'Stay']
[3203983, 2528352, 1580911, 847482, 92326, 1335220, -108498, 479641, 1257399, 548204, 1410058, 1792767, 2120701, 1403695, 650540, 1669153, 'Stay']
[3306234, 2530100, 1642527, 846484, 88355, 1357660, -122412, 475380, 1256508, 545313, 1375159, 1714563, 2084333, 1414525, 652568, 1647658, 'Stay']
[3211696, 2527444, 1587152, 846626, 92598, 1334802, -108698, 481063, 1255967, 546333, 1428242, 1810769, 2130556, 1407098, 654760, 1676231, 'Stay']
[3295811, 2530444, 1633227, 847104, 88815, 1357753, -122024, 477182, 1257846, 546719, 1357060, 1697457, 2074174, 1410358, 648056, 1640555, 'Stay']
[3222539, 2526065, 1595704, 845792, 91004, 1335001, -110586, 480282, 1254326, 544281, 1444697, 1824514, 2138011, 1410647, 659361, 1682158, 'Stay']
[3283387, 2530277, 1624424, 847499, 89507, 1356995, -121445, 477039, 1258536, 547560, 1342923, 1685662, 2067297, 1406586, 643752, 1636028, 'Stay']
[3234834, 2524910, 1605271, 845344, 90986, 1335397, -108570, 478850, 1253076, 542504, 1457482, 1833667, 2143701, 1414493, 663371, 1686349, 'Stay']
[3268512, 2529860, 1614315, 847980, 90308, 1355372, -121287, 478109, 1259420, 548832, 1332120, 1678759, 2062870, 1402676, 640592, 1632501, 'Stay']
[3248863, 2523398, 1616223, 844474, 89886, 1336692, -111042, 476509, 1251753, 540722, 1465717, 1838005, 2146905, 1417503, 666220, 1688889, 'Stay']
[3252859, 2529129, 1605025, 848247, 90471, 1353750, -121179, 477754, 1259581, 549046, 1326259, 1678221, 2061982, 1399864, 637671, 1631049, 'Stay']
[3263791, 2522648, 1627024, 844265, 89344, 1339514, -111812, 477336, 1251205, 539898, 1469021, 1836566, 2146853, 1420327, 668235, 1689111, 'Stay']
[3237025, 2527832, 1596043, 848169, 90761, 1351061, -118740, 479127, 1259848, 549566, 1325356, 1682955, 2063545, 1397681, 636825, 1631960, 'Stay']
[3277487, 2520965, 1636795, 843117, 87629, 1341626, -115260, 475989, 1250008, 538220, 1467019, 1829286, 2143288, 1421667, 668350, 1687092, 'Stay']
[3221833, 2527263, 1587114, 848570, 91635, 1348782, -117011, 480123, 1259148, 549511, 1328321, 1691449, 2067218, 1396266, 635727, 1633817, 'Stay']
[3290195, 2521471, 1644348, 843458, 87715, 1345516, -115417, 475744, 1249697, 538329, 1461189, 1817486, 2137787, 1423631, 668603, 1683862, 'Stay']
[3208589, 2526645, 1578896, 848545, 92416, 1345789, -113952, 480291, 1259246, 550332, 1335664, 1703198, 2072998, 1395605, 636952, 1637513, 'Stay']
[3301099, 2521299, 1650179, 843410, 87690, 1348004, -117516, 475605, 1249216, 537958, 1451679, 1802206, 2130380, 1423178, 667808, 1679329, 'Stay']
[3199895, 2525688, 1574823, 848051, 92768, 1342283, -113330, 480401, 1258233, 549713, 1347204, 1719924, 2081477, 1395634, 638566, 1643267, 'Stay']
[3308479, 2521525, 1654109, 842976, 87451, 1350670, -119929, 474167, 1249504, 538453, 1438464, 1784601, 2121432, 1422452, 665853, 1673343, 'Stay']
[3194317, 2525208, 1573335, 847805, 93583, 1340084, -110408, 481152, 1257259, 548680, 1361509, 1738632, 2091338, 1396234, 640656, 1649383, 'Stay']
[3311330, 2523304, 1654297, 844050, 88181, 1354518, -118502, 476060, 1250570, 539682, 1422046, 1764437, 2111144, 1421085, 663509, 1666456, 'Stay']
[3193650, 2525143, 1574933, 847192, 93302, 1338793, -109024, 481107, 1256624, 547972, 1378842, 1759039, 2102148, 1397965, 644334, 1657050, 'Stay']
[3310992, 2525538, 1652133, 844707, 88400, 1357021, -119194, 475359, 1252551, 541301, 1404054, 1744008, 2100024, 1418599, 660182, 1659098, 'Stay']
[3197198, 2525403, 1579288, 845889, 92765, 1337042, -108535, 480147, 1256376, 547101, 1398282, 1780103, 2113195, 1400512, 648680, 1664650, 'Stay']
[3306942, 2526872, 1647467, 844159, 88087, 1357719, -121491, 474909, 1254443, 543199, 1385358, 1723904, 2088811, 1415636, 655248, 1651096, 'Stay']
[3203964, 2525602, 1584971, 844763, 92219, 1335498, -108252, 480512, 1255428, 546395, 1417615, 1799511, 2123684, 1404290, 652105, 1671324, 'Stay']
[3299745, 2528377, 1640778, 844578, 88265, 1358155, -121539, 476250, 1255916, 545613, 1367067, 1705841, 2078617, 1412031, 650309, 1643626, 'Stay']
[3214364, 2525532, 1593631, 843811, 91700, 1334863, -109657, 478867, 1254199, 545214, 1436191, 1816984, 2133518, 1407787, 656806, 1678250, 'Stay']
[3289305, 2529342, 1632988, 844914, 88503, 1357703, -122664, 476674, 1257375, 547178, 1350823, 1691902, 2070673, 1408025, 645708, 1637567, 'Stay']
[3226177, 2525064, 1602761, 843214, 90656, 1335086, -110175, 478816, 1252990, 543417, 1450632, 1829388, 2140440, 1411485, 660997, 1683430, 'Stay']
[3276332, 2530486, 1623259, 846248, 89663, 1357185, -119851, 476577, 1258388, 548687, 1337815, 1682446, 2064662, 1403871, 642414, 1633448, 'Stay']
[3240654, 2525007, 1612874, 843302, 90314, 1336797, -109234, 478705, 1252266, 542585, 1461700, 1836510, 2144960, 1415403, 665478, 1687301, 'Stay']
[3261835, 2530838, 1612794, 846794, 90493, 1355780, -119182, 477991, 1259468, 549907, 1329316, 1678178, 2061847, 1400853, 640132, 1631419, 'Stay']
[3256282, 2524810, 1623662, 842717, 89384, 1338815, -111272, 477217, 1251567, 541513, 1467492, 1837569, 2146716, 1418024, 668390, 1689112, 'Stay']
[3246744, 2531352, 1602680, 847080, 91185, 1353872, -118552, 477933, 1260012, 550904, 1325498, 1679698, 2062249, 1398158, 638468, 1631397, 'Stay']
[3272267, 2525468, 1633439, 842582, 89000, 1341768, -111720, 477360, 1251191, 541074, 1469490, 1834368, 2145549, 1420993, 669739, 1689005, 'Stay']
[3232059, 2531921, 1592403, 847376, 91679, 1351687, -116127, 480839, 1261024, 552586, 1327089, 1686585, 2064542, 1397381, 637421, 1632679, 'Stay']
[3287151, 2525739, 1642204, 841727, 87750, 1344557, -115254, 476436, 1250968, 540788, 1466357, 1825658, 2141321, 1422686, 670018, 1686577, 'Stay']
[3219008, 2532006, 1584007, 847272, 92253, 1348359, -114304, 479349, 1261036, 552765, 1332744, 1697848, 2069700, 1395993, 636747, 1635360, 'Stay']
[3299943, 2526091, 1649390, 842003, 87254, 1347591, -115236, 475372, 1251282, 541105, 1458877, 1812225, 2134549, 1423658, 669559, 1681793, 'Stay']
[3207916, 2531709, 1578201, 847978, 92457, 1345339, -113863, 481960, 1260747, 552811, 1342450, 1712774, 2076986, 1396176, 638243, 1639983, 'Stay']
[3309144, 2526844, 1654180, 842708, 86830, 1350587, -116737, 474607, 1251718, 541505, 1447169, 1795779, 2126108, 1424021, 667983, 1676501, 'Stay']
[3201090, 2530927, 1575679, 847654, 92350, 1342185, -110086, 481228, 1260196, 552321, 1355638, 1731170, 2086266, 1396690, 640836, 1646228, 'Stay']
[3314514, 2528328, 1655717, 843987, 87296, 1353407, -118910, 475211, 1252658, 542256, 1432414, 1777390, 2116430, 1423038, 666459, 1670309, 'Stay']
[3197747, 2530233, 1574902, 847599, 92779, 1339946, -110181, 480852, 1259851, 552080, 1371798, 1751213, 2096236, 1398258, 643892, 1653078, 'Stay']
[3315654, 2528413, 1655453, 843956, 87327, 1355847, -119897, 476188, 1253691, 543030, 1415468, 1757013, 2105516, 1421068, 663455, 1663185, 'Stay']
[3198422, 2529557, 1578293, 846692, 92482, 1337941, -108842, 481327, 1258580, 549920, 1390336, 1772654, 2107800, 1400076, 647855, 1661351, 'Stay']
[3312750, 2529514, 1651805, 844334, 87516, 1357328, -120797, 475145, 1255333, 544442, 1396632, 1736470, 2094494, 1418124, 659241, 1655756, 'Stay']
[3202979, 2528626, 1582919, 845599, 92153, 1336279, -109110, 479887, 1257500, 548798, 1409405, 1792336, 2118598, 1403036, 651662, 1668140, 'Stay']
[3306220, 2530419, 1644926, 844690, 88455, 1358378, -120676, 475437, 1256891, 546233, 1377277, 1716278, 2083486, 1414427, 654167, 1647045, 'Stay']
[3211218, 2527666, 1590012, 844440, 91291, 1335499, -108820, 480116, 1256278, 547394, 1428179, 1810257, 2128595, 1406620, 656020, 1674966, 'Stay']
[3297229, 2531164, 1637862, 845136, 88022, 1358289, -121002, 476216, 1257663, 547875, 1359802, 1700034, 2074169, 1410768, 649244, 1640613, 'Stay']
[3221850, 2527948, 1597408, 844846, 91217, 1335613, -107176, 479674, 1255074, 546672, 1444871, 1824978, 2136868, 1410736, 660222, 1680469, 'Stay']
[3284756, 2531983, 1627311, 846442, 88891, 1357916, -120856, 475257, 1259273, 550260, 1344982, 1687185, 2066561, 1407410, 645569, 1634424, 'Stay']
[3234982, 2526654, 1607859, 844119, 89975, 1336449, -108703, 478917, 1253222, 544618, 1458165, 1835076, 2142755, 1415076, 664080, 1684645, 'Stay']
[3270864, 2532140, 1618107, 846993, 89075, 1357390, -121927, 476591, 1259589, 551112, 1333884, 1680689, 2062219, 1403787, 641867, 1631320, 'Stay']
[3249533, 2526517, 1618116, 843764, 89033, 1338292, -110164, 477476, 1251964, 543345, 1465884, 1839153, 2145663, 1417685, 666319, 1687249, 'Stay']
[3256279, 2532705, 1607980, 847760, 90418, 1355667, -117634, 478757, 1260345, 552351, 1327852, 1679452, 2061011, 1400963, 639460, 1630000, 'Stay']
[3264934, 2526043, 1628450, 842988, 88831, 1340247, -110720, 477238, 1251775, 542643, 1469886, 1837433, 2146015, 1420354, 669440, 1687909, 'Stay']
[3240419, 2532576, 1597925, 847538, 91093, 1352568, -116704, 478444, 1260647, 552607, 1326430, 1683088, 2062774, 1397918, 637973, 1630588, 'Stay']
[3279562, 2525926, 1637672, 842107, 87980, 1342639, -113802, 476348, 1251310, 541602, 1468976, 1830956, 2143253, 1421892, 669887, 1686137, 'Stay']
[3226074, 2531986, 1589131, 846832, 91865, 1349543, -114591, 478525, 1260666, 552810, 1329646, 1691655, 2066455, 1396540, 636989, 1632572, 'Stay']
[3293379, 2525958, 1646036, 841385, 87513, 1345593, -115173, 475146, 1251157, 541281, 1463911, 1820275, 2138347, 1423265, 669704, 1683253, 'Stay']
[3213616, 2531936, 1581407, 846955, 92201, 1346406, -114541, 479167, 1261147, 553196, 1336696, 1704333, 2072418, 1395618, 637047, 1635981, 'Stay']
[3304636, 2526755, 1652209, 842068, 87328, 1348524, -115954, 475263, 1251658, 541343, 1454751, 1805752, 2130867, 1423412, 668406, 1678493, 'Stay']
[3204701, 2531618, 1577258, 847415, 92435, 1343623, -111865, 481303, 1261165, 553133, 1348651, 1720842, 2080524, 1396273, 639119, 1641566, 'Stay']
[3312300, 2527236, 1656230, 842330, 86372, 1351636, -119731, 474917, 1252307, 542135, 1442181, 1788336, 2121565, 1423396, 666627, 1672974, 'Stay']
[3198925, 2530314, 1575456, 846768, 92845, 1340736, -108382, 479006, 1259848, 552239, 1363039, 1739714, 2089826, 1396868, 640979, 1648119, 'Stay']
[3314976, 2527736, 1655941, 842812, 87337, 1354524, -119003, 475158, 1252809, 542819, 1425538, 1768016, 2110877, 1422279, 664372, 1665694, 'Stay']
[3197087, 2528924, 1576500, 845558, 92716, 1339001, -109836, 480956, 1258539, 550950, 1379734, 1759602, 2100419, 1399049, 644765, 1655062, 'Stay']
[3314400, 2528351, 1654314, 842888, 87529, 1356935, -119448, 475167, 1253594, 543677, 1407152, 1746963, 2099824, 1419887, 660916, 1658355, 'Stay']
[3199703, 2527978, 1580502, 844872, 92406, 1337388, -108569, 479857, 1257036, 549535, 1398577, 1780462, 2111851, 1401586, 649230, 1663137, 'Stay']
[3309640, 2528887, 1649138, 843170, 88098, 1358221, -121908, 475184, 1254570, 544874, 1387656, 1726141, 2088707, 1416466, 656800, 1650550, 'Stay']
[3205925, 2526854, 1586505, 843665, 92079, 1336283, -108116, 479237, 1255501, 547635, 1417492, 1799438, 2122385, 1404311, 653424, 1670518, 'Stay']
[3301581, 2529515, 1641873, 843598, 88196, 1358329, -121192, 473634, 1255652, 546301, 1368648, 1707382, 2078243, 1412309, 651919, 1643171, 'Stay']
[3215093, 2526335, 1593281, 842826, 90929, 1335299, -109433, 479190, 1254003, 546330, 1435125, 1815589, 2131289, 1407790, 657663, 1676513, 'Stay']
[3291452, 2530280, 1633755, 844149, 88163, 1358015, -120877, 476091, 1256682, 547998, 1352157, 1692560, 2069769, 1407770, 647132, 1637136, 'Stay']
[3227656, 2526232, 1603166, 843091, 90273, 1335760, -110115, 478656, 1253091, 545326, 1451212, 1829486, 2139413, 1411703, 661941, 1682443, 'Stay']
[3278529, 2531188, 1624525, 845832, 89122, 1357517, -120310, 476902, 1258776, 550492, 1339383, 1683025, 2064083, 1405094, 643198, 1632729, 'Stay']
[3241564, 2526016, 1613806, 843147, 89804, 1336935, -108431, 477829, 1252356, 543949, 1462679, 1837069, 2144466, 1415521, 666087, 1686574, 'Stay']
