[1794341, 1232601, 2074316, 1113404, 2048300, 1457767, 813878, 628216, 882323, 1286763, 403280, 758690, 1462588, 1285765, 2198493, 1003777, 'Stay']
[1794167, 1231566, 2063220, 1109135, 2049999, 1457677, 813713, 628456, 883446, 1287013, 383471, 736282, 1447640, 1279230, 2168812, 979983, 'Stay']
[1793440, 1231057, 2076248, 1114307, 2048469, 1457409, 812784, 627768, 881654, 1285946, 403550, 755652, 1462250, 1285139, 2195850, 1000171, 'Stay']
[1793967, 1231706, 2061245, 1107058, 2049611, 1457412, 813525, 628275, 882600, 1286206, 382863, 740126, 1448531, 1278975, 2172308, 984701, 'Stay']
[1793432, 1230733, 2077766, 1115561, 2048716, 1457466, 812601, 627711, 881686, 1286074, 402756, 751741, 1461030, 1284458, 2191661, 995812, 'Stay']
[1793999, 1231990, 2059431, 1105589, 2049053, 1456953, 814004, 628294, 882712, 1286247, 383853, 743684, 1449841, 1279463, 2175821, 988940, 'Stay']
[1793697, 1230726, 2078710, 1116972, 2049047, 1458111, 812894, 628522, 881872, 1285921, 401643, 747841, 1459564, 1283994, 2187411, 991392, 'Stay']
[1794260, 1233013, 2058603, 1104855, 2048468, 1457059, 814609, 628777, 882700, 1286678, 385340, 748278, 1451409, 1280626, 2180136, 993833, 'Stay']
[1794028, 1230692, 2079963, 1118303, 2049376, 1458095, 812502, 628170, 882528, 1287057, 400512, 743335, 1457405, 1283841, 2182020, 986731, 'Stay']
[1793667, 1232937, 2058366, 1103421, 2047760, 1456031, 814199, 628388, 882371, 1286796, 387738, 753297, 1453372, 1281354, 2184622, 999034, 'Stay']
[1793183, 1229347, 2079434, 1117865, 2049517, 1457109, 811782, 627321, 882126, 1286275, 397432, 738130, 1454842, 1282066, 2176441, 981398, 'Stay']
[1792989, 1232386, 2059686, 1102938, 2047607, 1455199, 814230, 628001, 881578, 1285953, 389743, 757390, 1455779, 1281834, 2189428, 1003368, 'Stay']
[1793362, 1229292, 2078366, 1118330, 2050545, 1457707, 812806, 628214, 882494, 1286559, 394614, 734489, 1452963, 1281456, 2172329, 977979, 'Stay']
[1792898, 1232239, 2061004, 1103452, 2047603, 1455097, 814938, 628051, 881830, 1286280, 392657, 760295, 1457749, 1283288, 2193383, 1006569, 'Stay']
[1793569, 1228984, 2076354, 1117473, 2051125, 1457711, 812998, 628617, 882705, 1286271, 391918, 731563, 1450898, 1280151, 2168479, 975234, 'Stay']
[1793314, 1232203, 2063338, 1104402, 2047803, 1455315, 815122, 628744, 881873, 1286179, 395711, 762475, 1460011, 1284056, 2196859, 1009219, 'Stay']
[1793785, 1229227, 2073802, 1116248, 2051303, 1458033, 813413, 628997, 882847, 1286574, 389270, 729819, 1449389, 1279612, 2165630, 973608, 'Stay']
[1793335, 1231975, 2066348, 1105826, 2046883, 1454991, 813947, 627931, 881286, 1285980, 398445, 764729, 1462061, 1284753, 2199542, 1011105, 'Stay']
[1794033, 1230176, 2069981, 1114326, 2050816, 1458075, 813149, 628666, 883031, 1287029, 386508, 729387, 1447529, 1279314, 2163599, 973039, 'Stay']
[1793787, 1231980, 2069046, 1108142, 2047500, 1455480, 813882, 628008, 881803, 1286568, 401475, 764158, 1463209, 1286191, 2200367, 1009900, 'Stay']
[1793223, 1229866, 2067039, 1111909, 2051076, 1457281, 813557, 628592, 882940, 1286707, 384458, 730101, 1446912, 1278720, 2163252, 973287, 'Stay']
[1793571, 1231341, 2071930, 1110142, 2047920, 1455260, 813618, 627675, 881358, 1286058, 403231, 762697, 1463909, 1285759, 2200376, 1008459, 'Stay']
[1792899, 1230374, 2064333, 1109950, 2050461, 1456863, 813870, 628694, 883090, 1286998, 382989, 732079, 1446792, 1278263, 2163966, 975232, 'Stay']
[1793143, 1230713, 2074929, 1112179, 2047776, 1455496, 812935, 627823, 881270, 1286164, 404408, 760474, 1463724, 1285897, 2199073, 1005957, 'Stay']
[1792584, 1230734, 2061874, 1108054, 2049886, 1456596, 814105, 628603, 882734, 1286584, 381712, 735633, 1447043, 1278170, 2166192, 978766, 'Stay']
[1793190, 1230460, 2076348, 1114167, 2048286, 1456121, 813138, 627769, 881607, 1286647, 404881, 757055, 1463060, 1286201, 2196367, 1002533, 'Stay']
[1792194, 1230837, 2059418, 1105906, 2049578, 1456115, 814185, 628695, 882513, 1286345, 381499, 738870, 1447761, 1278226, 2168713, 982163, 'Stay']
[1793196, 1230058, 2077975, 1115263, 2048355, 1456144, 813059, 627853, 881712, 1286546, 404323, 752023, 1461908, 1285336, 2192177, 997415, 'Stay']
[1792838, 1231773, 2057728, 1104158, 2049809, 1455845, 814761, 628377, 882784, 1286652, 383041, 743917, 1449388, 1278903, 2172660, 987048, 'Stay']
[1793388, 1229628, 2078983, 1116469, 2049207, 1456561, 812565, 627730, 881921, 1286550, 403476, 746626, 1460267, 1284779, 2187238, 991635, 'Stay']
[1793016, 1231832, 2057922, 1103187, 2049086, 1455860, 814473, 628751, 882401, 1286221, 384712, 749278, 1451786, 1279732, 2178014, 992550, 'Stay']
[1793799, 1229653, 2079870, 1117398, 2049325, 1457099, 812712, 628063, 881988, 1286293, 401482, 742935, 1458515, 1283843, 2183262, 987636, 'Stay']
[1793626, 1232650, 2057403, 1102752, 2048290, 1456022, 814948, 629078, 882759, 1286850, 387224, 753866, 1453847, 1281082, 2182695, 997058, 'Stay']
[1793958, 1229271, 2080075, 1118394, 2049723, 1457239, 812866, 628514, 882617, 1286756, 399320, 738291, 1456491, 1283307, 2178479, 982742, 'Stay']
[1793287, 1232377, 2058886, 1102346, 2047843, 1454913, 814925, 628272, 882503, 1286439, 390122, 758976, 1456381, 1282115, 2188257, 1002968, 'Stay']
[1793617, 1228941, 2079039, 1118139, 2049793, 1456912, 812480, 627781, 882565, 1286320, 396257, 735184, 1454150, 1281505, 2173999, 979538, 'Stay']
[1793014, 1232208, 2060450, 1102763, 2047311, 1455062, 814720, 628486, 882028, 1286245, 392648, 762053, 1458015, 1282901, 2192201, 1006709, 'Stay']
[1793402, 1229146, 2077320, 1117535, 2050469, 1457602, 813288, 628814, 882521, 1286438, 393760, 733963, 1452107, 1281057, 2170596, 977375, 'Stay']
[1793317, 1232415, 2061392, 1102790, 2047293, 1454576, 814721, 627979, 881713, 1286250, 394807, 762878, 1459129, 1283831, 2194832, 1008366, 'Stay']
[1794001, 1229565, 2074572, 1116263, 2050326, 1457369, 813254, 628415, 883176, 1286666, 391767, 731385, 1450248, 1280363, 2166895, 974365, 'Stay']
[1793522, 1232447, 2063418, 1103850, 2047298, 1454360, 814153, 627887, 881583, 1286007, 397513, 763892, 1460774, 1284331, 2197598, 1009868, 'Stay']
[1793953, 1229970, 2072030, 1114746, 2051133, 1457438, 813515, 628415, 883000, 1286513, 389361, 731079, 1449278, 1279540, 2165053, 973621, 'Stay']
[1793549, 1232685, 2065251, 1105472, 2047845, 1454814, 814430, 627472, 881241, 1285639, 399079, 763236, 1461616, 1284589, 2198819, 1009717, 'Stay']
[1793977, 1231088, 2069525, 1113845, 2051296, 1458285, 814237, 629278, 883040, 1286557, 387598, 731067, 1448395, 1279472, 2164116, 973691, 'Stay']
[1793570, 1233074, 2068055, 1108530, 2047819, 1456326, 814788, 628382, 881561, 1286293, 401512, 762129, 1462838, 1285571, 2199467, 1009077, 'Stay']
[1793550, 1231381, 2067046, 1112708, 2050886, 1458331, 814321, 628931, 883235, 1286565, 386089, 731770, 1448010, 1279006, 2164160, 974762, 'Stay']
[1793632, 1233132, 2070922, 1111121, 2047786, 1456715, 814794, 628340, 881631, 1286041, 403292, 761758, 1463446, 1285702, 2200114, 1008088, 'Stay']
[1793955, 1232398, 2064505, 1111661, 2050256, 1458381, 815265, 629608, 883532, 1287141, 385167, 733415, 1447426, 1279210, 2165452, 976756, 'Stay']
[1793912, 1232996, 2073108, 1113282, 2048223, 1457195, 814961, 628914, 881863, 1286601, 404745, 759705, 1463302, 1285825, 2198681, 1005397, 'Stay']
[1793824, 1231810, 2062709, 1109610, 2050259, 1457166, 814529, 628465, 883167, 1286745, 384122, 735722, 1447707, 1278875, 2167819, 979784, 'Stay']
[1793344, 1231709, 2075213, 1114115, 2048852, 1456387, 814021, 627901, 881269, 1285600, 404674, 757531, 1462840, 1284905, 2197407, 1002665, 'Stay']
[1794050, 1232413, 2060664, 1108094, 2049845, 1457189, 815103, 629352, 882792, 1286256, 383715, 739120, 1448291, 1278758, 2171504, 983737, 'Stay']
[1793301, 1231399, 2076511, 1115626, 2048650, 1456976, 813499, 628073, 881876, 1285887, 404258, 753642, 1461603, 1284996, 2194113, 997924, 'Stay']
[1793835, 1232567, 2059168, 1106437, 2049591, 1456650, 814954, 628844, 882684, 1285970, 384098, 742986, 1449378, 1279160, 2175858, 987883, 'Stay']
[1793058, 1230764, 2078164, 1116418, 2049241, 1457240, 813629, 628496, 881755, 1285648, 403185, 749918, 1460358, 1284219, 2190771, 993608, 'Stay']
[1793676, 1232682, 2058613, 1104788, 2048852, 1456647, 815436, 628935, 882189, 1285377, 385354, 747223, 1451114, 1279472, 2181092, 993065, 'Stay']
[1793172, 1230597, 2078113, 1116774, 2049752, 1457527, 813665, 628190, 882038, 1285577, 401303, 744921, 1458363, 1283184, 2186427, 988501, 'Stay']
[1793927, 1233059, 2058348, 1104004, 2048563, 1456491, 815147, 628593, 882388, 1285854, 387638, 750012, 1452927, 1280663, 2185222, 996247, 'Stay']
[1793691, 1230657, 2078665, 1117947, 2050176, 1458032, 813196, 628030, 882509, 1286013, 399712, 741043, 1456521, 1282644, 2181862, 983643, 'Stay']
[1794255, 1233383, 2059253, 1104204, 2048264, 1456322, 815305, 628546, 882297, 1285863, 390218, 754078, 1455089, 1281697, 2190144, 1000717, 'Stay']
[1794039, 1230441, 2078535, 1118339, 2050037, 1458092, 813347, 628401, 882713, 1286313, 397823, 738259, 1454975, 1282030, 2178299, 980549, 'Stay']
[1793948, 1233140, 2060170, 1103915, 2047651, 1455538, 814556, 627916, 882155, 1285939, 392367, 757189, 1456816, 1282354, 2194011, 1004536, 'Stay']
[1793769, 1230205, 2076701, 1117762, 2050331, 1457953, 813226, 628347, 882773, 1286184, 394914, 735878, 1453043, 1280933, 2173931, 977760, 'Stay']
[1793678, 1233166, 2062000, 1104708, 2047096, 1455778, 815360, 628542, 881429, 1285798, 394436, 759776, 1458591, 1283321, 2197307, 1007780, 'Stay']
[1792957, 1229714, 2074613, 1116357, 2050381, 1458023, 813471, 629222, 882710, 1286106, 392297, 734818, 1451380, 1280426, 2171144, 976740, 'Stay']
[1792568, 1232320, 2062796, 1104726, 2047113, 1455268, 814559, 628504, 880960, 1285174, 395726, 760205, 1459612, 1283380, 2199051, 1008748, 'Stay']
[1792875, 1229776, 2071176, 1114486, 2050807, 1457542, 813582, 628704, 882405, 1285733, 389394, 731921, 1449491, 1279405, 2167855, 974291, 'Stay']
[1793045, 1232210, 2065823, 1106417, 2047320, 1455168, 814535, 628261, 880893, 1285207, 398493, 760192, 1461137, 1284115, 2200612, 1008627, 'Stay']
[1793630, 1230588, 2069005, 1113259, 2050198, 1457735, 813994, 629271, 883008, 1286624, 387925, 732182, 1448742, 1279620, 2167233, 975054, 'Stay']
[1792881, 1231593, 2068354, 1108044, 2047252, 1454878, 813857, 627299, 881045, 1285534, 400661, 760426, 1461884, 1284748, 2201040, 1008313, 'Stay']
[1793322, 1230407, 2066939, 1111359, 2050103, 1456911, 813281, 628180, 882730, 1286447, 385748, 732881, 1447757, 1278867, 2166982, 976238, 'Stay']
[1793166, 1231907, 2071366, 1110334, 2047217, 1455623, 813692, 627855, 881069, 1285921, 402625, 760331, 1462556, 1285165, 2201091, 1007633, 'Stay']
[1793601, 1231344, 2064185, 1110103, 2050169, 1456913, 814139, 628929, 883365, 1287082, 384953, 733919, 1447365, 1279143, 2167345, 977969, 'Stay']
[1793104, 1231771, 2072955, 1112300, 2047646, 1455610, 813740, 628144, 881553, 1285936, 404012, 756935, 1462274, 1285224, 2198138, 1003318, 'Stay']
[1793444, 1231637, 2062295, 1108750, 2049503, 1456629, 814337, 628881, 883121, 1286797, 384661, 735609, 1447932, 1279228, 2169132, 980199, 'Stay']
[1792616, 1231164, 2075039, 1113714, 2047936, 1455832, 813407, 628273, 881307, 1285783, 404411, 754839, 1462048, 1285012, 2195917, 1000209, 'Stay']
[1793436, 1231450, 2061061, 1107052, 2048744, 1456242, 814281, 628966, 882597, 1286409, 384500, 739424, 1448611, 1279222, 2172687, 984377, 'Stay']
[1792442, 1230451, 2076212, 1114508, 2048072, 1456216, 813333, 628180, 881293, 1285717, 403735, 752047, 1460617, 1284459, 2192883, 996636, 'Stay']
[1793281, 1231278, 2059483, 1105517, 2048801, 1455339, 814207, 627947, 882047, 1285963, 384991, 742610, 1449344, 1279286, 2176627, 988573, 'Stay']
[1792063, 1229579, 2077249, 1115659, 2048884, 1456191, 812938, 627879, 881176, 1285602, 402415, 748068, 1459327, 1283649, 2189148, 991990, 'Stay']
[1792935, 1231414, 2058610, 1104988, 2048728, 1455771, 815217, 628695, 881668, 1286025, 386389, 746504, 1451184, 1280348, 2181075, 993153, 'Stay']
[1790970, 1228562, 2077315, 1116502, 2048864, 1456780, 813116, 627654, 881236, 1285415, 400730, 743987, 1457673, 1283005, 2184456, 987353, 'Stay']
[1790999, 1230315, 2058548, 1103837, 2047663, 1455670, 814497, 628511, 880848, 1285191, 387756, 749891, 1452784, 1280715, 2185147, 997443, 'Stay']
[1789386, 1227444, 2077256, 1116805, 2049354, 1457329, 812976, 628596, 880488, 1285043, 397913, 740784, 1455790, 1282041, 2179976, 983524, 'Stay']
[1789647, 1229584, 2059025, 1103619, 2047300, 1455166, 814481, 628199, 880180, 1284835, 389595, 752981, 1454807, 1281636, 2189340, 1001310, 'Stay']
[1788342, 1226246, 2076427, 1116725, 2048940, 1456829, 812599, 627884, 880228, 1284691, 395851, 737849, 1453708, 1281197, 2175215, 979702, 'Stay']
[1788742, 1228809, 2060531, 1103883, 2046909, 1454557, 814243, 627410, 879627, 1284065, 391911, 755047, 1456136, 1282100, 2192102, 1003943, 'Stay']
[1787496, 1225412, 2075633, 1116153, 2049967, 1457028, 812805, 628059, 880294, 1284425, 394025, 736404, 1452386, 1280747, 2172152, 977800, 'Stay']
[1787533, 1227942, 2061846, 1104345, 2046957, 1454807, 814360, 627835, 878749, 1283949, 393545, 756213, 1457547, 1283080, 2194953, 1005772, 'Stay']
[1786647, 1224584, 2073307, 1114812, 2049924, 1456821, 812684, 628070, 879813, 1284281, 391107, 734056, 1450830, 1280285, 2169117, 975714, 'Stay']
[1786891, 1227155, 2064524, 1104987, 2046832, 1454549, 814106, 627559, 878302, 1283228, 395313, 757171, 1459044, 1283297, 2197538, 1007265, 'Stay']
[1786588, 1224863, 2070997, 1113094, 2049938, 1456903, 813257, 628369, 880056, 1284421, 388907, 733145, 1449267, 1279933, 2167379, 975112, 'Stay']
[1786129, 1226288, 2066678, 1105924, 2046753, 1454513, 813216, 627197, 878095, 1283083, 397188, 756606, 1459784, 1283751, 2198430, 1006839, 'Stay']
[1786409, 1224861, 2068733, 1111337, 2049507, 1457104, 813963, 629256, 879767, 1284400, 386483, 732325, 1448027, 1279353, 2166376, 975416, 'Stay']
[1786096, 1226241, 2068901, 1107419, 2046528, 1455041, 813889, 628210, 877935, 1283251, 399196, 757173, 1460547, 1284456, 2199084, 1007031, 'Stay']
[1786423, 1225301, 2066123, 1109293, 2049647, 1456098, 813402, 627924, 879991, 1284437, 384822, 732124, 1447283, 1278998, 2165528, 976135, 'Stay']
[1786764, 1226845, 2071367, 1109479, 2046814, 1455097, 813589, 628059, 878329, 1283555, 400860, 755657, 1461544, 1284484, 2197682, 1004749, 'Stay']
[1787633, 1226722, 2064827, 1108601, 2048892, 1455871, 813672, 628298, 880199, 1284815, 384430, 734468, 1447787, 1279123, 2167302, 979387, 'Stay']
[1787480, 1227370, 2073785, 1111591, 2047343, 1455160, 813242, 627412, 879110, 1284257, 402452, 754804, 1461557, 1284616, 2195871, 1002587, 'Stay']
[1788580, 1227742, 2063350, 1107798, 2049274, 1455989, 814452, 628465, 880906, 1285247, 384118, 737153, 1448341, 1279159, 2169199, 982681, 'Stay']
[1787747, 1227318, 2075424, 1112976, 2047706, 1455591, 813283, 627984, 879577, 1284460, 402939, 752792, 1461190, 1284607, 2193012, 999451, 'Stay']
[1789095, 1228287, 2061886, 1106150, 2049035, 1455884, 814634, 628899, 880690, 1284923, 384280, 739904, 1449164, 1279333, 2172231, 986469, 'Stay']
[1788271, 1227613, 2076728, 1113968, 2048530, 1456287, 813273, 628214, 879954, 1284653, 402201, 749597, 1460160, 1284370, 2189253, 995512, 'Stay']
[1789435, 1228748, 2060383, 1104443, 2048684, 1455584, 814823, 629076, 880938, 1285052, 385308, 743070, 1450108, 1280111, 2175478, 990662, 'Stay']
[1788330, 1227250, 2077033, 1113997, 2048376, 1455947, 813105, 628162, 880040, 1284101, 400669, 745759, 1458105, 1282911, 2184631, 990994, 'Stay']
[1790207, 1229792, 2059130, 1103413, 2047853, 1455062, 815144, 629162, 881207, 1284924, 386713, 745808, 1451124, 1280457, 2178929, 994107, 'Stay']
[1788852, 1227693, 2077267, 1114839, 2048302, 1455767, 813057, 628466, 880676, 1284564, 399685, 742271, 1456446, 1282583, 2179738, 986056, 'Stay']
[1790753, 1230635, 2059416, 1102960, 2047008, 1454359, 814521, 628056, 880994, 1285069, 388983, 749610, 1453013, 1281336, 2182922, 998354, 'Stay']
[1789991, 1228210, 2077611, 1115593, 2049202, 1455805, 812664, 628187, 881559, 1285031, 398437, 740089, 1455240, 1282062, 2175802, 982751, 'Stay']
[1791327, 1231560, 2060303, 1103041, 2047074, 1454204, 814515, 628668, 881362, 1285235, 391708, 753153, 1455228, 1282336, 2187542, 1002059, 'Stay']
[1790881, 1229166, 2076579, 1115931, 2049206, 1456249, 812722, 628328, 882425, 1286255, 397107, 737902, 1453956, 1282050, 2172225, 979333, 'Stay']
[1791375, 1231754, 2061913, 1103490, 2046391, 1453688, 814152, 627768, 881434, 1285746, 394385, 755520, 1457147, 1283293, 2190966, 1004760, 'Stay']
[1790557, 1228776, 2075120, 1114963, 2049173, 1455588, 812341, 627815, 882473, 1285977, 394950, 736776, 1452640, 1281123, 2169417, 977924, 'Stay']
[1790861, 1231231, 2063485, 1103769, 2046051, 1452947, 813523, 626971, 881020, 1285041, 396193, 757007, 1458503, 1283527, 2193392, 1006367, 'Stay']
[1790541, 1228951, 2073146, 1113565, 2049376, 1455598, 812310, 627738, 882378, 1285448, 392531, 735806, 1451086, 1280222, 2166944, 976483, 'Stay']
[1791182, 1231733, 2065317, 1105132, 2046236, 1453820, 813964, 627686, 881099, 1285365, 398393, 758304, 1459863, 1284141, 2195398, 1007299, 'Stay']
[1790805, 1229520, 2070978, 1112624, 2049881, 1455973, 813505, 628523, 882575, 1286138, 390858, 735279, 1449974, 1280384, 2165377, 976073, 'Stay']
[1790192, 1230785, 2068022, 1106297, 2046114, 1453358, 813327, 627103, 880754, 1285014, 400405, 759179, 1460943, 1284761, 2197003, 1007711, 'Stay']
[1790471, 1229678, 2068643, 1110658, 2049029, 1455999, 813646, 628911, 882536, 1286125, 388562, 734994, 1448706, 1279891, 2164694, 976490, 'Stay']
[1789719, 1230150, 2069756, 1107231, 2046203, 1453324, 812731, 626842, 880526, 1284944, 401870, 758417, 1461274, 1284683, 2196500, 1006301, 'Stay']
[1789996, 1229902, 2066216, 1108859, 2049215, 1455169, 813685, 628340, 882298, 1285742, 386621, 734867, 1448015, 1279145, 2164580, 977181, 'Stay']
[1789564, 1230639, 2072297, 1109643, 2046508, 1454164, 813318, 627449, 881126, 1285470, 403650, 757153, 1461912, 1285158, 2196035, 1004257, 'Stay']
[1790360, 1230811, 2064364, 1107603, 2048961, 1455278, 814056, 628670, 882682, 1286128, 386178, 736599, 1448206, 1279363, 2166444, 980080, 'Stay']
[1789471, 1230591, 2074339, 1111051, 2046550, 1454065, 812696, 627514, 881348, 1285444, 404666, 755524, 1462121, 1284986, 2193910, 1001526, 'Stay']
[1790138, 1230761, 2062586, 1105859, 2047172, 1453858, 812933, 627488, 882230, 1285654, 385804, 739394, 1448573, 1279034, 2168761, 983752, 'Stay']
[1789604, 1230777, 2075648, 1112591, 2046263, 1454390, 812867, 627646, 881346, 1285425, 404488, 753238, 1460648, 1284411, 2190594, 998165, 'Stay']
[1790523, 1231540, 2061663, 1105301, 2047944, 1454170, 813988, 628015, 882625, 1286287, 386786, 742454, 1449719, 1279982, 2172481, 987789, 'Stay']
[1788559, 1229683, 2076835, 1112960, 2047309, 1453852, 812493, 627056, 881200, 1285377, 403730, 749937, 1460019, 1283819, 2187314, 994223, 'Stay']
[1790139, 1231435, 2060231, 1103639, 2047401, 1453885, 814194, 628076, 882126, 1285599, 387214, 744985, 1450883, 1280037, 2175890, 991687, 'Stay']
[1788863, 1229762, 2077201, 1114231, 2047755, 1455022, 812650, 627689, 881902, 1285809, 402387, 745684, 1458343, 1283681, 2182539, 989332, 'Stay']
[1790181, 1231742, 2059333, 1102558, 2047097, 1453405, 813961, 627361, 881966, 1285587, 389052, 748017, 1452500, 1280924, 2179627, 995522, 'Stay']
[1789120, 1229481, 2077727, 1114644, 2048498, 1454901, 812761, 627658, 881955, 1285535, 400689, 742258, 1456923, 1282560, 2177813, 985031, 'Stay']
[1790408, 1232217, 2060052, 1102300, 2046737, 1453549, 814435, 628080, 881682, 1285601, 391004, 751296, 1454428, 1281751, 2183762, 999702, 'Stay']
[1789317, 1229701, 2077005, 1114965, 2048391, 1455600, 813065, 628062, 882059, 1285609, 398662, 739795, 1455263, 1282127, 2173928, 981933, 'Stay']
[1790028, 1232509, 2060798, 1102535, 2046186, 1453341, 814068, 627008, 881291, 1285166, 392908, 753708, 1455785, 1282498, 2187498, 1002902, 'Stay']
[1789342, 1229989, 2076557, 1115358, 2049327, 1456125, 813124, 628560, 882082, 1285197, 396646, 738183, 1453711, 1281302, 2171040, 979714, 'Stay']
[1790383, 1233477, 2062455, 1103898, 2046601, 1454624, 815306, 628590, 881646, 1285359, 395407, 756786, 1457896, 1283370, 2192110, 1006526, 'Stay']
[1789756, 1230815, 2074801, 1115110, 2049354, 1456716, 813711, 628481, 882766, 1285754, 395062, 736614, 1452431, 1280949, 2168908, 977937, 'Stay']
[1790196, 1233270, 2064110, 1104779, 2046122, 1454126, 814732, 627687, 881712, 1285296, 397980, 757308, 1459381, 1283901, 2194815, 1007270, 'Stay']
[1789750, 1230689, 2072838, 1113502, 2048966, 1456079, 812871, 627770, 882636, 1285485, 393077, 735745, 1450950, 1279957, 2167269, 976798, 'Stay']
[1790507, 1233346, 2067096, 1106143, 2046335, 1454217, 814598, 627407, 881134, 1285104, 399881, 759342, 1460313, 1284011, 2197499, 1008783, 'Stay']
[1790514, 1231443, 2070762, 1112453, 2049697, 1456367, 814353, 628265, 883069, 1286030, 391095, 735547, 1449811, 1279807, 2166218, 976951, 'Stay']
[1790296, 1232678, 2068953, 1107337, 2046370, 1454392, 814427, 627669, 881127, 1284984, 401869, 758882, 1461277, 1284554, 2197979, 1007793, 'Stay']
[1790306, 1231003, 2068303, 1110220, 2049329, 1456024, 814168, 628566, 882687, 1285417, 388900, 734801, 1448616, 1279335, 2165786, 977175, 'Stay']
[1790463, 1232403, 2071104, 1108767, 2046293, 1454734, 813962, 627684, 881187, 1284408, 403302, 758065, 1461590, 1284480, 2198132, 1006448, 'Stay']
[1790515, 1231191, 2066124, 1108595, 2048987, 1455569, 814451, 628157, 882798, 1285240, 387788, 735410, 1448130, 1278871, 2166565, 978834, 'Stay']
[1789830, 1231509, 2073215, 1109701, 2046773, 1454475, 814102, 627569, 881128, 1284039, 404472, 756848, 1462122, 1284366, 2197082, 1004526, 'Stay']
[1790374, 1231224, 2064155, 1106620, 2048279, 1454848, 814085, 627668, 882636, 1284719, 386239, 736987, 1448419, 1278703, 2168697, 981468, 'Stay']
[1789728, 1231220, 2074883, 1111153, 2047069, 1454526, 813394, 627300, 881110, 1284193, 404242, 754258, 1461846, 1284198, 2194760, 1000721, 'Stay']
[1790990, 1232159, 2062409, 1105785, 2047911, 1454976, 814496, 628390, 882673, 1285176, 385969, 739007, 1449236, 1279035, 2171339, 984535, 'Stay']
[1790221, 1231471, 2076073, 1112576, 2046814, 1455086, 813511, 627525, 881735, 1284971, 404268, 750615, 1460697, 1284121, 2190945, 996212, 'Stay']
[1791281, 1232137, 2061716, 1104844, 2047208, 1454357, 814380, 627691, 882533, 1285362, 387036, 742050, 1450153, 1279631, 2174621, 988192, 'Stay']
[1790060, 1230719, 2077601, 1113899, 2047315, 1454938, 812931, 627695, 881555, 1284815, 403318, 748273, 1459419, 1283405, 2187371, 992591, 'Stay']
[1791169, 1232275, 2060123, 1103649, 2047136, 1454103, 814232, 627924, 882033, 1285092, 387877, 746022, 1451319, 1279977, 2178813, 992940, 'Stay']
[1789917, 1230512, 2077674, 1115012, 2048656, 1455570, 813595, 628261, 881448, 1285107, 401719, 744508, 1457861, 1282848, 2182915, 987798, 'Stay']
[1790871, 1232517, 2059941, 1103406, 2047361, 1454306, 814981, 628803, 881451, 1285154, 389645, 749555, 1453402, 1281298, 2183743, 997419, 'Stay']
[1789884, 1230535, 2077887, 1115992, 2049107, 1456496, 813838, 629166, 881542, 1284994, 399853, 741802, 1456413, 1282516, 2179482, 984566, 'Stay']
[1790866, 1232885, 2060265, 1103369, 2047174, 1454266, 814898, 628371, 881520, 1285253, 391868, 752890, 1455124, 1282328, 2188343, 1001766, 'Stay']
[1789710, 1229801, 2076755, 1115259, 2049213, 1455778, 812836, 627905, 881867, 1284757, 397829, 739159, 1454652, 1281495, 2175616, 981184, 'Stay']
[1790987, 1232667, 2060695, 1102417, 2046832, 1453555, 814575, 627983, 881284, 1284713, 393685, 754137, 1456543, 1282461, 2191132, 1003551, 'Stay']
[1790268, 1229536, 2075439, 1114095, 2048509, 1455481, 812394, 627762, 882510, 1285192, 396214, 736428, 1453147, 1281096, 2171230, 977659, 'Stay']
[1790950, 1232165, 2062563, 1102208, 2046084, 1452654, 814040, 627046, 880974, 1284492, 395767, 755979, 1457873, 1282902, 2193280, 1005424, 'Stay']
[1790650, 1229712, 2073812, 1112842, 2048685, 1454956, 812681, 627796, 882249, 1285197, 393929, 735573, 1451635, 1280294, 2168375, 976371, 'Stay']
[1791087, 1232412, 2065042, 1103709, 2045686, 1452632, 814181, 627119, 881098, 1284719, 398080, 757248, 1459292, 1283580, 2195395, 1006781, 'Stay']
[1790821, 1230361, 2071873, 1112410, 2049243, 1455106, 813666, 627828, 882945, 1285851, 392192, 734564, 1450469, 1280016, 2166262, 975613, 'Stay']
[1790808, 1232174, 2067303, 1105785, 2046143, 1453178, 814413, 627166, 881318, 1284898, 400756, 757989, 1460829, 1284150, 2196840, 1007331, 'Stay']
[1790294, 1230015, 2070288, 1111090, 2049118, 1455103, 813893, 627828, 882593, 1285262, 390422, 734129, 1449342, 1279384, 2165222, 975825, 'Stay']
[1790324, 1231777, 2070216, 1107222, 2046617, 1453760, 814581, 628093, 880766, 1284229, 402605, 758653, 1461680, 1284162, 2198166, 1007583, 'Stay']
[1790305, 1230274, 2067663, 1109203, 2049201, 1454837, 814240, 628396, 882682, 1285278, 388535, 734315, 1448526, 1279013, 2165530, 977119, 'Stay']
[1790294, 1231367, 2072051, 1108446, 2046577, 1453339, 813952, 627127, 880635, 1283980, 403766, 757510, 1461988, 1284208, 2197539, 1005719, 'Stay']
[1790559, 1230590, 2065516, 1107226, 2048760, 1454415, 814729, 628203, 882335, 1285375, 387396, 735942, 1448453, 1278858, 2167098, 979674, 'Stay']
[1789988, 1230648, 2073488, 1109302, 2046938, 1453699, 814072, 627308, 880757, 1284352, 404661, 755460, 1461824, 1284215, 2195584, 1002682, 'Stay']
[1790484, 1230543, 2063145, 1105312, 2048488, 1454344, 814285, 627816, 882121, 1284807, 386547, 736691, 1448625, 1278276, 2168395, 981739, 'Stay']
[1789496, 1230096, 2074706, 1110360, 2046514, 1453767, 812978, 626600, 880553, 1283930, 404613, 752421, 1461192, 1283553, 2192486, 998932, 'Stay']
[1790658, 1230924, 2061472, 1104332, 2047436, 1454086, 814008, 627537, 881921, 1284771, 386447, 738942, 1448849, 1278599, 2170964, 984905, 'Stay']
[1789625, 1230151, 2076594, 1112456, 2046424, 1454453, 812551, 627146, 880787, 1284446, 404304, 749518, 1459965, 1283590, 2188948, 994924, 'Stay']
[1791159, 1231728, 2061124, 1104055, 2047013, 1453781, 814610, 627480, 881843, 1284906, 387842, 743551, 1450351, 1279760, 2175446, 990139, 'Stay']
[1789974, 1230280, 2077377, 1113760, 2047324, 1454460, 813100, 627193, 881453, 1284781, 403756, 746908, 1458906, 1283423, 2185390, 990955, 'Stay']
[1791250, 1231916, 2059940, 1103035, 2046784, 1453598, 814462, 627694, 881797, 1284890, 389185, 746320, 1451740, 1280385, 2179477, 993701, 'Stay']
[1789577, 1229467, 2077799, 1114177, 2048252, 1454591, 813032, 627256, 881257, 1284300, 401860, 743251, 1457438, 1282559, 2181378, 986671, 'Stay']
[1790859, 1231821, 2059754, 1102130, 2046980, 1453471, 814819, 628144, 881400, 1284121, 390846, 749508, 1453811, 1280890, 2184205, 997933, 'Stay']
[1789619, 1229025, 2077639, 1114193, 2048219, 1454858, 813151, 627988, 881354, 1284007, 400116, 740155, 1455986, 1281750, 2177606, 982971, 'Stay']
[1790474, 1231493, 2060422, 1101165, 2046077, 1452987, 814166, 627300, 880799, 1283806, 392507, 752398, 1455298, 1281499, 2188284, 1001924, 'Stay']
[1789506, 1228759, 2076557, 1113691, 2048720, 1455158, 812884, 627824, 881264, 1283789, 397542, 737582, 1454056, 1280785, 2173561, 980061, 'Stay']
[1790824, 1231888, 2061854, 1101772, 2045705, 1453269, 814571, 627711, 880639, 1284001, 394671, 754377, 1456943, 1282488, 2191306, 1004580, 'Stay']
[1789842, 1228839, 2075448, 1113110, 2047791, 1455083, 812636, 627925, 881859, 1284301, 396058, 736919, 1452716, 1280773, 2170597, 978756, 'Stay']
[1790544, 1231532, 2063242, 1102016, 2045155, 1452371, 813697, 626910, 880581, 1283699, 396651, 756266, 1458039, 1282861, 2193434, 1006824, 'Stay']
[1790434, 1229403, 2073453, 1112155, 2048317, 1454606, 812734, 627230, 882319, 1284605, 393952, 735016, 1450948, 1280000, 2167063, 977004, 'Stay']
[1790634, 1231899, 2065748, 1103541, 2045071, 1452308, 813853, 626800, 880877, 1284207, 399652, 757253, 1459481, 1283652, 2195047, 1007692, 'Stay']
[1790685, 1230020, 2071551, 1111568, 2048482, 1454717, 813348, 628130, 882575, 1285432, 392380, 733764, 1449667, 1279875, 2164554, 975660, 'Stay']
[1791005, 1232043, 2069258, 1106272, 2045459, 1453037, 814116, 627587, 880854, 1284443, 402049, 757692, 1460659, 1284407, 2196130, 1007506, 'Stay']
[1790638, 1230297, 2070055, 1110415, 2048864, 1454768, 813714, 628022, 882896, 1285915, 391091, 734660, 1449206, 1280072, 2164943, 977214, 'Stay']
[1790324, 1231145, 2071206, 1107149, 2046183, 1452788, 813934, 627145, 880808, 1284233, 403735, 757197, 1461368, 1284395, 2196278, 1006232, 'Stay']
[1790801, 1230522, 2067808, 1108387, 2049352, 1454768, 814645, 628504, 882813, 1285356, 389301, 734328, 1448570, 1279262, 2164881, 977807, 'Stay']
[1789752, 1230332, 2073191, 1107788, 2046351, 1453020, 813632, 627315, 880683, 1283924, 405072, 756437, 1462017, 1284575, 2196064, 1004864, 'Stay']
[1789772, 1229255, 2065037, 1105199, 2048002, 1453622, 813830, 627735, 882121, 1284221, 387251, 735195, 1448023, 1278425, 2165747, 979854, 'Stay']
[1789093, 1229552, 2074294, 1108238, 2046632, 1453220, 813671, 627332, 879963, 1282834, 404601, 754415, 1461470, 1283476, 2193226, 1001903, 'Stay']
[1790277, 1230143, 2063309, 1104061, 2047862, 1453749, 814350, 628180, 881863, 1284266, 386712, 737347, 1448472, 1278639, 2167403, 982798, 'Stay']
[1788941, 1229309, 2075995, 1110093, 2046188, 1453299, 813071, 627012, 880382, 1283450, 404965, 752062, 1460962, 1283777, 2189781, 998338, 'Stay']
[1790631, 1230768, 2061716, 1103445, 2047596, 1453555, 814491, 627776, 882010, 1284310, 386881, 740105, 1449448, 1279027, 2170141, 986613, 'Stay']
[1789239, 1229325, 2077715, 1112180, 2046786, 1454164, 813282, 627846, 881141, 1284071, 404733, 748329, 1460091, 1283707, 2185709, 993861, 'Stay']
[1790723, 1231181, 2061556, 1103125, 2047116, 1453821, 814821, 628381, 882069, 1284536, 388353, 743984, 1451244, 1279697, 2174597, 991755, 'Stay']
[1789130, 1229076, 2079283, 1113732, 2047257, 1454398, 813121, 627525, 881622, 1284564, 403763, 745633, 1459064, 1283195, 2182011, 990389, 'Stay']
[1790955, 1231835, 2062097, 1103221, 2046972, 1453945, 814896, 628453, 881932, 1285146, 390407, 748549, 1453009, 1280938, 2179258, 997043, 'Stay']
[1789832, 1229822, 2079618, 1114697, 2048169, 1455084, 813158, 627903, 881839, 1285258, 402282, 743841, 1457559, 1283187, 2178582, 987733, 'Stay']
[1790937, 1232237, 2061519, 1102145, 2046421, 1453470, 814894, 628187, 881815, 1285293, 392346, 751102, 1454260, 1281940, 2182890, 1000387, 'Stay']
[1789609, 1229155, 2078938, 1114029, 2048475, 1455120, 813814, 628386, 881869, 1285001, 400203, 739997, 1455406, 1282029, 2173931, 982962, 'Stay']
[1790739, 1231915, 2062477, 1101121, 2046755, 1453230, 815362, 628302, 881221, 1284394, 394116, 753673, 1456029, 1282114, 2187275, 1003593, 'Stay']
[1789841, 1228798, 2077856, 1113200, 2049299, 1455011, 813694, 627883, 882072, 1284869, 397959, 737618, 1453772, 1281247, 2170650, 979866, 'Stay']
[1790317, 1231308, 2063426, 1100800, 2046128, 1452437, 815184, 627589, 880853, 1283974, 395857, 755721, 1457395, 1282443, 2190768, 1006302, 'Stay']
[1789455, 1228485, 2076026, 1112091, 2049043, 1454693, 813625, 627973, 881948, 1284369, 395406, 736219, 1452239, 1280253, 2167924, 978336, 'Stay']
[1789602, 1230980, 2064920, 1101457, 2045572, 1451804, 813991, 626559, 880252, 1283503, 397543, 757174, 1458870, 1282748, 2193290, 1007851, 'Stay']
[1789470, 1228697, 2073020, 1110646, 2048845, 1454158, 813004, 627626, 881844, 1284162, 392801, 734768, 1450721, 1279228, 2165078, 976671, 'Stay']
[1790228, 1231495, 2066636, 1103222, 2045919, 1452506, 814207, 627538, 880511, 1283602, 400068, 757617, 1460392, 1283453, 2194708, 1008033, 'Stay']
[1790058, 1229313, 2070951, 1109830, 2048506, 1454364, 813457, 628019, 882525, 1284729, 391652, 733831, 1450023, 1279635, 2163671, 976030, 'Stay']
[1790617, 1231523, 2068843, 1105143, 2045685, 1452929, 814252, 627404, 880925, 1284129, 402427, 757524, 1461501, 1284497, 2195215, 1007157, 'Stay']
[1790546, 1229847, 2069033, 1108607, 2048396, 1454650, 814069, 628583, 882606, 1285092, 390200, 733797, 1449157, 1279643, 2163092, 976659, 'Stay']
[1790305, 1230871, 2071299, 1106534, 2045652, 1452772, 813753, 627445, 880825, 1284137, 404213, 758011, 1461831, 1284835, 2195417, 1006793, 'Stay']
[1790591, 1229881, 2066319, 1106133, 2047840, 1453650, 814103, 628088, 882256, 1284633, 388200, 735397, 1448199, 1278975, 2163615, 978920, 'Stay']
[1790128, 1230520, 2072966, 1107403, 2046078, 1452866, 813988, 627417, 881038, 1284001, 405173, 756096, 1461783, 1284595, 2193513, 1004027, 'Stay']
[1790303, 1229931, 2063884, 1103954, 2048164, 1453413, 814483, 628263, 882286, 1284343, 387494, 736568, 1448325, 1278698, 2165317, 981452, 'Stay']
[1788704, 1229128, 2074329, 1107895, 2046258, 1452407, 813234, 627113, 880450, 1283079, 405170, 753684, 1461251, 1283686, 2191086, 1000869, 'Stay']
[1789854, 1230152, 2061992, 1102482, 2047549, 1452781, 814494, 627730, 881332, 1283428, 386428, 738966, 1448530, 1277902, 2167807, 985181, 'Stay']
[1789118, 1229920, 2075769, 1110114, 2046716, 1453513, 814069, 627592, 880692, 1283562, 405016, 750989, 1460246, 1283563, 2187762, 997473, 'Stay']
[1790281, 1231051, 2060340, 1102258, 2047810, 1453455, 814825, 628017, 881964, 1284144, 387529, 741564, 1449685, 1279174, 2170968, 988949, 'Stay']
[1788854, 1229554, 2076149, 1111549, 2047714, 1454041, 814021, 627680, 880933, 1283669, 404092, 746903, 1459208, 1283235, 2183485, 992512, 'Stay']
[1790466, 1231433, 2059385, 1101506, 2047240, 1453218, 815101, 628193, 881464, 1283541, 388476, 744596, 1451266, 1279365, 2175159, 992745, 'Stay']
[1789455, 1229863, 2077197, 1112888, 2047418, 1454407, 813711, 627792, 881236, 1283536, 403006, 744153, 1457981, 1282454, 2180248, 988564, 'Stay']
[1791269, 1232360, 2059275, 1101888, 2046865, 1453735, 815432, 628033, 881675, 1284344, 390761, 748265, 1452867, 1280776, 2179622, 996746, 'Stay']
[1790122, 1230000, 2077611, 1114012, 2048107, 1454988, 813371, 627774, 881342, 1283982, 401524, 741907, 1456414, 1282140, 2176446, 985137, 'Stay']
[1791945, 1233439, 2059902, 1101926, 2046671, 1453818, 815599, 628310, 881617, 1284495, 393307, 752621, 1454724, 1281773, 2184475, 1001674, 'Stay']
[1790749, 1230547, 2077071, 1114460, 2048424, 1455387, 813424, 627716, 882312, 1284849, 400491, 739982, 1454700, 1282064, 2172926, 982196, 'Stay']
[1791619, 1233454, 2061136, 1102348, 2046126, 1453810, 815293, 628333, 881699, 1284586, 395796, 755017, 1456288, 1282725, 2188208, 1004542, 'Stay']
[1790683, 1230439, 2075778, 1114399, 2049044, 1455582, 814210, 628167, 882604, 1284877, 398471, 738055, 1453387, 1281476, 2169908, 979615, 'Stay']
[1791052, 1232755, 2062503, 1102436, 2045872, 1453323, 815375, 628356, 881043, 1283918, 397584, 756700, 1457922, 1283183, 2191752, 1006769, 'Stay']
[1790294, 1229625, 2074023, 1112693, 2048356, 1455521, 814056, 628445, 881948, 1283897, 395658, 736567, 1451573, 1280117, 2167435, 978222, 'Stay']
[1790431, 1231809, 2064570, 1102670, 2045600, 1452782, 814893, 627089, 880637, 1283040, 399270, 758117, 1458914, 1283099, 2194370, 1008645, 'Stay']
[1790015, 1229449, 2072324, 1111253, 2049226, 1455052, 814258, 628078, 881908, 1283616, 393464, 735442, 1450291, 1279453, 2165495, 977441, 'Stay']
[1790466, 1231807, 2067255, 1104476, 2045942, 1453139, 815004, 627500, 880677, 1283106, 401389, 758505, 1460525, 1283769, 2195978, 1009016, 'Stay']
[1789691, 1229520, 2070031, 1109767, 2048574, 1454741, 814170, 628231, 882001, 1283841, 391519, 734844, 1449609, 1279286, 2164604, 977750, 'Stay']
[1789860, 1231248, 2069352, 1106131, 2045821, 1453115, 814718, 627490, 880293, 1283284, 402976, 757822, 1461421, 1284012, 2195942, 1007982, 'Stay']
[1790131, 1230087, 2067478, 1108751, 2048676, 1454747, 814986, 628531, 882307, 1284499, 389945, 734632, 1449070, 1279262, 2164211, 978305, 'Stay']
[1790037, 1231182, 2071248, 1108100, 2046019, 1453139, 814082, 627145, 880347, 1283551, 405012, 757323, 1462128, 1284560, 2195624, 1006356, 'Stay']
[1790854, 1231032, 2065639, 1107816, 2048689, 1454402, 814695, 628005, 882291, 1284657, 388981, 735565, 1448741, 1279148, 2164568, 979900, 'Stay']
[1790265, 1231363, 2074334, 1110287, 2046092, 1453508, 814258, 627760, 880741, 1283823, 406643, 756495, 1462306, 1284748, 2193893, 1004309, 'Stay']
[1790974, 1231478, 2064057, 1106701, 2048149, 1454129, 815248, 628399, 882495, 1284984, 388615, 738626, 1448949, 1279435, 2167076, 983896, 'Stay']
[1789816, 1230594, 2075271, 1111237, 2046873, 1453253, 814035, 627623, 880631, 1283892, 406440, 754089, 1461453, 1284386, 2191063, 1000806, 'Stay']
[1790914, 1231113, 2061655, 1104582, 2047627, 1452961, 814903, 628134, 882095, 1284591, 388159, 740573, 1449341, 1279234, 2169364, 986612, 'Stay']
[1789390, 1229495, 2076349, 1111731, 2046501, 1452705, 813519, 627393, 880566, 1283817, 405476, 750322, 1460158, 1283532, 2186909, 995897, 'Stay']
[1790492, 1230805, 2060542, 1102851, 2046715, 1452257, 814859, 627970, 881327, 1284136, 388189, 743856, 1450245, 1279085, 2173101, 990974, 'Stay']
