[1107693, 2082447, 946467, 355542, 1288949, 1366907, 363943, 96184, 1066306, 1107520, -10764, 592640, 1089050, 1916244, 1360966, 811591, 'Stay']
[1117561, 2096211, 916629, 309607, 1291970, 1346155, 376600, 104723, 1062811, 1103303, 5198, 657689, 1092079, 1945691, 1399181, 858491, 'Stay']
[1108252, 2083460, 937264, 350521, 1290269, 1363213, 365846, 97786, 1067772, 1109238, -18576, 584633, 1087188, 1910914, 1356966, 807867, 'Stay']
[1115657, 2094315, 926160, 315878, 1290749, 1350405, 375343, 103392, 1060556, 1101808, 12118, 667846, 1094334, 1951353, 1402682, 861360, 'Stay']
[1109371, 2084270, 929315, 343666, 1290821, 1358958, 366102, 99006, 1068990, 1109125, -25193, 579865, 1084636, 1906895, 1355821, 807299, 'Stay']
[1115940, 2093693, 934703, 322731, 1290575, 1354710, 375330, 102921, 1060244, 1101095, 18584, 673840, 1096511, 1954166, 1404256, 862291, 'Stay']
[1112581, 2086770, 919890, 336396, 1292428, 1354178, 369043, 100023, 1071379, 1110260, -28949, 577739, 1083609, 1903850, 1355549, 807345, 'Stay']
[1116112, 2092981, 942308, 330542, 1290292, 1358612, 372016, 100916, 1060627, 1101360, 24208, 677145, 1098936, 1955842, 1403690, 860263, 'Stay']
[1113890, 2088151, 911952, 328980, 1292694, 1349751, 370354, 100994, 1072185, 1110838, -31810, 578955, 1082321, 1902433, 1356315, 808657, 'Stay']
[1114329, 2090718, 950876, 338364, 1289289, 1363217, 371710, 100120, 1059103, 1100676, 26104, 676816, 1099330, 1955014, 1402186, 858033, 'Stay']
[1114863, 2089455, 906020, 321430, 1293086, 1346304, 371693, 102535, 1071541, 1110131, -33828, 582820, 1081110, 1902727, 1359567, 813487, 'Stay']
[1112335, 2088516, 957337, 345327, 1288580, 1367012, 369193, 98717, 1058639, 1100538, 25824, 672218, 1099536, 1953049, 1398708, 854069, 'Stay']
[1115243, 2090539, 901371, 314265, 1293373, 1343099, 373509, 103767, 1070570, 1109217, -34150, 589319, 1080741, 1905645, 1363505, 819121, 'Stay']
[1110685, 2086424, 962044, 351286, 1288413, 1369792, 367929, 97461, 1058535, 1100795, 23535, 664694, 1099177, 1949711, 1393986, 848681, 'Stay']
[1116272, 2091847, 897944, 308039, 1293364, 1340099, 373611, 103881, 1069766, 1108189, -31910, 598265, 1081376, 1909588, 1368499, 825211, 'Stay']
[1109497, 2084541, 964403, 356001, 1287978, 1371375, 365631, 95781, 1059134, 1101205, 20068, 654569, 1098283, 1944766, 1387852, 841412, 'Stay']
[1117828, 2093564, 897141, 303979, 1293847, 1338463, 375570, 104331, 1068998, 1107435, -27266, 609745, 1082564, 1915106, 1374291, 832113, 'Stay']
[1109664, 2083856, 964198, 359551, 1288442, 1372225, 364668, 96156, 1060932, 1103036, 15375, 643437, 1097518, 1938906, 1381596, 834360, 'Stay']
[1119295, 2095037, 897312, 301751, 1293563, 1337791, 375844, 105331, 1068552, 1107118, -20970, 622991, 1084745, 1921247, 1380074, 838705, 'Stay']
[1109401, 2082898, 961890, 361259, 1288079, 1371904, 364623, 95454, 1062338, 1104232, 9315, 631645, 1095736, 1932278, 1374842, 826868, 'Stay']
[1120078, 2096211, 901554, 301804, 1292978, 1338934, 376860, 105465, 1067180, 1105985, -13153, 636642, 1086620, 1928134, 1386470, 845985, 'Stay']
[1109537, 2082989, 957884, 360954, 1288454, 1370646, 363528, 95591, 1064677, 1106302, 2853, 619698, 1093856, 1925710, 1369011, 820695, 'Stay']
[1119623, 2096235, 906917, 303453, 1292531, 1340699, 377149, 105791, 1065591, 1105182, -5334, 649759, 1088861, 1935866, 1392532, 852398, 'Stay']
[1108892, 2082155, 951556, 358101, 1289012, 1368126, 364285, 96958, 1065697, 1107142, -5494, 607543, 1091087, 1919136, 1363958, 815323, 'Stay']
[1118789, 2095334, 913948, 306607, 1292020, 1343523, 376554, 104541, 1063300, 1103504, 1505, 660399, 1091187, 1941596, 1397308, 857366, 'Stay']
[1109265, 2082068, 944177, 353188, 1289706, 1364768, 365022, 96950, 1066988, 1108051, -13772, 596963, 1088907, 1912618, 1359378, 810886, 'Stay']
[1117823, 2094207, 923162, 311477, 1290953, 1348033, 375770, 104622, 1061156, 1101936, 8695, 670068, 1093391, 1946989, 1401388, 861420, 'Stay']
[1110170, 2083027, 936206, 346936, 1290112, 1361390, 365797, 98266, 1067918, 1108954, -20917, 588787, 1086441, 1907759, 1356693, 808914, 'Stay']
[1117203, 2093669, 931541, 317947, 1290223, 1352050, 375052, 103469, 1059921, 1101388, 15010, 676326, 1095568, 1951439, 1403248, 862856, 'Stay']
[1111374, 2084467, 927418, 340407, 1290643, 1356758, 366966, 98975, 1069584, 1109989, -26711, 583725, 1084506, 1904409, 1355162, 807653, 'Stay']
[1116798, 2092988, 939597, 325696, 1289919, 1355956, 373262, 102758, 1059639, 1101228, 20817, 680146, 1097588, 1954181, 1403882, 862510, 'Stay']
[1112881, 2086032, 918620, 333158, 1291222, 1352006, 368479, 100990, 1070864, 1110524, -30450, 581684, 1083088, 1902520, 1354957, 808177, 'Stay']
[1115058, 2090743, 948383, 333423, 1288580, 1359993, 371645, 100258, 1058907, 1100881, 24719, 680714, 1099095, 1955369, 1402590, 860582, 'Stay']
[1114390, 2087714, 911736, 325463, 1291953, 1347603, 370609, 101781, 1071307, 1110711, -33215, 583301, 1081901, 1902103, 1356714, 811464, 'Stay']
[1113934, 2089148, 956659, 341346, 1288477, 1364259, 369891, 99571, 1058076, 1100729, 26232, 679041, 1099556, 1954730, 1400353, 857804, 'Stay']
[1116598, 2090168, 905632, 318312, 1293339, 1343977, 372309, 103248, 1071267, 1110737, -33778, 589289, 1081262, 1903949, 1360549, 816483, 'Stay']
[1113049, 2087601, 960889, 348627, 1288681, 1368144, 369461, 99234, 1059346, 1102304, 26223, 673350, 1100183, 1952101, 1395869, 851706, 'Stay']
[1116794, 2090696, 901181, 312275, 1292985, 1341778, 373884, 104284, 1070489, 1109993, -32217, 597348, 1081627, 1907512, 1365089, 821828, 'Stay']
[1111229, 2085542, 964555, 354332, 1287520, 1370806, 366607, 97639, 1058549, 1101974, 22854, 664703, 1099193, 1947755, 1390956, 846143, 'Stay']
[1117966, 2092868, 898603, 307447, 1293372, 1340107, 375247, 105727, 1069749, 1109479, -29411, 606920, 1082308, 1911948, 1370480, 828231, 'Stay']
[1110361, 2084607, 965895, 359283, 1287996, 1373314, 366734, 97909, 1059769, 1103361, 18648, 653957, 1098687, 1942980, 1385469, 839047, 'Stay']
[1119364, 2094719, 898261, 304636, 1293695, 1339606, 376954, 107036, 1068689, 1108539, -24135, 618529, 1084101, 1918533, 1377418, 835606, 'Stay']
[1110092, 2083477, 964978, 362401, 1287803, 1373860, 365279, 97181, 1060975, 1104236, 13467, 640996, 1097299, 1937110, 1379451, 831802, 'Stay']
[1120299, 2095449, 900778, 303574, 1292958, 1340125, 376635, 106545, 1067279, 1107049, -17343, 630586, 1085916, 1925537, 1383784, 842978, 'Stay']
[1110793, 2083242, 961564, 363272, 1288706, 1373321, 365192, 96591, 1062706, 1105444, 6764, 627556, 1095238, 1930337, 1373039, 825010, 'Stay']
[1121664, 2096735, 904695, 304702, 1293500, 1341571, 378205, 106801, 1066312, 1106281, -9120, 643317, 1088419, 1932384, 1389745, 849313, 'Stay']
[1110943, 2082695, 956841, 362164, 1288781, 1371587, 364905, 96480, 1064563, 1106639, 47, 615598, 1093392, 1923450, 1367394, 818788, 'Stay']
[1121623, 2096611, 911849, 307316, 1292591, 1344168, 377594, 106047, 1064376, 1104490, -1009, 655849, 1090490, 1938461, 1395445, 855476, 'Stay']
[1111613, 2082945, 950914, 358893, 1289259, 1369181, 364856, 96608, 1066019, 1107560, -7331, 604562, 1090656, 1916748, 1362818, 814289, 'Stay']
[1121665, 2096404, 919738, 311341, 1292203, 1347508, 377385, 104413, 1062713, 1102941, 6979, 665926, 1092851, 1944863, 1399989, 860190, 'Stay']
[1112793, 2084000, 942244, 353799, 1290169, 1365303, 365582, 97622, 1068238, 1108927, -14276, 594293, 1088998, 1911256, 1358549, 810032, 'Stay']
[1120157, 2094983, 928061, 317204, 1290618, 1351148, 375464, 103602, 1061559, 1102140, 14185, 673663, 1095778, 1949934, 1402485, 861872, 'Stay']
[1112992, 2084501, 933765, 347165, 1290336, 1360817, 367132, 99323, 1068935, 1109054, -21480, 587013, 1086862, 1906739, 1356422, 808109, 'Stay']
[1118821, 2093859, 936590, 324278, 1290158, 1355183, 375359, 103429, 1060066, 1101127, 19454, 678472, 1097974, 1953516, 1404448, 863010, 'Stay']
[1113455, 2085405, 925070, 340085, 1290715, 1356069, 367757, 99677, 1070285, 1109983, -27143, 582390, 1085301, 1903803, 1355793, 807802, 'Stay']
[1116757, 2091951, 945761, 331753, 1288569, 1359501, 372487, 101367, 1058635, 1100358, 23556, 680223, 1099119, 1955351, 1404307, 862354, 'Stay']
[1114457, 2087158, 917331, 332527, 1291250, 1351849, 369887, 102033, 1070222, 1110030, -31288, 581183, 1083176, 1902535, 1356962, 810372, 'Stay']
[1115395, 2090386, 953408, 339815, 1288334, 1363907, 372264, 101423, 1058155, 1100665, 26100, 678648, 1100300, 1955823, 1402888, 859996, 'Stay']
[1115003, 2088093, 910851, 325214, 1291548, 1347952, 371429, 102773, 1070485, 1110208, -33076, 584011, 1082600, 1903598, 1359735, 814152, 'Stay']
[1113584, 2088065, 960200, 347068, 1287811, 1367661, 370599, 99736, 1057408, 1100675, 26197, 674437, 1100872, 1954089, 1399793, 856264, 'Stay']
[1116338, 2089670, 904990, 318265, 1292369, 1344511, 373261, 104297, 1070295, 1109898, -33054, 589929, 1082936, 1905556, 1363242, 819043, 'Stay']
[1111841, 2085719, 964731, 353535, 1287515, 1370717, 368038, 98271, 1057738, 1100888, 24889, 667437, 1101124, 1950713, 1394863, 850100, 'Stay']
[1117019, 2090605, 901844, 312066, 1292642, 1341940, 375003, 105282, 1069160, 1108509, -31077, 598828, 1083398, 1909288, 1368392, 825382, 'Stay']
[1109986, 2083103, 967541, 358513, 1287182, 1372873, 367080, 97442, 1058165, 1100930, 21387, 656846, 1100331, 1945444, 1389569, 843359, 'Stay']
[1117609, 2091362, 900180, 307030, 1293079, 1339956, 376027, 105231, 1067583, 1106291, -27416, 608100, 1083871, 1913965, 1374587, 832337, 'Stay']
[1108425, 2081121, 967491, 361473, 1287479, 1373629, 365771, 96752, 1058888, 1101408, 16152, 644328, 1099107, 1939567, 1383279, 836334, 'Stay']
[1117561, 2091842, 900664, 304302, 1292957, 1339358, 376753, 105948, 1066277, 1105408, -22063, 620249, 1085614, 1920045, 1380382, 839403, 'Stay']
[1106773, 2078799, 966124, 363180, 1287126, 1373624, 364287, 95820, 1059529, 1101930, 9289, 631988, 1097156, 1932316, 1376796, 829176, 'Stay']
[1117541, 2091813, 904847, 303435, 1292640, 1340246, 377646, 105974, 1064159, 1103334, -15783, 633323, 1087272, 1926269, 1387024, 846839, 'Stay']
[1107059, 2078421, 962365, 362507, 1287608, 1372576, 364638, 96372, 1060929, 1102965, 1789, 619359, 1094866, 1925179, 1370962, 822829, 'Stay']
[1118139, 2092520, 909439, 304789, 1292252, 1342147, 377748, 105883, 1063174, 1102742, -7857, 646020, 1089903, 1933240, 1392436, 852346, 'Stay']
[1107156, 2078250, 956149, 360280, 1287679, 1370298, 364319, 96302, 1062952, 1104686, -5255, 608037, 1092898, 1918902, 1364928, 816310, 'Stay']
[1117189, 2091840, 916785, 308125, 1290867, 1344808, 377517, 105457, 1061041, 1101253, -144, 657951, 1091920, 1939868, 1397326, 857392, 'Stay']
[1106514, 2077886, 949783, 356198, 1287759, 1366760, 365307, 96976, 1063681, 1105410, -13398, 597387, 1089966, 1912733, 1360873, 812355, 'Stay']
[1115847, 2090956, 925860, 312928, 1289908, 1348044, 377017, 105068, 1058445, 1099762, 6352, 667430, 1093581, 1945601, 1401849, 862111, 'Stay']
[1107899, 2079405, 940780, 350502, 1289011, 1362586, 367107, 99041, 1065256, 1106977, -21203, 588539, 1087512, 1908047, 1357954, 809737, 'Stay']
[1114936, 2089992, 933454, 319553, 1289321, 1351988, 375647, 104040, 1057794, 1099870, 13239, 674431, 1096147, 1950705, 1403479, 863112, 'Stay']
[1108408, 2080003, 932307, 343803, 1289166, 1358174, 367752, 99763, 1065953, 1107524, -27427, 583414, 1085213, 1904568, 1355822, 808403, 'Stay']
[1113998, 2088574, 943215, 326713, 1288221, 1356253, 374404, 102534, 1056069, 1098676, 18503, 679150, 1097785, 1953697, 1404650, 864150, 'Stay']
[1111273, 2082686, 923448, 336437, 1290791, 1353302, 370253, 101306, 1067573, 1108480, -31569, 581191, 1083764, 1902129, 1355777, 809742, 'Stay']
[1113595, 2087561, 950850, 334831, 1288002, 1360153, 373194, 101429, 1056264, 1099238, 23306, 680489, 1099822, 1954527, 1403298, 861964, 'Stay']
[1112611, 2084168, 916391, 328869, 1290656, 1348952, 370984, 101793, 1068022, 1108400, -33956, 583139, 1082662, 1901455, 1357169, 812257, 'Stay']
[1113123, 2086443, 958561, 342460, 1287071, 1364601, 372071, 99924, 1055881, 1099031, 25099, 678948, 1100347, 1954039, 1401031, 858883, 'Stay']
[1114976, 2086492, 910298, 321622, 1291196, 1345508, 373567, 103549, 1068776, 1108389, -34480, 587928, 1082219, 1902632, 1360259, 816272, 'Stay']
[1112499, 2085092, 965003, 349682, 1286400, 1368394, 369885, 98734, 1056494, 1099509, 25661, 674182, 1100943, 1951526, 1397319, 854040, 'Stay']
[1117286, 2089098, 906323, 315090, 1291396, 1342540, 374196, 103803, 1069037, 1108299, -32583, 595883, 1082792, 1905528, 1365226, 822556, 'Stay']
[1112560, 2084448, 968856, 355747, 1286610, 1370964, 369466, 97934, 1057457, 1100764, 23838, 666181, 1100909, 1947634, 1392481, 848256, 'Stay']
[1118876, 2090848, 903621, 310044, 1292137, 1340044, 376959, 105294, 1068644, 1108073, -29130, 605711, 1083716, 1910672, 1370641, 828776, 'Stay']
[1111529, 2082862, 970789, 360381, 1286731, 1372475, 367957, 97262, 1058241, 1101623, 19992, 655744, 1099813, 1942590, 1386874, 841442, 'Stay']
[1120376, 2092771, 902800, 306328, 1292774, 1338783, 378380, 106566, 1067972, 1107727, -24054, 617125, 1084928, 1916511, 1376897, 835837, 'Stay']
[1111045, 2081691, 969674, 363168, 1286870, 1372655, 367236, 96630, 1059909, 1103286, 14707, 643604, 1098562, 1936960, 1380772, 834026, 'Stay']
[1120503, 2093104, 905256, 304179, 1291927, 1338663, 379447, 106539, 1065928, 1106013, -18326, 630153, 1086595, 1923049, 1383718, 843377, 'Stay']
[1110586, 2080786, 967619, 363505, 1286828, 1372379, 365986, 96506, 1060952, 1104080, 7253, 630762, 1096679, 1929550, 1375079, 827704, 'Stay']
[1121547, 2094480, 908989, 304143, 1291957, 1339962, 379264, 106655, 1064958, 1105382, -11058, 642688, 1088980, 1929489, 1389911, 850299, 'Stay']
[1110582, 2080523, 962751, 362415, 1287100, 1370768, 366471, 97023, 1062896, 1106018, 199, 618063, 1094584, 1922910, 1368836, 820980, 'Stay']
[1121799, 2094942, 915403, 306375, 1291035, 1342117, 379127, 106186, 1063198, 1104138, -3190, 655197, 1091134, 1936944, 1395453, 856239, 'Stay']
[1112157, 2081791, 955791, 359603, 1287727, 1367711, 366671, 97260, 1065226, 1107749, -7103, 606895, 1092451, 1917086, 1363558, 815470, 'Stay']
[1121784, 2094905, 923121, 311214, 1289990, 1344926, 377881, 104698, 1062324, 1103632, 5447, 666838, 1094227, 1943553, 1399887, 860464, 'Stay']
[1113136, 2082543, 948469, 355528, 1288133, 1364011, 367489, 97994, 1066888, 1109104, -14198, 598024, 1090156, 1911241, 1360042, 812066, 'Stay']
[1122018, 2094972, 930809, 317629, 1290029, 1348980, 378392, 105123, 1061643, 1103441, 13231, 675654, 1096661, 1948865, 1403430, 863530, 'Stay']
[1114197, 2083543, 939514, 349557, 1289374, 1360195, 368875, 99213, 1068668, 1110187, -20597, 590875, 1088262, 1907137, 1357592, 809733, 'Stay']
[1120628, 2093293, 940104, 324375, 1289217, 1353381, 376405, 103121, 1059963, 1102383, 19300, 681855, 1098661, 1953006, 1405315, 864784, 'Stay']
[1115575, 2084746, 930581, 342002, 1289826, 1355484, 368955, 99415, 1069586, 1110740, -26258, 586896, 1086067, 1904156, 1356432, 809462, 'Stay']
[1119375, 2091419, 949221, 331586, 1288045, 1357691, 375079, 102151, 1058342, 1101142, 23861, 684930, 1099761, 1955131, 1405009, 864157, 'Stay']
[1116758, 2086107, 922752, 334134, 1290521, 1351168, 371788, 101741, 1070083, 1110839, -30291, 586278, 1084416, 1902440, 1357081, 811425, 'Stay']
[1118223, 2090076, 956616, 339206, 1287747, 1362205, 374165, 101722, 1057851, 1101292, 26566, 684698, 1101373, 1955555, 1403412, 861718, 'Stay']
[1118097, 2087785, 914584, 326308, 1291284, 1347085, 373288, 102843, 1070587, 1111194, -32266, 588920, 1083861, 1902627, 1358737, 813981, 'Stay']
[1116426, 2087601, 963871, 346572, 1286356, 1366288, 371601, 99247, 1057107, 1100844, 27628, 681527, 1101664, 1953726, 1400034, 857435, 'Stay']
[1120053, 2089924, 909730, 319219, 1291693, 1343743, 375413, 104446, 1070313, 1110623, -32165, 595431, 1083345, 1904625, 1363084, 819865, 'Stay']
[1115648, 2086212, 968588, 353329, 1286525, 1369238, 370423, 98503, 1058260, 1102116, 26965, 675065, 1102155, 1951249, 1395864, 852068, 'Stay']
[1120600, 2090811, 906838, 313166, 1291151, 1341021, 375767, 104170, 1069314, 1109587, -30093, 604348, 1083247, 1908601, 1368090, 825975, 'Stay']
[1114160, 2084139, 972609, 358400, 1285650, 1371536, 368116, 96853, 1058207, 1102198, 23674, 665700, 1100631, 1946102, 1390489, 846138, 'Stay']
[1122148, 2092758, 904937, 308311, 1292045, 1339260, 378276, 106632, 1068894, 1109067, -26135, 614590, 1084445, 1913261, 1373586, 832845, 'Stay']
[1113641, 2083060, 972185, 362134, 1286535, 1372556, 368568, 97557, 1059766, 1103792, 18921, 654048, 1099986, 1940510, 1383943, 838376, 'Stay']
[1122545, 2093520, 905252, 305250, 1291606, 1338386, 379190, 106789, 1067338, 1107635, -20878, 626979, 1086105, 1919826, 1379866, 839473, 'Stay']
[1112151, 2081057, 971242, 363948, 1285604, 1372495, 366688, 96396, 1060577, 1104505, 12165, 641562, 1098063, 1934002, 1377919, 830956, 'Stay']
[1122666, 2093950, 909113, 304094, 1291105, 1338858, 378318, 106282, 1065228, 1105935, -14691, 639869, 1087486, 1925957, 1386964, 847280, 'Stay']
[1112129, 2080665, 968050, 363670, 1286612, 1371233, 367433, 96864, 1061809, 1105461, 4806, 629030, 1095790, 1926507, 1372356, 825223, 'Stay']
[1123146, 2094612, 914055, 305501, 1291156, 1340242, 380085, 106721, 1064216, 1105215, -6890, 652449, 1090081, 1932688, 1392905, 853896, 'Stay']
[1112811, 2080906, 961579, 361797, 1287206, 1368598, 367131, 97269, 1063936, 1107123, -2604, 616729, 1093897, 1919957, 1366671, 819186, 'Stay']
[1122926, 2094484, 920572, 308730, 1290718, 1342548, 380933, 106144, 1062687, 1104330, 984, 664106, 1092749, 1939557, 1397723, 858592, 'Stay']
[1112869, 2080901, 954889, 357787, 1288053, 1365526, 368592, 97858, 1065235, 1108060, -10562, 605970, 1091436, 1913515, 1362324, 814494, 'Stay']
[1122090, 2093608, 928624, 313354, 1290041, 1346370, 379632, 105152, 1060945, 1102971, 8108, 673733, 1095022, 1944805, 1401862, 862390, 'Stay']
[1113725, 2081679, 946088, 352038, 1288502, 1362026, 368929, 99021, 1066904, 1109098, -17950, 596773, 1089072, 1908015, 1358602, 810746, 'Stay']
[1120957, 2092329, 937373, 319514, 1288832, 1350711, 377931, 104204, 1059202, 1101847, 14799, 681221, 1097313, 1950096, 1404376, 864435, 'Stay']
[1114578, 2082469, 937581, 345358, 1288905, 1357835, 370067, 99330, 1067603, 1109579, -24463, 591064, 1086945, 1904597, 1356919, 809740, 'Stay']
[1119813, 2090996, 945647, 326689, 1288139, 1355069, 376884, 103004, 1058289, 1101325, 20130, 685571, 1099090, 1953555, 1404896, 864548, 'Stay']
[1115374, 2083408, 929137, 337409, 1289354, 1353573, 371301, 100543, 1068085, 1109639, -29671, 588365, 1084680, 1902389, 1356210, 810143, 'Stay']
[1118633, 2089315, 953216, 333913, 1288030, 1359510, 375583, 102263, 1057314, 1100754, 23577, 686897, 1100381, 1954550, 1404135, 862886, 'Stay']
[1116848, 2085051, 919814, 329613, 1290802, 1349148, 373083, 101853, 1069053, 1109960, -32748, 588981, 1083818, 1901448, 1357393, 811802, 'Stay']
[1116968, 2087193, 960530, 341606, 1287096, 1363639, 373339, 100220, 1056550, 1100237, 25659, 685310, 1101442, 1954085, 1401918, 859324, 'Stay']
[1118269, 2086773, 913595, 322076, 1290704, 1345265, 374230, 102423, 1069040, 1109642, -34053, 593224, 1083426, 1902622, 1360420, 815821, 'Stay']
[1115853, 2085677, 967165, 348993, 1286242, 1367518, 372992, 99895, 1056723, 1100991, 26146, 680521, 1102165, 1952303, 1398385, 854647, 'Stay']
[1120132, 2089023, 908805, 315630, 1291441, 1342068, 376900, 104435, 1069218, 1109769, -32559, 600588, 1083734, 1905701, 1365137, 821680, 'Stay']
[1115171, 2084043, 971195, 355186, 1285941, 1369931, 370179, 97808, 1057260, 1101483, 24422, 672820, 1102067, 1948595, 1393439, 848854, 'Stay']
[1121490, 2090246, 906257, 310185, 1290973, 1339738, 377272, 104837, 1068502, 1108909, -29623, 610262, 1084266, 1910093, 1370166, 828136, 'Stay']
[1114066, 2082051, 973361, 359927, 1285112, 1371912, 368138, 96888, 1058039, 1102357, 20390, 662371, 1100758, 1943549, 1387372, 841912, 'Stay']
[1122301, 2091263, 906665, 306348, 1290865, 1338846, 378756, 105620, 1067155, 1107511, -25053, 622088, 1085324, 1916025, 1376613, 835707, 'Stay']
[1113662, 2081211, 973402, 362904, 1285546, 1372902, 367891, 96702, 1059345, 1103461, 15059, 650613, 1099545, 1937387, 1381468, 835238, 'Stay']
[1122942, 2092524, 908017, 304530, 1290815, 1338674, 379700, 106159, 1066080, 1106717, -18880, 634638, 1087542, 1922404, 1382818, 842775, 'Stay']
[1113124, 2080486, 970789, 364226, 1286230, 1372344, 367839, 96790, 1060157, 1104346, 8137, 638185, 1097612, 1930511, 1375690, 828619, 'Stay']
[1123192, 2093173, 911640, 304617, 1290712, 1339610, 379872, 106487, 1064483, 1105973, -12073, 647359, 1089586, 1929153, 1389254, 849526, 'Stay']
[1113019, 2079920, 965811, 362891, 1286415, 1370704, 367514, 96691, 1061976, 1105968, 493, 625414, 1095416, 1923716, 1369597, 821829, 'Stay']
[1123631, 2093667, 916770, 306129, 1290505, 1341704, 380511, 106966, 1063000, 1104574, -4443, 660042, 1091887, 1936000, 1394554, 855143, 'Stay']
[1113978, 2080562, 958060, 359916, 1287327, 1368087, 367926, 98010, 1064353, 1107815, -6985, 614047, 1093474, 1917079, 1363732, 815575, 'Stay']
[1123803, 2093646, 923821, 310501, 1289850, 1345058, 379598, 105965, 1061606, 1103876, 3897, 672107, 1094773, 1942423, 1399239, 859449, 'Stay']
[1115304, 2081141, 950188, 355454, 1288073, 1364592, 368730, 98030, 1066197, 1109194, -14092, 604859, 1091508, 1911412, 1360006, 811508, 'Stay']
[1123208, 2092506, 931730, 315997, 1288870, 1348605, 378630, 104044, 1060385, 1103055, 11478, 681267, 1097203, 1947704, 1402655, 862264, 'Stay']
[1115671, 2081433, 942414, 349302, 1287858, 1360756, 368884, 98514, 1066836, 1109436, -20869, 597877, 1088725, 1906402, 1357486, 809360, 'Stay']
[1122523, 2092028, 940920, 323030, 1288074, 1352908, 377511, 103539, 1058603, 1102195, 17441, 687865, 1098979, 1951532, 1404978, 864438, 'Stay']
[1116654, 2083044, 933378, 342752, 1288807, 1356151, 370870, 99767, 1067982, 1110627, -26661, 592983, 1086971, 1903134, 1356432, 808853, 'Stay']
[1120804, 2090481, 949158, 330997, 1287226, 1357319, 375936, 102399, 1057185, 1101595, 22027, 690208, 1100529, 1954067, 1405439, 863736, 'Stay']
[1117428, 2084238, 924596, 335583, 1289071, 1351778, 371526, 101524, 1068451, 1110692, -31125, 590727, 1085177, 1901822, 1356979, 809854, 'Stay']
[1118961, 2088178, 957713, 339173, 1286236, 1361896, 374008, 101517, 1055741, 1100358, 24933, 689375, 1101429, 1955139, 1404516, 861752, 'Stay']
[1119344, 2086135, 917303, 328067, 1290066, 1347980, 373268, 102994, 1068443, 1110278, -33561, 591986, 1084114, 1901816, 1359462, 813564, 'Stay']
[1118135, 2086402, 964544, 346891, 1285765, 1366434, 372443, 99841, 1055721, 1100383, 26388, 685055, 1102526, 1953634, 1401271, 857636, 'Stay']
[1121650, 2088391, 911791, 321115, 1290681, 1344884, 375872, 103934, 1068411, 1109580, -33424, 597201, 1084160, 1903713, 1363284, 818717, 'Stay']
[1117973, 2085337, 969519, 354024, 1285693, 1369954, 370608, 98455, 1056756, 1101316, 26282, 678201, 1103216, 1950604, 1397093, 852054, 'Stay']
[1123275, 2090167, 907769, 315093, 1290804, 1341951, 376088, 104276, 1068248, 1108839, -30849, 605207, 1084874, 1907361, 1368136, 824367, 'Stay']
[1117307, 2084018, 972423, 359676, 1285385, 1372148, 368323, 97431, 1057477, 1101801, 24065, 668795, 1102787, 1946254, 1391563, 845335, 'Stay']
[1124843, 2091992, 905952, 310812, 1291054, 1340413, 378061, 105373, 1067863, 1108251, -26309, 615511, 1086119, 1912486, 1373392, 830812, 'Stay']
[1116764, 2082900, 973281, 363938, 1285448, 1373326, 368441, 95925, 1058758, 1102784, 19901, 657585, 1101582, 1940903, 1385483, 838246, 'Stay']
[1125332, 2093053, 906117, 307665, 1290821, 1339073, 379112, 105648, 1066583, 1106921, -21053, 627591, 1087234, 1918572, 1379840, 837914, 'Stay']
[1115599, 2081416, 971752, 365936, 1285202, 1373234, 366680, 96590, 1059457, 1103413, 13449, 644843, 1099584, 1934298, 1379116, 831087, 'Stay']
[1125425, 2093564, 908345, 306276, 1290477, 1339360, 379582, 106088, 1064697, 1105499, -14979, 639389, 1088776, 1925077, 1385903, 844684, 'Stay']
[1114903, 2080381, 967601, 365844, 1285591, 1372310, 367041, 95875, 1060785, 1104547, 6153, 631035, 1097545, 1927338, 1372767, 823789, 'Stay']
[1125630, 2094042, 912198, 306975, 1290449, 1341140, 380319, 106442, 1063125, 1104411, -7745, 651402, 1091117, 1932181, 1391774, 850741, 'Stay']
[1114829, 2080063, 961472, 363623, 1286097, 1370362, 366431, 96619, 1062005, 1105653, -2031, 618230, 1095068, 1920573, 1367034, 817392, 'Stay']
[1125014, 2093627, 918351, 309597, 1289631, 1343500, 379653, 105458, 1061403, 1103168, -406, 663070, 1093590, 1938326, 1396606, 855460, 'Stay']
[1114234, 2079382, 954753, 359629, 1286025, 1367021, 366546, 96084, 1063325, 1106570, -10122, 607563, 1092891, 1913715, 1361987, 812263, 'Stay']
[1123654, 2092587, 926948, 314015, 1288398, 1346840, 379207, 104550, 1058920, 1101433, 6465, 673850, 1095778, 1944105, 1401294, 860368, 'Stay']
[1115278, 2080523, 946487, 354321, 1286869, 1363148, 368178, 97828, 1064817, 1107887, -18032, 598883, 1090543, 1908376, 1358793, 809396, 'Stay']
[1122591, 2091397, 936524, 320343, 1287077, 1350981, 378000, 103861, 1057331, 1100607, 13437, 682416, 1097966, 1949224, 1404310, 863246, 'Stay']
[1116764, 2082028, 937967, 347626, 1287614, 1359020, 369129, 99438, 1066235, 1108837, -24307, 592918, 1088178, 1904105, 1357034, 808685, 'Stay']
[1122147, 2090780, 944272, 327462, 1286507, 1354960, 375724, 102053, 1056602, 1100343, 19748, 686545, 1099961, 1952017, 1405124, 863647, 'Stay']
[1118072, 2083533, 928839, 340324, 1288040, 1354295, 370141, 100566, 1067201, 1109203, -28913, 589276, 1086350, 1901589, 1356429, 808720, 'Stay']
[1121362, 2089663, 952658, 335498, 1286068, 1359543, 374609, 101972, 1056056, 1100036, 24157, 688278, 1101700, 1953714, 1404989, 862417, 'Stay']
[1119758, 2085327, 920620, 332834, 1288980, 1350032, 371982, 101485, 1068468, 1110151, -31633, 589763, 1085619, 1900746, 1358081, 810803, 'Stay']
[1120232, 2087431, 960307, 342662, 1285497, 1363540, 373658, 99665, 1055714, 1099970, 26650, 686960, 1102819, 1953567, 1403003, 859318, 'Stay']
[1121220, 2086259, 914989, 324462, 1289449, 1345862, 373886, 102009, 1067974, 1108783, -33007, 593400, 1084389, 1901362, 1361062, 815243, 'Stay']
[1119713, 2085871, 966135, 349475, 1286019, 1366741, 372112, 98614, 1056075, 1100057, 27153, 681503, 1103231, 1951271, 1399238, 854458, 'Stay']
[1122585, 2087773, 909371, 317708, 1290194, 1342187, 374976, 103037, 1068381, 1108787, -31873, 599768, 1084927, 1903917, 1364478, 819483, 'Stay']
[1117734, 2083616, 971049, 356055, 1285091, 1369673, 369839, 97308, 1055857, 1100340, 25360, 673894, 1103012, 1947643, 1394333, 848585, 'Stay']
[1123718, 2089912, 906627, 312309, 1290307, 1339953, 376895, 104667, 1067033, 1108176, -29643, 609214, 1085196, 1907976, 1370020, 826514, 'Stay']
[1116514, 2082417, 973556, 361203, 1284585, 1371878, 367750, 96778, 1056458, 1101536, 21453, 663910, 1102150, 1942519, 1388762, 842142, 'Stay']
[1124655, 2091597, 906043, 308584, 1290279, 1338902, 378288, 105478, 1066092, 1107577, -25221, 620903, 1086328, 1913818, 1376166, 833982, 'Stay']
[1115717, 2081281, 973851, 364808, 1284420, 1373003, 367095, 96913, 1057525, 1102786, 16168, 652316, 1100426, 1936846, 1382682, 835358, 'Stay']
[1125633, 2093027, 907416, 306805, 1289960, 1338874, 378700, 106712, 1064775, 1106819, -19154, 633547, 1087586, 1920721, 1382362, 841570, 'Stay']
[1115433, 2080429, 971599, 366229, 1285031, 1372885, 367177, 96254, 1058751, 1104018, 9916, 640070, 1098587, 1930800, 1376213, 828757, 'Stay']
[1126096, 2093464, 911201, 306365, 1290071, 1339886, 379478, 106138, 1063230, 1105688, -11983, 646563, 1090000, 1927675, 1388592, 848597, 'Stay']
[1115563, 2079793, 966339, 365267, 1285633, 1371365, 366311, 96284, 1060882, 1105651, 2428, 626835, 1096585, 1923637, 1369850, 821730, 'Stay']
[1125964, 2093178, 917488, 308655, 1289488, 1342262, 379172, 105722, 1061510, 1104076, -3917, 659328, 1092157, 1934643, 1394293, 854670, 'Stay']
[1115861, 2079643, 961364, 362685, 1285918, 1368983, 367462, 96720, 1062129, 1106365, -4989, 615717, 1093931, 1917202, 1365548, 817416, 'Stay']
[1125862, 2093110, 924668, 311983, 1288820, 1344892, 378920, 104862, 1060296, 1102942, 3875, 670289, 1094886, 1941041, 1399407, 859741, 'Stay']
[1116571, 2080200, 953324, 357627, 1286457, 1365356, 367078, 96693, 1063726, 1107348, -12600, 605380, 1091950, 1911046, 1361046, 812928, 'Stay']
[1125782, 2093090, 931940, 317354, 1288511, 1348709, 378108, 104603, 1059117, 1102328, 11386, 679314, 1097572, 1946335, 1402335, 862430, 'Stay']
[1117723, 2081308, 943991, 351897, 1287457, 1361614, 368252, 98280, 1065709, 1108927, -19124, 597773, 1089999, 1906425, 1357577, 809405, 'Stay']
[1124441, 2091415, 941257, 323780, 1287549, 1352961, 376681, 102960, 1057480, 1101207, 17945, 686443, 1099801, 1950722, 1404738, 863970, 'Stay']
[1118530, 2082224, 935452, 344476, 1287889, 1356982, 369746, 99373, 1066385, 1109199, -25235, 593047, 1088068, 1902725, 1356497, 808895, 'Stay']
[1123022, 2089740, 949895, 331251, 1286266, 1357268, 375256, 101510, 1056354, 1100739, 22775, 689809, 1101456, 1953012, 1404899, 863724, 'Stay']
[1120024, 2083848, 927538, 336982, 1288357, 1352670, 371533, 100374, 1067038, 1109491, -29498, 591637, 1086197, 1900820, 1357207, 810661, 'Stay']
[1122449, 2088712, 957394, 339162, 1286290, 1361489, 373955, 100905, 1056321, 1101141, 26658, 689974, 1102992, 1954084, 1404145, 861764, 'Stay']
[1121229, 2085269, 919200, 329686, 1289078, 1348170, 372850, 102285, 1068139, 1110381, -31379, 593126, 1085649, 1901430, 1358863, 813149, 'Stay']
[1120510, 2086377, 964786, 346562, 1285311, 1365038, 372736, 99318, 1055114, 1100434, 27567, 686750, 1103418, 1952854, 1401437, 858266, 'Stay']
[1122502, 2087025, 913572, 322168, 1289546, 1344259, 374384, 103617, 1067892, 1109990, -32174, 598092, 1085130, 1902711, 1362492, 817971, 'Stay']
[1119075, 2084506, 970244, 353462, 1284958, 1368510, 370272, 98250, 1055147, 1100851, 26958, 680630, 1103580, 1950171, 1397256, 853371, 'Stay']
[1123457, 2088426, 909224, 316023, 1290218, 1341386, 376942, 104531, 1067604, 1109479, -30356, 605936, 1085584, 1906193, 1366949, 823914, 'Stay']
[1117179, 2082106, 974650, 359160, 1284313, 1370975, 368945, 97365, 1055339, 1100997, 24392, 671528, 1103035, 1945799, 1392380, 847408, 'Stay']
[1124755, 2090051, 908063, 310683, 1290046, 1339128, 376834, 104666, 1066423, 1108247, -27158, 615944, 1086169, 1911081, 1373261, 831631, 'Stay']
[1116902, 2081167, 975812, 363264, 1284352, 1371891, 368318, 96530, 1056837, 1102326, 20014, 659940, 1102143, 1940150, 1386208, 840393, 'Stay']
[1126127, 2091505, 907799, 307647, 1290085, 1337806, 378472, 105745, 1065908, 1107529, -21533, 627642, 1087914, 1916286, 1379085, 838427, 'Stay']
[1116497, 2079977, 974626, 365618, 1284147, 1372181, 366817, 95648, 1058245, 1103233, 14434, 647664, 1100549, 1933022, 1379841, 833016, 'Stay']
[1126824, 2092684, 910433, 306384, 1289756, 1338416, 378919, 106026, 1064438, 1106454, -14652, 640830, 1089583, 1923395, 1385663, 845580, 'Stay']
[1116505, 2079879, 970309, 366110, 1284744, 1371578, 366421, 96597, 1060022, 1105309, 7406, 635063, 1098298, 1926802, 1373294, 825758, 'Stay']
[1126992, 2093243, 914763, 307605, 1289484, 1340334, 380030, 106804, 1062837, 1105525, -7129, 654274, 1091888, 1930949, 1391575, 851918, 'Stay']
[1116210, 2079098, 965083, 364672, 1285218, 1369789, 366600, 96509, 1061597, 1106610, -203, 623236, 1096222, 1920349, 1367575, 819521, 'Stay']
[1126805, 2092959, 922032, 310057, 1288625, 1342882, 379571, 105701, 1060273, 1103397, 438, 666812, 1093878, 1937340, 1397196, 858023, 'Stay']
[1117229, 2079631, 958481, 360605, 1286144, 1366907, 367527, 97569, 1063431, 1107876, -7763, 612417, 1093751, 1913881, 1363086, 815072, 'Stay']
[1126389, 2092211, 929717, 314375, 1288525, 1346138, 378797, 104974, 1059404, 1102774, 8531, 677152, 1096758, 1943506, 1401289, 862028, 'Stay']
[1117759, 2079923, 951075, 355076, 1286597, 1363028, 367033, 97177, 1064067, 1107990, -15135, 603776, 1091392, 1908365, 1359625, 812158, 'Stay']
[1126215, 2091889, 938381, 320336, 1287939, 1349988, 378697, 104336, 1058108, 1102083, 15674, 685628, 1099235, 1947991, 1404158, 864829, 'Stay']
[1119007, 2081056, 941834, 348366, 1287268, 1358533, 369318, 99318, 1066090, 1109568, -21240, 597597, 1089833, 1903697, 1357194, 809980, 'Stay']
[1124774, 2090143, 946683, 326987, 1286151, 1353866, 376025, 102659, 1056765, 1101138, 21325, 690752, 1101334, 1951030, 1405118, 864900, 'Stay']
[1120244, 2082330, 932953, 340986, 1287277, 1353768, 370910, 100491, 1066928, 1109939, -26447, 594174, 1087771, 1900812, 1356504, 809878, 'Stay']
[1123444, 2088406, 955887, 334825, 1285093, 1358255, 374239, 101387, 1055544, 1100628, 25671, 692937, 1102323, 1952934, 1404921, 863811, 'Stay']
[1121903, 2084354, 925127, 333420, 1288467, 1349587, 373134, 102331, 1067413, 1110412, -30008, 594307, 1086064, 1900328, 1357700, 812372, 'Stay']
[1121951, 2086832, 963167, 343311, 1284944, 1362814, 373720, 101125, 1055388, 1101409, 28251, 691439, 1103876, 1953617, 1402892, 860848, 'Stay']
[1122628, 2085784, 918156, 326491, 1288852, 1345621, 374205, 103365, 1067317, 1110302, -31634, 597743, 1085757, 1901569, 1360630, 816352, 'Stay']
[1120575, 2085172, 969461, 350722, 1284693, 1366166, 371740, 98893, 1055002, 1101429, 28540, 686848, 1104482, 1951551, 1399902, 856732, 'Stay']
[1123338, 2087012, 913836, 319656, 1289105, 1342347, 375087, 104175, 1067175, 1110090, -30947, 604331, 1086136, 1904036, 1365245, 821607, 'Stay']
[1118559, 2082745, 975197, 356940, 1284101, 1369488, 370337, 98734, 1054879, 1101796, 26439, 679399, 1104199, 1948212, 1395940, 851369, 'Stay']
[1124637, 2088608, 911174, 313675, 1289905, 1339774, 377960, 105800, 1066398, 1109261, -28869, 613380, 1086277, 1908117, 1371061, 828386, 'Stay']
[1118033, 2081478, 977944, 361919, 1284195, 1371530, 369084, 97964, 1055892, 1102324, 22904, 669407, 1103691, 1943192, 1390447, 844796, 'Stay']
[1126549, 2090750, 909982, 309421, 1289949, 1338416, 378945, 106398, 1065964, 1108675, -24106, 624874, 1088092, 1913620, 1376823, 835435, 'Stay']
[1117414, 2080104, 977299, 364963, 1283690, 1372332, 367897, 96449, 1057434, 1103603, 17839, 657660, 1102348, 1936840, 1383615, 837052, 'Stay']
[1126952, 2091463, 911798, 307053, 1289149, 1338749, 379012, 106346, 1063985, 1106846, -18549, 637611, 1088941, 1919566, 1383085, 842799, 'Stay']
[1117271, 2079510, 975620, 366738, 1284554, 1372846, 367259, 96964, 1058735, 1104950, 11530, 645409, 1100204, 1930387, 1377683, 830520, 'Stay']
[1127729, 2092537, 914968, 307604, 1289813, 1339727, 380419, 106941, 1063299, 1106566, -10712, 650720, 1091256, 1926917, 1389640, 849668, 'Stay']
[1117312, 2079087, 970782, 366508, 1284936, 1371113, 366952, 96792, 1060296, 1106282, 4357, 633175, 1098114, 1923927, 1372046, 824178, 'Stay']
[1128196, 2092989, 919082, 309197, 1289559, 1341189, 380880, 106793, 1061886, 1105532, -3318, 663466, 1094004, 1933808, 1395082, 855255, 'Stay']
[1117334, 2078566, 963734, 363682, 1285642, 1368372, 367796, 97466, 1061920, 1107554, -3630, 621403, 1096369, 1917252, 1366287, 817718, 'Stay']
[1126840, 2091524, 926697, 312180, 1288463, 1343968, 379668, 105354, 1059553, 1103527, 4044, 674805, 1096245, 1940129, 1400022, 860179, 'Stay']
[1117079, 2078028, 956377, 358116, 1285843, 1364467, 367710, 97213, 1062886, 1107678, -12033, 610675, 1093247, 1910434, 1362013, 813626, 'Stay']
[1125921, 2090560, 935196, 316563, 1287369, 1346874, 378300, 103773, 1057211, 1101479, 10873, 683724, 1097898, 1944626, 1403673, 863971, 'Stay']
[1118707, 2079760, 947995, 352094, 1286648, 1360307, 368912, 98474, 1064335, 1108791, -18971, 602446, 1090744, 1905203, 1358943, 810976, 'Stay']
[1125426, 2090005, 943846, 323255, 1286336, 1351205, 376554, 102458, 1056812, 1101815, 18149, 690768, 1100468, 1949134, 1405602, 865218, 'Stay']
[1120066, 2081244, 939572, 345328, 1287086, 1356174, 370297, 99897, 1065564, 1109598, -24375, 598194, 1088694, 1901651, 1357713, 810456, 'Stay']
[1124859, 2089125, 952844, 331490, 1285917, 1355963, 376047, 102754, 1055953, 1101639, 23825, 695345, 1102382, 1951887, 1406569, 865668, 'Stay']
[1121557, 2082806, 931019, 338471, 1288248, 1352011, 372572, 101212, 1067042, 1111014, -28181, 597094, 1087527, 1899969, 1358050, 811653, 'Stay']
[1123450, 2087345, 961745, 340017, 1285470, 1360826, 375186, 101345, 1054903, 1101214, 27722, 696526, 1103781, 1953071, 1406079, 864124, 'Stay']
