[3023277, 2991707, 743661, -35362, 750639, 59028, -478586, -24087, 1148365, 341761, 847939, 686536, 1870992, 975574, 251601, 920983, 'Stay']
[2988592, 2991436, 738182, -34748, 751831, 60956, -475883, -23084, 1150029, 344033, 844469, 682419, 1866247, 976374, 248656, 922021, 'Stay']
[3023117, 2991976, 744302, -35137, 750152, 59856, -478424, -23608, 1148328, 342304, 843919, 684621, 1869575, 976123, 251100, 921230, 'Stay']
[2990055, 2991303, 737991, -34897, 751553, 61447, -477245, -22691, 1149390, 343480, 849346, 685833, 1868538, 976356, 250422, 923569, 'Stay']
[3020925, 2992189, 743960, -35357, 749669, 59478, -478376, -22884, 1149273, 343062, 839043, 681841, 1867173, 976031, 249537, 920704, 'Stay']
[2991323, 2991044, 737989, -35165, 752165, 60999, -475836, -23849, 1149278, 343347, 852031, 687566, 1869432, 975641, 251149, 922894, 'Stay']
[3018290, 2992153, 743888, -36013, 750133, 58751, -480139, -24495, 1149159, 343119, 835546, 679381, 1865513, 975649, 249199, 920470, 'Stay']
[2995360, 2990442, 738466, -35954, 751371, 60586, -476895, -24482, 1148881, 342680, 855775, 689815, 1871678, 975087, 252693, 923309, 'Stay']
[3014431, 2992206, 742982, -36591, 750647, 59247, -478719, -23717, 1149382, 343146, 833179, 677162, 1864409, 974985, 248412, 921215, 'Stay']
[2997868, 2990326, 738430, -36149, 752066, 60985, -475059, -23127, 1149043, 342841, 856993, 690484, 1872729, 975084, 253373, 922444, 'Stay']
[3010028, 2992313, 742783, -36641, 750412, 59442, -479325, -23387, 1149833, 343592, 830182, 675015, 1863049, 975386, 247901, 920589, 'Stay']
[3003164, 2990166, 739529, -36542, 750858, 60500, -476354, -25580, 1148687, 342657, 859328, 692347, 1874393, 975167, 254747, 923159, 'Stay']
[3005711, 2992666, 742187, -36574, 751076, 59454, -478806, -24727, 1150234, 344089, 829914, 674428, 1862746, 975334, 248057, 921678, 'Stay']
[3007923, 2990758, 740760, -36044, 750841, 61081, -476333, -23399, 1148916, 343110, 860249, 693291, 1875512, 975947, 255728, 923467, 'Stay']
[3000084, 2992798, 741444, -36048, 751489, 60306, -476709, -22366, 1150897, 345227, 829378, 674121, 1862182, 975942, 247823, 921806, 'Stay']
[3011301, 2990229, 741179, -36431, 751275, 59761, -477686, -24959, 1148444, 342633, 859039, 693207, 1875409, 975806, 255610, 922925, 'Stay']
[2996303, 2991855, 740617, -36565, 751867, 59497, -478039, -24086, 1150404, 344715, 829726, 674120, 1861824, 975442, 247006, 921778, 'Stay']
[3015016, 2990391, 741837, -36175, 751636, 59997, -476589, -23936, 1148361, 342793, 857415, 692132, 1875049, 975305, 255041, 922760, 'Stay']
[2992569, 2991624, 740150, -36557, 751252, 59579, -477254, -23955, 1150127, 345127, 831578, 675007, 1862426, 975843, 246775, 922070, 'Stay']
[3019167, 2989956, 742678, -37218, 750506, 58029, -478508, -24288, 1147625, 342396, 855205, 690978, 1874613, 974811, 253995, 922767, 'Stay']
[2989556, 2991204, 738729, -37158, 752048, 58264, -476518, -25167, 1149712, 344783, 834551, 676127, 1863467, 974903, 247287, 922800, 'Stay']
[3021158, 2990518, 742823, -36973, 750155, 57301, -478515, -24135, 1147583, 342562, 851551, 688861, 1873446, 975039, 254158, 922553, 'Stay']
[2988535, 2990865, 738216, -36904, 751218, 57688, -478564, -23690, 1149739, 345074, 837604, 678524, 1864504, 975995, 249356, 923417, 'Stay']
[3023479, 2990697, 743373, -37118, 749333, 56862, -479384, -25922, 1147497, 342591, 848507, 687396, 1872032, 975056, 254491, 923573, 'Stay']
[2988305, 2990766, 737722, -36535, 751310, 58669, -479161, -24737, 1149774, 345141, 841993, 680819, 1865494, 975462, 250569, 924353, 'Stay']
[3023571, 2990948, 743327, -36918, 750110, 56860, -477324, -24231, 1147930, 343194, 844317, 684816, 1870008, 975056, 253842, 923376, 'Stay']
[2988223, 2990738, 736855, -36499, 752128, 58273, -476138, -24248, 1149624, 345165, 845476, 683422, 1867310, 975607, 252658, 924473, 'Stay']
[3021012, 2991747, 743302, -36820, 750164, 56232, -478084, -25416, 1148979, 344227, 838655, 681934, 1867926, 975505, 253401, 921982, 'Stay']
[2990697, 2990584, 737593, -36485, 751225, 58136, -476287, -23983, 1149427, 344977, 849009, 686475, 1869161, 975644, 254393, 924606, 'Stay']
[3019317, 2991514, 743058, -37202, 750079, 55960, -479132, -23530, 1148934, 344536, 835856, 680375, 1866325, 975611, 252995, 923086, 'Stay']
[2993200, 2989758, 737111, -37147, 751885, 56861, -477035, -24445, 1148522, 344158, 852923, 688475, 1870697, 975043, 255158, 925309, 'Stay']
[3014662, 2991738, 742138, -37548, 750893, 55246, -478213, -25762, 1149380, 344905, 831632, 676845, 1864480, 975566, 250544, 922291, 'Stay']
[2996536, 2989476, 737582, -37448, 751949, 56660, -475945, -23910, 1148364, 343887, 854836, 689886, 1872529, 974886, 254910, 924729, 'Stay']
[3011113, 2991513, 741533, -37911, 750767, 54683, -479036, -26010, 1149104, 344719, 829350, 675404, 1863406, 974474, 249777, 922774, 'Stay']
[3000435, 2989412, 737786, -37140, 752079, 56333, -476144, -24735, 1148346, 344297, 856267, 691295, 1873255, 975079, 255334, 924328, 'Stay']
[3006930, 2991346, 741002, -37534, 750214, 54562, -478777, -23799, 1149069, 345431, 827793, 674653, 1862300, 975238, 249356, 922979, 'Stay']
[3004116, 2989636, 738276, -36948, 751432, 56167, -477138, -25110, 1148144, 344517, 857381, 692725, 1874010, 975331, 256185, 924330, 'Stay']
[3001415, 2991197, 740445, -37431, 751186, 54883, -478890, -26872, 1149694, 346158, 826226, 673838, 1861270, 975807, 247497, 921985, 'Stay']
[3009268, 2989198, 739677, -37421, 751613, 55849, -477496, -24837, 1147681, 343875, 857385, 693213, 1874946, 975217, 254985, 924425, 'Stay']
[2996396, 2991793, 739820, -37441, 752481, 55528, -477123, -23407, 1150307, 346522, 826926, 673807, 1861333, 975671, 246239, 922846, 'Stay']
[3012477, 2990070, 740304, -37819, 752056, 55533, -477133, -25727, 1148497, 344577, 854968, 692367, 1874703, 975137, 254236, 923182, 'Stay']
[2993289, 2991849, 739174, -37814, 752450, 55506, -476570, -24510, 1150520, 346653, 828081, 674891, 1862245, 975461, 246098, 922639, 'Stay']
[3016783, 2991430, 741090, -37491, 752127, 55802, -475652, -25475, 1148338, 344396, 853803, 691768, 1875008, 974845, 253365, 923796, 'Stay']
[2989816, 2993227, 738116, -37199, 753735, 56584, -475584, -24204, 1150572, 346920, 831079, 675855, 1863125, 975519, 245814, 923272, 'Stay']
[3019812, 2992674, 742149, -37169, 752198, 55962, -475682, -25770, 1148228, 344970, 850837, 690030, 1873991, 975312, 252740, 923313, 'Stay']
[2988406, 2993620, 737987, -36898, 753328, 56797, -475732, -23778, 1150215, 347265, 835341, 678523, 1864264, 975446, 247316, 924705, 'Stay']
[3020926, 2993908, 742490, -36784, 753843, 56220, -477599, -23476, 1148786, 345735, 848393, 688680, 1872434, 975339, 252207, 924154, 'Stay']
[2987340, 2993638, 737914, -36762, 755063, 57310, -474565, -23173, 1150537, 347700, 839271, 680984, 1865625, 975880, 247658, 925220, 'Stay']
[3021184, 2994589, 742960, -36959, 753720, 55711, -477475, -25036, 1149249, 346102, 844738, 686562, 1871158, 974679, 251298, 924455, 'Stay']
[2987101, 2994242, 737458, -36711, 755057, 57104, -473561, -23191, 1150812, 348046, 843001, 683528, 1867417, 975307, 248502, 925380, 'Stay']
[3020726, 2995312, 743073, -37519, 753795, 55737, -476283, -23730, 1149728, 346520, 840536, 684358, 1869708, 974855, 250231, 924363, 'Stay']
[2988323, 2993930, 736716, -37790, 754606, 56576, -476216, -23749, 1150624, 347697, 847258, 686022, 1869403, 975007, 249406, 926043, 'Stay']
[3018595, 2995359, 742530, -37972, 753481, 55140, -476503, -25569, 1149756, 346694, 837019, 681654, 1868307, 974564, 248549, 924521, 'Stay']
[2990260, 2994084, 736783, -37324, 754932, 57270, -473642, -23082, 1150480, 347976, 850887, 688836, 1871637, 975278, 249947, 926252, 'Stay']
[3014559, 2995591, 742062, -37962, 753890, 55155, -477941, -25467, 1150568, 347835, 832871, 679837, 1866910, 974929, 246987, 923993, 'Stay']
[2992395, 2993595, 736804, -37580, 754655, 56927, -475107, -23601, 1150173, 347355, 853219, 690818, 1872996, 974795, 249716, 925516, 'Stay']
[3009810, 2995346, 741441, -37844, 754208, 55376, -478076, -23657, 1150767, 347937, 828834, 677357, 1864958, 974810, 244576, 922944, 'Stay']
[2996040, 2992963, 737229, -37493, 754669, 57083, -473869, -24430, 1149247, 346891, 855167, 692570, 1874731, 974545, 249775, 925807, 'Stay']
[3006033, 2994288, 741037, -38149, 752894, 55416, -477897, -23005, 1150177, 348093, 826739, 675971, 1864192, 974878, 243287, 923452, 'Stay']
[3000904, 2992226, 737590, -38092, 754284, 56438, -473982, -24901, 1148051, 346285, 857517, 694162, 1876401, 974169, 250693, 926928, 'Stay']
[3000605, 2993729, 739585, -38403, 753764, 55771, -476608, -24408, 1149691, 348434, 825832, 675116, 1863483, 974543, 242580, 923889, 'Stay']
[3004494, 2991013, 737476, -38718, 753422, 56048, -476273, -25274, 1146975, 346032, 856734, 694261, 1876498, 973996, 250834, 926217, 'Stay']
[2996221, 2992107, 738325, -39143, 753281, 55160, -476529, -24613, 1148375, 347429, 825888, 674843, 1862777, 973977, 242415, 924507, 'Stay']
[3009424, 2989612, 738447, -39107, 752605, 55839, -476027, -24414, 1146035, 345037, 856179, 693932, 1876313, 973351, 250773, 926655, 'Stay']
[2991312, 2990461, 737242, -39647, 753279, 54925, -476488, -24615, 1148148, 346935, 827174, 674899, 1862526, 973299, 241902, 925344, 'Stay']
[3012539, 2988244, 739045, -39638, 752598, 55331, -474897, -24283, 1145411, 344349, 853430, 692391, 1875387, 972621, 249675, 925976, 'Stay']
[2987060, 2989000, 736136, -39528, 753428, 55733, -474972, -23947, 1147535, 346881, 828459, 675778, 1862719, 972916, 241947, 925607, 'Stay']
[3014462, 2987207, 739093, -39698, 752018, 55055, -476690, -25406, 1144461, 343750, 850167, 690761, 1874377, 972394, 249223, 925942, 'Stay']
[2983839, 2987722, 735502, -39606, 753393, 55857, -476015, -24734, 1146954, 346469, 830123, 676658, 1863482, 973150, 242411, 925416, 'Stay']
[3015942, 2987059, 739548, -40035, 751892, 55076, -477064, -25469, 1143931, 343485, 846498, 688658, 1873547, 971897, 248936, 926026, 'Stay']
[2980934, 2987605, 734438, -39687, 753550, 56380, -476110, -25186, 1146619, 346457, 833273, 678355, 1864731, 972802, 243347, 925801, 'Stay']
[3015474, 2987146, 739756, -40393, 751144, 55001, -478109, -25629, 1144692, 344393, 840603, 685521, 1871151, 972697, 247048, 924493, 'Stay']
[2980533, 2986511, 734028, -40458, 753259, 55846, -475218, -25642, 1145814, 345782, 836735, 680979, 1866255, 972309, 244063, 926238, 'Stay']
[3014796, 2987542, 739869, -40714, 751696, 54352, -476216, -26611, 1144681, 344399, 836684, 683409, 1869565, 972038, 246700, 924727, 'Stay']
[2980879, 2986971, 733735, -40236, 753488, 56341, -474808, -24865, 1146572, 346375, 840139, 683626, 1867861, 972863, 245375, 926182, 'Stay']
[3013957, 2987711, 740260, -40783, 751540, 54473, -476963, -25376, 1145418, 344940, 832932, 681243, 1868310, 972278, 246006, 925037, 'Stay']
[2983823, 2987064, 734239, -40126, 753378, 56585, -473516, -25133, 1146118, 346062, 845417, 686723, 1870540, 972219, 247621, 927910, 'Stay']
[3011088, 2988717, 739999, -40356, 751368, 54893, -477397, -26170, 1146124, 346137, 829295, 679205, 1866664, 972717, 245840, 925342, 'Stay']
[2986392, 2988081, 734310, -39296, 753130, 57285, -473816, -25298, 1145889, 346494, 848455, 689515, 1872202, 972175, 249566, 928064, 'Stay']
[3007039, 2990163, 739723, -39599, 751769, 55273, -476636, -26972, 1147119, 347593, 825709, 677520, 1864984, 972743, 245942, 924838, 'Stay']
[2990925, 2988368, 735378, -39186, 752880, 57062, -473887, -25778, 1146044, 346527, 851064, 691918, 1873961, 972077, 251794, 927932, 'Stay']
[3003142, 2990654, 739222, -39375, 752433, 55862, -476809, -24794, 1147819, 348061, 823889, 676173, 1864290, 972080, 246286, 925344, 'Stay']
[2994969, 2988876, 735868, -39064, 753156, 57564, -474168, -23946, 1146394, 346851, 852545, 693240, 1875652, 972112, 253212, 927799, 'Stay']
[2998681, 2991265, 738461, -39641, 752589, 56195, -476031, -24666, 1148325, 348729, 822220, 675148, 1863929, 972653, 245778, 925130, 'Stay']
[2999505, 2989654, 736363, -39476, 753376, 57190, -475155, -24613, 1146342, 347249, 852981, 694041, 1876718, 971761, 253275, 927410, 'Stay']
[2994442, 2991901, 737841, -39709, 752836, 55922, -475501, -25549, 1148395, 349647, 821990, 675050, 1863686, 972108, 244835, 925290, 'Stay']
[3004535, 2990461, 737391, -39157, 752393, 57020, -475354, -26316, 1146832, 348197, 852493, 694613, 1877347, 972132, 252636, 926898, 'Stay']
[2990793, 2992577, 737231, -39228, 752806, 56460, -475224, -25218, 1148965, 350787, 823465, 676125, 1864081, 972981, 244687, 925956, 'Stay']
[3009396, 2991249, 738458, -39147, 752400, 56561, -475544, -25852, 1146857, 348654, 851826, 694741, 1877508, 972321, 253331, 927235, 'Stay']
[2986916, 2993148, 736529, -38849, 753667, 56800, -474254, -25433, 1149764, 351633, 825330, 677312, 1864577, 972880, 245646, 926281, 'Stay']
[3012401, 2991526, 738893, -39123, 752773, 56256, -475367, -26904, 1147546, 349047, 848848, 693675, 1876873, 972573, 253603, 926220, 'Stay']
[2983959, 2992858, 735486, -38699, 754090, 57009, -473759, -24473, 1149746, 351547, 827944, 678969, 1865550, 972819, 246444, 926359, 'Stay']
[3014724, 2992419, 739408, -38520, 752680, 56542, -475794, -24925, 1148066, 349665, 845418, 691983, 1875712, 972196, 252960, 926023, 'Stay']
[2982381, 2993031, 734794, -38399, 753923, 57805, -473577, -22860, 1150058, 351880, 830747, 681034, 1866698, 972137, 247143, 926748, 'Stay']
[3016567, 2992851, 739591, -39031, 752122, 56275, -476031, -25326, 1148163, 349971, 841869, 689945, 1874452, 971728, 251732, 926088, 'Stay']
[2981990, 2992716, 734121, -38988, 753993, 57352, -475447, -24532, 1149894, 351885, 835046, 683109, 1868112, 972098, 247611, 927264, 'Stay']
[3017371, 2993031, 739852, -39483, 751879, 55512, -477175, -26011, 1148311, 350099, 838502, 687524, 1872734, 971565, 250373, 926222, 'Stay']
[2983941, 2992414, 734220, -38876, 753381, 57015, -474792, -25662, 1149732, 352162, 839997, 686035, 1869970, 971943, 248607, 928275, 'Stay']
[3017135, 2993732, 740082, -38893, 751663, 55575, -477307, -25710, 1148727, 350969, 835826, 685651, 1871466, 971223, 249571, 927350, 'Stay']
[2984386, 2992718, 733861, -38408, 753588, 57437, -474261, -25876, 1150287, 352525, 843853, 688544, 1871382, 972002, 249066, 928382, 'Stay']
[3014329, 2992981, 740156, -39431, 751517, 55066, -478301, -25727, 1149377, 351401, 830533, 682875, 1868972, 971773, 247608, 925958, 'Stay']
[2986996, 2991997, 734137, -38683, 753858, 57375, -475095, -25841, 1149382, 351826, 846953, 691180, 1873082, 971603, 249696, 928542, 'Stay']
[3011017, 2993590, 740254, -38772, 751666, 55787, -475952, -24497, 1149560, 352084, 826939, 681003, 1867428, 972047, 246383, 925946, 'Stay']
[2990490, 2992054, 734868, -38411, 752899, 57330, -472968, -25012, 1149446, 352238, 849796, 693790, 1874938, 971869, 250757, 928607, 'Stay']
[3005847, 2993654, 738930, -39056, 751959, 55184, -476543, -25186, 1149986, 352651, 823642, 679178, 1866005, 971652, 245207, 925489, 'Stay']
[2994127, 2991561, 734957, -38677, 752613, 57263, -475189, -25087, 1148669, 351915, 850440, 695048, 1875850, 971353, 250531, 927585, 'Stay']
[3001396, 2993778, 738414, -38972, 751472, 56032, -476828, -25269, 1149925, 353171, 821585, 678241, 1864928, 971356, 244054, 925527, 'Stay']
[2998610, 2991434, 735926, -38784, 751907, 57364, -476276, -24559, 1148652, 352024, 851058, 696448, 1876563, 972158, 251234, 927466, 'Stay']
[2997090, 2993404, 737971, -39273, 752305, 55326, -476779, -25579, 1149986, 353257, 820949, 677947, 1864001, 971205, 244139, 926047, 'Stay']
[3003408, 2991670, 736720, -38711, 752713, 56121, -474387, -25680, 1148455, 351610, 851648, 697036, 1877046, 970761, 251980, 927786, 'Stay']
[2992704, 2993155, 737124, -39176, 752188, 54909, -475080, -25669, 1150403, 353369, 821705, 678043, 1864023, 971194, 244261, 926448, 'Stay']
[3008077, 2991689, 737423, -39064, 752053, 55303, -476583, -25269, 1148167, 351264, 851111, 696593, 1877331, 970688, 252546, 927714, 'Stay']
[2988489, 2993608, 736029, -38937, 752823, 55507, -476473, -25243, 1151125, 354356, 823139, 678413, 1863929, 970888, 244040, 926447, 'Stay']
[3012835, 2991570, 738210, -39589, 751578, 54895, -476421, -27579, 1148171, 351017, 849714, 696243, 1877117, 970143, 252276, 927790, 'Stay']
[2986031, 2993095, 735184, -39350, 753392, 55459, -474885, -26338, 1150842, 353742, 826415, 680003, 1864875, 970552, 245236, 927268, 'Stay']
[3015370, 2992096, 738669, -39345, 752026, 55115, -477303, -25894, 1148413, 351503, 846879, 694386, 1876134, 970196, 252452, 927410, 'Stay']
[2983685, 2992736, 734484, -38947, 752996, 56008, -475411, -25373, 1151015, 354480, 828743, 681085, 1865881, 970911, 245962, 927159, 'Stay']
[3017210, 2992114, 739298, -39302, 752014, 54652, -476772, -26504, 1148088, 351549, 842968, 691966, 1874984, 970138, 252093, 927426, 'Stay']
[2982735, 2992096, 734293, -39153, 752804, 56023, -475044, -26578, 1149952, 354133, 832441, 683375, 1867517, 970537, 247329, 927829, 'Stay']
[3018292, 2992298, 740074, -39439, 750930, 54740, -477640, -25560, 1147801, 351858, 839012, 689821, 1873632, 969532, 251301, 927295, 'Stay']
[2983404, 2992179, 734311, -38887, 752976, 56170, -475334, -24457, 1149408, 354110, 837277, 686197, 1869637, 969986, 248887, 929002, 'Stay']
[3017371, 2992434, 739876, -39625, 751136, 53765, -478470, -27029, 1148071, 352746, 835055, 687294, 1872094, 969589, 250833, 927379, 'Stay']
[2983466, 2991596, 733207, -39365, 753205, 55838, -475663, -25503, 1148902, 353734, 840889, 688458, 1870877, 969124, 249912, 928841, 'Stay']
[3014716, 2992699, 739482, -40035, 750641, 53921, -478967, -25940, 1148447, 353244, 830053, 684143, 1869563, 969331, 248933, 926141, 'Stay']
[2986146, 2991352, 733638, -39816, 752236, 55630, -474553, -25501, 1148286, 353471, 844304, 690767, 1872416, 969591, 250640, 928874, 'Stay']
[3011661, 2993177, 739422, -40285, 751092, 53946, -478874, -25603, 1148804, 353737, 826375, 681666, 1867594, 969454, 247904, 926373, 'Stay']
[2989848, 2990938, 734302, -40234, 752624, 55084, -474953, -26167, 1148179, 353272, 847405, 693166, 1874177, 969332, 251264, 929392, 'Stay']
[3008833, 2993108, 739190, -40356, 751684, 53270, -476491, -26943, 1149150, 353942, 824303, 680239, 1866661, 969441, 247372, 927497, 'Stay']
[2993033, 2991677, 734272, -39705, 752894, 55556, -475596, -26180, 1148829, 353821, 849571, 694629, 1875299, 969792, 252396, 929384, 'Stay']
[3003756, 2993189, 738373, -40353, 751421, 53630, -478856, -26961, 1150022, 354927, 820962, 678040, 1864676, 970192, 245849, 926459, 'Stay']
[2998231, 2991106, 735421, -40049, 752087, 54754, -475550, -26008, 1148337, 353263, 851281, 696193, 1876594, 969440, 253225, 929536, 'Stay']
[2999531, 2993143, 737742, -40474, 751643, 53339, -478362, -26516, 1150127, 354951, 820561, 677668, 1864149, 969725, 245475, 927285, 'Stay']
[3003120, 2991227, 736292, -39964, 751979, 54554, -475544, -25565, 1148561, 353302, 851521, 697008, 1877117, 969548, 253517, 929692, 'Stay']
[2995146, 2993000, 737010, -40322, 751988, 53359, -477434, -27331, 1150573, 355351, 820684, 677718, 1863718, 969828, 245194, 928009, 'Stay']
[3007647, 2991153, 736947, -39988, 752299, 54295, -475941, -26555, 1148286, 353117, 851108, 696923, 1877311, 970085, 252854, 929926, 'Stay']
[2990278, 2992889, 736219, -39865, 752629, 54177, -475111, -26568, 1150908, 355938, 821320, 677591, 1863645, 970250, 244740, 928393, 'Stay']
[3010653, 2990980, 737674, -40208, 751533, 54272, -477632, -26878, 1148676, 353403, 847946, 695418, 1876845, 969790, 252689, 929015, 'Stay']
[2987560, 2992098, 735862, -40463, 752261, 54096, -475486, -25769, 1150174, 355387, 822919, 678615, 1864401, 969828, 245250, 928866, 'Stay']
[3014912, 2991396, 738496, -40511, 751015, 53613, -476883, -26352, 1147795, 353294, 846581, 694841, 1876398, 969661, 253182, 930210, 'Stay']
[2984270, 2992383, 734497, -40240, 753212, 54053, -476085, -25449, 1150246, 356252, 826326, 680513, 1865084, 970012, 245582, 929402, 'Stay']
[3015373, 2991867, 738473, -40328, 751784, 53676, -476708, -25283, 1147845, 353644, 842804, 692685, 1874767, 969574, 251457, 929119, 'Stay']
[2981431, 2991979, 733975, -40391, 752998, 54238, -476446, -26429, 1150345, 356361, 828779, 682056, 1865848, 970218, 245438, 928496, 'Stay']
[3015899, 2992295, 739306, -40291, 751381, 52834, -476219, -27575, 1148015, 354187, 838689, 690708, 1873403, 969660, 250537, 928406, 'Stay']
[2980199, 2991653, 733396, -40253, 752785, 53982, -476722, -26147, 1149993, 356644, 832141, 684910, 1867251, 969846, 246219, 928226, 'Stay']
[3015681, 2992075, 739457, -40563, 751108, 52487, -477855, -27472, 1147607, 354141, 833747, 688327, 1871515, 969068, 249161, 927667, 'Stay']
[2981419, 2991580, 733125, -39952, 752773, 54373, -475271, -26830, 1149201, 356176, 836775, 687755, 1869408, 969608, 248335, 929282, 'Stay']
[3013912, 2992620, 739304, -40242, 751070, 53119, -477211, -26726, 1148431, 355065, 829148, 685459, 1869137, 969472, 249024, 927218, 'Stay']
[2983286, 2991564, 733227, -39741, 752543, 54855, -475143, -25268, 1149212, 356159, 840175, 690258, 1870840, 969835, 250333, 929528, 'Stay']
[3011104, 2992522, 739031, -40559, 751252, 52555, -478335, -26712, 1148799, 355443, 824986, 682907, 1867351, 969210, 248324, 927101, 'Stay']
[2986030, 2990872, 733502, -40235, 752878, 54588, -475327, -26978, 1148878, 355802, 843205, 692223, 1872260, 968999, 251431, 929377, 'Stay']
[3008333, 2992523, 738820, -40622, 750797, 53175, -478394, -26365, 1149328, 355954, 822026, 680733, 1865490, 969211, 247571, 927323, 'Stay']
[2990550, 2990580, 733797, -40384, 752680, 54922, -475853, -26969, 1148858, 355673, 846734, 694592, 1873795, 968609, 252831, 930329, 'Stay']
[3004577, 2992273, 737986, -41065, 751488, 53010, -478444, -26892, 1149473, 356192, 820245, 679445, 1864323, 968527, 247229, 927892, 'Stay']
[2994417, 2990682, 734121, -40302, 752529, 54965, -475481, -26737, 1148857, 355799, 848142, 696022, 1874650, 968940, 253723, 930088, 'Stay']
[2999194, 2992298, 736863, -40829, 751722, 53391, -477790, -26495, 1149674, 356682, 818323, 678337, 1862987, 968922, 247082, 927888, 'Stay']
[2998526, 2990448, 734485, -40368, 752105, 54512, -475566, -27380, 1148283, 355328, 848273, 696639, 1875364, 969136, 254039, 929603, 'Stay']
[2994259, 2992233, 735932, -40611, 751464, 54011, -477837, -25300, 1149954, 357243, 817321, 677603, 1862293, 969282, 245945, 927700, 'Stay']
[3002485, 2990480, 734460, -40472, 751640, 54877, -476338, -26893, 1147603, 355054, 848046, 697089, 1875807, 968829, 253662, 929785, 'Stay']
[2989082, 2991883, 734580, -40872, 752518, 53888, -475610, -26786, 1149900, 357572, 817452, 677777, 1862350, 969476, 244964, 927705, 'Stay']
[3007321, 2990067, 735419, -41366, 751654, 53594, -477890, -27063, 1147324, 354961, 846713, 697037, 1876098, 968581, 253366, 929694, 'Stay']
[2985619, 2992248, 733453, -41247, 752982, 54094, -475723, -26106, 1150153, 357902, 819823, 679070, 1862771, 969237, 244692, 928773, 'Stay']
[3010801, 2990969, 736096, -41452, 751885, 53305, -475910, -26972, 1148136, 355657, 844064, 695918, 1875371, 968441, 252225, 929272, 'Stay']
[2982948, 2992353, 732625, -41445, 753345, 53879, -475309, -27633, 1150043, 357698, 822396, 680558, 1863682, 967889, 244905, 929005, 'Stay']
[3013167, 2992705, 736335, -40647, 751943, 53806, -476151, -26878, 1148085, 356037, 841326, 694055, 1874166, 967889, 251125, 928941, 'Stay']
[2980308, 2993775, 731843, -40420, 753658, 53901, -474368, -27047, 1150474, 359006, 825680, 682462, 1864565, 968396, 244625, 929027, 'Stay']
[3014356, 2993541, 737038, -40694, 752170, 52246, -475542, -27056, 1148210, 356486, 837172, 691880, 1872653, 967612, 249337, 928405, 'Stay']
[2980219, 2993667, 731852, -40508, 754148, 53006, -474286, -26825, 1149748, 358439, 829810, 685098, 1866444, 968032, 245315, 930277, 'Stay']
[3015149, 2994448, 737651, -40293, 753007, 51474, -474750, -26353, 1148649, 357263, 833804, 690146, 1871379, 967849, 248722, 929338, 'Stay']
[2980984, 2994168, 731722, -40183, 754548, 52708, -472766, -26940, 1149856, 358749, 834152, 688179, 1868207, 968247, 246755, 931332, 'Stay']
[3013702, 2995257, 737480, -40755, 753702, 50787, -475367, -27332, 1149226, 357804, 829566, 687619, 1869421, 968155, 247559, 929206, 'Stay']
[2981498, 2994100, 731583, -40721, 754888, 52482, -472824, -25949, 1150429, 359155, 836606, 689906, 1869525, 967847, 246651, 930091, 'Stay']
[3012271, 2995191, 737905, -41706, 752817, 50215, -475544, -27566, 1149238, 357952, 825043, 684857, 1867880, 967541, 245496, 928433, 'Stay']
[2985070, 2993728, 732007, -41421, 754483, 51783, -472570, -26226, 1149469, 358404, 841071, 692846, 1871632, 967379, 247031, 931012, 'Stay']
[3008929, 2995404, 737075, -42037, 753362, 49521, -477240, -28125, 1149607, 358444, 822123, 682855, 1866166, 967227, 243769, 928712, 'Stay']
[2988551, 2993589, 732063, -41432, 754910, 50941, -472916, -26703, 1149086, 357894, 844168, 694746, 1873145, 967225, 247599, 931231, 'Stay']
[3004633, 2995518, 736305, -41760, 753493, 49262, -476273, -27171, 1150375, 359038, 819149, 680463, 1864444, 967277, 242491, 928841, 'Stay']
[2992496, 2993119, 732488, -41699, 754164, 50486, -473752, -27746, 1148786, 357674, 846077, 695949, 1874140, 966882, 248361, 931448, 'Stay']
[3000378, 2995121, 735886, -41973, 753330, 48951, -476435, -27679, 1149994, 358883, 817667, 679066, 1863188, 966717, 242102, 929580, 'Stay']
[2996882, 2992767, 733238, -41600, 753829, 49958, -474343, -28141, 1148483, 357597, 847051, 697026, 1875145, 966927, 248880, 931518, 'Stay']
[2995304, 2995046, 734913, -41531, 753810, 48479, -475323, -27192, 1150165, 359371, 816539, 678366, 1862821, 967362, 241365, 929873, 'Stay']
[3001093, 2992800, 733861, -41345, 753525, 49000, -474473, -27851, 1148179, 357812, 846639, 697345, 1875764, 966914, 249116, 931340, 'Stay']
[2991032, 2994269, 734428, -42122, 753322, 47952, -474513, -27233, 1150071, 359907, 816304, 678292, 1862399, 967131, 241447, 929552, 'Stay']
[3005413, 2992602, 734527, -42446, 753344, 48045, -474226, -27500, 1147622, 357609, 846030, 697188, 1875834, 966399, 249418, 931009, 'Stay']
[2987101, 2993742, 733433, -43251, 754131, 47577, -475493, -27373, 1149955, 359836, 817660, 678405, 1862231, 966826, 240853, 929528, 'Stay']
[3009501, 2992628, 735181, -43176, 753045, 47502, -475229, -27829, 1147373, 357707, 844301, 696174, 1875273, 966243, 248510, 930730, 'Stay']
[2983551, 2993677, 732278, -43101, 753715, 47441, -474271, -27372, 1149757, 360450, 820044, 679652, 1862774, 966655, 240647, 929926, 'Stay']
[3011715, 2992830, 735377, -43018, 752600, 46954, -475414, -28285, 1147383, 357921, 841025, 694358, 1874007, 966083, 247990, 930312, 'Stay']
[2980682, 2993180, 731710, -42879, 753795, 47510, -474924, -27225, 1150055, 360928, 821817, 680650, 1863434, 966692, 241387, 929389, 'Stay']
[3014487, 2992480, 736685, -42851, 752014, 46534, -476749, -27698, 1147024, 357815, 837447, 692199, 1873061, 966042, 248246, 930080, 'Stay']
[2980502, 2992980, 731845, -42110, 754167, 47622, -472474, -27128, 1149521, 360607, 826554, 683228, 1865125, 966773, 243617, 931043, 'Stay']
[3015673, 2993338, 737482, -42071, 752185, 46013, -475906, -27740, 1147528, 358540, 833884, 690029, 1871462, 966246, 248020, 930626, 'Stay']
[2981269, 2993014, 732343, -41453, 754010, 47555, -474428, -26579, 1149331, 361057, 830779, 686011, 1867010, 967118, 244506, 931958, 'Stay']
[3015665, 2993701, 738367, -41816, 752011, 45977, -475974, -27890, 1148248, 359615, 830097, 688139, 1870327, 966933, 246506, 930833, 'Stay']
[2982244, 2992743, 732173, -42058, 754048, 47159, -473617, -29319, 1149298, 360765, 835036, 689097, 1869154, 966826, 244889, 932495, 'Stay']
[3012971, 2994158, 737926, -42424, 752754, 45725, -475924, -27956, 1149144, 360253, 825232, 685245, 1868364, 966678, 243992, 929792, 'Stay']
[2983343, 2992793, 731617, -42532, 754126, 47611, -475291, -27987, 1149600, 360933, 837690, 691108, 1870626, 966819, 245358, 931478, 'Stay']
[3010312, 2994253, 737499, -43072, 752260, 45405, -476472, -28227, 1149266, 360409, 821184, 682821, 1866449, 965927, 243206, 928930, 'Stay']
[2986815, 2992643, 731991, -42613, 753798, 47033, -473963, -27966, 1149341, 361154, 841212, 693715, 1872471, 966291, 247054, 931458, 'Stay']
[3007137, 2994277, 737078, -43120, 752145, 45176, -476631, -28940, 1149139, 360945, 818629, 681225, 1864950, 966036, 242504, 929222, 'Stay']
[2990734, 2992768, 732448, -42021, 754116, 47238, -472833, -27995, 1148533, 360871, 844321, 695778, 1873921, 966846, 248106, 932231, 'Stay']
[3002024, 2994380, 736364, -42489, 752916, 45765, -475321, -28135, 1149605, 362032, 815666, 679191, 1863222, 966400, 241357, 928790, 'Stay']
[2994973, 2992374, 733165, -41973, 753563, 47513, -474641, -27870, 1148060, 360717, 845186, 696628, 1874746, 966349, 248180, 931726, 'Stay']
[2997393, 2994126, 735783, -42156, 753551, 46326, -474954, -28038, 1149314, 362112, 815156, 678376, 1862701, 966403, 241010, 929787, 'Stay']
[3000009, 2991986, 734163, -41882, 753069, 47099, -474972, -27909, 1147630, 360471, 845555, 696981, 1875325, 966090, 248909, 931783, 'Stay']
[2993953, 2994240, 735447, -42259, 753319, 46147, -475916, -27969, 1149274, 362126, 815752, 678188, 1862456, 966043, 241167, 930934, 'Stay']
[3004352, 2992915, 734789, -42113, 753426, 46943, -474916, -27805, 1147903, 360791, 845896, 697347, 1875839, 966222, 249071, 932249, 'Stay']
[2989096, 2994489, 734204, -42790, 753563, 46353, -475962, -27490, 1150162, 363133, 816119, 678129, 1862118, 966159, 240423, 930317, 'Stay']
[3009433, 2992919, 735833, -42833, 752327, 46035, -475928, -28313, 1148075, 360786, 844452, 696659, 1875759, 965698, 248925, 931871, 'Stay']
[2985870, 2994321, 733569, -42879, 753932, 46034, -474750, -28353, 1150605, 363201, 818655, 678971, 1862802, 965867, 241079, 931159, 'Stay']
[3011910, 2993155, 736157, -42867, 753096, 45562, -475136, -29194, 1148373, 360705, 841675, 694887, 1874729, 965875, 248590, 931525, 'Stay']
[2982402, 2994012, 732447, -42776, 754031, 46334, -475104, -28796, 1151055, 363440, 820486, 680034, 1863221, 966149, 241209, 930895, 'Stay']
[3013166, 2993478, 736262, -42636, 752685, 45944, -476132, -28680, 1149043, 361225, 837433, 692573, 1873000, 965564, 246776, 930439, 'Stay']
[2979941, 2993252, 731442, -42851, 753848, 46447, -474432, -28582, 1150906, 363323, 823422, 682164, 1864085, 966036, 240727, 930892, 'Stay']
[3014680, 2992788, 736575, -43195, 752540, 45382, -476430, -29032, 1148552, 360784, 833418, 690516, 1871492, 965402, 245376, 930210, 'Stay']
[2980553, 2992293, 731075, -43369, 753382, 46608, -475660, -28417, 1149573, 362297, 827741, 684367, 1865890, 965718, 241651, 932141, 'Stay']
[3014655, 2992978, 736478, -43455, 752107, 45549, -477381, -29197, 1148418, 360882, 829819, 687601, 1870001, 965351, 243522, 931078, 'Stay']
[2980313, 2992341, 730601, -42938, 753599, 47331, -473330, -27704, 1149782, 362852, 831403, 686281, 1867367, 965703, 241210, 932360, 'Stay']
[3013179, 2993120, 736697, -43680, 752084, 45180, -477536, -29327, 1148590, 361680, 825366, 685091, 1868104, 965293, 241994, 930498, 'Stay']
[2981749, 2992327, 730580, -42951, 754307, 46999, -473912, -29195, 1149229, 362744, 835280, 689359, 1869045, 965347, 242262, 932527, 'Stay']
[3010819, 2993982, 736937, -43091, 751745, 45915, -475778, -29126, 1148685, 362438, 821350, 683318, 1866263, 965687, 241224, 930284, 'Stay']
[2985261, 2992161, 731454, -42831, 753013, 48019, -474620, -27040, 1149096, 363071, 838645, 692469, 1870734, 965856, 244367, 932607, 'Stay']
[3007813, 2993770, 736555, -43530, 751830, 45720, -477344, -29286, 1148784, 362865, 818294, 681735, 1864684, 965300, 241145, 930571, 'Stay']
[2988729, 2991803, 731441, -43231, 752440, 47746, -475427, -29124, 1148182, 362478, 841410, 694559, 1872204, 965563, 245600, 932859, 'Stay']
[3003967, 2993706, 736347, -43690, 751819, 45923, -476629, -29272, 1148905, 363132, 815798, 680006, 1863274, 965427, 240458, 930654, 'Stay']
[2992718, 2991501, 732270, -43826, 752406, 47135, -476017, -29241, 1147998, 362218, 843463, 696156, 1873649, 964962, 246768, 932964, 'Stay']
[2999458, 2993245, 735694, -44040, 751812, 45753, -476109, -28296, 1148996, 363329, 813884, 678644, 1862258, 965016, 240324, 930459, 'Stay']
[2998184, 2991150, 733048, -43958, 752613, 46455, -474599, -29471, 1147123, 361554, 845085, 697338, 1874955, 964761, 248603, 933696, 'Stay']
[2994367, 2993163, 734486, -44082, 752729, 45468, -476228, -30117, 1149577, 363637, 813468, 677976, 1861925, 965008, 240550, 931083, 'Stay']
[3001936, 2991059, 733693, -43913, 752342, 46637, -474952, -27940, 1147370, 361640, 843769, 697330, 1875021, 964779, 248709, 932716, 'Stay']
[2990273, 2993065, 733965, -44305, 752329, 45947, -476140, -29353, 1149523, 363820, 813740, 678431, 1861821, 965221, 241141, 931461, 'Stay']
[3006446, 2991358, 734499, -44141, 751776, 45932, -476022, -30483, 1147709, 361686, 842639, 697331, 1875268, 964209, 249263, 932714, 'Stay']
[2987224, 2992894, 733493, -44359, 752261, 45914, -476775, -29752, 1149743, 363896, 815650, 679802, 1862711, 964537, 241565, 932214, 'Stay']
[3009651, 2992117, 734842, -43820, 751744, 46409, -476752, -28623, 1148107, 362352, 840583, 696887, 1875094, 964836, 249110, 932860, 'Stay']
[2983909, 2992767, 732081, -44331, 752209, 46437, -475372, -28573, 1149863, 364364, 817276, 681152, 1862775, 965399, 241619, 932169, 'Stay']
[3012222, 2992605, 735165, -43890, 752072, 46528, -475680, -30645, 1148490, 362713, 837161, 695183, 1873546, 965089, 248501, 932523, 'Stay']
[2980913, 2992965, 731451, -43782, 753460, 47438, -474893, -27728, 1150425, 364649, 820236, 683101, 1863947, 965789, 242045, 932417, 'Stay']
[3013937, 2992124, 736132, -44298, 751867, 46008, -476967, -28623, 1148463, 362735, 833004, 693368, 1872596, 965247, 247181, 931859, 'Stay']
[2979667, 2992223, 730805, -44425, 752752, 47136, -476417, -29522, 1149508, 364032, 824343, 685462, 1865782, 964585, 242746, 933441, 'Stay']
[3014364, 2992375, 736547, -44707, 751265, 45802, -477546, -30879, 1148007, 362274, 829344, 690739, 1871110, 964346, 246393, 932188, 'Stay']
[2980259, 2991639, 731021, -44468, 752739, 47059, -475106, -28342, 1149383, 364092, 828220, 687450, 1867448, 964765, 244301, 933713, 'Stay']
[3013728, 2992540, 736487, -44956, 751030, 45291, -477672, -30632, 1148249, 362677, 825489, 687823, 1869659, 963862, 246106, 932390, 'Stay']
[2981176, 2991715, 730260, -44392, 752454, 47324, -475096, -30220, 1148863, 363741, 832346, 689959, 1869306, 964338, 245751, 934295, 'Stay']
[3011462, 2992707, 736084, -44612, 751133, 45670, -478774, -29600, 1148398, 363198, 821024, 685372, 1867662, 964313, 245288, 932096, 'Stay']
[2982897, 2991610, 730156, -43818, 752327, 48015, -475029, -28524, 1148601, 363956, 834935, 692211, 1870702, 964668, 246888, 934100, 'Stay']
[3008218, 2992824, 735819, -44577, 751146, 45952, -478846, -29796, 1148339, 363830, 816979, 683040, 1865891, 965036, 245044, 932106, 'Stay']
[2986352, 2991204, 730595, -44323, 752700, 47785, -475086, -31220, 1147945, 363278, 837973, 694077, 1872285, 964397, 248471, 934253, 'Stay']
[3004949, 2993033, 735663, -44763, 750527, 45789, -479380, -29279, 1148761, 363941, 814272, 680780, 1864350, 964411, 244093, 932149, 'Stay']
[2990739, 2991615, 731236, -43976, 752519, 47546, -474246, -30115, 1147985, 363551, 840797, 696029, 1873835, 964188, 249639, 934915, 'Stay']
[2999395, 2993679, 734718, -44530, 751959, 45914, -477104, -30992, 1149559, 364861, 811947, 679050, 1862993, 964379, 243391, 931955, 'Stay']
[2994959, 2991245, 732194, -44422, 751723, 47310, -475991, -30198, 1147699, 363149, 841443, 696869, 1874800, 964450, 250434, 934298, 'Stay']
