[3058094, 2587609, 430061, -130841, 623014, 436600, -540108, -37750, 532011, 318944, 523825, 800548, 1553001, 400039, 427953, 1144884, 'Stay']
[3042617, 2584806, 426758, -129786, 623828, 438573, -538904, -37164, 531624, 318948, 545901, 812251, 1558993, 400291, 431409, 1146104, 'Stay']
[3055207, 2587847, 430397, -129950, 623756, 436946, -540372, -37915, 532628, 319946, 521843, 799415, 1552509, 400743, 427743, 1145009, 'Stay']
[3046327, 2584893, 427379, -129473, 624006, 438566, -538030, -36774, 531627, 319025, 547930, 813793, 1560212, 400543, 432801, 1146847, 'Stay']
[3050677, 2588101, 429967, -129461, 623956, 437867, -539836, -36316, 533271, 320576, 520370, 798531, 1551637, 401075, 427479, 1145183, 'Stay']
[3050585, 2584695, 428150, -129544, 624016, 438359, -538187, -37332, 531812, 319025, 548268, 814331, 1560543, 400867, 433349, 1146681, 'Stay']
[3047847, 2587127, 429482, -129757, 623416, 436989, -539153, -36515, 532833, 320177, 520812, 798379, 1551221, 400988, 427362, 1145836, 'Stay']
[3054970, 2584850, 428496, -129614, 623368, 437657, -538958, -37292, 531217, 318633, 549181, 814763, 1560794, 400461, 433472, 1147547, 'Stay']
[3043271, 2586645, 428347, -130334, 624733, 437012, -539906, -37324, 532938, 320486, 521384, 798399, 1551165, 401033, 427100, 1145994, 'Stay']
[3057877, 2585183, 428462, -129875, 623132, 437679, -539441, -36610, 531280, 318390, 546920, 813737, 1560622, 400362, 433339, 1146587, 'Stay']
[3039586, 2586080, 427696, -130258, 623740, 437093, -539279, -36591, 532876, 320487, 522761, 799065, 1551178, 401195, 427369, 1146004, 'Stay']
[3060162, 2584892, 429262, -130129, 624081, 437088, -540277, -37153, 531137, 318169, 544224, 812251, 1560011, 399961, 433146, 1145704, 'Stay']
[3037124, 2585279, 427424, -130388, 624427, 437507, -538830, -37470, 532204, 319858, 524801, 800311, 1552030, 400682, 427954, 1145778, 'Stay']
[3063580, 2585425, 430156, -129977, 623017, 437915, -540487, -37075, 531043, 318460, 541662, 811610, 1559638, 400460, 433163, 1145683, 'Stay']
[3036421, 2584965, 427148, -130394, 625149, 438176, -537772, -36752, 532317, 320113, 528495, 802655, 1553149, 401009, 428530, 1146370, 'Stay']
[3064754, 2586305, 430380, -129913, 624621, 437355, -538704, -37699, 531535, 318436, 538818, 809950, 1558796, 399999, 432729, 1145512, 'Stay']
[3035617, 2585631, 427260, -129444, 625746, 438871, -537777, -35032, 532823, 320664, 531716, 804607, 1554215, 401530, 429394, 1146024, 'Stay']
[3065474, 2587784, 431310, -129219, 624886, 437652, -538861, -36664, 531928, 319344, 535346, 808333, 1557789, 400867, 432076, 1145303, 'Stay']
[3035848, 2586748, 427080, -129040, 626117, 439206, -537837, -36502, 532893, 321025, 535747, 807217, 1555480, 401679, 430082, 1146222, 'Stay']
[3065653, 2588569, 431119, -129722, 623900, 436695, -540744, -38748, 532169, 319637, 531811, 806297, 1556444, 400526, 430824, 1144956, 'Stay']
[3038171, 2586034, 426584, -129749, 626258, 437866, -538929, -36928, 532226, 319999, 539767, 808821, 1556547, 400605, 430501, 1146384, 'Stay']
[3064568, 2589558, 430953, -129843, 625093, 436779, -539443, -37599, 531893, 319168, 529299, 804075, 1555158, 399648, 430048, 1145241, 'Stay']
[3040231, 2587080, 426820, -129208, 626604, 438829, -537012, -36165, 532832, 320637, 542665, 810691, 1557527, 401064, 431278, 1146059, 'Stay']
[3061636, 2589563, 430778, -129881, 625271, 436829, -539497, -37093, 532848, 320202, 525537, 802152, 1553750, 400715, 429617, 1144721, 'Stay']
[3043271, 2586318, 427043, -129713, 625581, 438140, -538247, -36231, 531723, 319464, 545828, 812591, 1558623, 400487, 432313, 1146679, 'Stay']
[3058351, 2589340, 430726, -129962, 625573, 436755, -539380, -37062, 532554, 320193, 523594, 800875, 1552900, 400732, 429183, 1145703, 'Stay']
[3046541, 2585996, 427293, -129778, 625673, 437999, -538218, -36347, 531134, 318908, 548119, 814120, 1559580, 400439, 433252, 1147404, 'Stay']
[3053986, 2589381, 430003, -130079, 625506, 436770, -540389, -37870, 532376, 320213, 522119, 799998, 1551658, 400737, 428668, 1146188, 'Stay']
[3048967, 2586916, 427905, -129102, 625388, 438543, -537236, -37877, 531890, 319853, 548531, 814831, 1559726, 400983, 433352, 1146695, 'Stay']
[3049848, 2589075, 430297, -129721, 625785, 437156, -539797, -35545, 532923, 320792, 521677, 799703, 1551401, 401295, 428992, 1146372, 'Stay']
[3052989, 2586306, 428674, -129968, 625644, 437500, -538955, -37752, 531355, 318938, 549950, 815328, 1560798, 400354, 434749, 1147547, 'Stay']
[3044857, 2588767, 429465, -130221, 625536, 436999, -539363, -37697, 532979, 320817, 521691, 798691, 1551099, 400890, 428060, 1145892, 'Stay']
[3055991, 2586687, 429212, -129824, 624907, 437896, -538650, -37278, 531383, 319343, 548020, 814218, 1560566, 400233, 434084, 1145980, 'Stay']
[3041608, 2587871, 429178, -130111, 626066, 437786, -538328, -36114, 532659, 321009, 522892, 799233, 1551246, 401124, 428363, 1145903, 'Stay']
[3060305, 2586043, 429899, -130306, 624457, 437835, -541053, -36482, 530744, 318621, 546721, 813376, 1560247, 400177, 434304, 1146237, 'Stay']
[3039305, 2587112, 428652, -130348, 626396, 438317, -537328, -37503, 532399, 320586, 524848, 799493, 1551435, 400952, 428159, 1145998, 'Stay']
[3063104, 2586891, 430633, -129935, 624522, 437776, -539222, -37378, 530958, 318675, 544481, 811844, 1559801, 400254, 434272, 1146265, 'Stay']
[3037100, 2587004, 428302, -129802, 626204, 438053, -536935, -36675, 532573, 320864, 527429, 800907, 1552282, 400939, 429164, 1146086, 'Stay']
[3064543, 2587378, 431322, -129379, 624724, 437784, -538970, -36361, 531173, 319075, 541026, 810354, 1559102, 400223, 434168, 1146136, 'Stay']
[3035172, 2586811, 427925, -129230, 625051, 438632, -537596, -35084, 532261, 320922, 530182, 802949, 1553375, 400993, 429778, 1146431, 'Stay']
[3064729, 2587879, 431417, -129490, 624470, 437552, -540858, -36628, 531383, 319393, 536566, 808378, 1557784, 400452, 432846, 1145670, 'Stay']
[3035464, 2586200, 427938, -129603, 625063, 438350, -537105, -35490, 532193, 320679, 533836, 805166, 1554652, 401202, 430705, 1146941, 'Stay']
[3064201, 2587735, 431641, -130442, 624607, 436117, -540759, -37873, 531531, 318950, 533345, 806030, 1556983, 399903, 432705, 1145826, 'Stay']
[3035301, 2585702, 427576, -129920, 625847, 438108, -538445, -35553, 531803, 319900, 537263, 806770, 1555831, 400284, 431386, 1146513, 'Stay']
[3062902, 2588374, 432043, -129803, 624644, 437146, -539316, -36852, 531830, 319747, 529924, 804496, 1555963, 400453, 432180, 1145965, 'Stay']
[3036849, 2585503, 427862, -129800, 626117, 438242, -537583, -36731, 532031, 320455, 541344, 809627, 1557315, 400726, 432754, 1147236, 'Stay']
[3060873, 2588008, 431734, -130485, 625068, 436318, -540441, -38344, 532076, 319855, 526897, 802466, 1554687, 400139, 431206, 1145825, 'Stay']
[3039159, 2584936, 427148, -130069, 625534, 438243, -538633, -36056, 531280, 319559, 544144, 810912, 1558013, 400242, 432559, 1147057, 'Stay']
[3057093, 2588205, 431185, -129697, 624982, 437593, -539327, -36967, 532308, 320452, 522910, 800065, 1553051, 400962, 429629, 1144931, 'Stay']
[3042713, 2584283, 428053, -129519, 625328, 439066, -537329, -35687, 530962, 319651, 545721, 812184, 1559297, 400941, 433897, 1146505, 'Stay']
[3053949, 2587615, 431033, -129750, 624790, 437862, -539082, -36072, 531358, 320161, 521935, 799014, 1552737, 400626, 430177, 1146012, 'Stay']
[3046174, 2584588, 428127, -129689, 624456, 438911, -538112, -37331, 530462, 319518, 547197, 813034, 1559805, 400783, 434322, 1146850, 'Stay']
[3050366, 2587631, 430520, -130047, 624615, 438137, -540453, -35746, 531339, 320606, 520166, 798096, 1551349, 401031, 428900, 1145728, 'Stay']
[3050201, 2584826, 428521, -130008, 625095, 438931, -538052, -35084, 530184, 319398, 547523, 813740, 1560151, 400671, 434179, 1146631, 'Stay']
[3046132, 2587490, 429767, -130498, 624888, 437307, -537870, -36763, 531554, 320761, 519919, 797714, 1551072, 400788, 428601, 1145723, 'Stay']
[3053800, 2585213, 429264, -130349, 625345, 437638, -537910, -36267, 530479, 319194, 547229, 813860, 1560814, 399912, 434715, 1146057, 'Stay']
[3042076, 2587362, 429242, -130796, 625458, 436848, -540319, -37782, 532524, 321137, 520258, 798170, 1551211, 400513, 428227, 1144951, 'Stay']
[3057699, 2585851, 429681, -130364, 624538, 436836, -540208, -36760, 530701, 318767, 546255, 813503, 1560656, 399642, 434048, 1145360, 'Stay']
[3039202, 2587727, 429368, -129760, 625607, 438020, -538342, -34553, 533039, 321484, 522141, 798996, 1551510, 401007, 428157, 1144913, 'Stay']
[3060499, 2586583, 430850, -129555, 624404, 437642, -538132, -37158, 531784, 319645, 543732, 812790, 1560130, 400731, 434102, 1145237, 'Stay']
[3036519, 2586766, 428632, -129779, 625734, 437602, -539174, -36999, 532845, 321237, 524928, 800739, 1551942, 401242, 428605, 1145497, 'Stay']
[3062351, 2586757, 431070, -129525, 624996, 437486, -539737, -35425, 531401, 319304, 541051, 811301, 1559241, 400418, 433379, 1145278, 'Stay']
[3034453, 2586223, 428075, -129630, 625993, 438116, -536435, -35552, 532816, 321210, 527465, 802092, 1552631, 401221, 429217, 1145735, 'Stay']
[3063098, 2587173, 431055, -129592, 624467, 437609, -539800, -36828, 531599, 319430, 537216, 808955, 1558166, 400454, 433241, 1145143, 'Stay']
[3033760, 2585673, 427449, -129716, 625836, 438244, -537753, -36642, 532063, 320741, 530979, 803707, 1553580, 401270, 429623, 1146218, 'Stay']
[3063850, 2586542, 431396, -130394, 623965, 436475, -541123, -36986, 531192, 319187, 534157, 807143, 1557029, 400420, 432177, 1145652, 'Stay']
[3033427, 2584747, 426993, -130524, 625625, 437646, -537447, -36578, 531485, 320042, 535603, 806093, 1554954, 400244, 430289, 1146870, 'Stay']
[3062064, 2587288, 431486, -130537, 624258, 436729, -539628, -37166, 531412, 319502, 530793, 804965, 1556132, 399914, 431538, 1145089, 'Stay']
[3034741, 2584837, 427330, -130094, 624969, 438480, -537868, -35874, 531671, 320271, 538956, 808216, 1556331, 400649, 431489, 1146411, 'Stay']
[3060584, 2587601, 431635, -130225, 623468, 436664, -540295, -35923, 532148, 320301, 526870, 803273, 1554476, 400628, 430821, 1144864, 'Stay']
[3037316, 2584760, 427291, -129944, 625162, 438241, -538497, -35089, 531279, 320121, 541976, 810472, 1557071, 400724, 432394, 1146596, 'Stay']
[3058404, 2587831, 431131, -130288, 624155, 436837, -540229, -37511, 532027, 320647, 523689, 801374, 1553311, 400886, 430010, 1144605, 'Stay']
[3040229, 2584370, 427130, -130111, 624828, 437924, -538713, -36828, 530810, 319957, 544445, 812257, 1558428, 400653, 432759, 1146132, 'Stay']
[3054839, 2587948, 430690, -129862, 624031, 437445, -539841, -36329, 531730, 320783, 521130, 799848, 1552327, 401140, 428819, 1144550, 'Stay']
[3043013, 2584929, 427408, -129294, 624846, 438990, -537369, -35329, 531238, 320642, 545231, 813097, 1559330, 401572, 433081, 1145759, 'Stay']
[3051030, 2587271, 430121, -130366, 624143, 436772, -539295, -37446, 531748, 320831, 519012, 798445, 1551514, 401250, 428453, 1144407, 'Stay']
[3047067, 2584202, 427699, -130226, 623992, 437886, -539003, -35699, 530603, 319736, 546301, 813644, 1559853, 401006, 433573, 1145609, 'Stay']
[3046886, 2586363, 429274, -131435, 623765, 436629, -540075, -36302, 531497, 320438, 518517, 797496, 1550716, 400852, 427636, 1144364, 'Stay']
[3051078, 2583927, 428184, -131005, 623731, 437869, -538852, -36457, 530281, 318863, 546113, 813361, 1559977, 400146, 433209, 1144828, 'Stay']
[3043145, 2585686, 428884, -131726, 623839, 436481, -541096, -37108, 531878, 320598, 518899, 797672, 1550729, 401010, 427593, 1144225, 'Stay']
[3054421, 2583670, 428638, -131322, 623943, 437172, -539942, -37317, 530300, 318580, 545428, 812860, 1560040, 399663, 433126, 1144388, 'Stay']
[3039382, 2585033, 428596, -131406, 624239, 436698, -540423, -37199, 531774, 320374, 520161, 797856, 1550911, 400460, 427344, 1144056, 'Stay']
[3057777, 2583896, 429827, -131038, 623632, 436454, -538575, -37866, 530170, 318102, 544203, 812427, 1560204, 399747, 433319, 1144815, 'Stay']
[3036168, 2584502, 428473, -130897, 624315, 437203, -539274, -35857, 532070, 320293, 522399, 798986, 1551585, 400765, 427825, 1144475, 'Stay']
[3059835, 2583916, 430314, -130650, 623490, 437018, -539847, -36711, 530427, 318248, 541273, 811300, 1559338, 399922, 433106, 1144643, 'Stay']
[3033307, 2582887, 427588, -131098, 624132, 437012, -539304, -36854, 531260, 319727, 525070, 800628, 1551935, 400736, 428172, 1144968, 'Stay']
[3060695, 2582396, 430338, -131261, 622984, 436841, -540515, -38060, 529688, 317423, 537811, 809063, 1558282, 400128, 432458, 1144512, 'Stay']
[3031181, 2580863, 426793, -131230, 624195, 437903, -540001, -35986, 530062, 318460, 528566, 801597, 1552767, 400568, 428683, 1145706, 'Stay']
[3060380, 2581816, 430493, -131123, 623501, 437240, -539839, -36733, 529202, 316921, 534247, 806527, 1557195, 400022, 431954, 1144816, 'Stay']
[3029849, 2579814, 426105, -131375, 624141, 437732, -539377, -35891, 529664, 318156, 531491, 803481, 1553642, 400366, 429646, 1145510, 'Stay']
[3059108, 2581799, 430353, -131724, 621747, 436265, -539967, -38391, 528787, 316886, 530183, 804470, 1555407, 399563, 431253, 1144146, 'Stay']
[3029652, 2579401, 425777, -131980, 624613, 437008, -537845, -38019, 528849, 317383, 535183, 805502, 1554515, 399574, 430259, 1145145, 'Stay']
[3056999, 2582087, 430493, -131638, 623185, 435967, -540152, -36734, 529053, 316917, 526282, 801978, 1554208, 399279, 430335, 1143443, 'Stay']
[3031695, 2579671, 426441, -131050, 623621, 437895, -538446, -35615, 529100, 317734, 538681, 807722, 1556014, 399929, 431203, 1145414, 'Stay']
[3054610, 2582683, 430204, -131343, 622229, 436372, -541343, -37879, 529338, 317723, 523718, 800472, 1553005, 399821, 429099, 1143965, 'Stay']
[3033355, 2579657, 426030, -131044, 623213, 437799, -539920, -36788, 529034, 317815, 541287, 809455, 1556907, 400107, 430800, 1144834, 'Stay']
[3051538, 2582637, 429985, -131568, 622990, 435736, -541099, -37268, 529565, 317786, 520924, 798583, 1551712, 399743, 427868, 1143398, 'Stay']
[3037332, 2579264, 426480, -131734, 623604, 436998, -539691, -37065, 528420, 316818, 544648, 810921, 1557949, 399449, 431759, 1145315, 'Stay']
[3048292, 2582328, 429697, -132354, 623325, 435304, -540907, -37975, 529566, 317797, 519833, 796821, 1550906, 399675, 427590, 1144007, 'Stay']
[3040884, 2579680, 427296, -131878, 623431, 436835, -538774, -36905, 528350, 316737, 546247, 811253, 1558614, 399369, 432281, 1145523, 'Stay']
[3043790, 2583099, 429901, -131649, 624037, 436693, -539530, -36187, 530370, 318754, 518642, 795833, 1550330, 400304, 427243, 1144098, 'Stay']
[3044747, 2579968, 428056, -131783, 623347, 437666, -540036, -37014, 528921, 317132, 546195, 811792, 1559347, 400018, 432770, 1145017, 'Stay']
[3040899, 2582606, 429147, -132250, 623548, 437031, -539255, -37147, 530286, 318723, 518680, 795787, 1550310, 400450, 426844, 1144415, 'Stay']
[3048913, 2580587, 428084, -132178, 624440, 437303, -538971, -36952, 528851, 316720, 546426, 811861, 1559765, 399644, 432904, 1145711, 'Stay']
[3036887, 2582918, 428175, -132210, 624560, 437241, -539813, -37034, 530783, 318907, 518979, 796143, 1550084, 400622, 426580, 1144635, 'Stay']
[3052565, 2582084, 428874, -131370, 623257, 437814, -539590, -35756, 529551, 317746, 544361, 811873, 1559483, 400252, 432560, 1144929, 'Stay']
[3034763, 2583426, 428620, -131206, 623613, 437609, -539363, -36565, 531163, 319919, 521193, 798033, 1550506, 401090, 426826, 1144818, 'Stay']
[3056731, 2582924, 430111, -131045, 622683, 436874, -541309, -38334, 529986, 318205, 543077, 811808, 1559308, 400435, 432630, 1145399, 'Stay']
[3033217, 2583411, 428240, -130959, 623978, 437021, -540237, -37323, 531398, 320173, 524927, 800175, 1551295, 401021, 427251, 1145748, 'Stay']
[3059343, 2583822, 430849, -130556, 623003, 436581, -541444, -37737, 530561, 318652, 541099, 810898, 1558861, 400563, 432462, 1145501, 'Stay']
[3031577, 2582898, 427732, -130905, 624018, 436856, -540062, -36911, 531556, 320258, 528271, 802060, 1552480, 401198, 427889, 1145496, 'Stay']
[3061318, 2583826, 431180, -130926, 622762, 436133, -540369, -37442, 530171, 318291, 538131, 809414, 1557909, 400254, 432014, 1145464, 'Stay']
[3030976, 2582504, 427322, -130752, 624956, 437756, -538214, -36052, 531563, 320283, 531695, 804078, 1553502, 401090, 428717, 1145693, 'Stay']
[3061406, 2583832, 431378, -131272, 623203, 436558, -541539, -37326, 530438, 318439, 533708, 806606, 1556732, 400256, 431219, 1144619, 'Stay']
[3032209, 2582020, 427318, -131047, 624032, 438156, -538251, -35916, 530555, 319291, 535757, 805856, 1554399, 400513, 429078, 1146065, 'Stay']
[3060892, 2583945, 431515, -131359, 622683, 436689, -540611, -36746, 530414, 318615, 530405, 804325, 1554863, 400320, 430068, 1144812, 'Stay']
[3032954, 2581793, 426771, -130964, 624568, 438432, -538963, -36168, 530469, 319202, 539138, 807596, 1555197, 400705, 429729, 1146255, 'Stay']
[3058914, 2584528, 431277, -131095, 623108, 436651, -541480, -37008, 531178, 319305, 526211, 801983, 1553389, 400842, 428523, 1144316, 'Stay']
[3036582, 2581687, 427212, -130994, 624245, 437458, -540549, -37726, 530647, 319042, 542807, 810010, 1556778, 400526, 430483, 1146824, 'Stay']
[3057101, 2585334, 431448, -130582, 624371, 436187, -539633, -36124, 531944, 319732, 524730, 800860, 1553016, 400738, 428580, 1145293, 'Stay']
[3039769, 2582225, 427730, -130091, 624699, 437416, -538913, -37448, 531129, 319461, 545882, 812151, 1558439, 400858, 431863, 1146718, 'Stay']
[3054405, 2585896, 431388, -129770, 623644, 436864, -541825, -37408, 532222, 320632, 523148, 800125, 1552563, 401439, 428246, 1145199, 'Stay']
[3043324, 2582681, 428093, -129432, 624171, 438096, -539483, -36614, 531421, 320221, 548125, 813784, 1559392, 401586, 432218, 1146323, 'Stay']
[3050350, 2585462, 430819, -129906, 623928, 436909, -540626, -37041, 532223, 320961, 521617, 798906, 1551399, 401448, 427578, 1144930, 'Stay']
[3047289, 2582135, 428291, -129879, 623232, 438318, -539670, -35660, 530457, 319531, 549190, 814213, 1559962, 401237, 432741, 1146494, 'Stay']
[3046513, 2584949, 429967, -129997, 624167, 438111, -539194, -35156, 531643, 321080, 521484, 798050, 1550919, 401786, 427427, 1145819, 'Stay']
[3051383, 2582137, 428491, -130298, 624189, 438409, -539306, -36394, 530084, 319287, 549195, 814318, 1560270, 401356, 433382, 1146978, 'Stay']
[3042203, 2584165, 428640, -130939, 625267, 437388, -540243, -36570, 531596, 320333, 521217, 797861, 1550777, 400889, 426987, 1145580, 'Stay']
[3055225, 2582439, 428838, -130565, 624282, 437499, -539468, -37905, 530118, 318440, 547602, 814056, 1560210, 400339, 433011, 1145946, 'Stay']
[3039292, 2583967, 428219, -130891, 625256, 437496, -539998, -35442, 531813, 320540, 522297, 798897, 1550561, 401123, 426986, 1145340, 'Stay']
[3058286, 2583484, 428973, -130632, 624464, 437202, -539364, -37750, 530163, 318371, 545621, 812998, 1559558, 400077, 432728, 1145438, 'Stay']
[3037442, 2584613, 427850, -130521, 625181, 437696, -538401, -35910, 531604, 320525, 525073, 800122, 1551161, 400860, 427632, 1145491, 'Stay']
[3062040, 2584974, 429989, -130077, 624662, 437511, -539762, -35971, 530616, 319227, 543930, 812426, 1559160, 400616, 433312, 1145983, 'Stay']
[3035818, 2585668, 427601, -129945, 626139, 437820, -537969, -36027, 532176, 321253, 528436, 802179, 1552042, 401172, 428515, 1146407, 'Stay']
[3063974, 2586385, 430752, -129783, 625129, 437398, -539689, -37435, 531425, 319866, 540802, 810882, 1558495, 400817, 432737, 1145839, 'Stay']
[3035041, 2585469, 427374, -129777, 626496, 438155, -538815, -35832, 532259, 321150, 532112, 804259, 1553118, 401222, 428986, 1146617, 'Stay']
[3064954, 2587015, 431126, -129562, 626064, 437094, -540400, -37263, 531608, 319923, 537401, 808828, 1557204, 400679, 432157, 1145571, 'Stay']
[3035240, 2585739, 427297, -129121, 626755, 439385, -538259, -35813, 532285, 321273, 535636, 806131, 1554140, 401459, 429905, 1146469, 'Stay']
[3064906, 2587470, 431577, -129600, 624926, 437738, -540394, -37896, 532062, 320447, 533550, 807073, 1556126, 401179, 431724, 1145101, 'Stay']
[3036082, 2584906, 427250, -129526, 626997, 438727, -537988, -36320, 532135, 320995, 539104, 808670, 1555358, 401217, 430628, 1146048, 'Stay']
[3063703, 2587052, 431542, -130217, 625585, 436942, -540652, -35967, 531572, 319653, 530176, 804842, 1554823, 400600, 430778, 1144960, 'Stay']
[3037592, 2584146, 427070, -130073, 626002, 439111, -540082, -35398, 531849, 320320, 542120, 810127, 1556329, 400953, 431121, 1145936, 'Stay']
[3060156, 2587084, 430991, -130468, 625295, 437110, -541616, -37521, 531916, 320089, 525873, 802027, 1553073, 400625, 429126, 1143943, 'Stay']
[3039898, 2583644, 427026, -130409, 626222, 438266, -536719, -36896, 531095, 319884, 544288, 811607, 1557145, 400596, 431738, 1145487, 'Stay']
[3057855, 2586608, 430840, -130806, 624535, 437019, -540160, -36479, 531606, 320094, 523178, 800668, 1551872, 400539, 429149, 1144188, 'Stay']
[3043475, 2583629, 427249, -130403, 624927, 438765, -538547, -35863, 530846, 319733, 546934, 813525, 1558249, 400549, 433172, 1146211, 'Stay']
[3053536, 2586868, 430122, -130621, 625496, 437410, -540671, -35955, 531979, 320626, 521762, 799877, 1551056, 400846, 428557, 1144716, 'Stay']
[3046538, 2583803, 427631, -130328, 626292, 438452, -538229, -36550, 531068, 319930, 547372, 814346, 1558876, 400659, 433074, 1145362, 'Stay']
[3049233, 2586675, 429910, -130571, 625264, 437147, -540051, -36661, 532675, 321439, 519725, 799185, 1550429, 401017, 428097, 1144173, 'Stay']
[3050604, 2583850, 428354, -130294, 625009, 438075, -539328, -36139, 530854, 319629, 547591, 815393, 1559534, 400216, 433459, 1145316, 'Stay']
[3045579, 2586334, 429791, -130503, 625477, 437329, -539303, -35255, 532293, 321336, 519726, 799255, 1550316, 400808, 427748, 1144708, 'Stay']
[3054646, 2583727, 428969, -130603, 624609, 437208, -539618, -36397, 530382, 319290, 547462, 815202, 1559752, 399864, 433647, 1145790, 'Stay']
[3042163, 2586207, 429406, -129949, 625251, 437787, -539158, -35469, 532214, 321681, 520867, 799350, 1550303, 401004, 427708, 1145152, 'Stay']
[3058123, 2584700, 429953, -129621, 624076, 438030, -538537, -36522, 530819, 320047, 546458, 814890, 1559983, 400575, 434107, 1145971, 'Stay']
[3038792, 2585224, 428621, -130354, 624729, 437326, -539489, -36111, 531963, 321291, 523209, 800256, 1550809, 400806, 428123, 1145660, 'Stay']
[3060688, 2584510, 430504, -129944, 624440, 437273, -539626, -35311, 530512, 319443, 544013, 813159, 1559213, 400222, 433607, 1145998, 'Stay']
[3036198, 2584332, 428378, -130423, 625362, 437394, -539544, -36290, 531744, 321166, 525829, 801297, 1551696, 400591, 428912, 1146506, 'Stay']
[3062903, 2584721, 431226, -129996, 624666, 436864, -539902, -37377, 530099, 318944, 541921, 811626, 1558935, 399726, 433970, 1146914, 'Stay']
[3034838, 2584192, 428146, -130062, 625508, 437982, -538230, -35925, 531980, 321414, 529469, 803182, 1552692, 401255, 429398, 1147168, 'Stay']
[3064376, 2585101, 431718, -130093, 624736, 436870, -539472, -35654, 530723, 319250, 539130, 810188, 1558091, 400390, 433495, 1147260, 'Stay']
[3033865, 2584473, 428015, -129521, 626252, 438512, -538158, -35146, 532363, 321648, 533741, 805701, 1554141, 401298, 430335, 1147995, 'Stay']
[3063787, 2586037, 432342, -129567, 625044, 437195, -539958, -36546, 531867, 320496, 535161, 808534, 1557031, 401020, 432416, 1146683, 'Stay']
[3033947, 2583911, 428097, -129662, 625563, 438375, -538887, -36688, 532374, 321609, 536901, 808021, 1555243, 401290, 430516, 1147055, 'Stay']
[3062861, 2586257, 432723, -129509, 624468, 437133, -539190, -36420, 531836, 320555, 531079, 806570, 1556014, 400838, 431420, 1145815, 'Stay']
[3035786, 2583528, 428135, -129520, 625607, 438205, -537746, -34915, 531416, 320977, 540936, 810504, 1556754, 401150, 431760, 1147758, 'Stay']
[3060769, 2586133, 432093, -129872, 624512, 436608, -540145, -37537, 531473, 320616, 528254, 804571, 1554664, 400653, 430934, 1146340, 'Stay']
[3037769, 2582706, 427731, -130060, 625187, 437774, -538979, -36319, 530622, 320286, 543759, 811808, 1557529, 400406, 432015, 1147521, 'Stay']
[3058402, 2585892, 431959, -130277, 624502, 436795, -539874, -36408, 530799, 320060, 525516, 802238, 1553341, 400112, 429749, 1146570, 'Stay']
[3040449, 2582771, 427993, -130109, 625274, 438001, -538316, -36981, 530696, 320051, 546705, 813107, 1558684, 400432, 432701, 1147741, 'Stay']
[3053766, 2586461, 431660, -129754, 625213, 437349, -539054, -35480, 531822, 320942, 522510, 799921, 1552267, 400642, 428777, 1145538, 'Stay']
[3044244, 2582987, 428435, -129886, 624657, 438597, -538312, -34921, 530424, 319965, 548143, 814072, 1559773, 400826, 433589, 1147625, 'Stay']
[3050675, 2586062, 431064, -130238, 625023, 436959, -539102, -36641, 531706, 321162, 521755, 799380, 1551797, 400938, 428561, 1146451, 'Stay']
[3047923, 2582966, 428724, -129913, 625535, 438072, -538558, -36444, 530514, 319722, 549048, 814898, 1560419, 400490, 433622, 1147312, 'Stay']
[3046889, 2585530, 430690, -130010, 624878, 437793, -538951, -35140, 532199, 321504, 520376, 798667, 1551502, 401200, 427799, 1145785, 'Stay']
[3051900, 2582911, 429417, -129888, 625318, 437974, -539195, -36705, 530552, 319666, 548935, 815263, 1560946, 400581, 433633, 1147198, 'Stay']
[3042988, 2585019, 429938, -130130, 624783, 437183, -539001, -35949, 532019, 321240, 521322, 798878, 1551170, 400814, 427370, 1146202, 'Stay']
[3055945, 2583339, 429906, -129496, 624592, 437989, -538518, -35918, 530627, 319647, 548038, 814864, 1560506, 400337, 433660, 1147329, 'Stay']
[3039390, 2584584, 429280, -129752, 625396, 437609, -539112, -35440, 532308, 321519, 522655, 799331, 1551101, 401203, 427724, 1146709, 'Stay']
[3058882, 2583461, 430535, -129732, 625057, 437182, -539347, -37060, 530448, 319192, 545833, 813271, 1560171, 400167, 433615, 1146999, 'Stay']
[3036921, 2583885, 428902, -130256, 625212, 437365, -538639, -35486, 531913, 321177, 524508, 799658, 1551631, 400664, 427977, 1146595, 'Stay']
[3061405, 2583880, 430966, -129867, 624176, 437351, -540049, -36008, 530508, 319156, 543179, 811543, 1559566, 399873, 433389, 1147195, 'Stay']
[3034416, 2583540, 428248, -130013, 625094, 437586, -538362, -35965, 532258, 321411, 527202, 801108, 1552445, 400821, 428144, 1146700, 'Stay']
[3062747, 2583869, 431214, -130066, 624055, 436803, -539261, -36975, 530736, 319268, 539437, 809852, 1558851, 399808, 432529, 1146407, 'Stay']
[3033327, 2582746, 427604, -130101, 624746, 437668, -539069, -34979, 531616, 320820, 530541, 803113, 1553536, 400475, 428724, 1146876, 'Stay']
[3063335, 2584427, 431814, -129773, 623840, 436874, -539293, -35311, 531076, 319677, 535276, 807675, 1557678, 400129, 431389, 1146030, 'Stay']
[3033971, 2582647, 428207, -129836, 624997, 437720, -538429, -36283, 531858, 321108, 534291, 805416, 1554991, 400705, 429480, 1147404, 'Stay']
[3063580, 2584858, 432316, -129846, 623866, 436056, -540523, -38938, 531135, 319687, 532663, 805981, 1556939, 399826, 431332, 1146555, 'Stay']
[3035178, 2582441, 428111, -129419, 624112, 437600, -538915, -35345, 531710, 320950, 538639, 807776, 1556380, 400499, 430344, 1147530, 'Stay']
[3062720, 2585388, 432794, -129094, 623028, 436714, -540295, -34391, 531560, 320398, 529541, 804394, 1555463, 400153, 430243, 1146770, 'Stay']
[3036972, 2582812, 428225, -128885, 624950, 438595, -537814, -35719, 531774, 321429, 542553, 810664, 1557503, 400898, 431362, 1148361, 'Stay']
[3059529, 2585277, 432145, -129511, 623823, 436643, -540748, -37862, 531656, 320793, 526221, 802416, 1554246, 400682, 429658, 1146467, 'Stay']
[3039071, 2582028, 428063, -129283, 624536, 438106, -538496, -34922, 530926, 320469, 544752, 811603, 1558272, 400593, 431867, 1147488, 'Stay']
[3055575, 2585626, 431971, -129191, 623830, 437359, -538973, -35331, 531933, 321595, 522814, 799946, 1552911, 400921, 428956, 1145533, 'Stay']
[3042160, 2581363, 428153, -129859, 623817, 438106, -538581, -36391, 530312, 320390, 546651, 813179, 1559144, 400762, 432562, 1147095, 'Stay']
[3051786, 2584061, 430862, -130303, 624069, 436619, -541028, -38115, 530936, 320370, 520997, 799122, 1551648, 400097, 427788, 1145590, 'Stay']
[3045704, 2580595, 428228, -130098, 624013, 437671, -538175, -36744, 529681, 319223, 547998, 814192, 1559713, 399973, 432463, 1147094, 'Stay']
[3046980, 2583562, 430391, -130069, 624533, 437098, -539951, -35037, 531374, 320669, 519806, 798261, 1551005, 400485, 427142, 1145497, 'Stay']
[3049583, 2579660, 429086, -130325, 623478, 437348, -538969, -35326, 529216, 318200, 548390, 814631, 1560376, 399853, 433307, 1147343, 'Stay']
[3042872, 2581748, 429899, -130353, 623518, 436679, -540151, -36523, 530955, 319943, 519911, 797671, 1550908, 400036, 427129, 1146148, 'Stay']
[3051827, 2578744, 429226, -130219, 623588, 436813, -539261, -36788, 528644, 317433, 547419, 813760, 1560374, 399185, 433047, 1147102, 'Stay']
[3038452, 2579898, 429198, -130533, 624691, 436719, -539556, -35915, 530143, 319207, 520781, 798036, 1550914, 399937, 426990, 1146268, 'Stay']
[3054346, 2577834, 429316, -130521, 623616, 436765, -540205, -36121, 528419, 316913, 545957, 813383, 1560387, 399117, 433371, 1147161, 'Stay']
[3033191, 2578556, 427550, -130591, 624426, 436921, -539815, -36270, 530112, 319209, 521686, 798492, 1550897, 399980, 426732, 1145686, 'Stay']
[3055690, 2577100, 429515, -130745, 622593, 436686, -540472, -37390, 527776, 316729, 542129, 811684, 1559317, 398991, 432302, 1145312, 'Stay']
[3030001, 2577304, 427128, -130709, 624021, 437633, -537598, -36442, 528887, 318632, 524507, 800092, 1551555, 399734, 427260, 1145528, 'Stay']
[3056838, 2576774, 429897, -130881, 622824, 436796, -540387, -37035, 527407, 316630, 539121, 810031, 1558457, 399169, 431876, 1144908, 'Stay']
[3028514, 2576269, 426677, -130954, 624129, 437586, -538705, -35834, 528283, 318114, 528010, 801708, 1552307, 399560, 427949, 1146148, 'Stay']
[3057632, 2577514, 429972, -130954, 623157, 436100, -539993, -37541, 527476, 316608, 536100, 807686, 1557355, 398980, 431482, 1145438, 'Stay']
[3027289, 2576127, 426386, -130943, 624338, 437190, -539555, -35869, 528713, 318370, 530370, 802783, 1553092, 399676, 427963, 1145220, 'Stay']
[3057837, 2577850, 430523, -131054, 622650, 435912, -541109, -37311, 527569, 316496, 531986, 805608, 1556296, 398683, 430475, 1144358, 'Stay']
[3028881, 2576468, 426099, -130497, 623783, 437845, -539467, -36122, 528099, 318033, 534903, 805848, 1554734, 399398, 428984, 1145597, 'Stay']
[3057690, 2579370, 430388, -130756, 623579, 436449, -540137, -38169, 528347, 317882, 528843, 804068, 1555294, 399538, 429728, 1144329, 'Stay']
[3031403, 2576376, 425904, -131364, 623950, 437012, -538638, -36288, 528513, 318128, 538502, 807689, 1556111, 399277, 429689, 1145404, 'Stay']
[3056600, 2580042, 430083, -131254, 622925, 436159, -540904, -36928, 528720, 317836, 525606, 801478, 1553852, 398610, 428490, 1144319, 'Stay']
[3034982, 2577423, 426325, -130686, 623647, 437865, -538856, -37269, 529002, 318683, 541916, 809979, 1557118, 399520, 430162, 1145731, 'Stay']
[3055347, 2581096, 430609, -130416, 622889, 436917, -540462, -38086, 529587, 319025, 523140, 800855, 1552805, 399416, 427638, 1144423, 'Stay']
[3039110, 2578113, 427503, -129851, 623591, 438295, -537938, -36426, 529436, 319135, 545070, 812917, 1558354, 400107, 431227, 1146026, 'Stay']
[3052214, 2581767, 431115, -129465, 623722, 437282, -539864, -35784, 530720, 320071, 521319, 800241, 1552114, 400440, 427685, 1144780, 'Stay']
[3043115, 2578534, 428411, -129227, 623809, 438498, -538619, -35448, 529955, 319300, 546635, 814184, 1559682, 400517, 432233, 1145962, 'Stay']
[3049567, 2581518, 430856, -129602, 623814, 437071, -539590, -37433, 530717, 320141, 520413, 799232, 1551802, 400415, 427830, 1145141, 'Stay']
[3047093, 2579121, 428574, -128942, 624346, 438496, -538887, -36166, 529557, 318890, 548345, 814707, 1560516, 400201, 433279, 1146447, 'Stay']
[3045379, 2581816, 430528, -129095, 624333, 437526, -540106, -37851, 531610, 321013, 519499, 798260, 1551104, 401014, 427308, 1144611, 'Stay']
[3051695, 2579525, 429177, -129053, 623990, 438327, -538684, -36648, 529518, 318836, 548473, 815056, 1560908, 400192, 433605, 1146438, 'Stay']
[3041577, 2581723, 429376, -129557, 624571, 437932, -539311, -36731, 531626, 321095, 520407, 798286, 1550950, 400867, 427018, 1144858, 'Stay']
[3055118, 2579644, 429281, -129864, 623652, 438055, -539165, -37456, 529667, 318724, 546939, 813833, 1560629, 399953, 433016, 1145539, 'Stay']
[3037980, 2581539, 428401, -129965, 624558, 438358, -539406, -36645, 531451, 320914, 521752, 798429, 1551094, 400425, 426495, 1144580, 'Stay']
[3058546, 2580510, 429800, -129753, 623268, 438161, -539866, -36497, 529669, 318928, 544989, 813050, 1560209, 399918, 432604, 1145171, 'Stay']
[3035864, 2581464, 428214, -129788, 624171, 438260, -539092, -35935, 531206, 321149, 524408, 800226, 1551669, 400507, 426860, 1144818, 'Stay']
[3061379, 2581344, 430663, -129430, 623000, 437656, -540253, -37452, 529861, 319293, 542251, 812332, 1559380, 399847, 432180, 1144578, 'Stay']
[3034697, 2581231, 428529, -129215, 625052, 438590, -538382, -35589, 531419, 321430, 527768, 803024, 1552564, 400834, 427698, 1145102, 'Stay']
[3063434, 2581906, 431875, -128967, 623900, 437939, -538433, -37026, 530205, 319582, 539509, 811447, 1558921, 400333, 432540, 1145135, 'Stay']
[3033700, 2580838, 428214, -128987, 624905, 438845, -537588, -38402, 531712, 321645, 530829, 804849, 1553730, 401300, 428880, 1145195, 'Stay']
[3064342, 2581979, 431833, -129224, 623314, 437856, -540414, -36011, 530576, 319757, 535779, 809058, 1557686, 400488, 431546, 1144657, 'Stay']
[3034471, 2580841, 427186, -128945, 624035, 439189, -539097, -34703, 531144, 321074, 535596, 807008, 1555102, 400929, 429362, 1146407, 'Stay']
[3064043, 2583193, 430993, -129077, 622166, 438276, -540324, -37248, 531090, 320634, 532555, 807253, 1556368, 401159, 430236, 1145097, 'Stay']
[3035591, 2580130, 426252, -129672, 624476, 438870, -538243, -36479, 530910, 321102, 538903, 809552, 1555948, 401217, 429150, 1146015, 'Stay']
[3062496, 2582700, 430682, -130371, 622598, 437561, -541194, -37712, 530440, 320140, 528971, 805398, 1555224, 400294, 428796, 1144523, 'Stay']
[3037178, 2580236, 426437, -129967, 624084, 439226, -538428, -36076, 530717, 320875, 542087, 811717, 1557319, 400791, 429224, 1145709, 'Stay']
[3059663, 2582899, 430757, -130672, 624283, 437154, -540039, -38129, 531073, 320285, 525659, 803582, 1553974, 400415, 427513, 1144179, 'Stay']
[3040256, 2580125, 426951, -130148, 625149, 438704, -537370, -37592, 530934, 320136, 544711, 813231, 1558563, 400489, 430063, 1145318, 'Stay']
[3056865, 2583736, 430764, -130151, 624248, 437601, -541348, -36913, 532219, 320850, 523201, 801913, 1553284, 400672, 427148, 1144070, 'Stay']
[3044687, 2580621, 427677, -129842, 624302, 438532, -537809, -36672, 531186, 319958, 547495, 814944, 1559623, 400146, 430921, 1145573, 'Stay']
[3053619, 2584589, 430486, -129672, 624650, 437542, -539535, -37358, 532555, 321293, 522393, 801095, 1552486, 400198, 426785, 1144390, 'Stay']
[3048755, 2581846, 428106, -129294, 624421, 438637, -539087, -36441, 530913, 320258, 549613, 816727, 1560703, 400238, 431530, 1145648, 'Stay']
[3049972, 2585419, 429952, -129199, 625256, 438171, -540040, -38024, 532578, 322220, 522263, 801444, 1552143, 400852, 426504, 1144604, 'Stay']
[3052468, 2582870, 428296, -128975, 624591, 439011, -537516, -36455, 530926, 320644, 550482, 817741, 1561224, 400292, 432064, 1145895, 'Stay']
[3045781, 2586025, 429204, -128946, 624919, 439104, -537663, -35690, 532770, 322828, 522356, 801215, 1551587, 401195, 426268, 1144913, 'Stay']
[3055949, 2583522, 428641, -129571, 625486, 438481, -539153, -38313, 531012, 320669, 549645, 817128, 1561088, 400358, 432085, 1145567, 'Stay']
[3042117, 2585370, 428666, -129696, 627089, 438328, -538243, -36284, 532598, 322506, 523355, 801147, 1551702, 400582, 426190, 1144775, 'Stay']
[3059647, 2583607, 429607, -129513, 625515, 438483, -539204, -35908, 530954, 320226, 547842, 816139, 1561184, 399893, 432552, 1145416, 'Stay']
