[1970640, 1766640, -699759, -580596, 1093519, 1346440, 639552, 231972, 956380, 1763627, 1284701, 1073407, 1237296, 1138489, 7255, 215946, 'Stay']
[1977248, 1777784, -704259, -575605, 1044162, 1337482, 646777, 227982, 950262, 1758579, 1318657, 1111494, 1277696, 1140312, 120963, 275929, 'Stay']
[1971160, 1767384, -699365, -580073, 1082331, 1345157, 640264, 232174, 957481, 1764459, 1278938, 1069292, 1231728, 1137685, 1362, 214077, 'Stay']
[1976472, 1776870, -703832, -576261, 1056061, 1338585, 645466, 227818, 948988, 1757364, 1324276, 1114589, 1282342, 1140701, 125318, 276636, 'Stay']
[1972278, 1769204, -698180, -578351, 1070116, 1344384, 641966, 232834, 958904, 1765724, 1275110, 1067338, 1227604, 1137674, -77, 215191, 'Stay']
[1975123, 1775089, -703509, -576937, 1068742, 1339767, 644417, 227812, 948686, 1756920, 1328274, 1116309, 1285478, 1141277, 124964, 274652, 'Stay']
[1972827, 1770110, -697865, -577857, 1058042, 1342745, 643047, 232405, 959160, 1765484, 1272091, 1066349, 1225759, 1136643, 2674, 218506, 'Stay']
[1974456, 1773533, -703339, -577749, 1080943, 1341123, 643339, 227606, 948455, 1755964, 1330095, 1115653, 1286927, 1141297, 120961, 271734, 'Stay']
[1974084, 1771697, -698039, -576843, 1046250, 1341646, 644292, 232241, 959975, 1765945, 1271374, 1066958, 1225727, 1136800, 8261, 222407, 'Stay']
[1973366, 1771851, -703418, -578551, 1092106, 1342635, 642242, 228146, 948323, 1755976, 1329884, 1113942, 1285684, 1141617, 112483, 266062, 'Stay']
[1974443, 1772931, -698839, -575992, 1035912, 1340508, 646119, 232744, 959793, 1765910, 1272432, 1069478, 1227406, 1137035, 17812, 227996, 'Stay']
[1971486, 1769738, -703212, -579211, 1101830, 1343995, 641028, 228849, 948304, 1756130, 1327722, 1111093, 1282828, 1141491, 101722, 259939, 'Stay']
[1974088, 1773407, -699109, -575086, 1027013, 1338999, 646695, 231967, 958855, 1765410, 1274924, 1073170, 1230752, 1137175, 30696, 235183, 'Stay']
[1969182, 1766859, -702352, -579902, 1108902, 1345071, 640011, 229417, 948391, 1756465, 1323756, 1106163, 1278118, 1141453, 87898, 252206, 'Stay']
[1974290, 1774264, -698713, -573954, 1020963, 1337979, 648302, 231747, 957525, 1764541, 1279319, 1077793, 1236370, 1137355, 45829, 243365, 'Stay']
[1967813, 1764645, -700937, -580145, 1113792, 1346539, 639884, 230399, 949249, 1757542, 1318580, 1100732, 1272449, 1141765, 72558, 244165, 'Stay']
[1973598, 1773868, -699595, -574155, 1017754, 1337078, 648045, 230583, 956166, 1763397, 1284589, 1083146, 1243244, 1138186, 61404, 250957, 'Stay']
[1966089, 1762625, -700731, -580997, 1115296, 1347044, 638483, 230200, 949853, 1757797, 1311226, 1094107, 1265531, 1141009, 56526, 236671, 'Stay']
[1973468, 1774284, -700471, -573752, 1018393, 1336709, 649045, 230319, 954628, 1761990, 1291163, 1089352, 1250807, 1138790, 77525, 258886, 'Stay']
[1965638, 1762047, -700396, -580613, 1113533, 1347442, 639170, 231858, 951391, 1758888, 1304125, 1087644, 1258099, 1140756, 41204, 229525, 'Stay']
[1973581, 1774840, -701998, -573820, 1021125, 1336480, 649068, 230130, 953254, 1760454, 1298289, 1095432, 1258527, 1139592, 92357, 265080, 'Stay']
[1966495, 1762748, -700464, -580605, 1109094, 1347563, 639339, 232370, 952720, 1759828, 1296540, 1081627, 1250156, 1140125, 27394, 223757, 'Stay']
[1974848, 1776440, -702882, -573916, 1027684, 1336946, 648965, 229766, 952219, 1759553, 1305942, 1101678, 1266263, 1140336, 105589, 271047, 'Stay']
[1967811, 1764502, -699857, -580256, 1101571, 1347528, 639551, 232916, 955076, 1761684, 1289336, 1076377, 1243174, 1139743, 15417, 219173, 'Stay']
[1975661, 1777067, -703449, -574900, 1036019, 1337470, 647614, 228830, 951573, 1758777, 1313027, 1107180, 1273278, 1141058, 115291, 274517, 'Stay']
[1970017, 1766171, -698917, -580138, 1092038, 1347134, 640116, 232744, 956783, 1763258, 1283031, 1072203, 1236693, 1139117, 6018, 216283, 'Stay']
[1977334, 1777948, -703215, -575224, 1047014, 1338915, 646739, 228384, 950955, 1758563, 1319778, 1112407, 1279830, 1141781, 122179, 277441, 'Stay']
[1972138, 1768622, -698243, -579100, 1080882, 1346598, 640811, 233052, 958982, 1765567, 1278073, 1069923, 1231618, 1139229, 769, 215958, 'Stay']
[1977408, 1777424, -703502, -576112, 1059478, 1340462, 646758, 228579, 950317, 1758308, 1324858, 1115953, 1284030, 1142362, 125306, 278146, 'Stay']
[1973932, 1770259, -698198, -578430, 1069012, 1345916, 642924, 233643, 960059, 1766599, 1273974, 1068060, 1227937, 1138731, -284, 217414, 'Stay']
[1976904, 1776063, -704051, -577174, 1071768, 1341942, 644611, 229029, 949841, 1757633, 1328258, 1117357, 1286760, 1142819, 124241, 276044, 'Stay']
[1974724, 1771508, -698737, -577596, 1056688, 1344662, 643729, 233738, 960448, 1767019, 1271574, 1067676, 1226586, 1138399, 2668, 220104, 'Stay']
[1975827, 1774193, -704487, -578070, 1083673, 1342866, 643610, 228794, 949156, 1757271, 1329448, 1116813, 1287743, 1142660, 119000, 271600, 'Stay']
[1975720, 1772781, -698975, -576769, 1044904, 1342746, 644889, 233281, 960236, 1766973, 1270930, 1068419, 1226434, 1137957, 9024, 223838, 'Stay']
[1974742, 1772252, -704108, -578718, 1095100, 1344243, 642333, 228942, 948656, 1756780, 1329303, 1114843, 1287098, 1142779, 110663, 265935, 'Stay']
[1976927, 1774697, -698921, -575250, 1035024, 1341573, 646641, 233213, 960265, 1766908, 1272396, 1071326, 1229585, 1137965, 20149, 230812, 'Stay']
[1973811, 1771013, -703599, -579111, 1104424, 1345736, 641074, 229567, 949163, 1757396, 1327038, 1111618, 1283866, 1142751, 99383, 259754, 'Stay']
[1977762, 1776425, -699818, -574762, 1026675, 1340130, 646958, 232279, 959595, 1766849, 1275335, 1075255, 1233218, 1138367, 33386, 238151, 'Stay']
[1973014, 1769447, -702853, -579933, 1111196, 1346504, 639966, 229432, 949975, 1757710, 1322641, 1106544, 1278782, 1142466, 85111, 252126, 'Stay']
[1978696, 1777666, -699821, -574075, 1021225, 1339022, 647313, 231678, 959351, 1765560, 1280413, 1080270, 1239170, 1138630, 48154, 245576, 'Stay']
[1972669, 1768563, -702026, -580602, 1115035, 1347338, 638876, 230136, 951377, 1758566, 1317790, 1101409, 1272607, 1142054, 69437, 244151, 'Stay']
[1979305, 1778864, -700386, -574218, 1018633, 1338021, 648332, 230821, 958313, 1764694, 1286767, 1086130, 1246055, 1138999, 63924, 253556, 'Stay']
[1972442, 1767968, -700900, -580867, 1115755, 1348002, 638159, 230680, 952666, 1759722, 1311482, 1094756, 1265215, 1141786, 53244, 236371, 'Stay']
[1979927, 1779770, -700711, -573926, 1019327, 1337559, 648857, 230338, 957101, 1763760, 1293929, 1092418, 1252866, 1139488, 79092, 260181, 'Stay']
[1972387, 1767097, -699803, -581088, 1114255, 1348193, 638978, 231304, 954438, 1761170, 1304547, 1088713, 1257691, 1141078, 37827, 228962, 'Stay']
[1980095, 1779726, -700925, -574012, 1023132, 1337042, 649058, 229356, 955786, 1762467, 1301456, 1098665, 1260969, 1139987, 94482, 267215, 'Stay']
[1971592, 1766443, -699284, -580750, 1108302, 1348033, 638784, 231756, 955480, 1762313, 1296899, 1082043, 1249547, 1140409, 24259, 222983, 'Stay']
[1979346, 1779609, -701948, -573549, 1029391, 1337386, 648296, 229202, 953368, 1761032, 1308526, 1104066, 1268235, 1140582, 107160, 272168, 'Stay']
[1971559, 1767111, -698937, -579439, 1100724, 1347713, 639640, 232572, 956634, 1763800, 1289647, 1077017, 1242864, 1140325, 13312, 218250, 'Stay']
[1978478, 1778880, -703399, -574063, 1038333, 1337485, 647011, 228042, 951993, 1759697, 1315181, 1109467, 1275322, 1141363, 117181, 274975, 'Stay']
[1971788, 1767443, -699219, -579085, 1090260, 1346593, 639230, 232276, 957440, 1764335, 1282859, 1072117, 1236105, 1139417, 5152, 215289, 'Stay']
[1978051, 1777978, -703896, -574722, 1049110, 1338317, 646086, 228150, 950777, 1758557, 1321264, 1112937, 1280776, 1142001, 123259, 276501, 'Stay']
[1973152, 1768800, -698776, -578472, 1078659, 1345372, 640091, 232556, 959065, 1765553, 1277824, 1068986, 1231214, 1139179, 706, 214747, 'Stay']
[1977962, 1777122, -703767, -575646, 1061426, 1339732, 644886, 227894, 950129, 1758017, 1326332, 1116348, 1284959, 1142576, 125649, 276618, 'Stay']
[1974882, 1770939, -697536, -577122, 1066699, 1344660, 643133, 233052, 960234, 1766764, 1274557, 1068205, 1227949, 1139101, 511, 216702, 'Stay']
[1976879, 1775474, -703648, -576905, 1073559, 1340561, 644139, 227824, 949589, 1757551, 1329290, 1117406, 1287577, 1142787, 123748, 274029, 'Stay']
[1975179, 1771503, -697888, -577268, 1054014, 1342585, 643077, 232452, 960548, 1766778, 1271685, 1067187, 1226555, 1138143, 3120, 219159, 'Stay']
[1975764, 1773682, -703587, -578084, 1085108, 1341535, 642066, 227562, 949062, 1756745, 1329855, 1116243, 1287454, 1142623, 117253, 269299, 'Stay']
[1976045, 1773124, -698302, -576500, 1042517, 1340859, 644364, 232039, 960254, 1766656, 1271028, 1068747, 1226778, 1137809, 10573, 224096, 'Stay']
[1974607, 1772271, -703430, -578666, 1095869, 1343083, 641342, 228504, 949246, 1756817, 1329321, 1114594, 1285886, 1142843, 108409, 263584, 'Stay']
[1976481, 1774469, -699121, -575765, 1032494, 1339874, 645119, 232041, 960101, 1766460, 1272967, 1072000, 1229197, 1138107, 21419, 230220, 'Stay']
[1973415, 1770388, -703389, -579627, 1104660, 1344479, 640117, 229108, 948880, 1756761, 1326301, 1110943, 1282225, 1142409, 96437, 257428, 'Stay']
[1977530, 1775974, -699485, -574669, 1025158, 1338802, 647149, 232082, 959535, 1766021, 1276342, 1076155, 1233376, 1138245, 35169, 238395, 'Stay']
[1972581, 1768791, -702359, -579826, 1111287, 1345977, 639501, 229875, 950120, 1757747, 1322319, 1105987, 1276851, 1142591, 82079, 250089, 'Stay']
[1978448, 1777311, -699847, -574058, 1019852, 1338038, 647276, 231426, 958649, 1765155, 1281364, 1081536, 1239074, 1138616, 50441, 246413, 'Stay']
[1971820, 1767302, -701912, -580672, 1114792, 1346848, 638996, 230219, 951101, 1758626, 1316665, 1100490, 1270459, 1142137, 66237, 241923, 'Stay']
[1978573, 1777715, -701142, -574372, 1017835, 1337073, 647824, 230208, 957126, 1763661, 1287185, 1087378, 1245873, 1138801, 66513, 254325, 'Stay']
[1971425, 1766392, -701106, -580890, 1114916, 1347456, 638992, 230792, 952238, 1759111, 1309653, 1093760, 1262818, 1141296, 50452, 234537, 'Stay']
[1978518, 1778069, -701647, -574269, 1018818, 1336681, 648485, 230096, 955664, 1762271, 1294475, 1093358, 1253135, 1139274, 81725, 260949, 'Stay']
[1970552, 1765556, -700819, -581241, 1112277, 1347525, 638271, 231539, 953130, 1760004, 1302080, 1087290, 1254874, 1140656, 35108, 227224, 'Stay']
[1978590, 1778644, -702131, -574153, 1023355, 1336583, 648617, 229592, 954119, 1760989, 1301507, 1099686, 1260881, 1139907, 96403, 267574, 'Stay']
[1970614, 1765642, -700201, -580875, 1106619, 1347396, 638144, 231737, 954629, 1761378, 1294647, 1081552, 1247474, 1140476, 22062, 221898, 'Stay']
[1978503, 1778669, -702809, -574176, 1030397, 1337191, 647919, 229146, 952475, 1759916, 1309101, 1105686, 1268729, 1141020, 108755, 272744, 'Stay']
[1971587, 1766726, -698897, -579608, 1098225, 1347667, 639477, 232640, 956330, 1763266, 1287729, 1076779, 1240469, 1140305, 11532, 217854, 'Stay']
[1978325, 1778118, -703199, -574421, 1039613, 1338406, 647140, 228985, 951536, 1759366, 1316015, 1111362, 1275406, 1141872, 118270, 275561, 'Stay']
[1971846, 1767087, -698679, -579238, 1087727, 1347002, 640367, 233156, 957499, 1764156, 1281479, 1072574, 1234386, 1139784, 4116, 215323, 'Stay']
[1977294, 1776903, -703748, -575460, 1050675, 1339160, 646611, 228519, 950341, 1758072, 1321682, 1114471, 1280711, 1142398, 123730, 276555, 'Stay']
[1972500, 1768236, -698291, -578806, 1076060, 1345616, 641135, 232958, 958452, 1765021, 1276462, 1069381, 1229634, 1139054, 587, 215491, 'Stay']
[1976282, 1775520, -703756, -576698, 1062480, 1339506, 644479, 227912, 949403, 1757168, 1326028, 1116539, 1284631, 1142524, 125064, 275570, 'Stay']
[1973206, 1769245, -697830, -578083, 1063898, 1343891, 642480, 232882, 959141, 1765259, 1272466, 1067372, 1226466, 1138349, 152, 216431, 'Stay']
[1975608, 1773996, -703527, -577399, 1075313, 1340815, 643893, 228221, 948736, 1756003, 1328741, 1117339, 1286830, 1142668, 123212, 273664, 'Stay']
[1974089, 1770543, -698104, -577391, 1051796, 1342521, 643584, 232862, 959789, 1765601, 1270945, 1067672, 1225347, 1138199, 5063, 220660, 'Stay']
[1974651, 1772557, -703489, -578040, 1086791, 1342063, 642294, 228264, 948160, 1755824, 1329300, 1116334, 1286551, 1142628, 117127, 269589, 'Stay']
[1975311, 1772576, -698017, -575927, 1040088, 1341170, 644551, 232593, 959802, 1766196, 1270751, 1069450, 1225995, 1138413, 12855, 225293, 'Stay']
[1973742, 1771095, -702766, -578325, 1097176, 1344185, 641535, 229521, 948613, 1756235, 1328336, 1114125, 1284296, 1143386, 106936, 262559, 'Stay']
[1976028, 1774092, -698186, -574772, 1030971, 1340331, 646135, 232663, 959703, 1765899, 1273170, 1072704, 1229052, 1138565, 24074, 231558, 'Stay']
[1972400, 1769156, -702201, -579281, 1106291, 1344994, 640523, 229193, 948854, 1756494, 1325818, 1110229, 1280846, 1143118, 94667, 256151, 'Stay']
[1977190, 1775621, -698125, -574137, 1023717, 1338533, 647371, 232018, 959103, 1765386, 1277305, 1076966, 1233668, 1138612, 38346, 239665, 'Stay']
[1971914, 1767903, -701061, -579558, 1111962, 1345789, 640216, 230256, 950087, 1757334, 1321849, 1105182, 1275759, 1142772, 79833, 248074, 'Stay']
[1977646, 1776662, -698957, -573775, 1019309, 1337237, 647795, 231155, 958110, 1764623, 1282840, 1082526, 1240395, 1139368, 53555, 246791, 'Stay']
[1971272, 1767036, -700827, -580013, 1115000, 1346498, 639185, 230619, 951018, 1758243, 1315659, 1099676, 1269491, 1142510, 64042, 239783, 'Stay']
[1978033, 1777722, -700368, -573656, 1017727, 1336403, 647855, 230677, 956724, 1763553, 1288860, 1089061, 1247379, 1139531, 69512, 254356, 'Stay']
[1970544, 1765888, -700719, -580472, 1114539, 1346894, 638432, 231186, 952024, 1759243, 1308769, 1093411, 1261907, 1141976, 48584, 232549, 'Stay']
[1978354, 1778389, -700463, -572899, 1019327, 1336094, 648325, 230280, 955158, 1762331, 1296159, 1095097, 1255085, 1140130, 85773, 262287, 'Stay']
[1970842, 1765994, -698411, -579378, 1111506, 1347391, 638835, 232328, 953719, 1761120, 1301898, 1087268, 1254541, 1141940, 34099, 226343, 'Stay']
[1978925, 1778720, -699536, -572648, 1024240, 1336403, 648702, 230017, 954391, 1761746, 1304496, 1101873, 1263848, 1141419, 99845, 268467, 'Stay']
[1971018, 1765540, -697188, -579989, 1105476, 1346872, 638745, 232262, 955489, 1762054, 1294677, 1081745, 1247197, 1141013, 20799, 220961, 'Stay']
[1978610, 1778039, -699991, -574100, 1032160, 1336293, 647779, 229006, 952681, 1759863, 1311455, 1107625, 1270857, 1141259, 111808, 273861, 'Stay']
[1972019, 1766663, -695871, -579228, 1097240, 1346754, 640993, 233107, 956783, 1763681, 1287911, 1076973, 1240345, 1140586, 11300, 218467, 'Stay']
[1978538, 1777936, -700719, -574359, 1041910, 1337409, 647507, 228949, 951750, 1759391, 1318346, 1112793, 1277463, 1142724, 120694, 277252, 'Stay']
[1972343, 1767455, -696266, -578469, 1085902, 1345923, 641082, 233518, 958203, 1764821, 1281542, 1072723, 1234259, 1140206, 4056, 216265, 'Stay']
[1977314, 1777029, -701610, -574599, 1052791, 1338513, 646165, 228716, 950439, 1758067, 1323618, 1115988, 1282254, 1143369, 125075, 277383, 'Stay']
[1972585, 1768754, -696553, -577299, 1073969, 1344983, 641558, 233707, 959259, 1765721, 1276505, 1069776, 1229499, 1140382, 517, 215286, 'Stay']
[1976303, 1775869, -702215, -575096, 1064906, 1339918, 644530, 228514, 949327, 1757261, 1327333, 1117868, 1285750, 1143941, 125700, 275994, 'Stay']
[1973197, 1769626, -696863, -576798, 1061718, 1343699, 642482, 233298, 959766, 1765716, 1272823, 1068202, 1226761, 1139553, 1284, 217260, 'Stay']
[1975867, 1774255, -702099, -576253, 1077646, 1341262, 643218, 228492, 948578, 1756126, 1329344, 1117884, 1287337, 1143700, 123036, 273739, 'Stay']
[1975333, 1771832, -696052, -575623, 1049988, 1342773, 644284, 233632, 960129, 1766230, 1271362, 1068404, 1225906, 1139436, 6537, 222034, 'Stay']
[1975356, 1772660, -701455, -577308, 1089492, 1343131, 642764, 229102, 948849, 1756385, 1329974, 1116553, 1286959, 1144227, 115554, 268966, 'Stay']
[1976217, 1772901, -696730, -575825, 1039034, 1341591, 644376, 232919, 960264, 1766117, 1271618, 1070226, 1227527, 1139248, 14869, 227722, 'Stay']
[1974641, 1770833, -701869, -579276, 1099451, 1344161, 641383, 228863, 948702, 1755847, 1328104, 1113393, 1284485, 1143757, 104875, 263149, 'Stay']
[1977570, 1774498, -698042, -575685, 1030093, 1339998, 646336, 232465, 959842, 1765501, 1273575, 1073157, 1230054, 1138923, 26327, 234398, 'Stay']
[1973655, 1769347, -702434, -580298, 1107420, 1345478, 639499, 229159, 949288, 1756420, 1324957, 1109278, 1280162, 1143486, 91776, 256301, 'Stay']
[1978708, 1776201, -699218, -575009, 1022323, 1338769, 646066, 231147, 958923, 1765235, 1277610, 1077793, 1234454, 1139092, 39905, 241713, 'Stay']
[1973246, 1768067, -701856, -580620, 1111936, 1346564, 638743, 229737, 950362, 1757657, 1320001, 1103874, 1273780, 1143119, 75591, 247033, 'Stay']
[1979174, 1776948, -699614, -574400, 1018307, 1337970, 647030, 230976, 957811, 1764407, 1283003, 1083239, 1240430, 1139529, 54934, 248822, 'Stay']
[1972236, 1766432, -701175, -581021, 1114811, 1347379, 637665, 230094, 950954, 1758171, 1313684, 1097710, 1267092, 1142626, 59901, 239141, 'Stay']
[1979285, 1777485, -700127, -574111, 1018029, 1337183, 648087, 230474, 956135, 1762928, 1289275, 1088999, 1247848, 1139815, 71286, 256783, 'Stay']
[1971805, 1765802, -700138, -580815, 1114611, 1348120, 638299, 231627, 951945, 1759249, 1306575, 1091321, 1259484, 1142028, 44714, 232111, 'Stay']
[1979656, 1778382, -700664, -573800, 1020574, 1337353, 648637, 230347, 954819, 1761922, 1296757, 1095614, 1255649, 1140512, 86976, 263941, 'Stay']
[1971527, 1765452, -699316, -580881, 1110861, 1347721, 638402, 231812, 953613, 1760546, 1299641, 1085248, 1252180, 1141300, 30250, 225559, 'Stay']
[1979065, 1778133, -701700, -574181, 1025288, 1336256, 646894, 228555, 953287, 1760273, 1304408, 1101708, 1263301, 1140552, 100711, 269765, 'Stay']
[1971405, 1765593, -698673, -580230, 1103772, 1347019, 638792, 232125, 954854, 1761584, 1292343, 1079727, 1244140, 1140561, 17714, 220632, 'Stay']
[1978751, 1778084, -701834, -573991, 1033232, 1337060, 647272, 228798, 952038, 1759344, 1311699, 1107614, 1270647, 1141602, 112175, 274160, 'Stay']
[1971818, 1766125, -697424, -579494, 1094780, 1346777, 639022, 232431, 956823, 1763360, 1285974, 1074977, 1237618, 1140493, 7715, 216553, 'Stay']
[1978218, 1777021, -701766, -574756, 1043571, 1337716, 646654, 228647, 950705, 1758104, 1318696, 1111963, 1276849, 1142090, 120039, 276717, 'Stay']
[1972679, 1766963, -696438, -578664, 1083958, 1345785, 640686, 233057, 957949, 1764171, 1280190, 1070766, 1232009, 1139530, 1749, 215503, 'Stay']
[1977664, 1775791, -701562, -575261, 1055011, 1338544, 645893, 228257, 950037, 1757270, 1324094, 1115113, 1282179, 1142595, 124044, 276659, 'Stay']
[1973442, 1767889, -695740, -577557, 1072160, 1344902, 642154, 233787, 958878, 1765007, 1275738, 1068369, 1228029, 1139281, -790, 215133, 'Stay']
[1976659, 1774615, -701663, -575557, 1067243, 1340122, 645060, 228884, 949027, 1756757, 1328115, 1117255, 1285270, 1143569, 124588, 274908, 'Stay']
[1973194, 1768721, -697155, -576986, 1059542, 1343271, 642578, 233356, 959045, 1765358, 1272382, 1067517, 1225018, 1139010, 883, 216856, 'Stay']
[1974757, 1772592, -703047, -577002, 1079315, 1340576, 642350, 227811, 947306, 1755120, 1329256, 1117162, 1285785, 1143194, 121287, 272196, 'Stay']
[1974732, 1770873, -697438, -575966, 1047304, 1341581, 643059, 232754, 959385, 1765500, 1271418, 1068179, 1224645, 1138809, 7060, 221515, 'Stay']
[1974398, 1771375, -703133, -577946, 1090406, 1341971, 641264, 227825, 947715, 1755353, 1329866, 1115778, 1285388, 1143462, 113549, 266824, 'Stay']
[1976401, 1773171, -697505, -575014, 1036469, 1340622, 645407, 232875, 959633, 1765875, 1272234, 1070473, 1226434, 1138902, 16248, 227534, 'Stay']
[1973574, 1769860, -702319, -578554, 1100356, 1343850, 640999, 228871, 948356, 1756005, 1328452, 1112915, 1283007, 1143809, 102125, 260370, 'Stay']
[1977165, 1774294, -697771, -574297, 1027946, 1339556, 646552, 232501, 958992, 1765300, 1274893, 1074194, 1230253, 1139256, 28529, 234993, 'Stay']
[1972724, 1768400, -701410, -579141, 1107917, 1345608, 639955, 229847, 949175, 1756624, 1324765, 1108606, 1278558, 1143805, 88938, 253643, 'Stay']
[1977481, 1775414, -698313, -573654, 1021640, 1338552, 647362, 232078, 958127, 1764336, 1278993, 1078840, 1234810, 1139439, 43145, 242902, 'Stay']
[1971876, 1767004, -700638, -579427, 1113109, 1346643, 639478, 230713, 949870, 1757179, 1319478, 1103209, 1272199, 1143537, 73818, 246022, 'Stay']
[1978424, 1776665, -698873, -573128, 1018361, 1337724, 648305, 231774, 957219, 1763774, 1284553, 1084790, 1241099, 1140056, 58761, 250756, 'Stay']
[1971564, 1766109, -700025, -579680, 1115208, 1347466, 638920, 231298, 951142, 1758451, 1313334, 1097710, 1265055, 1143325, 57990, 238692, 'Stay']
[1979086, 1777722, -699479, -573065, 1017880, 1336762, 647554, 230421, 955943, 1762893, 1291602, 1091542, 1248099, 1140396, 74429, 258485, 'Stay']
[1971587, 1765610, -699191, -580081, 1113816, 1347354, 638072, 231137, 952437, 1759893, 1306535, 1092026, 1257434, 1142435, 41869, 231089, 'Stay']
[1979379, 1778046, -700306, -573201, 1020994, 1336101, 647938, 229472, 954622, 1761698, 1298953, 1098431, 1256451, 1140990, 89749, 265774, 'Stay']
[1971378, 1765109, -698571, -580011, 1109511, 1347015, 637698, 231398, 953998, 1760986, 1299090, 1085855, 1250115, 1141616, 27708, 225084, 'Stay']
[1979375, 1778097, -700502, -572888, 1026706, 1336391, 648488, 229806, 953030, 1760639, 1306462, 1104483, 1263980, 1141486, 103167, 271237, 'Stay']
[1971939, 1765506, -697293, -579120, 1102416, 1347154, 639310, 233299, 955679, 1762683, 1292182, 1080268, 1242911, 1141514, 16244, 220121, 'Stay']
[1978852, 1777301, -701134, -573409, 1035216, 1336882, 647492, 229416, 951879, 1759431, 1313718, 1109688, 1271829, 1142291, 114047, 274790, 'Stay']
[1972257, 1765966, -696760, -578442, 1093227, 1346234, 640260, 233536, 956642, 1763573, 1285275, 1075454, 1236490, 1140707, 7387, 216897, 'Stay']
[1978204, 1776440, -701772, -574333, 1045866, 1337489, 646756, 229045, 950221, 1758192, 1319714, 1113886, 1277786, 1142880, 121687, 276710, 'Stay']
[1972678, 1766713, -696855, -578283, 1082147, 1345131, 641022, 233770, 957708, 1764648, 1279211, 1071705, 1231199, 1140250, 1913, 215440, 'Stay']
[1977114, 1775129, -702518, -575553, 1057289, 1337945, 644934, 228181, 948835, 1756909, 1324672, 1116706, 1282348, 1143164, 125528, 277350, 'Stay']
[1973179, 1767814, -696764, -577768, 1069964, 1343757, 641371, 233312, 958494, 1765089, 1275017, 1069114, 1227018, 1139521, 331, 216366, 'Stay']
[1976527, 1774102, -702532, -576070, 1069533, 1339263, 644300, 228329, 948473, 1756506, 1328386, 1118081, 1285199, 1143779, 124992, 275562, 'Stay']
[1973946, 1769089, -697303, -576933, 1057566, 1341893, 642335, 232587, 959185, 1765632, 1272103, 1068517, 1225500, 1139427, 2645, 218720, 'Stay']
[1974880, 1772213, -702660, -576918, 1081512, 1340259, 642691, 228170, 948055, 1755946, 1329806, 1117840, 1286280, 1143820, 119863, 271054, 'Stay']
[1974458, 1770710, -696982, -575584, 1045700, 1340799, 643718, 233038, 959367, 1765929, 1271097, 1069741, 1225191, 1139311, 8694, 222698, 'Stay']
[1974233, 1771168, -701486, -576946, 1092757, 1342280, 641864, 228805, 947871, 1756063, 1329590, 1117026, 1285250, 1144391, 112315, 266431, 'Stay']
[1975844, 1772760, -696283, -573993, 1035085, 1339892, 645557, 233128, 959853, 1766326, 1272682, 1072616, 1226983, 1139649, 18599, 228678, 'Stay']
[1972969, 1769122, -700876, -577567, 1102085, 1343552, 640547, 229384, 948504, 1756216, 1327843, 1113506, 1282111, 1144077, 100657, 259577, 'Stay']
[1976396, 1773700, -696851, -573520, 1026984, 1338334, 646036, 232158, 959099, 1765227, 1275547, 1075990, 1230428, 1139390, 31395, 236050, 'Stay']
[1972141, 1767581, -700226, -578411, 1109335, 1344592, 639816, 229703, 948869, 1756608, 1323884, 1108791, 1277006, 1143741, 86918, 252414, 'Stay']
[1977424, 1775103, -697425, -572952, 1020982, 1337198, 648057, 232130, 958369, 1764626, 1280200, 1081265, 1236029, 1139623, 45929, 243453, 'Stay']
[1971348, 1766104, -699821, -579229, 1113444, 1345195, 638993, 230372, 950043, 1757436, 1318664, 1103571, 1271122, 1143237, 70903, 243424, 'Stay']
[1977643, 1775657, -698542, -573278, 1017949, 1335601, 647277, 230804, 956838, 1763085, 1286088, 1087153, 1242539, 1139700, 61557, 250926, 'Stay']
[1970793, 1764946, -699414, -579962, 1115187, 1345720, 638844, 231017, 950928, 1757882, 1312104, 1097156, 1264161, 1142725, 55625, 236392, 'Stay']
[1978437, 1776864, -698975, -572866, 1018107, 1335134, 648258, 230154, 955553, 1761937, 1292920, 1092963, 1250057, 1140122, 77807, 258874, 'Stay']
[1970301, 1764028, -698555, -580250, 1113262, 1345690, 638098, 231037, 952607, 1759351, 1305013, 1090745, 1256575, 1142001, 39643, 228343, 'Stay']
[1978464, 1776823, -699267, -573075, 1021706, 1334864, 648163, 229866, 953977, 1760635, 1300040, 1099488, 1257647, 1140389, 92593, 265277, 'Stay']
[1970452, 1763988, -697249, -579768, 1108403, 1345673, 638040, 231934, 953846, 1760279, 1297700, 1084960, 1248541, 1141047, 26162, 222983, 'Stay']
[1978674, 1777257, -699441, -572856, 1028270, 1334994, 647636, 229214, 952877, 1759685, 1307923, 1105786, 1265757, 1141327, 105801, 270771, 'Stay']
[1971491, 1765080, -696040, -578426, 1101121, 1345828, 639774, 232949, 956136, 1762366, 1291085, 1079739, 1242050, 1141322, 14844, 218135, 'Stay']
[1977741, 1776397, -700770, -573456, 1037049, 1335618, 646898, 228377, 951723, 1758627, 1315067, 1111191, 1273178, 1142662, 116020, 273785, 'Stay']
[1971375, 1765329, -696417, -578264, 1091228, 1344622, 639522, 232585, 956850, 1762809, 1284166, 1075264, 1235432, 1140549, 6492, 215410, 'Stay']
[1977717, 1776044, -700943, -573604, 1047472, 1336513, 646384, 228548, 950628, 1757753, 1321108, 1115169, 1278497, 1143065, 122562, 275567, 'Stay']
[1972559, 1766552, -695878, -577300, 1079776, 1343865, 640360, 233182, 958206, 1764278, 1278903, 1071958, 1230491, 1140278, 1580, 214537, 'Stay']
[1977191, 1774996, -701166, -574514, 1059240, 1337452, 644618, 228258, 949365, 1756864, 1326190, 1117985, 1283350, 1143776, 125122, 275842, 'Stay']
[1973458, 1767850, -695668, -577055, 1067534, 1342401, 642039, 233154, 958869, 1765252, 1274976, 1069707, 1226825, 1140219, -161, 215323, 'Stay']
[1976828, 1773773, -700463, -575202, 1071672, 1338855, 644127, 228396, 948654, 1756554, 1329429, 1119249, 1285376, 1144308, 124173, 274527, 'Stay']
[1974823, 1769324, -694643, -575748, 1055473, 1341586, 643188, 233197, 960136, 1766239, 1273151, 1069880, 1224916, 1140454, 3158, 218849, 'Stay']
[1975532, 1771775, -700234, -576294, 1084072, 1340022, 642662, 228121, 948409, 1755981, 1331314, 1119310, 1286004, 1144696, 119420, 271102, 'Stay']
[1975656, 1771085, -695131, -574426, 1043833, 1339999, 644381, 232866, 960013, 1766115, 1272740, 1071123, 1224934, 1140026, 10788, 224573, 'Stay']
[1974841, 1771008, -700507, -576000, 1094657, 1341973, 641424, 229093, 948676, 1756395, 1330955, 1117134, 1284609, 1145374, 110628, 265948, 'Stay']
[1977109, 1773543, -696159, -572699, 1033848, 1339587, 645802, 233625, 960179, 1766368, 1274405, 1074168, 1227753, 1140736, 21156, 230961, 'Stay']
[1974021, 1769707, -701103, -576846, 1104207, 1343967, 640897, 230107, 949357, 1756690, 1328698, 1114076, 1281473, 1145654, 98964, 259559, 'Stay']
[1978259, 1775340, -697219, -572300, 1025877, 1338359, 647023, 233319, 959919, 1765896, 1277581, 1078259, 1231703, 1141130, 34486, 238705, 'Stay']
[1973159, 1767857, -701282, -578388, 1110789, 1344646, 639328, 230428, 949971, 1757008, 1323839, 1108921, 1276148, 1144982, 83766, 251505, 'Stay']
[1978689, 1775733, -698501, -573234, 1020808, 1336814, 647203, 232013, 958578, 1764232, 1281586, 1082777, 1236776, 1140623, 48532, 246440, 'Stay']
[1972490, 1766269, -700459, -579793, 1114541, 1345373, 638710, 230586, 950675, 1757219, 1317388, 1102597, 1269594, 1143598, 67293, 243798, 'Stay']
[1979300, 1776577, -698929, -573330, 1018272, 1336004, 647471, 230762, 957605, 1763059, 1286960, 1088463, 1243912, 1140178, 63263, 253705, 'Stay']
[1972131, 1765377, -699184, -580001, 1115713, 1346398, 637865, 230830, 952057, 1758153, 1310573, 1096596, 1262821, 1143020, 51137, 236023, 'Stay']
[1980512, 1777981, -698668, -572343, 1019585, 1336161, 648623, 230381, 956419, 1762197, 1293985, 1094879, 1251848, 1141128, 79599, 261602, 'Stay']
[1972744, 1765466, -698126, -579398, 1113346, 1347012, 638534, 231624, 954196, 1760234, 1303838, 1090397, 1255191, 1142990, 35820, 228513, 'Stay']
[1980721, 1778051, -700133, -572746, 1023397, 1335853, 648127, 229612, 955234, 1761113, 1301846, 1101462, 1259212, 1141865, 93851, 267378, 'Stay']
[1972566, 1764801, -698718, -580078, 1107585, 1346355, 637906, 231909, 955369, 1760982, 1296364, 1084420, 1247193, 1142031, 22144, 222632, 'Stay']
[1980076, 1777299, -701944, -573893, 1029704, 1335531, 646904, 228844, 952969, 1759082, 1308801, 1106798, 1266306, 1141947, 106371, 272494, 'Stay']
[1973009, 1765240, -698169, -579303, 1099336, 1346007, 638628, 232439, 956169, 1762014, 1288842, 1078707, 1239368, 1140936, 11526, 218945, 'Stay']
[1979733, 1776766, -702240, -574051, 1038896, 1336525, 646635, 228523, 951763, 1758564, 1315590, 1111532, 1273115, 1142870, 115785, 275834, 'Stay']
[1973092, 1765385, -698056, -579060, 1089135, 1345098, 639043, 232318, 957284, 1762959, 1282381, 1074015, 1233169, 1140519, 3840, 216836, 'Stay']
[1978732, 1775429, -702770, -574857, 1049293, 1336960, 645127, 227681, 950199, 1757072, 1321149, 1115229, 1278220, 1142996, 121762, 277265, 'Stay']
[1973385, 1766212, -697405, -578426, 1077456, 1343867, 640811, 232362, 958261, 1763858, 1276813, 1070913, 1228420, 1140010, -754, 215271, 'Stay']
[1977700, 1774090, -702836, -575790, 1061457, 1338107, 644410, 227870, 948781, 1755986, 1325202, 1117771, 1282328, 1143368, 124167, 276452, 'Stay']
[1974169, 1767540, -697112, -577548, 1065345, 1342875, 641649, 232659, 958820, 1764311, 1272791, 1069126, 1225015, 1139368, -590, 216958, 'Stay']
[1976933, 1773076, -702216, -576133, 1073943, 1339772, 643526, 227791, 948377, 1755549, 1328521, 1118662, 1284434, 1143931, 122694, 274593, 'Stay']
[1975090, 1769079, -696521, -576195, 1053089, 1341912, 642883, 232664, 959823, 1765454, 1271594, 1069218, 1223642, 1139461, 3106, 219586, 'Stay']
[1975107, 1770644, -702089, -577273, 1085928, 1341044, 642318, 228177, 947826, 1755121, 1329558, 1117921, 1285167, 1143919, 116536, 269189, 'Stay']
[1975561, 1770361, -696497, -575118, 1041785, 1340412, 644456, 232601, 959164, 1765223, 1271148, 1070406, 1224358, 1139323, 11193, 224869, 'Stay']
[1973471, 1768670, -701922, -577980, 1096449, 1342205, 640623, 228294, 947619, 1755258, 1328583, 1115701, 1283040, 1144302, 107240, 263743, 'Stay']
[1975741, 1771793, -697587, -574228, 1031921, 1338753, 644843, 231970, 958577, 1764849, 1272634, 1073831, 1226967, 1139254, 22090, 231726, 'Stay']
[1972228, 1767260, -701735, -578017, 1105286, 1343649, 639869, 229241, 948072, 1755688, 1325865, 1112205, 1279680, 1144371, 94837, 257235, 'Stay']
[1976568, 1773321, -698213, -573087, 1024564, 1337629, 646521, 231674, 958080, 1764170, 1276342, 1078023, 1231739, 1139690, 35969, 239259, 'Stay']
[1971579, 1766188, -701205, -578482, 1111483, 1344893, 638600, 229498, 949079, 1756389, 1321543, 1107158, 1274563, 1144265, 80333, 249043, 'Stay']
[1977635, 1775031, -698631, -572626, 1019939, 1337030, 647018, 231135, 957341, 1763794, 1281150, 1083868, 1237633, 1140474, 50994, 246664, 'Stay']
[1971551, 1765389, -700093, -578940, 1115214, 1346190, 639232, 230681, 950354, 1757503, 1315750, 1102039, 1268389, 1144088, 65025, 241805, 'Stay']
[1978366, 1775659, -699310, -572896, 1018278, 1335796, 647709, 230201, 956371, 1762528, 1287559, 1089708, 1244846, 1140529, 67446, 255315, 'Stay']
[1970995, 1763952, -699630, -579944, 1115062, 1346178, 637888, 230515, 951513, 1758017, 1308864, 1094909, 1260555, 1142698, 48784, 234138, 'Stay']
[1978810, 1776183, -700068, -573060, 1019608, 1335573, 647846, 229634, 954963, 1761104, 1294790, 1095635, 1252376, 1140866, 82599, 262263, 'Stay']
[1971081, 1763847, -698759, -579966, 1112498, 1346533, 638079, 231347, 952972, 1759135, 1301748, 1088905, 1253028, 1142286, 34229, 228306, 'Stay']
[1978830, 1776547, -700414, -572875, 1024228, 1335292, 647928, 229190, 953682, 1759996, 1302289, 1102099, 1260419, 1141478, 97174, 269384, 'Stay']
[1971098, 1763824, -697753, -579141, 1105814, 1346356, 638071, 231848, 954466, 1760580, 1294071, 1083166, 1245184, 1141782, 20515, 222290, 'Stay']
[1978530, 1776262, -700750, -572972, 1031023, 1335946, 647240, 228652, 952058, 1758609, 1309427, 1108072, 1267729, 1142289, 108494, 273087, 'Stay']
[1971181, 1764046, -697010, -578730, 1097832, 1346134, 639191, 232449, 955699, 1761879, 1286940, 1078076, 1238339, 1141235, 10033, 217931, 'Stay']
[1977941, 1775504, -701054, -573472, 1040938, 1336712, 646443, 228202, 950462, 1757473, 1315997, 1112743, 1274575, 1142824, 118190, 276628, 'Stay']
[1972090, 1764855, -696360, -577983, 1087281, 1345508, 640013, 232837, 956890, 1763021, 1280731, 1073607, 1232684, 1140718, 3287, 216487, 'Stay']
[1977518, 1774615, -701410, -574223, 1052009, 1337678, 646064, 228471, 949305, 1756490, 1321692, 1116374, 1280009, 1143529, 123611, 278094, 'Stay']
[1972722, 1765867, -696453, -577610, 1075204, 1344332, 640834, 232849, 957870, 1764064, 1275989, 1070725, 1228011, 1140285, -304, 215984, 'Stay']
[1976775, 1773412, -702139, -575141, 1063690, 1338947, 643897, 227946, 948229, 1755870, 1326070, 1118553, 1283395, 1144009, 124635, 276740, 'Stay']
[1973610, 1767400, -696484, -576380, 1062971, 1343087, 642408, 233085, 958573, 1764921, 1272455, 1069773, 1225179, 1140157, 283, 217936, 'Stay']
[1975432, 1771607, -702289, -575994, 1076136, 1340195, 642967, 228098, 947545, 1755636, 1328571, 1119458, 1285326, 1144557, 121716, 273610, 'Stay']
[1973782, 1768195, -697171, -575975, 1050992, 1341387, 642651, 232383, 958330, 1764789, 1270621, 1070242, 1223838, 1139543, 4828, 221543, 'Stay']
[1973900, 1769824, -702505, -576887, 1088011, 1341406, 641449, 228161, 946880, 1754744, 1329164, 1118267, 1284671, 1144271, 115969, 270051, 'Stay']
[1975206, 1770510, -696627, -574355, 1039716, 1340308, 644939, 232785, 959095, 1765377, 1271301, 1071820, 1224770, 1139852, 13453, 226908, 'Stay']
[1972963, 1768154, -701644, -577510, 1098043, 1342933, 640912, 228654, 947473, 1755210, 1328230, 1116087, 1282871, 1144847, 105612, 262816, 'Stay']
[1975615, 1771418, -697004, -573923, 1030569, 1338748, 646444, 232458, 958171, 1764321, 1273377, 1075484, 1227880, 1139862, 25143, 233338, 'Stay']
[1972065, 1766705, -700958, -578083, 1106532, 1344135, 639745, 229134, 947902, 1755234, 1325332, 1112207, 1278668, 1144391, 93181, 256420, 'Stay']
[1976784, 1773415, -697439, -572989, 1023530, 1337877, 647132, 232004, 958051, 1764250, 1277387, 1079944, 1232758, 1140425, 39273, 240949, 'Stay']
[1971569, 1765593, -700168, -578692, 1112138, 1345292, 639324, 229844, 949022, 1756360, 1320820, 1107248, 1273155, 1144384, 78467, 248740, 'Stay']
[1977574, 1774440, -697875, -572838, 1018823, 1336499, 647237, 230771, 957048, 1763019, 1283007, 1085334, 1238668, 1140366, 54514, 248779, 'Stay']
[1970805, 1764158, -699610, -579642, 1114559, 1345675, 637486, 229297, 950408, 1756894, 1315034, 1101094, 1266434, 1143506, 61979, 240197, 'Stay']
[1977972, 1775225, -698740, -572756, 1017946, 1335393, 647039, 229609, 955612, 1761549, 1289477, 1091421, 1245687, 1140450, 70141, 256576, 'Stay']
[1970795, 1763983, -698304, -578895, 1114346, 1346168, 638016, 230458, 951558, 1757907, 1308341, 1094940, 1258834, 1142965, 46664, 233560, 'Stay']
[1978456, 1775987, -699064, -572032, 1019623, 1335281, 647674, 229238, 954809, 1761267, 1296952, 1097856, 1253658, 1141596, 85163, 262659, 'Stay']
[1970241, 1763009, -697778, -579113, 1111014, 1346363, 637992, 231082, 952804, 1759304, 1301057, 1088824, 1251558, 1142621, 31452, 225911, 'Stay']
[1978132, 1775993, -699796, -572175, 1024862, 1335624, 647194, 229161, 952990, 1759692, 1304392, 1104213, 1261758, 1142230, 99631, 269270, 'Stay']
[1970448, 1763342, -696933, -578477, 1104542, 1346203, 639160, 232138, 954400, 1760823, 1293614, 1083007, 1244201, 1142219, 18916, 220778, 'Stay']
[1977498, 1775246, -700668, -573103, 1032498, 1335461, 647086, 228296, 951240, 1758366, 1311436, 1109514, 1269077, 1142616, 110760, 272846, 'Stay']
[1970754, 1763438, -696696, -578336, 1095511, 1345422, 638977, 232153, 955321, 1761749, 1286482, 1077574, 1236817, 1141179, 8920, 216849, 'Stay']
[1977025, 1774364, -701149, -573725, 1042441, 1336102, 646335, 227704, 949716, 1756941, 1317861, 1114163, 1275149, 1142922, 119426, 275896, 'Stay']
[1971012, 1763986, -696293, -577774, 1084565, 1344446, 640445, 232701, 956752, 1762931, 1280494, 1073547, 1231013, 1140704, 2291, 214867, 'Stay']
[1976198, 1773331, -701449, -574315, 1053236, 1336715, 645111, 227241, 948484, 1755804, 1323147, 1117415, 1279834, 1143227, 123785, 276370, 'Stay']
