[2121072, 2326981, 286987, 43047, 2274717, 2477832, 703459, 976389, 1524152, 463377, 1562029, 1560261, 1677798, 2073399, 916732, 1355461, 'Stay']
[2113223, 2324822, 284294, 40660, 2259541, 2466836, 703969, 975299, 1523531, 464013, 1559210, 1576031, 1680028, 2071059, 918217, 1362575, 'Stay']
[2121214, 2327164, 286755, 43623, 2274486, 2478283, 703974, 977222, 1524267, 463908, 1559551, 1555291, 1676398, 2071551, 916219, 1353696, 'Stay']
[2113415, 2324568, 283483, 40700, 2260483, 2467053, 703339, 974592, 1523566, 463814, 1562095, 1581536, 1682505, 2073343, 920522, 1364946, 'Stay']
[2121106, 2327117, 286032, 43927, 2273454, 2477572, 703765, 977866, 1524261, 464139, 1557108, 1550658, 1674695, 2069254, 914801, 1351575, 'Stay']
[2113810, 2324464, 282753, 41037, 2261865, 2467903, 703479, 976022, 1523403, 463650, 1564931, 1586253, 1684043, 2075442, 922521, 1367149, 'Stay']
[2121345, 2327515, 285891, 44461, 2272298, 2476926, 704511, 978186, 1524356, 464668, 1554981, 1547517, 1673167, 2067470, 913529, 1350790, 'Stay']
[2114458, 2324162, 282240, 40524, 2263563, 2468417, 702644, 974823, 1523557, 463429, 1567291, 1589560, 1685485, 2077659, 923393, 1368536, 'Stay']
[2120312, 2327160, 285330, 43620, 2270315, 2474884, 703459, 976828, 1523956, 464372, 1552418, 1545217, 1671954, 2065308, 912014, 1349571, 'Stay']
[2115160, 2324482, 282626, 40710, 2265455, 2469530, 703552, 975316, 1523647, 463320, 1568817, 1590621, 1686342, 2078978, 923976, 1368802, 'Stay']
[2119400, 2326879, 285746, 43397, 2268784, 2473567, 704361, 977129, 1524199, 464782, 1550807, 1544216, 1671256, 2064059, 911379, 1349357, 'Stay']
[2115367, 2324451, 283244, 40860, 2267387, 2470834, 703061, 975679, 1523325, 463003, 1569820, 1590672, 1686471, 2080463, 924928, 1368966, 'Stay']
[2118340, 2326681, 285799, 43296, 2266875, 2472877, 704574, 977730, 1524203, 464492, 1549605, 1544405, 1670696, 2063170, 911201, 1349395, 'Stay']
[2116525, 2324678, 284029, 41304, 2269464, 2473091, 703276, 976067, 1524118, 463015, 1570746, 1589272, 1686737, 2080940, 925472, 1368409, 'Stay']
[2116813, 2325944, 285647, 42863, 2264483, 2471204, 703941, 977092, 1523707, 464211, 1549268, 1546906, 1671432, 2062822, 911585, 1350672, 'Stay']
[2117281, 2324752, 284369, 41675, 2271155, 2474492, 703213, 976625, 1523771, 462703, 1570347, 1585761, 1686127, 2080612, 924515, 1367117, 'Stay']
[2116466, 2326191, 285724, 42991, 2262467, 2469930, 703736, 977302, 1523757, 464299, 1549803, 1550665, 1672390, 2063195, 912158, 1352808, 'Stay']
[2119285, 2325637, 285360, 42488, 2272829, 2475885, 703914, 977276, 1524373, 463248, 1569749, 1581388, 1684794, 2080044, 923570, 1365652, 'Stay']
[2115844, 2325832, 285407, 42333, 2260922, 2468546, 703877, 976402, 1523985, 464412, 1551191, 1555811, 1674013, 2064294, 913552, 1355242, 'Stay']
[2120303, 2326238, 285902, 42858, 2273718, 2476469, 703361, 977419, 1524455, 463265, 1568236, 1576368, 1683539, 2078628, 922465, 1363266, 'Stay']
[2115372, 2326020, 285279, 42191, 2260245, 2467697, 704179, 976996, 1523952, 464494, 1553005, 1561603, 1675657, 2065914, 914715, 1357260, 'Stay']
[2120907, 2326927, 286389, 43328, 2274646, 2477793, 703402, 977421, 1524654, 463907, 1566294, 1571478, 1681858, 2077710, 921091, 1360979, 'Stay']
[2113937, 2325062, 284660, 41504, 2259488, 2467400, 703704, 976044, 1523675, 464571, 1554881, 1567271, 1677118, 2067825, 916160, 1359250, 'Stay']
[2120400, 2326194, 286188, 43249, 2275266, 2478139, 703305, 977654, 1524065, 463130, 1563570, 1564669, 1679618, 2074965, 919458, 1358054, 'Stay']
[2113266, 2324566, 284265, 41235, 2259622, 2466801, 703310, 975883, 1523209, 463901, 1556932, 1572842, 1679122, 2069476, 917834, 1361952, 'Stay']
[2120666, 2326332, 286573, 43524, 2275092, 2478750, 703491, 978192, 1524102, 463567, 1560199, 1558192, 1677617, 2072947, 917374, 1355433, 'Stay']
[2112919, 2324088, 283966, 40838, 2260356, 2467555, 703984, 976487, 1522970, 463338, 1559264, 1578063, 1681768, 2071709, 919608, 1364427, 'Stay']
[2121147, 2326526, 286381, 43603, 2274548, 2478338, 704562, 977472, 1524872, 463736, 1557863, 1552885, 1676603, 2070543, 915870, 1353533, 'Stay']
[2113125, 2323818, 282943, 40397, 2261251, 2466949, 704239, 975525, 1523670, 463129, 1562542, 1582677, 1683899, 2073874, 921107, 1366212, 'Stay']
[2121064, 2327091, 286120, 43927, 2273283, 2477640, 704619, 978319, 1524465, 463771, 1555705, 1548635, 1674567, 2068173, 914121, 1351624, 'Stay']
[2114045, 2324756, 282849, 40836, 2262120, 2468764, 703990, 975635, 1523788, 463776, 1565951, 1587169, 1685248, 2076597, 922665, 1368071, 'Stay']
[2120611, 2327487, 285705, 43746, 2271199, 2476495, 705176, 977315, 1524222, 464246, 1553966, 1545707, 1672863, 2066443, 912549, 1349814, 'Stay']
[2114539, 2325042, 282589, 40851, 2263699, 2469601, 704862, 975410, 1523186, 463235, 1568528, 1589416, 1685931, 2078209, 923819, 1368432, 'Stay']
[2120528, 2328027, 285772, 44123, 2269097, 2475739, 705996, 977866, 1523663, 464719, 1553095, 1544306, 1671564, 2064984, 912051, 1349216, 'Stay']
[2115583, 2325226, 282687, 40899, 2265317, 2470915, 703912, 975033, 1522980, 463385, 1570973, 1590617, 1686448, 2079714, 924515, 1368846, 'Stay']
[2119200, 2327454, 285705, 43490, 2267391, 2474145, 705870, 977495, 1522960, 464348, 1551704, 1543718, 1670951, 2063345, 910907, 1348976, 'Stay']
[2116096, 2325156, 283421, 40856, 2267681, 2472677, 704362, 975420, 1522805, 462756, 1572115, 1589810, 1686660, 2080272, 924844, 1368859, 'Stay']
[2117968, 2327389, 286135, 43199, 2265238, 2472980, 705279, 976786, 1522981, 464187, 1551391, 1545131, 1670849, 2062589, 910783, 1350151, 'Stay']
[2117138, 2326016, 285209, 41820, 2269771, 2474536, 704632, 975851, 1523567, 463342, 1572701, 1587265, 1686269, 2080943, 924228, 1368073, 'Stay']
[2117001, 2327104, 286775, 42867, 2263666, 2471363, 706992, 976730, 1523450, 464547, 1551457, 1547710, 1671715, 2062837, 911086, 1351604, 'Stay']
[2118344, 2326113, 285990, 41714, 2271746, 2475882, 704754, 975686, 1523888, 463135, 1571737, 1583564, 1685771, 2080382, 923801, 1366756, 'Stay']
[2115948, 2326704, 286715, 42189, 2262007, 2470567, 706010, 976448, 1523311, 464290, 1551134, 1552006, 1672944, 2063235, 911723, 1353881, 'Stay']
[2119196, 2326693, 286499, 42403, 2272788, 2477123, 705288, 976151, 1524131, 463415, 1570061, 1579106, 1684370, 2079557, 922821, 1365177, 'Stay']
[2114945, 2326248, 285997, 41902, 2259580, 2468533, 705193, 975414, 1523356, 464282, 1552610, 1556833, 1673713, 2064793, 913110, 1355884, 'Stay']
[2119930, 2326803, 286697, 42853, 2273232, 2477378, 704877, 976218, 1523978, 462990, 1568624, 1573536, 1682317, 2078078, 921126, 1362511, 'Stay']
[2114512, 2326262, 285926, 42121, 2258786, 2468002, 704923, 976173, 1523470, 464480, 1555253, 1563205, 1675996, 2066651, 914720, 1358908, 'Stay']
[2120318, 2326921, 286778, 43085, 2273795, 2477913, 703801, 976468, 1524032, 463291, 1566778, 1567808, 1680514, 2076351, 919561, 1360240, 'Stay']
[2113355, 2325230, 284431, 41244, 2257817, 2466837, 703509, 974886, 1522971, 463733, 1557064, 1568686, 1677919, 2068139, 915957, 1360846, 'Stay']
[2120841, 2327132, 286428, 43695, 2273741, 2478611, 704477, 976619, 1523637, 463409, 1563394, 1560905, 1678167, 2074047, 917412, 1357078, 'Stay']
[2113133, 2324858, 283762, 41067, 2258769, 2467005, 704793, 975020, 1522833, 463853, 1559415, 1574212, 1679588, 2070787, 918093, 1363218, 'Stay']
[2120201, 2326805, 286517, 43706, 2273771, 2478233, 704443, 976844, 1523510, 463303, 1561244, 1556102, 1676729, 2071854, 916446, 1355402, 'Stay']
[2112329, 2324018, 283717, 41047, 2259316, 2467186, 704236, 975892, 1522578, 463315, 1562076, 1579744, 1681839, 2072705, 919961, 1366089, 'Stay']
[2119535, 2325880, 286158, 43332, 2272544, 2477680, 703855, 976491, 1523202, 462932, 1557620, 1550371, 1674768, 2069403, 914318, 1353143, 'Stay']
[2110934, 2322282, 282903, 39709, 2259992, 2467667, 703007, 975265, 1521452, 461744, 1563461, 1583641, 1683234, 2074547, 921104, 1367544, 'Stay']
[2117910, 2324858, 286430, 43260, 2270988, 2477089, 704160, 977215, 1521982, 462236, 1553942, 1546059, 1672546, 2066647, 912840, 1351579, 'Stay']
[2110520, 2321697, 283361, 40035, 2261354, 2468402, 703332, 975177, 1521299, 461203, 1565455, 1586610, 1684248, 2076445, 922367, 1368836, 'Stay']
[2116621, 2324577, 286796, 43637, 2269057, 2475632, 704896, 977417, 1522075, 462317, 1551540, 1543463, 1671124, 2064926, 911647, 1350506, 'Stay']
[2110679, 2321574, 283539, 40547, 2262927, 2469400, 703845, 974948, 1521469, 461293, 1567502, 1588175, 1685225, 2078084, 923495, 1369655, 'Stay']
[2115216, 2323673, 285737, 43085, 2266868, 2474144, 703964, 976137, 1521652, 462309, 1550193, 1541718, 1670326, 2063430, 910797, 1349760, 'Stay']
[2111011, 2321176, 282806, 40582, 2264727, 2470924, 703546, 974952, 1520941, 460740, 1568665, 1588330, 1685468, 2079077, 923763, 1369396, 'Stay']
[2113606, 2323098, 285210, 42910, 2264937, 2473280, 704180, 976690, 1520792, 461894, 1548434, 1542216, 1669695, 2062505, 910373, 1350065, 'Stay']
[2111480, 2321196, 283331, 41049, 2266785, 2472892, 703760, 976488, 1520357, 460368, 1569120, 1586924, 1685031, 2079816, 924121, 1369324, 'Stay']
[2112395, 2322632, 285184, 42620, 2262743, 2471656, 704589, 977247, 1520251, 461892, 1548107, 1543696, 1669266, 2061953, 910536, 1351158, 'Stay']
[2111742, 2320609, 283536, 40551, 2268349, 2473751, 703049, 975232, 1520084, 459888, 1569261, 1583830, 1684164, 2079669, 923638, 1367996, 'Stay']
[2110684, 2321539, 284693, 41432, 2260574, 2469913, 703377, 976217, 1519598, 460987, 1547894, 1546628, 1670023, 2061872, 910282, 1352474, 'Stay']
[2112479, 2320687, 284071, 40785, 2269921, 2475025, 702907, 975615, 1519918, 459284, 1567834, 1579496, 1683569, 2078725, 922225, 1366275, 'Stay']
[2109682, 2321099, 284688, 41017, 2259469, 2469116, 705037, 976697, 1519639, 460807, 1548750, 1551164, 1671885, 2062521, 911242, 1354553, 'Stay']
[2113815, 2321406, 284856, 41473, 2271723, 2476822, 704181, 976750, 1520421, 459807, 1566655, 1574487, 1682694, 2077711, 921280, 1364176, 'Stay']
[2109229, 2320900, 284086, 40608, 2257941, 2467642, 704352, 975664, 1519795, 461006, 1550388, 1556731, 1673701, 2063807, 912699, 1356716, 'Stay']
[2115255, 2322046, 285318, 41822, 2272250, 2476634, 704125, 975883, 1520557, 460005, 1564550, 1568657, 1680485, 2075857, 919737, 1361216, 'Stay']
[2109574, 2321285, 284568, 40817, 2257462, 2466942, 704176, 976190, 1520230, 461293, 1552876, 1562260, 1675013, 2065616, 914457, 1358869, 'Stay']
[2116280, 2322808, 286287, 42472, 2273009, 2477410, 702736, 976848, 1521083, 460719, 1563337, 1562974, 1678722, 2074292, 918829, 1358958, 'Stay']
[2109281, 2321210, 284508, 40437, 2257517, 2466193, 704079, 975431, 1520302, 461293, 1555894, 1568727, 1677380, 2067842, 916376, 1361448, 'Stay']
[2117307, 2323681, 287443, 43198, 2273193, 2478144, 704012, 977170, 1521308, 461304, 1560791, 1557471, 1676754, 2072590, 917491, 1356815, 'Stay']
[2109757, 2321333, 284930, 40423, 2257864, 2466729, 703641, 975875, 1520588, 461607, 1558728, 1574566, 1679591, 2070762, 918717, 1364595, 'Stay']
[2117779, 2324116, 287794, 43527, 2272592, 2478142, 704655, 977791, 1521658, 461559, 1557937, 1551875, 1675033, 2070311, 915680, 1354827, 'Stay']
[2109681, 2321430, 284386, 40364, 2258938, 2467327, 703714, 975736, 1520685, 461519, 1561288, 1579642, 1681629, 2073328, 920584, 1367014, 'Stay']
[2117497, 2324217, 287297, 43382, 2271710, 2477518, 704086, 977760, 1521537, 461950, 1555446, 1547475, 1673094, 2068371, 914200, 1353130, 'Stay']
[2110083, 2321213, 283997, 39856, 2260567, 2467409, 702996, 975180, 1520539, 461049, 1563912, 1583884, 1683112, 2075117, 921959, 1368695, 'Stay']
[2117386, 2324325, 287330, 43423, 2270510, 2476304, 703390, 977456, 1521486, 462017, 1552878, 1543990, 1671839, 2065757, 912586, 1351220, 'Stay']
[2111094, 2321586, 284353, 40410, 2262708, 2469009, 703083, 975314, 1520980, 461378, 1566149, 1587025, 1685006, 2077037, 923447, 1369738, 'Stay']
[2116988, 2324513, 287222, 43331, 2268576, 2474792, 703632, 977701, 1521474, 462250, 1550656, 1542419, 1671158, 2063855, 911957, 1350531, 'Stay']
[2112235, 2322124, 284740, 40657, 2264776, 2470346, 703713, 975971, 1521327, 461535, 1567872, 1588317, 1686032, 2078527, 924232, 1369828, 'Stay']
[2116484, 2324586, 287399, 43115, 2267190, 2473890, 703894, 977489, 1521625, 462583, 1549156, 1542035, 1670978, 2063009, 911405, 1350148, 'Stay']
[2113496, 2322592, 285104, 40840, 2266415, 2471831, 702281, 975800, 1521774, 461329, 1569064, 1588399, 1686711, 2079707, 924491, 1369613, 'Stay']
[2116484, 2325083, 287531, 43243, 2265040, 2472700, 703793, 977575, 1521896, 462932, 1548499, 1543836, 1671069, 2062401, 910724, 1350724, 'Stay']
[2115491, 2323468, 285690, 41172, 2268826, 2473431, 703511, 976367, 1522275, 461922, 1570131, 1587186, 1686548, 2080370, 924621, 1368931, 'Stay']
[2115575, 2324709, 287031, 42637, 2263187, 2470878, 704006, 976602, 1521979, 463250, 1548778, 1546188, 1671485, 2062361, 911098, 1351584, 'Stay']
[2115800, 2323413, 285598, 41421, 2269973, 2474204, 702364, 975830, 1522062, 461509, 1569672, 1583627, 1685316, 2080012, 923989, 1367218, 'Stay']
[2114328, 2324521, 286421, 42293, 2260933, 2469926, 703442, 976638, 1521660, 463057, 1549324, 1549769, 1671593, 2063021, 911349, 1353143, 'Stay']
[2117420, 2324543, 286574, 42411, 2271573, 2476857, 703581, 977630, 1522320, 461894, 1569097, 1579558, 1683978, 2079760, 923133, 1365897, 'Stay']
[2113910, 2324548, 286462, 42102, 2259380, 2468721, 703693, 977525, 1522051, 463664, 1551300, 1555044, 1673228, 2064569, 912993, 1355792, 'Stay']
[2118062, 2324440, 286406, 42368, 2271909, 2476717, 702150, 976177, 1522240, 461738, 1567268, 1573988, 1682508, 2078312, 921407, 1362993, 'Stay']
[2113314, 2324226, 285997, 41898, 2258178, 2467904, 703678, 976812, 1521957, 463126, 1552678, 1560626, 1675227, 2065688, 913895, 1357532, 'Stay']
[2119068, 2325333, 287152, 43042, 2273014, 2477926, 703135, 976858, 1522866, 462407, 1565819, 1568321, 1681184, 2076704, 920059, 1360490, 'Stay']
[2111963, 2323710, 285305, 41117, 2257298, 2466879, 702751, 975880, 1521710, 462740, 1555610, 1566829, 1677573, 2067476, 915710, 1360048, 'Stay']
[2119200, 2325612, 287402, 43454, 2273021, 2478093, 702840, 977557, 1522379, 462291, 1563043, 1562547, 1679053, 2074114, 917849, 1357845, 'Stay']
[2111918, 2323882, 285131, 41189, 2257672, 2466593, 702527, 975689, 1521789, 463039, 1557903, 1573151, 1679468, 2069859, 917487, 1362939, 'Stay']
[2120228, 2326552, 288194, 44289, 2272681, 2478316, 703482, 977602, 1522987, 463179, 1560810, 1556994, 1676973, 2072506, 916245, 1355577, 'Stay']
[2112440, 2323957, 285153, 41161, 2257637, 2466906, 702130, 975314, 1522103, 463147, 1561102, 1578977, 1681213, 2072518, 919437, 1365198, 'Stay']
[2119904, 2326268, 287557, 44000, 2271639, 2477803, 703096, 978683, 1522661, 463139, 1557832, 1552243, 1675001, 2070287, 914967, 1353529, 'Stay']
[2112414, 2323554, 284578, 40905, 2259000, 2467605, 703826, 976335, 1521860, 462824, 1563455, 1583435, 1682942, 2074700, 921319, 1367262, 'Stay']
[2119655, 2326368, 287811, 43981, 2270999, 2477284, 704315, 978758, 1522575, 463331, 1555549, 1547822, 1673257, 2068131, 914008, 1352020, 'Stay']
[2112357, 2323144, 284897, 40487, 2260734, 2468623, 702843, 976538, 1521725, 462395, 1566188, 1586916, 1684358, 2076727, 922998, 1368775, 'Stay']
[2118506, 2325611, 287698, 43313, 2269073, 2476174, 703273, 977839, 1522223, 462763, 1553150, 1544672, 1671631, 2065796, 912460, 1350659, 'Stay']
[2112808, 2323129, 285066, 40590, 2262507, 2469710, 702430, 976274, 1521530, 461736, 1567532, 1588795, 1685574, 2078306, 923745, 1369472, 'Stay']
[2117873, 2325997, 288140, 43676, 2267375, 2474910, 703612, 978051, 1522385, 463068, 1550905, 1543104, 1671089, 2064205, 911587, 1349919, 'Stay']
[2113690, 2323670, 285050, 41013, 2264158, 2471030, 702212, 976138, 1522085, 461915, 1569082, 1589658, 1686403, 2079708, 924450, 1369657, 'Stay']
[2117307, 2326104, 287625, 43681, 2265412, 2473739, 704120, 978043, 1522426, 463447, 1549280, 1543282, 1670717, 2063537, 910888, 1349959, 'Stay']
[2114928, 2324058, 285369, 41449, 2266007, 2472414, 702246, 976323, 1522241, 462195, 1569966, 1589162, 1686533, 2080825, 924691, 1369557, 'Stay']
[2116695, 2326011, 287724, 43570, 2263320, 2472216, 703753, 978331, 1522491, 463541, 1549142, 1545168, 1671116, 2062984, 910926, 1350963, 'Stay']
[2116137, 2324365, 286323, 41764, 2268301, 2473948, 702530, 976629, 1522822, 462293, 1570754, 1586978, 1686255, 2081232, 924782, 1368675, 'Stay']
[2116058, 2326099, 287884, 43447, 2261423, 2470519, 704292, 977605, 1522851, 463930, 1549611, 1548745, 1671676, 2063560, 911637, 1352377, 'Stay']
[2117709, 2325487, 286888, 42804, 2270469, 2475555, 704355, 977063, 1523548, 462670, 1570539, 1583418, 1685490, 2080962, 924295, 1367122, 'Stay']
[2114893, 2325741, 286800, 43175, 2260532, 2470183, 704815, 977847, 1523049, 464245, 1550853, 1553338, 1673271, 2064460, 912994, 1354651, 'Stay']
[2117405, 2325212, 285490, 42549, 2271775, 2476952, 703142, 976818, 1522853, 462384, 1568900, 1578709, 1684108, 2079897, 923174, 1365103, 'Stay']
[2113075, 2325052, 284796, 41900, 2258788, 2468408, 705217, 976483, 1521923, 463341, 1551697, 1557596, 1674095, 2065156, 913724, 1356019, 'Stay']
[2117902, 2325516, 285196, 42333, 2272615, 2477779, 704117, 976199, 1522089, 462104, 1566866, 1572186, 1681921, 2078043, 921438, 1361651, 'Stay']
[2112309, 2324929, 284377, 41541, 2258097, 2468241, 704864, 976720, 1521157, 463046, 1553511, 1563379, 1675774, 2066789, 915251, 1358302, 'Stay']
[2118666, 2326135, 286037, 43142, 2272930, 2479036, 703869, 977617, 1522128, 462432, 1564694, 1566366, 1679874, 2076528, 919855, 1359631, 'Stay']
[2111882, 2324737, 284494, 41245, 2257575, 2467632, 705320, 975722, 1521151, 462881, 1556364, 1569315, 1677540, 2069034, 916699, 1361276, 'Stay']
[2119267, 2326856, 287112, 43641, 2272905, 2478889, 704462, 977569, 1522379, 462617, 1562510, 1559992, 1677445, 2074256, 918015, 1356922, 'Stay']
[2111401, 2324531, 285295, 40883, 2257755, 2467164, 704479, 975830, 1521456, 462994, 1559690, 1575109, 1679488, 2071422, 918464, 1363752, 'Stay']
[2119149, 2327255, 288683, 43897, 2272455, 2478530, 704678, 977141, 1522383, 462847, 1560301, 1554620, 1675448, 2071749, 915870, 1354851, 'Stay']
[2111930, 2325323, 286599, 41451, 2258344, 2468052, 704493, 975593, 1521903, 463314, 1562746, 1580449, 1681358, 2073703, 919870, 1366109, 'Stay']
[2120123, 2328172, 289753, 44579, 2271472, 2478558, 705053, 977672, 1523388, 463966, 1558229, 1549933, 1673948, 2069859, 914315, 1352928, 'Stay']
[2112256, 2325096, 286451, 40940, 2259251, 2468259, 704264, 975013, 1522485, 463199, 1565591, 1584626, 1683344, 2075820, 921210, 1367738, 'Stay']
[2118917, 2327473, 289051, 43635, 2270029, 2477012, 704261, 977062, 1523001, 463217, 1555499, 1546333, 1672368, 2067142, 912262, 1351176, 'Stay']
[2112430, 2324751, 285840, 40713, 2261017, 2469211, 704188, 975496, 1522116, 462366, 1567600, 1587875, 1684621, 2077395, 922339, 1369101, 'Stay']
[2118402, 2327451, 288765, 44018, 2268275, 2475964, 705029, 977354, 1522835, 463659, 1552733, 1543314, 1671162, 2065737, 911175, 1350070, 'Stay']
[2112010, 2323992, 284795, 40432, 2262793, 2469844, 703442, 975077, 1521892, 462298, 1568685, 1588354, 1685484, 2079616, 923220, 1369226, 'Stay']
[2116433, 2326339, 287106, 43189, 2266557, 2474121, 704434, 976834, 1521725, 462885, 1550114, 1541462, 1670368, 2063717, 910008, 1349230, 'Stay']
[2112789, 2324022, 284175, 40946, 2265664, 2471976, 703922, 976169, 1521430, 461799, 1569589, 1588490, 1686078, 2080194, 923889, 1369681, 'Stay']
[2115424, 2326000, 286377, 43023, 2264592, 2472841, 703977, 976829, 1521656, 463308, 1549282, 1542528, 1670096, 2062902, 909979, 1350089, 'Stay']
[2114076, 2324303, 284936, 41365, 2267308, 2473098, 702834, 975471, 1521632, 461670, 1570329, 1586774, 1685863, 2080534, 923802, 1368541, 'Stay']
[2114739, 2326025, 286630, 43143, 2262895, 2471574, 703593, 976890, 1521648, 463246, 1549642, 1545207, 1670648, 2062679, 910497, 1350837, 'Stay']
[2115603, 2325438, 285599, 42332, 2269553, 2475207, 703969, 976958, 1522217, 462373, 1571361, 1584329, 1685176, 2080767, 924038, 1367749, 'Stay']
[2114426, 2326436, 286386, 43251, 2260932, 2470426, 704700, 977044, 1521837, 463873, 1551031, 1549252, 1671427, 2063819, 911730, 1353072, 'Stay']
[2116492, 2325494, 285721, 42555, 2270503, 2476175, 703124, 976094, 1522194, 462606, 1570760, 1580528, 1683914, 2080411, 922931, 1365774, 'Stay']
[2113064, 2325472, 286234, 42362, 2258949, 2469023, 703616, 976858, 1521332, 463489, 1551205, 1554232, 1672464, 2064368, 912108, 1355009, 'Stay']
[2117276, 2325518, 286799, 42722, 2271845, 2476766, 703588, 976501, 1522061, 462245, 1568108, 1575154, 1682212, 2078743, 921445, 1363708, 'Stay']
[2112434, 2324936, 286178, 41783, 2258427, 2467489, 703824, 976272, 1521637, 463442, 1552283, 1559199, 1674173, 2065215, 913463, 1357142, 'Stay']
[2117985, 2325632, 287336, 42981, 2273102, 2477586, 703494, 977450, 1522321, 462140, 1565648, 1569050, 1680639, 2076942, 919800, 1360827, 'Stay']
[2111475, 2324368, 285800, 41639, 2257734, 2467243, 704457, 976016, 1521436, 462943, 1554292, 1565241, 1676446, 2067194, 915145, 1359721, 'Stay']
[2118313, 2326033, 287813, 43945, 2273305, 2478691, 704712, 977043, 1522188, 462313, 1563400, 1563461, 1679301, 2074886, 918648, 1358731, 'Stay']
[2111083, 2324522, 286003, 42161, 2257580, 2467758, 704743, 976549, 1521342, 463008, 1557317, 1571435, 1678660, 2069490, 917120, 1362673, 'Stay']
[2118424, 2326370, 288045, 44315, 2272822, 2478832, 704018, 977283, 1522047, 462621, 1561052, 1557743, 1676857, 2072851, 916986, 1356449, 'Stay']
[2110750, 2324075, 285596, 41579, 2258103, 2467617, 704498, 975948, 1521076, 462499, 1559809, 1576967, 1679847, 2071743, 918789, 1364879, 'Stay']
[2118738, 2326777, 288576, 44577, 2272364, 2478627, 705400, 978029, 1522118, 462722, 1558092, 1552222, 1674510, 2070697, 915042, 1354208, 'Stay']
[2111121, 2324056, 285459, 41109, 2258885, 2467838, 703892, 975388, 1521427, 462706, 1562475, 1581455, 1681792, 2074391, 920121, 1366679, 'Stay']
[2118800, 2327102, 288736, 44293, 2270913, 2477559, 703976, 977628, 1521981, 462961, 1555356, 1548121, 1672895, 2068187, 912725, 1352027, 'Stay']
[2112111, 2324633, 286262, 41392, 2260427, 2468764, 704185, 975925, 1521667, 462824, 1565591, 1586119, 1683751, 2076472, 921092, 1368442, 'Stay']
[2119074, 2327648, 289829, 44445, 2269699, 2476513, 705045, 977848, 1522708, 463768, 1553791, 1545219, 1671824, 2066652, 911501, 1350952, 'Stay']
[2112577, 2324251, 286582, 40848, 2261508, 2468885, 702939, 975016, 1521987, 462500, 1567576, 1588053, 1684617, 2078087, 922162, 1369148, 'Stay']
[2118165, 2326989, 289905, 44286, 2267676, 2474928, 704652, 977445, 1522323, 463256, 1551367, 1542813, 1670481, 2064657, 910251, 1349886, 'Stay']
[2113096, 2323996, 286929, 41252, 2263937, 2470049, 703744, 975180, 1521808, 462015, 1568942, 1589100, 1685728, 2079655, 922997, 1369765, 'Stay']
[2116800, 2326345, 289568, 43990, 2265669, 2473067, 704426, 976930, 1521845, 463030, 1549512, 1542088, 1670275, 2063126, 909540, 1349839, 'Stay']
[2113898, 2324343, 287318, 41933, 2265967, 2471826, 703755, 975297, 1521842, 461940, 1569750, 1588042, 1685902, 2080478, 923251, 1369354, 'Stay']
[2115706, 2326128, 289254, 44117, 2263758, 2472347, 705083, 977367, 1521979, 463467, 1548956, 1543840, 1670545, 2063257, 909850, 1350886, 'Stay']
[2114786, 2324396, 287202, 42251, 2267995, 2473898, 703967, 976604, 1521771, 461922, 1569984, 1586171, 1685637, 2080983, 923523, 1368972, 'Stay']
[2114586, 2325560, 288281, 43321, 2261960, 2470987, 704991, 976470, 1521764, 463483, 1549026, 1546434, 1671050, 2063274, 910325, 1352366, 'Stay']
[2115555, 2324550, 287099, 42102, 2269601, 2474888, 703537, 976439, 1521734, 461546, 1569529, 1582386, 1684734, 2080490, 922341, 1367188, 'Stay']
[2113716, 2325317, 287735, 42770, 2259765, 2469452, 703833, 976546, 1521688, 463262, 1549726, 1550063, 1672090, 2063307, 910216, 1353443, 'Stay']
[2116997, 2325200, 287886, 42731, 2270756, 2475902, 702817, 976113, 1522372, 462019, 1569197, 1578075, 1683770, 2079285, 920846, 1364689, 'Stay']
[2113390, 2325445, 287735, 42935, 2257837, 2467984, 703068, 976269, 1522013, 463549, 1552108, 1556029, 1673286, 2064484, 911136, 1355576, 'Stay']
[2117801, 2325604, 288497, 43808, 2271861, 2476798, 703050, 977062, 1522615, 462380, 1568375, 1573328, 1682039, 2078026, 919835, 1362528, 'Stay']
[2111920, 2324212, 287095, 42475, 2257734, 2467181, 703933, 975492, 1521820, 463178, 1554441, 1561786, 1675300, 2066045, 913200, 1358090, 'Stay']
[2117233, 2324610, 288072, 43812, 2272558, 2477618, 703327, 977414, 1521914, 461572, 1565972, 1566751, 1679871, 2075883, 918117, 1359856, 'Stay']
[2109807, 2322452, 285977, 41422, 2257149, 2466462, 702803, 975719, 1520677, 461631, 1556273, 1567143, 1676875, 2067659, 914326, 1360502, 'Stay']
[2116588, 2323778, 288007, 43425, 2272921, 2477959, 703604, 976768, 1521271, 460781, 1562979, 1560431, 1677893, 2073551, 916177, 1357359, 'Stay']
[2108414, 2321338, 285644, 40898, 2257340, 2466568, 703412, 975579, 1520026, 460955, 1558056, 1572890, 1678959, 2069671, 916255, 1363151, 'Stay']
[2115779, 2322865, 288182, 43267, 2272468, 2477913, 702630, 976426, 1520684, 460345, 1559413, 1554294, 1675496, 2071145, 914173, 1355074, 'Stay']
[2107526, 2319841, 285336, 40191, 2258135, 2467018, 703016, 976554, 1519541, 459975, 1560169, 1577424, 1680285, 2071773, 917263, 1365171, 'Stay']
[2114739, 2321808, 288103, 42925, 2271675, 2477506, 703350, 977383, 1520344, 459597, 1556056, 1548452, 1673644, 2068564, 912185, 1352824, 'Stay']
[2106655, 2318712, 284680, 39672, 2259147, 2467131, 702604, 975524, 1519205, 459067, 1562364, 1581127, 1682100, 2073634, 918585, 1366955, 'Stay']
[2114035, 2321638, 288056, 43044, 2269980, 2476247, 702961, 977126, 1519844, 459577, 1553185, 1543857, 1671342, 2065977, 910047, 1350633, 'Stay']
[2107215, 2318878, 284989, 40099, 2261014, 2467969, 702568, 974738, 1519146, 458890, 1564511, 1584709, 1683056, 2075688, 919830, 1367917, 'Stay']
[2113258, 2321746, 288080, 43343, 2268887, 2475496, 703632, 977483, 1519871, 459856, 1550862, 1541901, 1670275, 2064320, 909622, 1349560, 'Stay']
[2107687, 2319028, 284933, 40228, 2262842, 2469521, 702939, 975782, 1519217, 458744, 1566404, 1586895, 1684488, 2077641, 921651, 1369029, 'Stay']
[2112671, 2321617, 287480, 42801, 2266844, 2473926, 703183, 976568, 1519500, 460039, 1548772, 1540999, 1669745, 2063070, 909006, 1349462, 'Stay']
[2108799, 2319376, 284644, 40060, 2264738, 2470544, 702255, 974697, 1519008, 458662, 1567351, 1587021, 1684985, 2078589, 921727, 1368839, 'Stay']
[2112770, 2322289, 287308, 42758, 2264935, 2472962, 703187, 977189, 1519724, 460615, 1547533, 1540827, 1669096, 2062064, 908117, 1349268, 'Stay']
[2110633, 2320370, 285293, 40548, 2266670, 2472336, 702215, 975465, 1519891, 459343, 1568306, 1586008, 1684863, 2079593, 921755, 1368304, 'Stay']
[2112054, 2322068, 287187, 42177, 2262974, 2471503, 703578, 977235, 1519908, 460648, 1547235, 1543023, 1669756, 2061720, 908396, 1350354, 'Stay']
[2112252, 2320979, 285748, 40799, 2268481, 2473932, 702106, 976033, 1520064, 459326, 1568376, 1583517, 1684603, 2079604, 921519, 1367327, 'Stay']
[2111556, 2322525, 287137, 42352, 2261272, 2470543, 704029, 977019, 1519825, 461025, 1548015, 1546774, 1670526, 2062091, 908792, 1352103, 'Stay']
[2113593, 2322187, 286822, 42152, 2270643, 2476241, 703022, 976687, 1520516, 460094, 1568614, 1580193, 1683864, 2079518, 921092, 1366440, 'Stay']
[2111214, 2322920, 287198, 42336, 2259706, 2469242, 703437, 976208, 1520387, 461644, 1549362, 1551529, 1672052, 2063221, 910157, 1354493, 'Stay']
[2115664, 2323313, 287539, 42554, 2272157, 2476539, 703229, 976396, 1521227, 460517, 1567518, 1575133, 1682656, 2078542, 920216, 1364231, 'Stay']
[2111501, 2323158, 287367, 42138, 2258853, 2468105, 703553, 976616, 1520637, 461740, 1551497, 1557379, 1673819, 2064743, 911720, 1357204, 'Stay']
[2117111, 2324217, 288600, 43445, 2272819, 2477750, 703039, 977083, 1521449, 460935, 1566013, 1570180, 1680974, 2077195, 918983, 1362566, 'Stay']
[2110929, 2322956, 286838, 41894, 2257936, 2467517, 703416, 976185, 1520964, 462322, 1553832, 1563107, 1675601, 2067115, 913226, 1359743, 'Stay']
[2117437, 2324312, 288060, 43429, 2273297, 2477996, 703052, 976819, 1521475, 460987, 1563612, 1563886, 1678849, 2075208, 916968, 1359414, 'Stay']
[2110396, 2322937, 286208, 41700, 2258030, 2467354, 703566, 976773, 1520771, 461790, 1556199, 1569577, 1677637, 2068981, 914929, 1362268, 'Stay']
[2118129, 2325213, 288693, 44192, 2273548, 2479118, 703450, 978022, 1521596, 461760, 1561212, 1558706, 1677308, 2073470, 915558, 1357319, 'Stay']
[2110367, 2322734, 286195, 41134, 2258065, 2467367, 702717, 976262, 1520577, 461844, 1558700, 1575602, 1679653, 2071206, 916667, 1364932, 'Stay']
[2118313, 2325325, 289194, 44035, 2272748, 2478426, 703121, 978194, 1521629, 461764, 1557780, 1552623, 1674695, 2070810, 913568, 1354546, 'Stay']
[2110436, 2322739, 286153, 41008, 2259320, 2467385, 702645, 975993, 1520806, 461559, 1560797, 1580099, 1681501, 2073369, 918781, 1366605, 'Stay']
[2118082, 2325357, 289089, 44078, 2271701, 2477586, 702741, 977386, 1521827, 461850, 1554287, 1547982, 1673331, 2068442, 912112, 1352680, 'Stay']
[2110963, 2322524, 286133, 40854, 2260349, 2468041, 702679, 975317, 1521047, 461198, 1563078, 1584165, 1683344, 2075310, 919913, 1368168, 'Stay']
[2117895, 2325709, 289382, 44237, 2269862, 2476781, 703216, 977639, 1521968, 462087, 1552443, 1544688, 1672008, 2066323, 910757, 1351215, 'Stay']
[2111762, 2323428, 286655, 41698, 2261914, 2469603, 703274, 976137, 1521395, 461701, 1566191, 1587264, 1684585, 2077703, 921231, 1369515, 'Stay']
[2117728, 2326502, 289353, 44776, 2268400, 2475667, 705163, 977544, 1522294, 463113, 1551468, 1543314, 1670972, 2065264, 910237, 1350822, 'Stay']
[2112716, 2323950, 286046, 41742, 2263804, 2471069, 703884, 976092, 1521590, 461864, 1568336, 1588994, 1685552, 2079493, 922509, 1370200, 'Stay']
[2116966, 2326421, 288155, 44010, 2266001, 2474469, 704872, 976668, 1521652, 463009, 1549672, 1542599, 1670234, 2064072, 909384, 1350323, 'Stay']
[2113624, 2324170, 285351, 41372, 2264922, 2472357, 703832, 975413, 1521171, 461552, 1569665, 1588329, 1685393, 2080019, 922195, 1369586, 'Stay']
[2115679, 2326048, 288091, 43528, 2264150, 2474012, 705252, 977951, 1521313, 462764, 1549625, 1542838, 1669511, 2062803, 908365, 1350319, 'Stay']
[2113956, 2324308, 286575, 41485, 2267625, 2474428, 704527, 976131, 1521091, 461119, 1570811, 1586670, 1685036, 2080650, 922387, 1369254, 'Stay']
[2114326, 2325669, 288861, 42853, 2262141, 2471833, 704916, 976564, 1521274, 462632, 1549377, 1544995, 1670041, 2062345, 908634, 1351545, 'Stay']
[2114719, 2324321, 287961, 41621, 2269212, 2475063, 703355, 975698, 1521234, 460947, 1569974, 1583004, 1684447, 2080133, 921530, 1367530, 'Stay']
[2113212, 2325467, 289048, 42640, 2260436, 2470205, 704780, 975756, 1521067, 462474, 1549150, 1548810, 1670922, 2063110, 908787, 1353147, 'Stay']
[2115783, 2325312, 288735, 42445, 2270856, 2476645, 704175, 976273, 1521649, 461375, 1568600, 1578544, 1683426, 2079469, 920119, 1365834, 'Stay']
[2112697, 2325664, 288878, 42557, 2259096, 2469380, 704712, 975641, 1521163, 462724, 1550531, 1554014, 1672786, 2064126, 910159, 1355887, 'Stay']
[2117345, 2326338, 289594, 43504, 2272599, 2477885, 703842, 975830, 1522227, 461994, 1567194, 1573551, 1682272, 2078375, 919195, 1363871, 'Stay']
[2112363, 2326038, 288725, 42877, 2258542, 2468859, 705126, 976211, 1521768, 463456, 1552318, 1560079, 1675100, 2066113, 911918, 1358657, 'Stay']
[2118434, 2326981, 289200, 43964, 2272890, 2478732, 704052, 976808, 1522523, 462676, 1565135, 1568004, 1680943, 2077059, 917849, 1361657, 'Stay']
[2111604, 2325249, 286831, 41800, 2257140, 2467749, 703874, 975225, 1521365, 463020, 1554605, 1565983, 1676829, 2067652, 913266, 1360900, 'Stay']
[2118391, 2326683, 288116, 43601, 2272948, 2479431, 703956, 976646, 1521953, 461977, 1562595, 1561941, 1678534, 2074594, 915950, 1358913, 'Stay']
[2110943, 2324481, 285308, 41191, 2257248, 2467920, 703634, 975268, 1520766, 462327, 1556913, 1571753, 1678586, 2069756, 914987, 1363405, 'Stay']
[2118343, 2326415, 287597, 43674, 2272709, 2479348, 704817, 976779, 1521606, 461970, 1559794, 1555731, 1676196, 2072123, 914054, 1356322, 'Stay']
[2110421, 2323826, 284654, 41035, 2257807, 2467883, 704177, 975709, 1520396, 461787, 1559505, 1576480, 1680351, 2071646, 916580, 1365103, 'Stay']
[2118139, 2326004, 287608, 43728, 2272108, 2478858, 704585, 978077, 1521273, 461739, 1556726, 1550240, 1674712, 2069967, 912980, 1353994, 'Stay']
[2110549, 2323298, 285048, 40808, 2259367, 2468427, 703849, 975909, 1520351, 461082, 1561979, 1581342, 1682572, 2073792, 919100, 1367624, 'Stay']
[2117960, 2326022, 288472, 44131, 2270848, 2478368, 703443, 977421, 1521268, 461808, 1554252, 1546015, 1673090, 2067420, 911380, 1352394, 'Stay']
[2111118, 2323430, 285452, 40965, 2260804, 2469508, 703582, 974740, 1520613, 461273, 1564655, 1585115, 1684318, 2076432, 920137, 1369097, 'Stay']
[2117853, 2326287, 288835, 44287, 2269540, 2477357, 704621, 977732, 1521338, 461986, 1552087, 1543289, 1671918, 2065831, 910105, 1351142, 'Stay']
[2111887, 2323376, 285589, 40809, 2261896, 2470176, 702952, 975429, 1520813, 461059, 1566876, 1587852, 1685735, 2078116, 921194, 1370268, 'Stay']
[2117546, 2326439, 288851, 43948, 2267057, 2475602, 703839, 976819, 1521710, 462348, 1550146, 1542158, 1671006, 2064048, 908700, 1350418, 'Stay']
[2113433, 2324051, 286366, 41313, 2263951, 2471407, 702955, 974878, 1521673, 461427, 1568554, 1588909, 1686166, 2079499, 921554, 1370213, 'Stay']
[2116668, 2326183, 289004, 43770, 2265212, 2474125, 704050, 976751, 1521895, 462746, 1549015, 1542367, 1670507, 2063210, 907840, 1350274, 'Stay']
[2113357, 2323588, 286176, 41164, 2266490, 2472920, 703216, 975515, 1521342, 460937, 1569071, 1587768, 1686075, 2079970, 921689, 1369470, 'Stay']
[2114836, 2325233, 287932, 43010, 2263909, 2472877, 704028, 977227, 1520780, 462121, 1547582, 1543469, 1670531, 2062118, 907942, 1350993, 'Stay']
[2114269, 2323923, 286386, 41828, 2268814, 2474960, 703807, 976251, 1520889, 460611, 1569069, 1585436, 1686219, 2080370, 921850, 1369092, 'Stay']
[2113526, 2324865, 287494, 42853, 2261830, 2471836, 704591, 976621, 1520520, 462038, 1547765, 1546337, 1671387, 2062382, 908562, 1352621, 'Stay']
[2114557, 2323860, 286621, 41727, 2270312, 2475995, 703487, 975467, 1520672, 460291, 1568513, 1581204, 1684791, 2079466, 921281, 1367342, 'Stay']
[2112358, 2324351, 287102, 42080, 2260243, 2469972, 704023, 975393, 1519978, 461476, 1548637, 1550398, 1671900, 2062560, 909562, 1354348, 'Stay']
[2116060, 2324603, 287728, 42569, 2271982, 2477191, 703513, 976740, 1520933, 460546, 1567290, 1576234, 1683166, 2078443, 920364, 1365157, 'Stay']
[2111985, 2324488, 287611, 42268, 2259387, 2468992, 704769, 976245, 1520631, 462012, 1550501, 1555745, 1673999, 2064445, 911565, 1356886, 'Stay']
[2116741, 2324981, 287920, 42543, 2273104, 2477930, 703244, 976130, 1521236, 460746, 1565710, 1570931, 1681993, 2077563, 919226, 1362885, 'Stay']
[2110865, 2323950, 286466, 40948, 2258389, 2467839, 703894, 974634, 1520351, 461577, 1552230, 1561502, 1675676, 2066143, 912522, 1359110, 'Stay']
[2117644, 2325749, 288059, 42902, 2273736, 2478411, 703802, 975890, 1521432, 461043, 1563220, 1564818, 1680046, 2075181, 917037, 1360133, 'Stay']
[2110895, 2324483, 286609, 41339, 2258338, 2467321, 704346, 974588, 1520909, 462193, 1554837, 1567566, 1677762, 2067817, 914219, 1361490, 'Stay']
[2118165, 2326097, 288882, 43461, 2273876, 2478825, 703154, 976570, 1521855, 461497, 1561261, 1559260, 1678153, 2073317, 915642, 1357564, 'Stay']
[2110645, 2323743, 286576, 40769, 2258505, 2467415, 703441, 974900, 1520817, 461497, 1557841, 1573773, 1679846, 2069926, 915886, 1364060, 'Stay']
[2118251, 2326220, 289463, 43773, 2273475, 2478614, 704119, 976512, 1521564, 461424, 1558447, 1553991, 1676153, 2070779, 913989, 1355599, 'Stay']
[2110109, 2323366, 286475, 40717, 2259106, 2467252, 703775, 974569, 1520444, 461246, 1560335, 1579055, 1681623, 2072247, 917951, 1366649, 'Stay']
[2117820, 2325745, 289545, 43743, 2272208, 2478008, 703986, 976978, 1521128, 461293, 1555289, 1548349, 1674050, 2068238, 912238, 1353277, 'Stay']
[2110352, 2322862, 286467, 40595, 2260589, 2468114, 703848, 974837, 1520207, 460535, 1562612, 1583082, 1683502, 2074270, 919978, 1368632, 'Stay']
[2117672, 2326046, 289935, 44333, 2270845, 2477247, 704128, 977075, 1521408, 461571, 1552591, 1544369, 1672365, 2066137, 910845, 1351844, 'Stay']
[2111206, 2323112, 286702, 41042, 2261874, 2468891, 703780, 974268, 1520807, 460950, 1565379, 1585910, 1684660, 2076770, 920792, 1369674, 'Stay']
