[3157355, 2190542, 567409, 155987, 1942537, 1093766, -173841, -207334, 1653955, 233600, 1043682, -8388608, 1852271, 1625852, 1103789, 778095, 'Stay']
[3121546, 2194993, 518595, 116813, 1940148, 1098825, -169538, -202476, 1659820, 241401, 1005893, -8388608, 1832781, 1592486, 1085945, 757608, 'Stay']
[3160517, 2189572, 569662, 160524, 1943453, 1093175, -175688, -208273, 1654187, 233317, 1031931, -8388608, 1849298, 1622805, 1100583, 772965, 'Stay']
[3118448, 2196003, 516322, 111980, 1939065, 1099355, -169170, -202006, 1659361, 240852, 1020311, -8388608, 1836730, 1595694, 1090389, 765936, 'Stay']
[3161411, 2188761, 568948, 164333, 1944248, 1093316, -176421, -207848, 1655337, 234802, 1016294, -8388608, 1844874, 1619303, 1095183, 763873, 'Stay']
[3117506, 2196848, 517501, 109848, 1938048, 1099696, -167478, -200891, 1657887, 239765, 1035347, -8388608, 1841531, 1600031, 1095737, 774728, 'Stay']
[3162292, 2189445, 567333, 166630, 1945389, 1093852, -176497, -207740, 1656438, 236282, 1003406, -8388608, 1840899, 1614994, 1091072, 757452, 'Stay']
[3118210, 2197234, 519622, 109359, 1936475, 1099346, -168544, -201917, 1657587, 239121, 1049127, -8388608, 1845681, 1604992, 1100429, 782331, 'Stay']
[3159968, 2189166, 564116, 166472, 1945898, 1094138, -176818, -208009, 1657642, 237260, 991608, -8388608, 1836781, 1610235, 1086765, 751092, 'Stay']
[3119122, 2196988, 523472, 110338, 1936452, 1099061, -167826, -202208, 1656754, 237730, 1061568, -8388608, 1849870, 1609802, 1104785, 789250, 'Stay']
[3156551, 2189299, 558419, 164011, 1946693, 1095086, -176662, -206746, 1658796, 238524, 981405, -8388608, 1832633, 1604927, 1082737, 745289, 'Stay']
[3122543, 2195889, 528277, 113778, 1936616, 1098381, -168324, -202065, 1655813, 236479, 1069721, -8388608, 1852975, 1614528, 1107941, 793299, 'Stay']
[3152647, 2189460, 552333, 160074, 1946757, 1095729, -176018, -205672, 1659045, 239164, 974414, -8388608, 1829569, 1600385, 1080284, 741817, 'Stay']
[3126883, 2194996, 534530, 118690, 1937064, 1097552, -169344, -202938, 1654663, 235322, 1075849, -8388608, 1855786, 1619375, 1110839, 796811, 'Stay']
[3147299, 2189564, 545674, 154466, 1946952, 1096126, -175026, -205337, 1659714, 240183, 970000, -8388608, 1827160, 1596122, 1078028, 739269, 'Stay']
[3132601, 2194082, 541762, 124680, 1937355, 1096737, -170522, -203783, 1653654, 233762, 1078857, -8388608, 1858060, 1622979, 1112909, 798970, 'Stay']
[3142007, 2191046, 538445, 148362, 1945999, 1097351, -174295, -204348, 1660760, 241510, 969449, -8388608, 1825728, 1592646, 1076877, 738890, 'Stay']
[3137639, 2193811, 547957, 132544, 1938359, 1096578, -170859, -203911, 1653552, 233905, 1076921, -8388608, 1858606, 1626408, 1112960, 797846, 'Stay']
[3135210, 2192205, 531768, 141496, 1944951, 1097975, -173583, -203794, 1661161, 242595, 972813, -8388608, 1825642, 1591187, 1077079, 740837, 'Stay']
[3143201, 2192889, 554721, 140129, 1939071, 1095482, -172354, -205038, 1653591, 233627, 1072115, -8388608, 1858342, 1627937, 1111855, 795417, 'Stay']
[3129189, 2193690, 525584, 133866, 1943780, 1099029, -172350, -202744, 1661660, 243116, 980541, -8388608, 1826847, 1589986, 1078796, 745229, 'Stay']
[3147977, 2191978, 560128, 147691, 1940623, 1095070, -173303, -205940, 1653829, 233565, 1063850, -8388608, 1856996, 1628201, 1109752, 790850, 'Stay']
[3123821, 2194365, 520698, 126472, 1942571, 1099062, -170950, -202659, 1661242, 242943, 990934, -8388608, 1828982, 1590393, 1081647, 751027, 'Stay']
[3152312, 2190499, 563640, 153926, 1941459, 1094002, -175153, -206313, 1654055, 233572, 1052658, -8388608, 1854282, 1626857, 1106524, 784867, 'Stay']
[3119267, 2194511, 516425, 120099, 1940648, 1099328, -170543, -201230, 1660736, 242422, 1002796, -8388608, 1831726, 1591641, 1084772, 757370, 'Stay']
[3156738, 2188955, 566907, 159969, 1942901, 1093452, -175844, -207028, 1654143, 233669, 1040192, -8388608, 1851262, 1625082, 1103068, 778494, 'Stay']
[3117135, 2194888, 515776, 115438, 1939898, 1099224, -169262, -201367, 1659703, 241696, 1017895, -8388608, 1835743, 1594962, 1089740, 766183, 'Stay']
[3159215, 2189003, 567208, 164412, 1944735, 1093901, -175447, -207030, 1655319, 235027, 1026716, -8388608, 1847470, 1621586, 1098618, 771452, 'Stay']
[3115638, 2196357, 513847, 112034, 1939154, 1100158, -168212, -200826, 1659437, 241484, 1030976, -8388608, 1839425, 1598965, 1093509, 772942, 'Stay']
[3160559, 2188761, 565867, 167705, 1945760, 1094141, -176362, -207222, 1656337, 236416, 1010551, -8388608, 1842649, 1617837, 1092529, 761953, 'Stay']
[3116629, 2196961, 516422, 111209, 1937789, 1099974, -168136, -201297, 1657844, 240342, 1045261, -8388608, 1843998, 1603978, 1097995, 781122, 'Stay']
[3160933, 2190250, 562983, 168704, 1946739, 1095192, -176098, -206746, 1657329, 238497, 998123, -8388608, 1838427, 1613621, 1088013, 755476, 'Stay']
[3119503, 2197955, 519978, 112495, 1937251, 1099930, -167694, -201349, 1657522, 240544, 1056752, -8388608, 1847878, 1609553, 1101842, 786890, 'Stay']
[3160227, 2190379, 560182, 168090, 1946858, 1095500, -176174, -206414, 1658287, 239868, 987086, -8388608, 1834559, 1608829, 1084260, 749562, 'Stay']
[3123513, 2197557, 525731, 114973, 1937139, 1099702, -166744, -200584, 1656441, 238986, 1068225, -8388608, 1851921, 1614020, 1106637, 793762, 'Stay']
[3157721, 2190430, 555565, 164624, 1946955, 1096326, -175726, -205528, 1659162, 240757, 978905, -8388608, 1831067, 1603624, 1081441, 745518, 'Stay']
[3128223, 2197149, 532282, 118491, 1937214, 1099128, -167454, -202476, 1655437, 237596, 1076635, -8388608, 1855050, 1618545, 1110184, 798881, 'Stay']
[3152736, 2191304, 548796, 159111, 1947718, 1097007, -174396, -205835, 1660678, 242195, 973340, -8388608, 1828095, 1598808, 1078455, 742159, 'Stay']
[3132502, 2196497, 538557, 123915, 1938419, 1098292, -168462, -203429, 1655422, 236526, 1080505, -8388608, 1857273, 1622657, 1111874, 800692, 'Stay']
[3146110, 2192007, 541557, 152754, 1947575, 1097793, -173844, -205622, 1661866, 242964, 971430, -8388608, 1826156, 1595297, 1076538, 740467, 'Stay']
[3137139, 2195368, 545361, 130530, 1939075, 1097556, -169923, -204836, 1654822, 235460, 1080399, -8388608, 1858410, 1626052, 1112372, 799946, 'Stay']
[3139856, 2193006, 534298, 145829, 1946881, 1098919, -171907, -204441, 1662356, 243751, 972668, -8388608, 1825379, 1592561, 1076126, 740573, 'Stay']
[3142945, 2194584, 552024, 138483, 1939916, 1097144, -170577, -205368, 1654651, 234954, 1076584, -8388608, 1858736, 1628595, 1112341, 797678, 'Stay']
[3133851, 2194133, 528267, 138639, 1944791, 1099696, -172407, -203457, 1662544, 244316, 978271, -8388608, 1826035, 1591426, 1077692, 743712, 'Stay']
[3147698, 2193632, 557326, 145961, 1940561, 1096731, -171604, -205144, 1654518, 234959, 1068934, -8388608, 1857447, 1629401, 1110627, 793598, 'Stay']
[3128227, 2194802, 522833, 131745, 1943944, 1100421, -169736, -202250, 1662354, 244562, 986500, -8388608, 1827518, 1591173, 1079894, 747859, 'Stay']
[3152509, 2191891, 563762, 153386, 1941885, 1095911, -172413, -205821, 1654368, 234726, 1059697, -8388608, 1855883, 1629145, 1108976, 788850, 'Stay']
[3122897, 2195423, 519352, 124183, 1942286, 1100662, -169694, -201880, 1661521, 243919, 999454, -8388608, 1830563, 1592353, 1084351, 755624, 'Stay']
[3155869, 2190557, 566638, 159086, 1943438, 1095370, -174051, -206192, 1654796, 235038, 1046839, -8388608, 1852449, 1627158, 1105156, 781485, 'Stay']
[3119075, 2195463, 516005, 118159, 1941224, 1100970, -168888, -201069, 1660665, 243104, 1012085, -8388608, 1833729, 1594637, 1087995, 761901, 'Stay']
[3159012, 2189127, 568194, 163405, 1944529, 1094726, -175455, -206895, 1654922, 234971, 1032729, -8388608, 1848829, 1623930, 1100642, 773395, 'Stay']
[3117151, 2195538, 515905, 113797, 1939549, 1100550, -168306, -200383, 1659690, 241950, 1026667, -8388608, 1838034, 1597839, 1092732, 770004, 'Stay']
[3160314, 2188815, 568176, 167146, 1945433, 1094954, -176217, -206814, 1655924, 236248, 1019671, -8388608, 1845072, 1619976, 1096702, 766724, 'Stay']
[3116243, 2195890, 516662, 112075, 1938564, 1100513, -168113, -200496, 1658971, 241584, 1041748, -8388608, 1842446, 1602278, 1097931, 778626, 'Stay']
[3160430, 2188399, 565923, 169023, 1946686, 1094909, -175996, -206822, 1657191, 237675, 1006417, -8388608, 1840810, 1615375, 1092205, 759802, 'Stay']
[3117193, 2196217, 518678, 111888, 1937984, 1100478, -167852, -200135, 1658332, 240573, 1055264, -8388608, 1846724, 1607037, 1102338, 786093, 'Stay']
[3159105, 2188576, 561861, 168652, 1947319, 1095302, -176324, -206438, 1658211, 239082, 994672, -8388608, 1836710, 1610672, 1087680, 753451, 'Stay']
[3119638, 2196610, 522331, 113144, 1937660, 1100101, -167278, -200892, 1657047, 239404, 1067258, -8388608, 1850895, 1611881, 1106566, 793099, 'Stay']
[3156535, 2189728, 555005, 165971, 1947883, 1096583, -175651, -205351, 1659724, 240995, 983605, -8388608, 1832380, 1605281, 1083083, 747156, 'Stay']
[3124207, 2196641, 527191, 116886, 1937809, 1099795, -167802, -201147, 1656480, 238641, 1074779, -8388608, 1853832, 1616841, 1109261, 796768, 'Stay']
[3152647, 2190471, 549164, 161482, 1948127, 1097417, -174465, -204865, 1660573, 241976, 977043, -8388608, 1829508, 1600773, 1080211, 743439, 'Stay']
[3128354, 2195459, 533569, 121242, 1937815, 1099015, -168734, -202275, 1655880, 237418, 1080060, -8388608, 1856693, 1621058, 1111674, 799423, 'Stay']
[3147449, 2190254, 542766, 154697, 1947107, 1097632, -174831, -204506, 1660869, 242157, 973596, -8388608, 1827292, 1596334, 1078201, 741428, 'Stay']
[3134488, 2194980, 539895, 126675, 1938650, 1098516, -168795, -202789, 1655071, 236099, 1082246, -8388608, 1858408, 1624184, 1113191, 800530, 'Stay']
[3142679, 2191451, 535198, 147985, 1947198, 1098369, -173318, -204470, 1662375, 243766, 973059, -8388608, 1825992, 1593171, 1077115, 740357, 'Stay']
[3140503, 2193851, 546408, 133946, 1939732, 1097106, -170637, -204211, 1655006, 235370, 1080537, -8388608, 1859179, 1626902, 1113481, 799493, 'Stay']
[3136528, 2192746, 527472, 140472, 1946043, 1099149, -172404, -203115, 1662939, 244400, 977605, -8388608, 1825994, 1591302, 1077822, 742820, 'Stay']
[3145888, 2192659, 552656, 141822, 1940665, 1096109, -171214, -205412, 1655167, 235232, 1074407, -8388608, 1858379, 1628345, 1112074, 795645, 'Stay']
[3130458, 2193682, 522691, 133255, 1944915, 1099573, -170785, -202688, 1662656, 244153, 986424, -8388608, 1827827, 1590347, 1080318, 748037, 'Stay']
[3150201, 2192119, 557531, 149166, 1942245, 1095891, -172607, -205700, 1655583, 235292, 1066134, -8388608, 1856857, 1628475, 1109899, 791586, 'Stay']
[3124619, 2194535, 517239, 126652, 1943743, 1100254, -170518, -202184, 1662834, 244476, 995720, -8388608, 1829236, 1590893, 1082038, 752523, 'Stay']
[3153972, 2191137, 561772, 156370, 1943794, 1095682, -173052, -206298, 1655785, 235440, 1054766, -8388608, 1854233, 1627812, 1106792, 785276, 'Stay']
[3120128, 2195826, 513734, 120773, 1942750, 1101226, -168660, -201027, 1662498, 244383, 1008646, -8388608, 1832345, 1593094, 1086125, 759550, 'Stay']
[3157380, 2190550, 563780, 161894, 1944931, 1095555, -174144, -206680, 1656532, 236103, 1041525, -8388608, 1850659, 1624972, 1102744, 777859, 'Stay']
[3117468, 2196261, 511579, 115820, 1941159, 1101451, -168332, -200793, 1661892, 243689, 1022458, -8388608, 1835948, 1595742, 1090120, 766715, 'Stay']
[3159827, 2189408, 564656, 166014, 1946054, 1095846, -175385, -206310, 1657092, 236684, 1027321, -8388608, 1846562, 1621560, 1097863, 769941, 'Stay']
[3116119, 2196389, 511829, 112309, 1939816, 1101793, -167198, -199956, 1660720, 242628, 1037598, -8388608, 1840475, 1600138, 1095063, 775142, 'Stay']
[3160056, 2188812, 562465, 167777, 1946758, 1095956, -175868, -206249, 1658080, 237939, 1012840, -8388608, 1842108, 1617156, 1092505, 761500, 'Stay']
[3116048, 2196198, 513371, 110833, 1938768, 1101009, -167660, -200545, 1659604, 241379, 1051143, -8388608, 1844691, 1604285, 1099321, 782146, 'Stay']
[3158424, 2188323, 559593, 168026, 1947660, 1095572, -176167, -206870, 1658927, 238763, 1000829, -8388608, 1838087, 1611912, 1088236, 754945, 'Stay']
[3117057, 2196050, 517146, 111891, 1938694, 1100636, -166895, -200740, 1658573, 240223, 1064039, -8388608, 1848896, 1609271, 1103812, 789270, 'Stay']
[3155873, 2188441, 554957, 166509, 1948408, 1096313, -176005, -205869, 1660048, 240236, 990553, -8388608, 1834430, 1607244, 1084668, 749495, 'Stay']
[3120253, 2196291, 521339, 114457, 1938186, 1100548, -167490, -200823, 1657706, 239176, 1074543, -8388608, 1852927, 1614275, 1107761, 795002, 'Stay']
[3152211, 2189782, 548065, 163357, 1948778, 1097322, -174666, -205262, 1661299, 242111, 981374, -8388608, 1830720, 1602433, 1080336, 743761, 'Stay']
[3124414, 2195901, 526457, 119593, 1938523, 1099683, -168529, -201930, 1657413, 238857, 1079767, -8388608, 1855373, 1619090, 1109608, 797167, 'Stay']
[3147692, 2189892, 542323, 158424, 1947985, 1097459, -175566, -205527, 1661739, 242817, 976665, -8388608, 1828164, 1598210, 1078123, 741337, 'Stay']
[3129626, 2195100, 534324, 125108, 1938365, 1098658, -168889, -202955, 1655970, 237003, 1085410, -8388608, 1858130, 1622916, 1112558, 801182, 'Stay']
[3141864, 2190715, 534931, 151717, 1947338, 1098494, -173926, -204550, 1662709, 243988, 975968, -8388608, 1826383, 1594407, 1076804, 740821, 'Stay']
[3134686, 2193617, 540568, 131736, 1939237, 1098347, -170266, -203922, 1655472, 236232, 1084658, -8388608, 1858840, 1626306, 1112801, 800226, 'Stay']
[3135354, 2191298, 528041, 144355, 1946237, 1099587, -172920, -203107, 1662513, 244195, 978685, -8388608, 1825964, 1592173, 1076935, 742189, 'Stay']
[3139750, 2192536, 547066, 138950, 1939893, 1097525, -171285, -204219, 1654857, 235596, 1080412, -8388608, 1858725, 1627835, 1111991, 797813, 'Stay']
[3129708, 2192533, 522121, 136930, 1945074, 1100315, -172324, -202733, 1662429, 244627, 985188, -8388608, 1826800, 1590649, 1078432, 745912, 'Stay']
[3145512, 2191555, 552733, 146681, 1941388, 1097204, -172900, -204680, 1655192, 235712, 1072750, -8388608, 1857512, 1628730, 1110245, 793877, 'Stay']
[3124553, 2193258, 516112, 129842, 1944224, 1101026, -170416, -201286, 1662748, 245025, 993285, -8388608, 1828118, 1590631, 1080151, 749922, 'Stay']
[3150776, 2190473, 557608, 153996, 1942957, 1096621, -173275, -204948, 1655340, 235543, 1061763, -8388608, 1855303, 1628101, 1107594, 787723, 'Stay']
[3120823, 2194079, 512999, 123719, 1942887, 1101282, -169608, -200669, 1662645, 245005, 1005392, -8388608, 1831259, 1592029, 1083909, 756485, 'Stay']
[3155067, 2189963, 560935, 160228, 1944497, 1095930, -174210, -205622, 1656193, 236304, 1049750, -8388608, 1852429, 1626066, 1104061, 781307, 'Stay']
[3117265, 2195424, 510033, 118162, 1941820, 1101273, -169504, -200450, 1662353, 244821, 1018744, -8388608, 1834517, 1594905, 1087656, 763663, 'Stay']
[3157578, 2189488, 562236, 164978, 1945875, 1095555, -174966, -205828, 1657025, 237276, 1035077, -8388608, 1848169, 1623385, 1098818, 772693, 'Stay']
[3114917, 2196301, 510048, 114265, 1940556, 1101295, -168331, -200177, 1661145, 243809, 1033752, -8388608, 1838678, 1598572, 1092177, 771682, 'Stay']
[3158048, 2188851, 562811, 168202, 1946910, 1095335, -175264, -205921, 1657739, 238000, 1021866, -8388608, 1844112, 1619287, 1094346, 765562, 'Stay']
[3113852, 2196418, 511619, 112039, 1939759, 1101342, -166820, -199732, 1660395, 242564, 1048796, -8388608, 1842977, 1602700, 1097257, 780137, 'Stay']
[3157362, 2188105, 560066, 168677, 1947718, 1095451, -176035, -206187, 1658641, 238700, 1008973, -8388608, 1839836, 1614278, 1089923, 758618, 'Stay']
[3114516, 2195637, 513679, 111592, 1939255, 1100642, -166446, -200052, 1659317, 241067, 1060876, -8388608, 1846921, 1606865, 1101222, 786472, 'Stay']
[3155471, 2187346, 555998, 167803, 1948251, 1095318, -176008, -206169, 1659452, 239727, 996027, -8388608, 1835664, 1609038, 1085279, 751252, 'Stay']
[3117396, 2194868, 519465, 113240, 1937862, 1099531, -167992, -201042, 1657594, 239388, 1072611, -8388608, 1851429, 1612074, 1106070, 793526, 'Stay']
[3152856, 2188220, 551913, 164704, 1947776, 1096124, -176184, -205546, 1660571, 241167, 987688, -8388608, 1832546, 1604276, 1082231, 747640, 'Stay']
[3121633, 2195088, 525357, 117199, 1938185, 1099302, -166977, -201139, 1657795, 239248, 1080557, -8388608, 1854665, 1617275, 1108728, 798137, 'Stay']
[3148679, 2188698, 546275, 160745, 1948195, 1096841, -174626, -204973, 1661528, 242497, 981148, -8388608, 1829513, 1599989, 1078911, 744313, 'Stay']
[3125870, 2194882, 532315, 122561, 1938630, 1098828, -168315, -201934, 1656276, 237773, 1086402, -8388608, 1857288, 1621543, 1111359, 802208, 'Stay']
[3142748, 2190669, 538818, 155400, 1948881, 1098237, -173216, -202939, 1662279, 244310, 977819, -8388608, 1826813, 1596217, 1076548, 742493, 'Stay']
[3130792, 2194408, 539262, 129939, 1940128, 1097977, -169163, -202365, 1655521, 237520, 1086618, -8388608, 1858315, 1625611, 1112052, 802207, 'Stay']
[3136709, 2191349, 532488, 148529, 1947691, 1098655, -173243, -202673, 1662337, 244962, 978613, -8388608, 1825789, 1593227, 1076193, 743240, 'Stay']
[3136055, 2193185, 546681, 137203, 1940771, 1097294, -170295, -202819, 1654714, 236631, 1084214, -8388608, 1858826, 1627560, 1112159, 801301, 'Stay']
[3130312, 2192418, 526281, 140991, 1946975, 1099479, -171639, -201632, 1662319, 245669, 983608, -8388608, 1826266, 1590997, 1077407, 746179, 'Stay']
[3141111, 2192154, 552975, 144157, 1942043, 1096199, -172179, -204500, 1654782, 236565, 1077877, -8388608, 1858233, 1628379, 1111076, 797655, 'Stay']
[3123997, 2193317, 521008, 133183, 1946056, 1099799, -170098, -201401, 1662743, 245860, 991476, -8388608, 1827656, 1589944, 1079273, 750000, 'Stay']
[3145903, 2191560, 558656, 151518, 1943383, 1095885, -170778, -205044, 1655547, 236527, 1069322, -8388608, 1856759, 1628223, 1109050, 792876, 'Stay']
[3119626, 2194858, 517093, 126903, 1944868, 1100649, -168520, -200837, 1663495, 246337, 1002706, -8388608, 1830333, 1591134, 1082434, 755767, 'Stay']
[3150401, 2190885, 563053, 158128, 1944909, 1095512, -172954, -206642, 1656747, 237452, 1057516, -8388608, 1854106, 1627073, 1105321, 785891, 'Stay']
[3114909, 2195845, 514018, 120424, 1943431, 1101372, -167988, -200456, 1663213, 245944, 1016065, -8388608, 1833728, 1593410, 1085870, 762670, 'Stay']
[3152378, 2190173, 564582, 163444, 1946442, 1095413, -173635, -205835, 1657789, 238222, 1043444, -8388608, 1850505, 1624739, 1100426, 777560, 'Stay']
[3111889, 2196564, 511931, 116079, 1942184, 1101260, -166734, -199870, 1662928, 245470, 1029003, -8388608, 1837387, 1596755, 1089739, 769077, 'Stay']
[3154419, 2189359, 564679, 167307, 1947184, 1094742, -174977, -206925, 1658419, 238923, 1028828, -8388608, 1846556, 1621079, 1096006, 769043, 'Stay']
[3111548, 2196599, 512718, 113463, 1941542, 1100867, -165445, -200075, 1661851, 244698, 1043041, -8388608, 1841690, 1600828, 1094676, 776291, 'Stay']
[3155455, 2188223, 564839, 169613, 1948385, 1094802, -174859, -206200, 1658844, 239775, 1015930, -8388608, 1842887, 1616958, 1092488, 762311, 'Stay']
[3111590, 2196029, 515280, 111935, 1939972, 1100432, -166770, -200159, 1660285, 243148, 1058236, -8388608, 1846449, 1605523, 1100441, 785338, 'Stay']
[3153779, 2188035, 560301, 169215, 1949151, 1095464, -175567, -206056, 1659579, 240740, 1003013, -8388608, 1838032, 1611521, 1087399, 755146, 'Stay']
[3113245, 2195943, 518176, 113022, 1939863, 1100283, -166478, -200042, 1659007, 241885, 1069681, -8388608, 1850113, 1610568, 1104188, 791485, 'Stay']
[3150671, 2188124, 553943, 166900, 1949317, 1095709, -176408, -205928, 1660563, 242084, 991673, -8388608, 1833949, 1606714, 1082821, 748742, 'Stay']
[3116278, 2194833, 522873, 115902, 1939188, 1098968, -167399, -201588, 1657651, 240221, 1077874, -8388608, 1853394, 1615195, 1107127, 796178, 'Stay']
[3146938, 2188590, 547899, 163259, 1949520, 1096189, -175024, -205301, 1661307, 243012, 984012, -8388608, 1830697, 1601598, 1079841, 745499, 'Stay']
[3120912, 2195041, 528945, 121143, 1939933, 1098524, -166785, -201651, 1657450, 239700, 1084766, -8388608, 1856552, 1620194, 1110378, 800620, 'Stay']
[3142424, 2189546, 542237, 158420, 1949181, 1096576, -173701, -204616, 1662587, 244575, 980569, -8388608, 1828751, 1598157, 1078557, 744173, 'Stay']
[3125718, 2194238, 536299, 127106, 1940185, 1097650, -168197, -202181, 1656894, 238847, 1089046, -8388608, 1858975, 1624248, 1113092, 803826, 'Stay']
[3135837, 2190472, 534709, 151579, 1949104, 1097883, -172859, -203206, 1663439, 245932, 980006, -8388608, 1827162, 1594546, 1077449, 743871, 'Stay']
[3130381, 2193262, 542407, 133656, 1941180, 1097228, -169609, -203006, 1656180, 238015, 1087895, -8388608, 1859677, 1627415, 1113397, 803042, 'Stay']
[3129787, 2191294, 527781, 144101, 1947613, 1098632, -173142, -202953, 1663373, 246247, 982998, -8388608, 1826669, 1592366, 1077503, 745637, 'Stay']
[3136501, 2192329, 548819, 141056, 1942076, 1096778, -170495, -203561, 1655324, 237099, 1083748, -8388608, 1859451, 1629146, 1112838, 801433, 'Stay']
[3124513, 2192616, 520681, 136685, 1946999, 1100168, -170814, -201127, 1663525, 246695, 989484, -8388608, 1827381, 1591240, 1078859, 749292, 'Stay']
[3141411, 2191076, 553503, 148656, 1943500, 1096522, -171634, -204201, 1655734, 237018, 1074447, -8388608, 1857835, 1629338, 1110129, 795833, 'Stay']
[3118437, 2193121, 516103, 129997, 1945528, 1100773, -169046, -200518, 1663193, 246265, 998988, -8388608, 1829458, 1591131, 1081310, 754303, 'Stay']
[3145065, 2190028, 558775, 156132, 1944397, 1095868, -172386, -205025, 1655884, 237101, 1064290, -8388608, 1855785, 1628506, 1107779, 790534, 'Stay']
[3112942, 2194251, 512542, 123757, 1944200, 1101001, -168628, -199969, 1662935, 246241, 1011385, -8388608, 1832204, 1592809, 1085043, 761134, 'Stay']
[3147561, 2189235, 562000, 162074, 1946398, 1095244, -173143, -205403, 1656602, 237747, 1051335, -8388608, 1852338, 1626228, 1103886, 783371, 'Stay']
[3108656, 2195099, 509954, 118210, 1943650, 1101187, -166896, -199651, 1662733, 246012, 1024514, -8388608, 1835629, 1595126, 1089102, 768093, 'Stay']
[3149413, 2188904, 562982, 166397, 1947582, 1095221, -174101, -205927, 1657516, 238542, 1036774, -8388608, 1848530, 1622683, 1099263, 775485, 'Stay']
[3106830, 2196086, 510052, 114928, 1942313, 1101492, -166800, -199317, 1662133, 245515, 1038470, -8388608, 1839651, 1599264, 1093477, 775994, 'Stay']
[3150523, 2189360, 561968, 169298, 1948585, 1095708, -174707, -205749, 1658606, 240068, 1022864, -8388608, 1844242, 1619040, 1094640, 768136, 'Stay']
[3106586, 2196633, 511287, 113152, 1941261, 1101385, -166562, -199618, 1661416, 244919, 1052402, -8388608, 1844017, 1603993, 1098173, 783603, 'Stay']
[3149780, 2188613, 558496, 169983, 1949448, 1095953, -175607, -205673, 1659839, 241168, 1008410, -8388608, 1839489, 1614244, 1089568, 759742, 'Stay']
[3108106, 2195576, 515336, 113328, 1940633, 1100527, -166851, -200226, 1659609, 242805, 1064882, -8388608, 1848300, 1609043, 1102832, 790472, 'Stay']
[3147883, 2187975, 555674, 168764, 1950515, 1096397, -174349, -204471, 1660194, 241995, 997500, -8388608, 1835845, 1609345, 1086050, 754331, 'Stay']
[3110358, 2195043, 520383, 115365, 1940507, 1100266, -166651, -199775, 1658399, 241554, 1075905, -8388608, 1852314, 1613921, 1107517, 797173, 'Stay']
[3144804, 2188174, 551074, 165918, 1950786, 1096975, -173868, -203777, 1661066, 243119, 988913, -8388608, 1832412, 1604720, 1083193, 750292, 'Stay']
[3114785, 2194883, 526583, 119494, 1940625, 1099749, -166691, -200281, 1657989, 240510, 1084181, -8388608, 1855838, 1618983, 1111193, 802286, 'Stay']
[3140675, 2189077, 544828, 161732, 1950722, 1097584, -173700, -203456, 1662855, 244976, 982283, -8388608, 1829541, 1600046, 1079966, 746245, 'Stay']
[3119408, 2194629, 533244, 124992, 1941381, 1099257, -166403, -200442, 1657526, 239812, 1088959, -8388608, 1858576, 1622986, 1113371, 804825, 'Stay']
[3134752, 2189829, 538542, 155393, 1950090, 1097999, -172876, -203248, 1663376, 245887, 980399, -8388608, 1827876, 1596111, 1078400, 745169, 'Stay']
[3124569, 2193674, 540689, 131678, 1941362, 1098037, -169036, -202304, 1656551, 238820, 1089567, -8388608, 1859650, 1626387, 1113833, 805167, 'Stay']
[3128979, 2191032, 531724, 148230, 1948966, 1098766, -172637, -202495, 1663599, 246834, 982104, -8388608, 1826853, 1593524, 1077735, 746321, 'Stay']
[3130669, 2192534, 548007, 138845, 1942354, 1096870, -169566, -203255, 1655932, 238341, 1087089, -8388608, 1859852, 1628640, 1113624, 804015, 'Stay']
[3123653, 2191778, 525779, 140586, 1947874, 1099545, -171261, -201378, 1663569, 247322, 988343, -8388608, 1827304, 1591849, 1079111, 750005, 'Stay']
[3136811, 2191519, 552925, 146042, 1943297, 1096811, -170329, -203317, 1655762, 237997, 1080496, -8388608, 1858503, 1629761, 1111935, 800439, 'Stay']
[3119011, 2192748, 518565, 133499, 1946964, 1100691, -169146, -200020, 1663845, 247919, 995291, -8388608, 1828034, 1591725, 1080368, 753190, 'Stay']
[3142127, 2189936, 557352, 153384, 1944499, 1095670, -172674, -204881, 1656032, 238056, 1069774, -8388608, 1856393, 1629656, 1109053, 794318, 'Stay']
[3113779, 2193311, 513986, 126130, 1945755, 1100719, -169328, -199897, 1663053, 246951, 1006642, -8388608, 1830573, 1592234, 1083429, 759706, 'Stay']
[3145817, 2188907, 561089, 159595, 1946605, 1095477, -172110, -204697, 1656424, 238117, 1057857, -8388608, 1853610, 1628006, 1105419, 788000, 'Stay']
[3109200, 2193929, 510918, 120719, 1944886, 1101213, -167365, -199351, 1662834, 246819, 1019601, -8388608, 1833705, 1594690, 1087174, 766567, 'Stay']
[3147925, 2188143, 562608, 165003, 1948040, 1095488, -173524, -205195, 1657044, 238604, 1044286, -8388608, 1849840, 1625278, 1101238, 780614, 'Stay']
[3106277, 2194312, 510024, 116384, 1943433, 1101243, -167428, -199764, 1661898, 245708, 1033965, -8388608, 1837736, 1598362, 1091566, 774574, 'Stay']
[3149167, 2187228, 562832, 168648, 1948904, 1095164, -174987, -205961, 1657658, 239264, 1030312, -8388608, 1845768, 1621450, 1096216, 773072, 'Stay']
[3104701, 2193637, 510871, 113499, 1941887, 1100753, -166944, -199686, 1660637, 244234, 1048485, -8388608, 1841931, 1601871, 1096040, 782671, 'Stay']
[3147879, 2185551, 560901, 169793, 1949468, 1095320, -175164, -205302, 1657846, 239490, 1016741, -8388608, 1841275, 1616187, 1091698, 765698, 'Stay']
[3103565, 2192414, 513101, 112599, 1941016, 1100919, -166879, -199266, 1658720, 242659, 1061817, -8388608, 1846018, 1606604, 1100774, 790078, 'Stay']
[3145580, 2184172, 556587, 169445, 1950310, 1096502, -174238, -203819, 1658385, 240678, 1003366, -8388608, 1836850, 1611935, 1087103, 758547, 'Stay']
[3104707, 2190374, 516703, 114078, 1940767, 1100837, -165698, -198525, 1657113, 240652, 1071893, -8388608, 1849852, 1611984, 1104822, 795540, 'Stay']
[3141147, 2182117, 552557, 167510, 1950707, 1096885, -174790, -203536, 1658499, 240596, 992674, -8388608, 1833145, 1606802, 1083631, 752884, 'Stay']
[3105034, 2187930, 522973, 116615, 1940341, 1099987, -166310, -199537, 1654880, 237698, 1082135, -8388608, 1853699, 1616436, 1109204, 802054, 'Stay']
[3133491, 2181143, 546831, 162853, 1950549, 1097694, -173597, -203182, 1658336, 240555, 985311, -8388608, 1829555, 1601326, 1080397, 749153, 'Stay']
[3106606, 2186600, 528683, 121462, 1940593, 1099666, -167532, -200366, 1653577, 236413, 1086846, -8388608, 1855591, 1620669, 1110872, 804355, 'Stay']
[3126949, 2180903, 540188, 157168, 1950029, 1097924, -173890, -203215, 1658322, 241072, 980432, -8388608, 1826584, 1597040, 1077360, 746207, 'Stay']
[3111842, 2185786, 535739, 127425, 1941152, 1098737, -167779, -201174, 1652582, 235203, 1089068, -8388608, 1857239, 1624169, 1111968, 805776, 'Stay']
[3121378, 2181800, 533137, 150289, 1949177, 1098516, -173740, -202889, 1659157, 242543, 979883, -8388608, 1825187, 1593810, 1076185, 745648, 'Stay']
[3117694, 2184316, 542861, 134130, 1941769, 1097408, -168835, -202567, 1652116, 234801, 1087426, -8388608, 1857963, 1626727, 1112146, 804209, 'Stay']
[3116089, 2183214, 526097, 142551, 1948481, 1098969, -171690, -202565, 1659724, 243657, 983586, -8388608, 1825346, 1591261, 1076903, 747285, 'Stay']
[3124476, 2183854, 548949, 141827, 1943009, 1096655, -169777, -203380, 1652147, 235076, 1082340, -8388608, 1857787, 1628150, 1111516, 801404, 'Stay']
[3111768, 2184684, 520511, 135550, 1947628, 1100067, -169553, -200719, 1659681, 244494, 991213, -8388608, 1826612, 1590454, 1078760, 751738, 'Stay']
[3131150, 2183816, 554122, 149504, 1945287, 1096697, -169820, -203248, 1652535, 235925, 1073952, -8388608, 1856555, 1629116, 1109347, 797042, 'Stay']
[3107846, 2186722, 515013, 128688, 1947064, 1101257, -168528, -199550, 1659746, 245384, 1000656, -8388608, 1828687, 1591234, 1081093, 757124, 'Stay']
[3136861, 2184433, 558257, 156374, 1946387, 1096946, -171505, -203653, 1652714, 236482, 1063005, -8388608, 1854215, 1628237, 1106490, 791997, 'Stay']
[3104241, 2189305, 511122, 123062, 1945771, 1102367, -166896, -198978, 1660053, 245997, 1012856, -8388608, 1831417, 1593634, 1084784, 764302, 'Stay']
[3141213, 2184847, 560895, 162957, 1947803, 1096757, -171627, -204240, 1654012, 237659, 1049709, -8388608, 1850774, 1626279, 1102736, 785110, 'Stay']
[3102394, 2190952, 509022, 118233, 1944173, 1102168, -166267, -199243, 1660200, 246151, 1026673, -8388608, 1835241, 1596135, 1089093, 771945, 'Stay']
[3144476, 2185150, 561235, 167144, 1948461, 1096165, -173868, -205499, 1655662, 238990, 1035688, -8388608, 1846804, 1622515, 1097897, 777313, 'Stay']
[3102184, 2192462, 508380, 114217, 1942763, 1101723, -165901, -199793, 1660127, 245281, 1041353, -8388608, 1839462, 1599859, 1093454, 779839, 'Stay']
[3147719, 2185517, 560037, 169351, 1949691, 1095996, -173467, -205908, 1657686, 240503, 1021572, -8388608, 1842787, 1618278, 1092946, 768867, 'Stay']
[3104190, 2192960, 510900, 112905, 1942033, 1101304, -165071, -200120, 1659841, 244550, 1055830, -8388608, 1844309, 1604495, 1098539, 787441, 'Stay']
[3147797, 2185520, 558269, 169414, 1950291, 1095966, -174159, -205873, 1658724, 241389, 1010111, -8388608, 1839270, 1613609, 1089286, 763212, 'Stay']
[3105893, 2194161, 513659, 112715, 1941502, 1101537, -164730, -199580, 1659518, 243835, 1069069, -8388608, 1848600, 1609224, 1103033, 794874, 'Stay']
[3145721, 2186577, 553970, 168284, 1950802, 1096914, -174121, -205582, 1660421, 243160, 998914, -8388608, 1835336, 1608888, 1085037, 756722, 'Stay']
[3108720, 2194087, 519277, 115159, 1940641, 1100997, -165534, -200451, 1658486, 242379, 1080403, -8388608, 1852754, 1614583, 1107488, 801393, 'Stay']
[3142192, 2187433, 548182, 164960, 1950836, 1097880, -173736, -204847, 1661543, 244490, 990489, -8388608, 1831749, 1604360, 1081593, 752347, 'Stay']
[3113158, 2193899, 525272, 119503, 1940522, 1100460, -166288, -201126, 1657656, 241370, 1087775, -8388608, 1855737, 1619930, 1110399, 805458, 'Stay']
[3138049, 2187848, 542117, 160404, 1950779, 1098464, -172614, -203917, 1662577, 245949, 985440, -8388608, 1829009, 1600206, 1079313, 749682, 'Stay']
[3118147, 2193195, 531688, 125312, 1941570, 1099824, -165815, -201127, 1657163, 240723, 1092456, -8388608, 1858082, 1624116, 1113035, 808467, 'Stay']
[3132710, 2188925, 535742, 154744, 1950568, 1099177, -171631, -203074, 1663528, 247170, 984038, -8388608, 1827380, 1596676, 1078447, 749103, 'Stay']
[3123750, 2192776, 538493, 132155, 1942337, 1099192, -167635, -202052, 1657158, 240384, 1093244, -8388608, 1859552, 1627228, 1114198, 809013, 'Stay']
[3126906, 2190221, 527864, 147450, 1949762, 1100182, -171686, -202250, 1664326, 248551, 985831, -8388608, 1826586, 1593854, 1077866, 749735, 'Stay']
[3129130, 2191674, 544070, 139349, 1943337, 1098491, -169037, -203057, 1656892, 240190, 1089036, -8388608, 1859228, 1629445, 1112976, 806021, 'Stay']
[3120892, 2190787, 520989, 139695, 1948874, 1100504, -169559, -201801, 1664251, 248746, 990601, -8388608, 1826799, 1592116, 1078131, 751793, 'Stay']
[3134893, 2190347, 550099, 146620, 1944207, 1097752, -170609, -203337, 1656495, 239480, 1081976, -8388608, 1858201, 1630164, 1110974, 802076, 'Stay']
[3116188, 2192315, 515591, 132576, 1947575, 1101745, -168670, -200230, 1664093, 249152, 1000483, -8388608, 1828510, 1592366, 1080670, 757605, 'Stay']
[3140721, 2189496, 555178, 154206, 1946033, 1097379, -170386, -204223, 1656940, 239931, 1073029, -8388608, 1856308, 1630177, 1108586, 797567, 'Stay']
[3111556, 2192936, 510642, 125754, 1946641, 1102292, -167373, -199957, 1664212, 249162, 1012385, -8388608, 1831109, 1593458, 1083782, 764266, 'Stay']
[3144539, 2188733, 557588, 160309, 1947695, 1097036, -171850, -205013, 1657483, 240367, 1060457, -8388608, 1853084, 1628289, 1104649, 790749, 'Stay']
[3108820, 2194151, 507862, 120511, 1945663, 1102530, -166858, -199636, 1663779, 248948, 1025203, -8388608, 1834249, 1595817, 1087458, 771145, 'Stay']
[3148349, 2188587, 559190, 165313, 1948598, 1096984, -173321, -205379, 1658192, 241270, 1047118, -8388608, 1849565, 1625553, 1100594, 783668, 'Stay']
[3107061, 2194446, 507907, 116400, 1943817, 1102448, -166451, -199710, 1662621, 248080, 1040101, -8388608, 1838348, 1599760, 1092325, 779536, 'Stay']
[3150088, 2187784, 560688, 168519, 1949325, 1096678, -174313, -205870, 1658600, 241765, 1034656, -8388608, 1845804, 1621871, 1096905, 777722, 'Stay']
[3105754, 2195259, 508372, 113119, 1942529, 1102553, -165649, -199807, 1661790, 246901, 1055526, -8388608, 1842889, 1603413, 1097432, 788765, 'Stay']
[3149778, 2187333, 557607, 169990, 1950806, 1097242, -173044, -205441, 1660233, 243061, 1020017, -8388608, 1841170, 1616800, 1091636, 769331, 'Stay']
[3106130, 2194940, 509720, 112439, 1941902, 1102677, -165128, -198843, 1660881, 245542, 1068343, -8388608, 1846914, 1607801, 1101988, 795423, 'Stay']
[3148189, 2187056, 553400, 169537, 1951758, 1097977, -173219, -204407, 1660979, 244123, 1007540, -8388608, 1836835, 1611526, 1087282, 761976, 'Stay']
[3108697, 2194679, 514908, 114588, 1941829, 1102638, -164993, -199135, 1659672, 244432, 1080102, -8388608, 1851262, 1612989, 1106542, 801848, 'Stay']
[3145371, 2187440, 549154, 167597, 1951688, 1098828, -173503, -204113, 1662108, 245467, 998551, -8388608, 1833605, 1606833, 1083969, 757472, 'Stay']
[3111723, 2194336, 520189, 118249, 1941473, 1102211, -165646, -200022, 1658907, 243204, 1089196, -8388608, 1854671, 1617599, 1109821, 806961, 'Stay']
[3140611, 2188154, 542644, 163609, 1951832, 1099670, -173103, -203729, 1662886, 246536, 991506, -8388608, 1830321, 1602072, 1080700, 753727, 'Stay']
[3116126, 2194012, 525755, 123176, 1942019, 1101740, -166754, -200832, 1658575, 242395, 1093683, -8388608, 1856993, 1622120, 1111596, 809144, 'Stay']
[3135139, 2188649, 535266, 157542, 1951306, 1100391, -172678, -203072, 1664018, 247792, 986697, -8388608, 1827763, 1598206, 1078038, 750595, 'Stay']
[3121084, 2192763, 533209, 129058, 1942793, 1100656, -166384, -201829, 1657436, 241031, 1096334, -8388608, 1859014, 1626236, 1113581, 810997, 'Stay']
[3129416, 2189200, 528787, 150879, 1951445, 1101205, -170244, -201962, 1664772, 248884, 986836, -8388608, 1826690, 1594766, 1077533, 750672, 'Stay']
[3126573, 2191624, 539897, 136289, 1943946, 1099949, -166825, -201549, 1657354, 240459, 1094103, -8388608, 1859822, 1628366, 1113996, 809939, 'Stay']
[3122886, 2189911, 522834, 143231, 1949992, 1101251, -169444, -201103, 1664807, 249009, 991092, -8388608, 1826951, 1592289, 1078454, 753494, 'Stay']
[3131225, 2190457, 546055, 142958, 1944649, 1098816, -168852, -203113, 1657046, 239917, 1088802, -8388608, 1859129, 1629343, 1112582, 807308, 'Stay']
[3116777, 2191081, 515590, 135368, 1949213, 1102405, -168612, -200247, 1665151, 249293, 997643, -8388608, 1827517, 1591105, 1079083, 756623, 'Stay']
[3136772, 2189680, 550645, 150850, 1946362, 1098434, -170099, -203530, 1657445, 239842, 1078783, -8388608, 1857246, 1629535, 1109582, 801223, 'Stay']
[3112287, 2192520, 510293, 129112, 1947918, 1102914, -167332, -199687, 1665009, 249686, 1007248, -8388608, 1829663, 1591828, 1081563, 761609, 'Stay']
[3141870, 2188304, 555650, 158655, 1947306, 1097594, -171105, -204685, 1657849, 240409, 1066824, -8388608, 1854671, 1628493, 1106001, 794412, 'Stay']
[3108697, 2193032, 508448, 123721, 1946398, 1103046, -166526, -199403, 1664157, 248778, 1021190, -8388608, 1833373, 1593776, 1086170, 770020, 'Stay']
[3145713, 2187965, 558268, 164584, 1948938, 1097586, -171627, -204792, 1658596, 241110, 1054663, -8388608, 1851656, 1626208, 1102802, 788524, 'Stay']
[3106651, 2194003, 506909, 119331, 1945916, 1103485, -164352, -198404, 1663997, 249025, 1034700, -8388608, 1836960, 1597476, 1090383, 777298, 'Stay']
[3148357, 2187635, 559399, 168652, 1950590, 1097802, -171847, -203968, 1659439, 242166, 1041117, -8388608, 1847974, 1623581, 1098864, 781493, 'Stay']
[3105199, 2194370, 507077, 115487, 1944388, 1103144, -164691, -198776, 1663248, 248006, 1049391, -8388608, 1841046, 1601455, 1095109, 785416, 'Stay']
[3148684, 2186945, 558475, 170437, 1951117, 1097125, -173281, -205402, 1660473, 242952, 1027229, -8388608, 1843481, 1619014, 1093817, 773762, 'Stay']
[3104678, 2194472, 508973, 113135, 1942786, 1102435, -165134, -199588, 1662150, 246500, 1064067, -8388608, 1845320, 1605855, 1099719, 793910, 'Stay']
[3147376, 2186876, 554965, 170002, 1951376, 1097325, -173556, -205437, 1661363, 243925, 1014356, -8388608, 1838948, 1613876, 1088755, 766820, 'Stay']
[3105984, 2194654, 511030, 113546, 1942302, 1102370, -165086, -199558, 1661549, 245776, 1075108, -8388608, 1849028, 1610649, 1103028, 799352, 'Stay']
[3144925, 2186773, 550205, 169290, 1952337, 1097839, -173105, -204651, 1662447, 245443, 1002085, -8388608, 1834658, 1609288, 1084100, 759565, 'Stay']
[3108474, 2194041, 517043, 116949, 1941891, 1101723, -165500, -199777, 1659673, 244304, 1086426, -8388608, 1853252, 1616134, 1108188, 806428, 'Stay']
