[2259212, 3098125, 1292229, 186244, 596531, 768712, -510086, -442803, 1647615, 414476, 2144354, 492011, 1188590, 566709, 577760, 225528, 'Stay']
[2273670, 3108997, 1295628, 185737, 596364, 766852, -510474, -443879, 1647474, 414899, 2128884, 489725, 1185165, 565892, 575045, 224944, 'Stay']
[2261485, 3099342, 1292562, 186578, 596310, 769526, -510548, -444188, 1648927, 414653, 2146300, 492890, 1189291, 566946, 578227, 225341, 'Stay']
[2272217, 3108078, 1295245, 185354, 595975, 767131, -510419, -443195, 1646518, 415246, 2128004, 489339, 1184447, 566378, 574542, 224999, 'Stay']
[2263943, 3099822, 1292701, 185951, 595291, 769026, -512200, -443122, 1649785, 414015, 2147744, 493408, 1189618, 566344, 578595, 225031, 'Stay']
[2269725, 3106255, 1294131, 184535, 595987, 766811, -510687, -444130, 1645093, 414678, 2127655, 488137, 1183656, 565947, 573977, 224869, 'Stay']
[2266022, 3101015, 1293580, 185828, 596210, 769060, -509253, -443106, 1650808, 414002, 2147045, 493672, 1189739, 566168, 578231, 224283, 'Stay']
[2267414, 3105074, 1294866, 184798, 596062, 768017, -509616, -442933, 1644540, 414826, 2127362, 488066, 1183577, 566392, 574323, 225841, 'Stay']
[2268479, 3102541, 1294800, 186165, 595228, 769209, -511579, -442134, 1650991, 413533, 2146941, 493741, 1189807, 566325, 578755, 225109, 'Stay']
[2264182, 3103176, 1293786, 184721, 595555, 767085, -510911, -444005, 1643419, 414333, 2128518, 487533, 1183596, 566451, 574406, 226057, 'Stay']
[2270166, 3103919, 1294410, 186355, 595039, 768633, -511141, -442994, 1651253, 413578, 2145301, 493559, 1189552, 565901, 577803, 223980, 'Stay']
[2261988, 3101487, 1292818, 184839, 595310, 767389, -511388, -444026, 1643300, 414175, 2130203, 487509, 1183552, 566543, 574376, 226336, 'Stay']
[2272096, 3105335, 1294733, 186525, 595463, 768746, -511666, -443905, 1651675, 413671, 2143492, 493280, 1189083, 565883, 577246, 223894, 'Stay']
[2259630, 3099727, 1292522, 185186, 595803, 768075, -510729, -443700, 1643288, 414367, 2131144, 487683, 1183958, 567033, 574199, 226303, 'Stay']
[2273886, 3106554, 1295685, 186420, 595925, 768441, -510895, -443978, 1651387, 413463, 2140926, 492931, 1188693, 565845, 577070, 224383, 'Stay']
[2258282, 3098621, 1292692, 185281, 596098, 768590, -512000, -443398, 1643577, 414569, 2133566, 488527, 1184870, 567131, 575139, 226854, 'Stay']
[2274973, 3107762, 1296682, 186134, 595977, 768117, -509746, -442398, 1651399, 413564, 2138223, 492663, 1188105, 565406, 576670, 224532, 'Stay']
[2257568, 3098113, 1293265, 185656, 596323, 769406, -509584, -440479, 1644352, 414742, 2135523, 489478, 1185623, 567343, 575645, 226969, 'Stay']
[2276118, 3108713, 1297352, 185887, 595371, 768204, -512759, -444718, 1650657, 413985, 2135431, 492328, 1187492, 565957, 576153, 224940, 'Stay']
[2257784, 3097321, 1292862, 185646, 595773, 769073, -510328, -443071, 1645017, 414732, 2138291, 490254, 1186207, 567369, 575707, 226007, 'Stay']
[2276157, 3108364, 1296806, 185311, 595603, 767231, -511710, -444429, 1649716, 414122, 2132618, 491407, 1186528, 565568, 575252, 224220, 'Stay']
[2258483, 3096130, 1292574, 185081, 595215, 768171, -511623, -445432, 1645548, 413508, 2140487, 490303, 1187061, 566423, 576357, 225475, 'Stay']
[2275999, 3107897, 1296487, 185012, 594896, 766481, -512090, -443838, 1647908, 413034, 2130894, 489603, 1185545, 564832, 575236, 223793, 'Stay']
[2259817, 3096982, 1292554, 185895, 595096, 768898, -511638, -442207, 1646452, 413813, 2143489, 491079, 1187631, 566508, 577107, 224994, 'Stay']
[2275032, 3108424, 1296324, 185568, 595217, 767202, -512063, -442578, 1647605, 414664, 2129008, 489738, 1184803, 566029, 574307, 224402, 'Stay']
[2261677, 3097869, 1293336, 186204, 595128, 769061, -510025, -443117, 1648207, 414029, 2145772, 492490, 1188697, 566863, 577976, 225517, 'Stay']
[2273361, 3107784, 1296239, 185203, 595836, 767243, -511850, -444846, 1646561, 414923, 2127841, 489362, 1184308, 566272, 574548, 224774, 'Stay']
[2264097, 3099251, 1294084, 186344, 595242, 769925, -510350, -441612, 1649465, 414383, 2146330, 493418, 1189342, 567181, 578080, 225194, 'Stay']
[2271553, 3106887, 1295894, 184814, 595589, 767446, -513576, -444618, 1645647, 415144, 2127468, 489047, 1183948, 566677, 574510, 225738, 'Stay']
[2266289, 3100572, 1294526, 185985, 594781, 769719, -511235, -442661, 1650293, 414136, 2147426, 493969, 1189685, 566804, 578240, 224850, 'Stay']
[2269212, 3104952, 1295439, 184321, 595340, 767074, -511083, -444201, 1644518, 414828, 2127690, 488346, 1183840, 566582, 574405, 225686, 'Stay']
[2268770, 3101477, 1295192, 185822, 595133, 769211, -510431, -442318, 1650808, 414161, 2146472, 493925, 1189950, 566792, 578384, 224388, 'Stay']
[2266764, 3103173, 1294870, 184475, 595536, 767410, -511910, -442474, 1643450, 414803, 2128045, 488100, 1183788, 566975, 574856, 226369, 'Stay']
[2271335, 3102810, 1295360, 185810, 594123, 768673, -511752, -443712, 1651368, 413785, 2145941, 493897, 1189968, 566531, 578671, 224639, 'Stay']
[2264586, 3101844, 1294090, 184669, 594776, 767051, -510696, -443156, 1642984, 414733, 2129417, 487610, 1183496, 566905, 574914, 226235, 'Stay']
[2273266, 3104386, 1295714, 185875, 594369, 768183, -511155, -442517, 1651396, 413408, 2144565, 493319, 1189239, 566091, 578418, 224455, 'Stay']
[2262053, 3100085, 1293361, 184521, 595641, 767948, -511725, -443022, 1642893, 414696, 2130943, 487689, 1183599, 567376, 575377, 226634, 'Stay']
[2274525, 3106071, 1295804, 185466, 595297, 768200, -512353, -443577, 1651730, 414104, 2141531, 493209, 1188439, 566435, 577411, 223848, 'Stay']
[2260061, 3099322, 1293219, 184629, 595566, 767995, -509542, -442480, 1643525, 414974, 2132448, 488543, 1184039, 567743, 575331, 226559, 'Stay']
[2276103, 3107998, 1296878, 185648, 595523, 767699, -510599, -443943, 1651519, 414289, 2139303, 493332, 1188047, 566463, 577533, 224345, 'Stay']
[2259673, 3099133, 1293730, 185074, 595980, 768294, -510295, -442509, 1644300, 415338, 2135004, 489681, 1185025, 567997, 575919, 226756, 'Stay']
[2277765, 3109246, 1297705, 185546, 595363, 767694, -510680, -443877, 1651461, 414582, 2136590, 493030, 1187494, 566648, 576703, 224914, 'Stay']
[2259692, 3098158, 1293794, 185181, 595617, 768851, -510012, -442956, 1645047, 414882, 2137510, 490115, 1185685, 567836, 576016, 227117, 'Stay']
[2278108, 3109383, 1297564, 185587, 595245, 767761, -508709, -441756, 1650233, 414184, 2134579, 491867, 1186733, 566342, 576424, 225568, 'Stay']
[2259527, 3097851, 1292770, 185372, 596331, 768740, -507930, -441966, 1645850, 414744, 2140777, 490639, 1186884, 567641, 577352, 227219, 'Stay']
[2277243, 3109288, 1296879, 185184, 595847, 767710, -510700, -443557, 1649224, 414434, 2131422, 490618, 1185773, 566247, 575815, 225131, 'Stay']
[2259854, 3097268, 1293135, 185294, 595279, 769419, -509013, -443012, 1646577, 414196, 2142702, 490827, 1187340, 567787, 577757, 226815, 'Stay']
[2275012, 3108651, 1296335, 184623, 596329, 767381, -509080, -443249, 1647661, 414596, 2129554, 489545, 1184944, 566378, 575195, 225308, 'Stay']
[2260163, 3097864, 1293217, 185128, 595836, 768966, -508428, -442947, 1647675, 414186, 2144370, 491360, 1188495, 567333, 578019, 225975, 'Stay']
[2272638, 3108046, 1295887, 184398, 596008, 766893, -509622, -443952, 1646696, 414686, 2128534, 488432, 1184607, 566159, 575396, 225228, 'Stay']
[2261327, 3098956, 1293104, 185510, 595789, 769446, -508794, -443019, 1648966, 414773, 2146008, 492250, 1188861, 567204, 578328, 225209, 'Stay']
[2270809, 3107557, 1295871, 184674, 595691, 767279, -510251, -443025, 1646063, 415436, 2127709, 488422, 1183780, 566796, 574868, 225758, 'Stay']
[2263958, 3100561, 1294050, 185881, 595618, 769362, -508193, -441572, 1650089, 414969, 2147058, 493355, 1189446, 567392, 578696, 225395, 'Stay']
[2268728, 3106279, 1295403, 184489, 595730, 767136, -509666, -443921, 1645134, 415637, 2126643, 488315, 1183478, 567075, 574696, 225840, 'Stay']
[2266362, 3101403, 1294707, 185812, 594835, 769865, -509288, -442689, 1650800, 414526, 2146353, 493669, 1189587, 567032, 578757, 225109, 'Stay']
[2266160, 3104019, 1294671, 184222, 595426, 767612, -510221, -444120, 1643858, 415045, 2127010, 487481, 1183381, 567006, 574919, 226411, 'Stay']
[2268658, 3102093, 1294787, 185527, 595256, 769022, -509364, -443633, 1650981, 414048, 2145725, 493122, 1189877, 566688, 578868, 224806, 'Stay']
[2263137, 3101864, 1293826, 184108, 595495, 767574, -510169, -443171, 1643113, 415096, 2127596, 486958, 1183525, 567120, 574963, 226312, 'Stay']
[2270142, 3103052, 1294864, 185084, 594671, 768278, -511152, -444744, 1651081, 413439, 2144282, 492693, 1189518, 565926, 578578, 224415, 'Stay']
[2260571, 3099939, 1293109, 183744, 595814, 767800, -509195, -443430, 1642738, 414560, 2129393, 486652, 1183693, 566848, 574945, 226049, 'Stay']
[2271961, 3104606, 1295295, 184859, 595498, 768221, -510652, -443256, 1651074, 413341, 2141823, 492055, 1189069, 565756, 578017, 223792, 'Stay']
[2259067, 3098486, 1292550, 183648, 595756, 767413, -509536, -444229, 1642880, 414620, 2130632, 487029, 1184224, 566984, 575134, 226015, 'Stay']
[2274035, 3105676, 1295177, 184702, 595023, 767725, -510818, -443141, 1650405, 413334, 2138789, 491800, 1188453, 565467, 577262, 223536, 'Stay']
[2258134, 3097431, 1291413, 184063, 595370, 767844, -509164, -442934, 1642935, 414285, 2132524, 487527, 1184803, 567134, 575428, 226406, 'Stay']
[2275200, 3106652, 1295283, 184643, 593854, 767252, -511095, -445187, 1650149, 413512, 2135867, 491338, 1187584, 565710, 576245, 223817, 'Stay']
[2256762, 3095597, 1291208, 183682, 594595, 767529, -511157, -443460, 1642882, 413566, 2135884, 488039, 1185181, 566635, 575691, 226041, 'Stay']
[2274133, 3105689, 1295065, 183971, 594452, 766734, -511643, -445399, 1648567, 412555, 2134375, 490004, 1186532, 564964, 575943, 223457, 'Stay']
[2255487, 3093981, 1291243, 184007, 594842, 767965, -509359, -441970, 1643480, 413042, 2138375, 488234, 1185887, 566651, 576119, 225193, 'Stay']
[2273145, 3104741, 1295635, 183238, 594212, 766220, -512029, -445272, 1647545, 412186, 2131438, 488980, 1185473, 565049, 575435, 223737, 'Stay']
[2254735, 3092262, 1291356, 183085, 594934, 767523, -509470, -444442, 1643417, 411509, 2140810, 487965, 1186665, 565798, 577130, 225004, 'Stay']
[2270844, 3103483, 1295304, 182639, 594776, 766115, -511951, -444332, 1645319, 411486, 2128740, 487035, 1184654, 564370, 574984, 223069, 'Stay']
[2254928, 3091864, 1291719, 183622, 594325, 768445, -510635, -443211, 1644128, 411713, 2141889, 488684, 1187247, 565941, 577056, 224265, 'Stay']
[2269184, 3102449, 1295110, 182986, 594729, 766476, -510298, -444853, 1644151, 411805, 2126327, 486539, 1183893, 564871, 574617, 223756, 'Stay']
[2256750, 3092060, 1292113, 183744, 594195, 768852, -509859, -443500, 1645441, 411304, 2143054, 489588, 1188094, 566005, 577903, 224771, 'Stay']
[2267451, 3100896, 1294206, 182315, 593908, 766418, -512238, -445056, 1642780, 411612, 2124737, 485800, 1183125, 565155, 574015, 224331, 'Stay']
[2259074, 3092779, 1291673, 183497, 593646, 768117, -510071, -444422, 1645916, 410655, 2144016, 489710, 1188299, 565333, 577621, 224100, 'Stay']
[2265539, 3099624, 1293054, 182560, 594462, 765641, -511285, -443916, 1641956, 411565, 2124718, 485089, 1182777, 564837, 573808, 224545, 'Stay']
[2261872, 3094494, 1292227, 184207, 593705, 768774, -510162, -443835, 1647425, 411280, 2144163, 490386, 1188759, 565549, 577536, 223779, 'Stay']
[2263491, 3098631, 1292944, 182596, 594193, 766778, -510967, -445116, 1641528, 412341, 2124969, 485101, 1182706, 566008, 573443, 225256, 'Stay']
[2263837, 3095891, 1292878, 183842, 594519, 767903, -510812, -443436, 1647999, 411367, 2143951, 490712, 1188762, 565295, 577281, 223353, 'Stay']
[2260971, 3097271, 1292742, 182388, 594872, 766348, -510179, -443850, 1640848, 412458, 2125384, 485018, 1182501, 565704, 573094, 224782, 'Stay']
[2266575, 3097898, 1293748, 183793, 593784, 767399, -510231, -445019, 1648375, 411169, 2143202, 490819, 1188838, 565118, 577249, 223307, 'Stay']
[2258869, 3096136, 1292370, 182624, 594875, 766740, -510578, -444078, 1640247, 412220, 2127644, 484855, 1182852, 566010, 573912, 225103, 'Stay']
[2268721, 3099961, 1293875, 184077, 594744, 768067, -509573, -442542, 1648704, 411585, 2141710, 490821, 1188569, 565499, 577292, 223253, 'Stay']
[2256993, 3095236, 1291364, 183096, 595177, 767640, -509128, -443013, 1640495, 412868, 2128983, 485432, 1183377, 566841, 574491, 225843, 'Stay']
[2270877, 3101842, 1294287, 184164, 594441, 767671, -510896, -443892, 1648742, 412148, 2138960, 490820, 1187920, 565732, 577015, 223933, 'Stay']
[2256536, 3094788, 1291187, 183100, 594707, 767422, -511028, -444535, 1641052, 413264, 2130951, 486359, 1183763, 567075, 574777, 226376, 'Stay']
[2273212, 3103922, 1294743, 184123, 594664, 766772, -510357, -443578, 1648734, 412508, 2136380, 490550, 1187396, 565301, 576320, 223829, 'Stay']
[2256701, 3095297, 1291362, 183722, 594866, 767742, -510006, -442731, 1642415, 414158, 2133139, 487557, 1184825, 567219, 575037, 225905, 'Stay']
[2274602, 3105794, 1295187, 184020, 594150, 766498, -514438, -444850, 1649092, 413338, 2134286, 490535, 1186945, 565688, 575527, 223756, 'Stay']
[2257090, 3095207, 1292093, 184108, 595125, 767619, -508781, -443815, 1643640, 414209, 2136850, 488634, 1185942, 567356, 575238, 225503, 'Stay']
[2275521, 3106718, 1296732, 184156, 595131, 766440, -511099, -444394, 1648469, 413740, 2132881, 490410, 1186804, 565954, 576040, 224132, 'Stay']
[2257368, 3095026, 1292770, 184255, 595283, 768089, -509447, -443287, 1644491, 414125, 2140790, 489591, 1187365, 567527, 577520, 225621, 'Stay']
[2274818, 3106521, 1296702, 183699, 595095, 765656, -510806, -446655, 1647622, 414019, 2130758, 489518, 1186133, 565985, 576088, 223510, 'Stay']
[2258896, 3095072, 1292819, 184430, 594872, 768011, -510379, -442212, 1645606, 413827, 2143262, 490286, 1188170, 567267, 578185, 225216, 'Stay']
[2273918, 3106033, 1295989, 183946, 595313, 766118, -511594, -443775, 1646456, 413957, 2129068, 488480, 1185144, 565868, 575468, 224278, 'Stay']
[2260601, 3095460, 1292882, 184351, 594887, 768214, -511240, -442568, 1647198, 413416, 2144458, 490868, 1188666, 567032, 578143, 225354, 'Stay']
[2272431, 3105100, 1295265, 183117, 595375, 765765, -511450, -444950, 1645675, 413757, 2127271, 487446, 1184407, 565758, 575058, 224782, 'Stay']
[2262558, 3096720, 1292635, 184712, 595213, 768802, -510050, -441874, 1648219, 413480, 2145299, 491342, 1189114, 567008, 578503, 225073, 'Stay']
[2270847, 3104649, 1294943, 183411, 595330, 766330, -511471, -443749, 1644448, 414173, 2126644, 487481, 1184027, 566624, 575122, 226172, 'Stay']
[2264768, 3098083, 1292942, 184544, 594075, 768877, -511487, -443412, 1648916, 413473, 2146294, 492273, 1189551, 566984, 578455, 225053, 'Stay']
[2268303, 3103499, 1293887, 183228, 594687, 766370, -510245, -445266, 1643663, 414526, 2126563, 487220, 1183504, 566864, 573951, 225565, 'Stay']
[2267708, 3099917, 1293995, 184989, 594425, 768565, -511190, -444056, 1650145, 413862, 2146085, 493117, 1189850, 566924, 577855, 224176, 'Stay']
[2266728, 3102573, 1294545, 183777, 595238, 766694, -511926, -443668, 1643551, 415065, 2127291, 487903, 1183787, 567454, 573784, 225282, 'Stay']
[2270444, 3101986, 1295278, 185135, 594463, 767859, -511744, -443821, 1651341, 413993, 2146311, 493913, 1190220, 566796, 578117, 223742, 'Stay']
[2264446, 3101520, 1294414, 184143, 595011, 766846, -511943, -444001, 1643569, 415337, 2129518, 488176, 1184128, 567740, 574524, 225538, 'Stay']
[2272730, 3103980, 1295974, 185646, 594683, 768202, -510489, -443041, 1651752, 414310, 2144996, 494043, 1189803, 567294, 578174, 223891, 'Stay']
[2262081, 3099591, 1293852, 184088, 595088, 766764, -511131, -443577, 1643140, 414939, 2131296, 488232, 1184115, 568043, 575150, 226232, 'Stay']
[2274631, 3104871, 1296059, 185217, 594631, 767823, -511294, -444752, 1650979, 413374, 2143155, 493004, 1189164, 566423, 577901, 223497, 'Stay']
[2260825, 3098039, 1292769, 183998, 594796, 768387, -511445, -442334, 1642863, 414482, 2133717, 487900, 1184764, 567951, 575584, 226202, 'Stay']
[2276242, 3105891, 1296411, 184617, 594209, 768039, -511265, -444209, 1650758, 413383, 2140708, 492249, 1188693, 566299, 577506, 224001, 'Stay']
[2259594, 3096618, 1292625, 183329, 593962, 767429, -512190, -445441, 1643005, 413847, 2135842, 487952, 1185172, 567343, 575725, 225854, 'Stay']
[2276860, 3106483, 1296431, 184028, 594296, 766733, -512408, -443429, 1649973, 413001, 2137490, 491140, 1187534, 565664, 576084, 222720, 'Stay']
[2259209, 3096033, 1292727, 183657, 594178, 767825, -510882, -443713, 1644101, 413824, 2137805, 488618, 1186177, 567624, 576174, 225154, 'Stay']
[2277712, 3107087, 1297108, 183924, 593876, 766544, -512353, -444774, 1649631, 413288, 2134949, 490608, 1187183, 566047, 576301, 222981, 'Stay']
[2259421, 3095770, 1292994, 184401, 594155, 768281, -511403, -442618, 1644993, 413877, 2140910, 489618, 1187165, 567403, 576896, 224875, 'Stay']
[2277361, 3108130, 1297106, 184482, 594549, 766479, -513040, -445180, 1648968, 414467, 2132164, 490586, 1186308, 566602, 575369, 223174, 'Stay']
[2260646, 3096488, 1293702, 185003, 594185, 768038, -511143, -444637, 1646241, 414317, 2142861, 491091, 1187930, 567878, 577132, 224690, 'Stay']
[2276848, 3108064, 1297355, 185120, 593925, 766766, -512634, -443505, 1648005, 414957, 2130781, 490327, 1185633, 566910, 575446, 223907, 'Stay']
[2261851, 3096993, 1294201, 185929, 594270, 769093, -509941, -442839, 1647498, 414584, 2145898, 492431, 1188620, 568508, 578330, 225810, 'Stay']
[2274783, 3106983, 1297090, 184561, 595275, 766734, -512028, -443992, 1646657, 414767, 2129513, 489574, 1184860, 567291, 575252, 224885, 'Stay']
[2262568, 3097126, 1293349, 185005, 594642, 768602, -510632, -441870, 1648066, 413851, 2147155, 492418, 1189186, 567808, 578791, 225254, 'Stay']
[2271724, 3105503, 1295203, 183464, 594666, 765929, -512522, -444761, 1644903, 414463, 2127572, 488046, 1183774, 566835, 574297, 224547, 'Stay']
[2264404, 3097792, 1293715, 184932, 594446, 768447, -510958, -443725, 1648932, 413136, 2146757, 492526, 1189255, 567555, 578117, 224327, 'Stay']
[2269718, 3103512, 1295194, 183506, 594542, 766094, -512294, -443436, 1644537, 413811, 2126705, 487595, 1183409, 567047, 573814, 224862, 'Stay']
[2266906, 3098167, 1294418, 184902, 592973, 768285, -512079, -441818, 1650103, 411881, 2147449, 492450, 1189643, 566777, 578061, 224508, 'Stay']
[2266628, 3100877, 1294501, 183173, 594282, 766324, -511788, -444560, 1643814, 412429, 2128043, 486585, 1183476, 566637, 573993, 225223, 'Stay']
[2268327, 3098487, 1294491, 184127, 593830, 767862, -513807, -444145, 1651355, 411241, 2145792, 492064, 1189572, 566317, 577331, 222978, 'Stay']
[2264237, 3098941, 1293926, 182633, 593768, 766116, -514475, -444138, 1643937, 411619, 2127732, 485954, 1183581, 566463, 573262, 224480, 'Stay']
[2271162, 3100390, 1295122, 184218, 593187, 767329, -511038, -444355, 1652054, 410546, 2144636, 491899, 1189635, 565456, 577181, 222703, 'Stay']
[2262262, 3097021, 1293472, 182323, 594133, 765479, -513492, -445588, 1643902, 411363, 2129497, 486012, 1183804, 566175, 574060, 224839, 'Stay']
[2273235, 3101289, 1295331, 183284, 593316, 765865, -511929, -446084, 1651501, 409676, 2142656, 490964, 1189140, 564390, 576782, 221792, 'Stay']
[2260852, 3095729, 1292592, 181903, 593404, 765582, -512293, -444222, 1643366, 410934, 2131321, 485754, 1184062, 565581, 574051, 224076, 'Stay']
[2275148, 3102419, 1295431, 182871, 593321, 765932, -512587, -443778, 1651513, 409699, 2140638, 490590, 1188518, 564258, 576593, 222108, 'Stay']
[2259221, 3094174, 1292168, 181837, 593987, 765865, -513271, -445027, 1643607, 410998, 2133125, 486181, 1184449, 565816, 573980, 224272, 'Stay']
[2275835, 3103398, 1295771, 182361, 593709, 764869, -514300, -445339, 1650605, 409516, 2137717, 489761, 1187597, 563830, 575212, 221856, 'Stay']
[2258218, 3093734, 1292140, 181980, 593964, 765840, -512536, -444237, 1644155, 410354, 2136569, 486618, 1185433, 565589, 574481, 224366, 'Stay']
[2276211, 3105081, 1296344, 182798, 593760, 765543, -513455, -444975, 1650597, 410365, 2135583, 489543, 1187074, 564523, 574734, 222149, 'Stay']
[2258274, 3094243, 1292346, 182904, 593462, 766913, -513022, -444284, 1645387, 411094, 2139773, 488336, 1186210, 566678, 574762, 224539, 'Stay']
[2276255, 3105852, 1296328, 182781, 593467, 765101, -513151, -446155, 1649858, 411160, 2133616, 489852, 1186102, 565324, 573981, 222390, 'Stay']
[2258291, 3093822, 1292207, 182763, 593487, 766741, -512819, -443685, 1646537, 411241, 2142001, 489543, 1187090, 566535, 575085, 223655, 'Stay']
[2275342, 3105318, 1296412, 182345, 594007, 765077, -513235, -445050, 1649107, 410975, 2131225, 488905, 1185690, 564859, 573460, 222224, 'Stay']
[2259301, 3093818, 1292636, 182805, 593232, 767021, -512815, -444034, 1647777, 410999, 2144532, 490047, 1188256, 566273, 576045, 223524, 'Stay']
[2273605, 3104681, 1295519, 182023, 594061, 764928, -513330, -444448, 1647967, 411375, 2129007, 487838, 1184832, 565187, 573084, 222339, 'Stay']
[2260645, 3094263, 1292659, 182786, 594183, 767036, -512629, -445089, 1649071, 411013, 2145214, 490596, 1188874, 566341, 576504, 223044, 'Stay']
[2271573, 3103360, 1295026, 181814, 594370, 764781, -514258, -444765, 1646606, 411300, 2127729, 486901, 1184258, 565333, 573001, 222509, 'Stay']
[2262952, 3095586, 1293198, 183154, 594239, 767362, -510617, -443285, 1650024, 411223, 2146446, 491258, 1189422, 566411, 576540, 222633, 'Stay']
[2269625, 3102550, 1294890, 181594, 594519, 765326, -511896, -444563, 1645702, 411524, 2128395, 486540, 1184187, 565715, 573210, 223296, 'Stay']
[2264010, 3096644, 1292802, 182578, 594214, 767093, -512636, -446104, 1650720, 411106, 2147436, 491570, 1189771, 566143, 576547, 222013, 'Stay']
[2266880, 3101835, 1294234, 181500, 594418, 765164, -511808, -445425, 1644989, 411758, 2126883, 486145, 1183559, 565829, 571685, 222816, 'Stay']
[2267224, 3098670, 1294406, 182984, 593873, 767436, -509258, -442244, 1651481, 410374, 2147089, 491944, 1190062, 565540, 576698, 222906, 'Stay']
[2264277, 3099727, 1293744, 181383, 594536, 765265, -511088, -443909, 1644147, 411481, 2128131, 485818, 1183718, 565511, 572472, 224520, 'Stay']
[2269327, 3099968, 1293797, 182570, 593880, 766644, -512179, -444781, 1651897, 410455, 2145076, 491488, 1189767, 564756, 575478, 221919, 'Stay']
[2261897, 3098558, 1292307, 181655, 594564, 765909, -510637, -444798, 1643947, 411750, 2129064, 485930, 1183611, 565810, 571548, 223614, 'Stay']
[2270971, 3101656, 1293920, 182753, 593635, 766633, -512104, -446022, 1652202, 410918, 2143908, 491717, 1189355, 565068, 574853, 221473, 'Stay']
[2259254, 3096892, 1291691, 181703, 593929, 765840, -511769, -445010, 1643503, 411776, 2131065, 485803, 1183905, 565806, 571346, 223392, 'Stay']
[2272787, 3103320, 1294668, 183576, 594174, 766795, -509576, -444383, 1651965, 411264, 2141759, 491319, 1188895, 564754, 574276, 221546, 'Stay']
[2258161, 3096191, 1291654, 182512, 594369, 766542, -510528, -444593, 1644055, 412620, 2133264, 487119, 1184732, 566622, 572221, 224113, 'Stay']
[2273605, 3104600, 1294493, 183282, 593969, 766210, -512329, -445580, 1651524, 411574, 2139072, 491279, 1188223, 564928, 573909, 221683, 'Stay']
[2256821, 3094998, 1291215, 182399, 594408, 766668, -508973, -443670, 1644332, 411896, 2134869, 487344, 1184999, 566262, 572304, 223822, 'Stay']
[2274299, 3105025, 1295208, 182925, 594010, 765973, -510263, -444254, 1650622, 410828, 2136005, 490187, 1187319, 564449, 574026, 222246, 'Stay']
[2255651, 3093739, 1290898, 182429, 594483, 766670, -510522, -444434, 1644498, 411042, 2137820, 487485, 1185910, 565549, 573820, 224074, 'Stay']
[2274059, 3105175, 1295144, 182581, 593969, 765470, -512626, -445749, 1649631, 410855, 2133100, 489516, 1186511, 564471, 573209, 222193, 'Stay']
[2256017, 3093690, 1290694, 182661, 593961, 767149, -511034, -444393, 1645353, 411436, 2139862, 488666, 1186798, 566038, 574016, 223803, 'Stay']
[2274099, 3105874, 1295201, 182309, 593729, 765271, -511388, -444827, 1648873, 411342, 2130787, 488808, 1185904, 564611, 572913, 222500, 'Stay']
[2257623, 3094196, 1291544, 182967, 593988, 767474, -509001, -443882, 1646841, 411517, 2142637, 489374, 1187851, 566059, 575023, 223924, 'Stay']
[2273166, 3105217, 1295186, 182238, 594058, 764941, -511376, -445590, 1648061, 411742, 2128670, 487859, 1185145, 564750, 572571, 222772, 'Stay']
[2258818, 3094377, 1291947, 182911, 593837, 766907, -510655, -442997, 1647989, 411116, 2143955, 489855, 1188511, 565319, 575142, 223043, 'Stay']
[2270788, 3103756, 1295256, 181799, 594356, 764900, -512064, -445537, 1646929, 411168, 2127301, 486859, 1184537, 564373, 572113, 223138, 'Stay']
[2259935, 3094496, 1292868, 183003, 593967, 767460, -511435, -442529, 1648911, 410606, 2145111, 490417, 1188946, 565266, 575093, 222823, 'Stay']
[2268817, 3102504, 1295351, 182094, 594232, 765094, -511119, -444094, 1645382, 411102, 2126668, 486429, 1183860, 564555, 571891, 223491, 'Stay']
[2262583, 3095791, 1293621, 183290, 594082, 767342, -510417, -444936, 1649798, 410953, 2146028, 491476, 1189549, 565294, 575840, 222868, 'Stay']
[2267027, 3101415, 1294858, 181879, 594663, 765109, -510991, -444563, 1644702, 411378, 2126561, 486268, 1183667, 564911, 572036, 223654, 'Stay']
[2265422, 3097384, 1293804, 182990, 593859, 767001, -511376, -444151, 1650634, 410696, 2146011, 491690, 1189644, 565035, 575694, 222321, 'Stay']
[2264693, 3099814, 1293800, 181817, 594261, 765203, -510437, -443399, 1643841, 411467, 2126734, 485895, 1183323, 565241, 571668, 223619, 'Stay']
[2267849, 3098801, 1294152, 183624, 594414, 767082, -510777, -442899, 1651096, 410535, 2145106, 491831, 1189648, 564913, 575801, 222256, 'Stay']
[2262134, 3098247, 1293078, 181966, 594466, 765313, -511220, -442738, 1643589, 411582, 2127688, 485995, 1183599, 565597, 572121, 224204, 'Stay']
[2270126, 3100512, 1294262, 183367, 593794, 766860, -510687, -443149, 1651623, 410406, 2143444, 491562, 1189331, 564445, 575480, 222223, 'Stay']
[2260978, 3097153, 1292842, 181955, 594139, 765714, -512118, -445183, 1643787, 411852, 2128978, 486133, 1183861, 565727, 571821, 224283, 'Stay']
[2273194, 3102250, 1295197, 183602, 593684, 767078, -510370, -443719, 1652037, 411132, 2141580, 491570, 1188862, 564672, 574542, 221920, 'Stay']
[2259225, 3095529, 1292059, 181970, 594646, 766065, -511851, -444214, 1643725, 411805, 2131440, 486290, 1184258, 565893, 572079, 224411, 'Stay']
[2274579, 3102812, 1295319, 182708, 593488, 765831, -512193, -445379, 1651379, 410214, 2139630, 490612, 1188567, 564031, 574215, 221728, 'Stay']
[2258102, 3094284, 1291463, 182204, 593933, 766578, -511403, -444526, 1643465, 411069, 2134064, 486299, 1184972, 565629, 572423, 223484, 'Stay']
[2275748, 3104621, 1295599, 183283, 594054, 766408, -511797, -443647, 1651005, 410815, 2136432, 490458, 1187856, 564565, 573405, 221570, 'Stay']
[2258168, 3094113, 1291787, 182490, 593157, 766488, -511595, -442735, 1644681, 411067, 2136826, 487596, 1186165, 565899, 573239, 224598, 'Stay']
[2275768, 3104993, 1295739, 182471, 593236, 765008, -511255, -444650, 1649834, 410225, 2134847, 489344, 1187132, 563880, 573529, 222183, 'Stay']
[2257575, 3093844, 1291903, 182267, 593387, 766515, -512453, -443789, 1644918, 411150, 2139350, 488052, 1186706, 565710, 573795, 223687, 'Stay']
[2275427, 3105595, 1295842, 182419, 593587, 765386, -511929, -445199, 1648879, 410695, 2132321, 488567, 1186239, 563980, 572615, 221754, 'Stay']
[2258165, 3093721, 1292051, 182598, 593463, 766931, -508981, -443880, 1646162, 411170, 2142050, 488817, 1187604, 565762, 574408, 223346, 'Stay']
[2274285, 3104552, 1295587, 181585, 593004, 764260, -511661, -446059, 1647599, 410615, 2129955, 487362, 1185213, 563869, 572402, 221960, 'Stay']
[2258687, 3093178, 1291730, 182312, 593064, 766457, -512379, -443349, 1646617, 410521, 2143520, 488932, 1187949, 565175, 574407, 222733, 'Stay']
[2272567, 3103669, 1294607, 181844, 594097, 764559, -510369, -443759, 1646483, 410711, 2127396, 486474, 1184381, 564070, 571424, 222326, 'Stay']
[2260411, 3093642, 1291434, 182355, 593288, 766245, -511227, -444641, 1647994, 410230, 2144600, 489571, 1188865, 564888, 574968, 222977, 'Stay']
[2270561, 3102330, 1294082, 181092, 593566, 763808, -513605, -444655, 1644971, 410611, 2125871, 485661, 1183912, 563744, 570869, 222169, 'Stay']
[2262453, 3094469, 1292140, 181760, 593152, 765618, -510161, -444594, 1648968, 409826, 2145174, 489920, 1189386, 564056, 574778, 222185, 'Stay']
[2268417, 3101332, 1294101, 180885, 593546, 763993, -512821, -444246, 1644424, 410897, 2125078, 484877, 1183332, 563586, 570690, 222016, 'Stay']
[2265433, 3097050, 1293266, 183055, 593146, 766815, -510380, -443956, 1649687, 410985, 2144776, 490927, 1189311, 564631, 574997, 221808, 'Stay']
[2266794, 3100989, 1293827, 182037, 594097, 764593, -509778, -444306, 1643361, 412387, 2125862, 485792, 1183039, 565150, 571613, 223466, 'Stay']
[2268497, 3099042, 1293808, 183796, 593387, 767199, -510854, -442733, 1650005, 411890, 2145138, 492086, 1189280, 565363, 576001, 222450, 'Stay']
[2264710, 3100206, 1293284, 182935, 594120, 766274, -510667, -443363, 1642334, 413583, 2127074, 486659, 1183079, 566316, 572155, 224301, 'Stay']
[2270975, 3101253, 1294697, 184642, 593839, 767877, -509424, -443008, 1650484, 413212, 2143980, 493082, 1189330, 566421, 576107, 222901, 'Stay']
[2262471, 3098382, 1292641, 183069, 594553, 766567, -510578, -443038, 1641979, 414198, 2128284, 487020, 1183545, 566886, 572542, 224677, 'Stay']
[2272679, 3102366, 1294812, 184567, 593935, 767557, -511542, -443160, 1650201, 413153, 2141996, 492722, 1188975, 566045, 575704, 222412, 'Stay']
[2260461, 3097487, 1292543, 183608, 594574, 767047, -511421, -441596, 1642040, 414740, 2129615, 487768, 1184103, 567670, 572547, 224579, 'Stay']
[2274569, 3103967, 1296114, 184235, 593567, 766655, -512127, -444140, 1650197, 413443, 2139110, 492826, 1188812, 566316, 574931, 222589, 'Stay']
[2259321, 3096167, 1293398, 183467, 594614, 766924, -509715, -442416, 1642201, 414270, 2131984, 488052, 1184930, 567449, 572974, 224589, 'Stay']
[2275733, 3104949, 1296423, 183879, 594129, 766918, -511248, -442503, 1649945, 413583, 2136525, 492254, 1188437, 566143, 574728, 222555, 'Stay']
[2258774, 3095191, 1292455, 182909, 593453, 767459, -512265, -442708, 1642543, 413969, 2134161, 488437, 1185542, 567412, 573216, 224561, 'Stay']
[2277136, 3106335, 1296879, 183672, 594183, 767063, -510433, -443194, 1649141, 413694, 2134398, 491358, 1187443, 566206, 574386, 222618, 'Stay']
[2259093, 3095052, 1292944, 183594, 594433, 768039, -510180, -443119, 1643686, 414328, 2137413, 489429, 1186484, 568041, 574727, 224637, 'Stay']
[2277451, 3106570, 1297600, 184118, 593990, 766666, -511623, -443549, 1648549, 413906, 2131942, 490862, 1186845, 566692, 574207, 222742, 'Stay']
[2260166, 3094936, 1293815, 184651, 593676, 768773, -509976, -441854, 1645186, 414410, 2140247, 490667, 1187516, 568442, 575263, 224789, 'Stay']
[2276660, 3106305, 1297491, 183837, 594202, 766163, -512536, -443495, 1647570, 413976, 2129801, 490080, 1185791, 566874, 573437, 223326, 'Stay']
[2259987, 3094667, 1293727, 184271, 594253, 768102, -512259, -442367, 1645874, 413845, 2142292, 491070, 1188137, 568087, 575348, 224365, 'Stay']
[2274833, 3105735, 1297457, 183573, 594598, 766267, -512489, -443990, 1646180, 414032, 2127361, 489100, 1185088, 566952, 572324, 223037, 'Stay']
[2261411, 3095399, 1294597, 184546, 593940, 768474, -510244, -443316, 1646734, 413608, 2143571, 491675, 1189055, 567861, 575218, 223986, 'Stay']
[2273076, 3105273, 1297985, 183778, 593914, 766440, -513243, -442548, 1645263, 414444, 2125967, 488542, 1184955, 567231, 571795, 223858, 'Stay']
[2263358, 3096793, 1295792, 184659, 594279, 768361, -510526, -443674, 1648288, 413942, 2144869, 492660, 1189938, 567877, 575202, 223901, 'Stay']
[2270777, 3104224, 1297522, 183349, 594319, 765862, -510891, -443766, 1644357, 414246, 2126125, 487953, 1184580, 566840, 571697, 223870, 'Stay']
[2265704, 3098166, 1295770, 185006, 593762, 768437, -510024, -442563, 1649256, 413697, 2145995, 493125, 1190402, 567357, 575838, 223237, 'Stay']
[2268946, 3103386, 1296943, 183759, 594016, 766450, -511643, -443081, 1643782, 414969, 2126237, 488159, 1184317, 567533, 571640, 224296, 'Stay']
[2268066, 3099664, 1295945, 185132, 593166, 768025, -511860, -442111, 1650090, 413840, 2145929, 493667, 1190534, 567311, 575822, 222903, 'Stay']
[2265916, 3101508, 1295711, 183789, 594105, 766336, -512176, -443998, 1642933, 414946, 2126706, 487752, 1183888, 567608, 571391, 223904, 'Stay']
[2270422, 3101449, 1296173, 184975, 593147, 768052, -513548, -442816, 1650606, 413825, 2144453, 493818, 1189962, 567319, 575452, 222319, 'Stay']
[2263760, 3100213, 1294281, 183273, 593427, 766411, -512631, -443179, 1642183, 414552, 2127768, 487592, 1183684, 567630, 571406, 224093, 'Stay']
[2272716, 3102929, 1296175, 185012, 593692, 767596, -509145, -442807, 1650509, 413822, 2143074, 493768, 1189591, 566752, 575697, 222449, 'Stay']
[2261320, 3098212, 1293771, 183393, 594197, 766760, -511094, -444109, 1641845, 414615, 2129212, 487851, 1184188, 567464, 572580, 224364, 'Stay']
[2274380, 3104182, 1296646, 184576, 593150, 767413, -513503, -443332, 1650100, 413400, 2139916, 493115, 1189035, 566089, 575078, 221830, 'Stay']
[2260519, 3097388, 1294232, 183718, 593518, 767259, -511202, -441328, 1641655, 414175, 2131588, 488045, 1184467, 567467, 572912, 224580, 'Stay']
[2276621, 3105809, 1298004, 184503, 592843, 767238, -513410, -443428, 1649905, 413362, 2138519, 492642, 1188407, 566408, 575145, 222660, 'Stay']
[2259802, 3096298, 1294010, 183707, 593609, 767274, -510590, -442517, 1642394, 414038, 2134482, 488665, 1185120, 567849, 573762, 224586, 'Stay']
[2277201, 3106459, 1297370, 184617, 593266, 766760, -513145, -443976, 1649548, 413914, 2135291, 492087, 1187486, 566605, 574375, 222310, 'Stay']
[2259313, 3095926, 1293541, 184598, 593710, 768210, -512095, -442383, 1643832, 414410, 2136187, 489705, 1186087, 568146, 573674, 224725, 'Stay']
[2277420, 3107089, 1297446, 184627, 593115, 766638, -513239, -443589, 1648996, 413923, 2132848, 491720, 1187025, 566610, 573571, 223085, 'Stay']
[2259546, 3095185, 1293718, 184562, 594099, 767567, -509121, -442645, 1644318, 413727, 2139166, 490415, 1186974, 567677, 574634, 224601, 'Stay']
[2277197, 3106650, 1297873, 184193, 593556, 765866, -512806, -443953, 1647890, 413484, 2130798, 490732, 1186334, 566308, 573714, 223153, 'Stay']
[2259780, 3095255, 1293887, 184636, 593892, 767848, -512411, -441806, 1645305, 413769, 2141531, 491116, 1188138, 567789, 575071, 224171, 'Stay']
[2275447, 3106689, 1297754, 183940, 594102, 765270, -511456, -443582, 1646736, 413797, 2128254, 489855, 1185664, 566220, 572728, 222914, 'Stay']
[2261034, 3096044, 1294767, 184838, 593524, 767901, -511476, -442307, 1646875, 413635, 2143036, 492073, 1188987, 567295, 575539, 223855, 'Stay']
[2273887, 3106005, 1297645, 184155, 593917, 765851, -512408, -443792, 1645809, 414140, 2126566, 489384, 1185028, 566373, 572581, 223473, 'Stay']
[2263039, 3096432, 1295164, 184739, 593023, 768292, -511808, -442849, 1647929, 413448, 2144315, 492817, 1189455, 567389, 575753, 223525, 'Stay']
[2271972, 3104532, 1296940, 183622, 593418, 766238, -513503, -444207, 1644639, 414202, 2125985, 488588, 1184362, 566719, 572075, 223469, 'Stay']
[2265128, 3097211, 1295130, 184765, 593248, 767925, -511852, -442020, 1648667, 413040, 2145661, 493089, 1189835, 566986, 576118, 223079, 'Stay']
[2269965, 3102944, 1296243, 183325, 593146, 765583, -512676, -444975, 1643549, 413849, 2125750, 488114, 1183841, 566462, 572067, 223702, 'Stay']
[2267844, 3098662, 1295384, 184893, 592313, 767835, -513035, -442009, 1649214, 412923, 2145908, 493603, 1189951, 566614, 576280, 222782, 'Stay']
[2267917, 3102099, 1296118, 183874, 593096, 766335, -512717, -442892, 1642818, 414306, 2126588, 488268, 1183799, 566961, 572191, 224331, 'Stay']
[2270304, 3100750, 1296311, 185715, 593266, 768068, -511684, -441811, 1650134, 413812, 2144811, 494353, 1190049, 567114, 576001, 222905, 'Stay']
[2265370, 3100554, 1295700, 183850, 593739, 766231, -512063, -444417, 1642793, 414790, 2126660, 488656, 1184036, 567495, 572191, 224447, 'Stay']
[2272429, 3102304, 1297293, 185098, 592598, 767960, -513788, -442582, 1650532, 413190, 2143076, 494196, 1189845, 566408, 575890, 222452, 'Stay']
[2263034, 3098911, 1295594, 183417, 593368, 765965, -511911, -442870, 1642006, 413951, 2128932, 488104, 1184101, 567089, 572466, 224698, 'Stay']
