[2523590, 1806480, 565420, -390590, 437187, 979849, -342978, -173118, 289178, 370259, 1378823, -36955, 1334657, -641699, -579391, 799870, 'Up']
[2617877, 1833917, 600493, -376490, 437606, 993252, -350141, -175290, 290024, 373517, 1336623, -29277, 1305436, -642124, -580584, 771702, 'Up']
[2532682, 1806799, 567841, -390859, 436640, 979298, -343744, -173770, 288297, 370506, 1393391, -31580, 1341228, -642914, -576716, 806401, 'Up']
[2608144, 1833673, 596812, -376161, 437705, 993456, -350223, -175317, 290655, 373652, 1321882, -34246, 1299906, -641034, -584360, 766190, 'Up']
[2543559, 1808312, 571524, -390086, 436544, 979499, -345253, -174636, 288080, 371602, 1406063, -25686, 1345962, -643333, -574060, 810864, 'Up']
[2595995, 1832173, 592721, -376282, 438564, 992945, -350030, -175673, 291508, 373374, 1311067, -38839, 1295822, -639990, -587346, 761970, 'Up']
[2557561, 1810050, 576552, -389498, 436459, 979859, -346067, -175255, 287566, 371825, 1416330, -21028, 1349313, -644489, -571102, 813998, 'Up']
[2582550, 1829713, 587825, -377150, 438288, 991961, -349147, -174977, 291596, 372860, 1303995, -43226, 1293840, -639392, -589576, 759851, 'Up']
[2572016, 1812065, 581432, -388437, 436699, 980279, -346036, -175906, 287279, 372019, 1421240, -17458, 1350414, -645123, -569104, 814936, 'Up']
[2567177, 1826144, 582581, -378933, 438452, 990249, -349067, -175296, 291874, 371850, 1299327, -47120, 1293514, -639272, -590578, 759607, 'Up']
[2586086, 1815126, 586830, -387012, 436483, 981754, -346353, -174602, 286848, 371759, 1420613, -15295, 1349747, -646158, -567801, 814448, 'Up']
[2551976, 1822904, 577032, -380259, 438876, 988923, -345771, -174071, 292079, 371491, 1298137, -49464, 1295027, -638802, -591337, 760774, 'Up']
[2600066, 1818796, 592155, -385183, 437018, 983060, -347636, -176253, 286940, 372499, 1417872, -13232, 1346962, -646147, -566982, 811643, 'Up']
[2538799, 1819167, 572557, -382011, 438698, 986839, -346939, -174773, 291868, 370850, 1302935, -50761, 1298630, -638962, -591944, 764271, 'Up']
[2612860, 1822964, 597327, -382717, 437219, 985197, -347228, -176658, 287716, 373390, 1412548, -11984, 1343460, -645744, -567389, 807963, 'Up']
[2528432, 1815397, 568360, -383867, 437872, 984944, -345647, -172572, 291679, 370729, 1311314, -50443, 1303461, -639020, -591108, 769248, 'Up']
[2621905, 1826137, 600358, -380923, 436727, 986819, -350306, -176679, 287585, 373436, 1403064, -12667, 1337725, -645626, -568966, 802452, 'Up']
[2521278, 1812531, 565329, -385263, 437959, 983275, -345468, -173155, 291419, 370404, 1322163, -49364, 1309247, -639430, -590104, 774407, 'Up']
[2627515, 1829224, 602762, -378845, 437246, 988494, -351589, -177425, 288540, 374152, 1391245, -13817, 1331389, -645073, -570372, 795927, 'Up']
[2516941, 1809575, 563242, -386770, 438042, 981599, -343434, -172900, 291106, 370306, 1335669, -47066, 1316013, -639938, -587851, 780995, 'Up']
[2629531, 1831569, 603658, -377250, 437458, 990421, -350119, -176603, 288517, 373942, 1376435, -16988, 1324012, -644619, -572703, 789122, 'Up']
[2516887, 1807566, 562728, -388234, 437011, 980376, -342750, -173524, 290232, 370093, 1351129, -43714, 1323383, -640457, -584508, 788760, 'Up']
[2627665, 1832675, 603266, -376580, 438089, 991265, -349980, -177135, 289202, 373923, 1360268, -21099, 1316334, -643639, -575354, 781533, 'Up']
[2520532, 1806025, 564062, -389803, 437791, 979212, -343933, -173260, 289182, 369594, 1366847, -40017, 1330980, -641950, -581488, 795786, 'Up']
[2622055, 1833227, 601791, -376422, 438553, 992072, -351225, -175964, 289489, 373401, 1343780, -26269, 1309780, -643240, -578625, 774942, 'Up']
[2526450, 1805691, 565801, -390630, 437190, 978581, -345889, -174121, 288455, 369561, 1382117, -35272, 1337652, -642981, -578821, 801934, 'Up']
[2613362, 1833290, 598872, -375912, 438220, 992872, -349793, -175733, 289974, 373232, 1327901, -31616, 1303116, -642081, -582264, 768433, 'Up']
[2536066, 1806794, 569107, -390109, 437124, 979038, -344975, -174509, 288123, 370636, 1396447, -29287, 1343438, -643335, -575392, 807713, 'Up']
[2602132, 1832952, 595236, -375332, 438998, 993343, -350364, -174481, 290932, 373354, 1314866, -36142, 1298234, -640569, -585595, 763531, 'Up']
[2548113, 1808598, 573779, -388968, 437222, 979494, -343298, -174815, 288218, 371658, 1408392, -23336, 1348005, -643665, -572289, 811850, 'Up']
[2589677, 1831611, 591483, -375114, 438825, 993102, -347822, -174600, 291768, 373327, 1305521, -40313, 1295430, -639435, -587929, 760818, 'Up']
[2562183, 1810976, 579128, -387579, 436560, 980295, -344785, -174286, 288082, 372442, 1416285, -18410, 1350366, -644073, -569829, 814448, 'Up']
[2574781, 1828784, 586345, -376087, 439375, 991586, -347982, -174702, 292063, 372763, 1299836, -44233, 1293893, -638851, -589756, 759580, 'Up']
[2576839, 1813430, 584315, -386671, 437075, 980894, -346620, -175515, 287463, 372588, 1420013, -15182, 1350571, -644971, -567950, 814763, 'Up']
[2559825, 1824974, 580546, -377973, 439573, 989861, -346968, -173787, 291845, 371795, 1297316, -47767, 1294277, -638868, -591101, 759907, 'Up']
[2591068, 1816573, 589080, -385471, 437014, 982000, -348312, -175990, 287297, 372622, 1418759, -13253, 1348764, -645623, -567284, 813125, 'Up']
[2545230, 1821074, 575188, -380409, 438657, 987652, -347233, -174189, 291514, 370992, 1298856, -49988, 1296514, -639004, -592313, 762346, 'Up']
[2604290, 1820197, 594310, -383469, 436923, 983756, -348267, -175768, 286618, 372456, 1414798, -12390, 1345763, -646108, -567859, 810576, 'Up']
[2532342, 1817608, 570367, -381698, 439158, 986097, -343998, -174193, 291676, 370840, 1304662, -50636, 1300592, -638517, -591696, 766124, 'Up']
[2614940, 1824013, 598454, -380874, 437530, 986001, -347968, -175557, 287178, 373361, 1407084, -11731, 1341121, -645475, -567737, 805737, 'Up']
[2522651, 1813829, 566861, -383326, 438636, 984429, -344012, -172286, 291115, 370438, 1313890, -50163, 1305751, -638863, -590343, 771820, 'Up']
[2623407, 1828003, 602240, -378349, 437252, 988538, -349388, -176548, 287617, 374057, 1396994, -12235, 1335415, -644700, -568719, 800533, 'Up']
[2517448, 1811291, 564964, -384695, 437956, 983344, -343778, -173418, 291101, 370802, 1326666, -47899, 1312509, -638667, -588191, 778459, 'Up']
[2627270, 1831071, 604025, -376303, 437940, 990472, -351131, -175432, 288155, 374391, 1383527, -14358, 1328838, -644089, -570692, 794217, 'Up']
[2515218, 1809644, 564011, -385562, 437968, 982212, -343448, -172222, 290836, 371170, 1340893, -44449, 1319976, -638861, -585805, 785296, 'Up']
[2627731, 1833101, 604683, -375081, 438180, 991641, -349534, -176411, 289250, 374926, 1368428, -17084, 1321602, -642946, -573051, 786890, 'Up']
[2516257, 1807739, 563936, -387037, 437957, 980610, -343583, -173418, 290438, 370744, 1356792, -40793, 1327376, -639914, -582669, 792388, 'Up']
[2624019, 1833834, 603388, -374547, 438229, 992491, -350151, -175892, 289621, 374415, 1351297, -21996, 1313768, -642395, -576417, 778967, 'Up']
[2521348, 1806461, 565315, -388238, 437368, 979541, -342264, -173077, 289390, 370508, 1372436, -36577, 1334404, -641081, -579543, 798964, 'Up']
[2616848, 1833312, 601086, -374490, 438422, 992713, -349977, -175675, 289520, 373661, 1334731, -27693, 1306787, -641940, -579483, 772501, 'Up']
[2528864, 1805872, 567478, -389050, 436629, 979043, -344184, -173941, 288085, 370092, 1387026, -32027, 1340678, -642701, -576764, 805018, 'Up']
[2607017, 1832785, 597459, -374415, 438147, 993372, -349605, -174925, 290240, 373153, 1319701, -33410, 1300828, -640951, -583288, 766583, 'Up']
[2539727, 1806780, 571038, -389104, 436830, 978895, -344620, -174342, 287663, 370710, 1400279, -26574, 1345938, -643386, -573591, 809889, 'Up']
[2595666, 1831644, 593648, -374934, 438712, 992757, -348452, -174402, 291038, 373045, 1308070, -38325, 1296761, -639889, -586254, 762163, 'Up']
[2553148, 1808726, 575773, -388648, 436482, 979016, -345494, -175077, 287130, 371260, 1410533, -21658, 1349638, -644389, -570945, 813646, 'Up']
[2582119, 1829840, 588555, -375724, 438512, 992285, -349051, -174972, 291195, 372753, 1300238, -42597, 1294390, -639198, -589136, 759865, 'Up']
[2567838, 1811894, 580927, -387178, 436467, 980918, -345551, -174396, 287185, 372412, 1417299, -16874, 1351061, -644281, -569108, 815296, 'Up']
[2567237, 1827231, 583453, -376990, 438099, 991312, -348167, -173350, 291607, 372665, 1296490, -45700, 1294002, -638086, -590420, 760012, 'Up']
[2582175, 1815097, 586093, -385965, 436197, 981584, -346473, -175748, 287260, 373152, 1418418, -13819, 1350125, -644485, -567844, 814521, 'Up']
[2552042, 1823797, 577954, -378710, 438461, 989402, -346970, -174333, 291950, 372183, 1296302, -48166, 1294987, -638056, -591715, 760630, 'Up']
[2595889, 1818848, 591541, -384417, 436118, 983144, -348115, -176287, 287060, 373181, 1416792, -11849, 1348018, -645262, -567322, 812406, 'Up']
[2538721, 1820056, 572968, -380679, 438087, 987581, -346421, -173396, 291963, 371729, 1300662, -49413, 1298519, -637999, -591702, 763965, 'Up']
[2608291, 1822297, 596163, -382127, 436977, 985155, -348479, -176114, 287394, 373622, 1411265, -11122, 1344187, -645059, -567027, 808323, 'Up']
[2526169, 1815245, 568678, -383107, 438046, 985323, -344712, -173396, 291434, 370904, 1307768, -50082, 1303131, -638323, -590573, 768308, 'Up']
[2617314, 1824843, 599805, -380754, 437010, 987044, -348606, -176510, 286797, 373133, 1401822, -12242, 1338903, -645322, -568007, 803385, 'Up']
[2517674, 1811106, 564984, -385472, 437727, 983596, -344682, -173537, 290425, 369971, 1317123, -49864, 1308794, -638849, -589485, 773605, 'Up']
[2622736, 1827560, 601706, -379144, 437307, 989006, -351078, -176020, 286990, 373230, 1389002, -14113, 1332380, -644793, -570034, 796455, 'Up']
[2513196, 1808430, 563266, -386838, 437697, 982223, -344707, -173156, 290129, 369840, 1330044, -47597, 1315414, -639053, -587851, 778882, 'Up']
[2625185, 1829398, 603559, -377907, 437257, 990150, -349865, -177305, 287285, 373516, 1375237, -16463, 1325617, -644061, -571969, 788715, 'Up']
[2512500, 1805181, 562824, -388633, 437190, 980276, -344778, -172885, 288505, 368927, 1345095, -45064, 1323098, -640352, -585100, 786022, 'Up']
[2622980, 1829729, 603211, -376975, 437477, 991227, -351768, -176011, 287376, 372808, 1358945, -20755, 1318567, -643533, -574836, 781599, 'Up']
[2514183, 1803054, 563518, -389648, 437121, 979344, -344359, -173975, 287762, 368476, 1360736, -40855, 1330521, -641472, -582126, 792507, 'Up']
[2617368, 1829959, 602193, -375764, 437743, 992020, -349046, -175810, 287567, 372464, 1341937, -25617, 1311109, -642677, -577453, 773809, 'Up']
[2520349, 1802621, 565703, -389422, 436578, 978835, -343958, -174211, 287067, 369278, 1376351, -35221, 1337478, -641760, -578216, 799163, 'Up']
[2608742, 1829817, 599321, -374704, 437674, 992648, -350112, -175152, 288139, 372436, 1326193, -30460, 1304491, -641302, -581198, 767292, 'Up']
[2529143, 1802459, 568908, -389345, 436654, 978661, -344243, -173686, 286191, 369511, 1391733, -29617, 1343314, -642288, -574906, 805263, 'Up']
[2597616, 1828048, 595789, -375407, 438236, 992470, -350384, -175743, 288101, 371848, 1313190, -35999, 1299014, -640146, -584279, 762913, 'Up']
[2539812, 1802831, 572508, -389915, 436612, 978171, -344960, -175256, 284713, 368984, 1402804, -25536, 1347478, -643862, -572620, 809547, 'Up']
[2583806, 1825447, 591046, -376692, 438537, 991819, -349845, -174317, 288153, 370626, 1301682, -41805, 1295300, -639705, -587527, 758934, 'Up']
[2552181, 1804192, 577226, -389492, 436951, 978898, -343788, -174239, 284001, 369139, 1410263, -21562, 1350099, -644655, -569938, 812250, 'Up']
[2568383, 1822797, 585709, -377914, 439107, 990795, -348967, -174495, 288038, 369761, 1295278, -46331, 1293773, -639460, -589274, 757551, 'Up']
[2566767, 1806914, 582409, -388606, 436626, 979974, -346419, -175452, 283603, 369482, 1414593, -17898, 1350511, -645379, -568222, 812509, 'Up']
[2554292, 1819554, 580121, -379509, 438646, 989468, -347652, -175029, 288034, 369294, 1293239, -49501, 1294113, -639085, -590785, 757504, 'Up']
[2581516, 1810856, 587382, -386634, 437159, 981646, -346815, -175673, 283406, 370234, 1414738, -15446, 1349207, -645616, -567203, 810570, 'Up']
[2539406, 1816910, 574756, -380693, 438963, 988342, -347145, -173215, 288716, 369701, 1294544, -50850, 1296167, -638330, -591090, 758157, 'Up']
[2595707, 1815419, 592878, -384734, 436776, 983650, -348531, -176472, 284003, 371220, 1411384, -13129, 1346440, -645550, -566730, 806796, 'Up']
[2527706, 1814217, 570387, -382136, 438696, 986635, -345335, -172698, 289198, 369685, 1299799, -51194, 1300257, -638209, -590682, 761783, 'Up']
[2608933, 1820306, 597999, -382193, 436875, 985461, -349248, -176231, 285235, 372312, 1404975, -11974, 1342406, -645084, -566891, 803004, 'Up']
[2519223, 1811377, 566787, -384096, 438142, 984127, -345251, -173440, 289544, 369665, 1309581, -50440, 1305904, -638438, -590207, 767160, 'Up']
[2617556, 1824455, 600511, -380173, 437303, 987251, -349579, -177475, 285934, 373017, 1394924, -12606, 1336168, -644820, -568621, 796834, 'Up']
[2513044, 1808497, 563783, -386198, 437965, 982319, -344790, -173277, 289425, 369362, 1321088, -49075, 1311505, -639032, -588613, 772621, 'Up']
[2622204, 1827368, 602519, -378510, 437210, 989042, -351691, -175528, 286448, 373054, 1381784, -14750, 1329455, -644281, -570300, 790633, 'Up']
[2510561, 1806185, 562429, -387641, 437674, 981015, -344691, -173314, 289047, 369154, 1334784, -46474, 1318612, -639536, -586474, 779735, 'Up']
[2623657, 1829582, 603357, -377380, 437584, 990387, -351457, -177173, 287063, 372972, 1366776, -18049, 1322357, -643817, -572513, 783683, 'Up']
[2512326, 1805232, 562780, -388565, 437770, 980347, -343190, -171900, 288910, 369483, 1350916, -42390, 1326472, -640071, -583113, 786776, 'Up']
[2620800, 1831582, 602648, -376103, 438356, 991793, -349245, -176075, 288190, 373324, 1351016, -22037, 1315450, -642697, -575051, 776604, 'Up']
[2516857, 1804582, 564068, -389670, 437320, 979311, -345047, -172933, 288280, 369567, 1367359, -37726, 1333869, -641009, -579930, 794161, 'Up']
[2614551, 1832405, 600735, -375404, 438461, 992659, -350033, -175640, 289225, 373450, 1334450, -26996, 1308192, -641357, -579208, 769475, 'Up']
[2524562, 1805135, 566775, -390068, 437415, 978347, -344562, -174598, 288058, 370076, 1383567, -32143, 1340708, -641690, -576729, 800367, 'Up']
[2605788, 1832684, 597717, -375430, 438684, 992391, -351079, -175811, 290144, 373265, 1320502, -31992, 1302374, -640354, -582674, 762942, 'Up']
[2535585, 1806628, 570584, -389668, 437032, 978411, -345276, -174042, 287852, 370880, 1397686, -26280, 1346158, -642360, -573967, 805309, 'Up']
[2594978, 1832098, 594510, -375239, 438074, 992325, -351400, -175030, 291091, 373401, 1309039, -36554, 1297869, -639219, -585864, 758643, 'Up']
[2548922, 1808585, 575703, -388935, 435829, 979020, -345895, -175114, 287563, 371732, 1408627, -20669, 1349929, -643173, -571199, 809405, 'Up']
[2581275, 1830415, 589693, -375778, 438620, 992144, -351001, -174207, 291558, 372916, 1300815, -40852, 1295650, -638652, -588178, 757032, 'Up']
[2562972, 1811503, 580374, -387924, 436664, 979983, -346204, -175545, 287900, 372491, 1414919, -16249, 1351704, -643631, -568839, 810963, 'Up']
[2567196, 1827893, 584405, -376947, 438899, 991413, -348070, -173401, 292289, 372922, 1295953, -44367, 1295183, -637588, -589433, 756065, 'Up']
[2578292, 1814414, 585967, -386741, 436477, 981546, -346273, -175613, 287428, 373057, 1417705, -13023, 1351909, -643741, -566849, 811490, 'Up']
[2552597, 1823613, 579047, -379431, 438957, 989441, -347311, -174839, 291815, 371947, 1295463, -47205, 1296535, -637634, -590327, 757818, 'Up']
[2591534, 1817340, 590232, -385684, 436564, 982725, -348317, -175888, 286569, 372502, 1414708, -11991, 1349240, -644923, -567103, 809132, 'Up']
[2538103, 1820049, 573282, -381088, 438613, 987899, -346630, -173113, 291342, 371269, 1297358, -49236, 1298802, -637613, -591272, 760106, 'Up']
[2605240, 1821913, 595265, -383016, 436880, 985163, -349687, -175826, 287221, 373749, 1410395, -10328, 1345720, -644241, -567101, 805855, 'Up']
[2527193, 1816877, 569110, -382815, 438464, 986395, -345399, -172744, 291808, 371614, 1304578, -48957, 1303155, -637152, -591224, 764287, 'Up']
[2616577, 1825985, 599594, -381207, 437107, 987088, -349930, -176984, 287549, 374187, 1401943, -9903, 1340855, -644172, -568219, 800901, 'Up']
[2519213, 1814152, 566090, -384516, 438628, 984627, -344100, -172663, 291797, 371602, 1314580, -47564, 1309248, -637207, -590221, 769578, 'Up']
[2622979, 1829298, 602826, -379120, 437791, 988989, -349569, -176797, 288373, 375150, 1390434, -10699, 1335217, -643196, -569396, 794761, 'Up']
[2514293, 1810629, 564264, -386514, 437898, 982491, -345083, -173287, 291165, 371352, 1327496, -45521, 1316000, -637739, -588580, 776478, 'Up']
[2625983, 1831653, 604152, -377385, 438062, 990215, -350173, -177499, 288789, 374984, 1376550, -13387, 1327982, -643035, -572167, 788620, 'Up']
[2513369, 1808757, 563712, -387245, 437935, 981407, -343792, -172277, 291224, 371686, 1342405, -41829, 1323298, -638105, -585518, 783618, 'Up']
[2625351, 1832959, 604307, -376116, 438006, 991385, -350996, -177739, 289343, 375142, 1360475, -17002, 1320610, -642107, -574371, 781305, 'Up']
[2515961, 1806641, 564035, -388869, 437710, 979955, -344547, -173432, 289978, 370824, 1357821, -38513, 1330976, -639725, -582620, 791500, 'Up']
[2620543, 1833319, 602766, -375606, 438795, 992857, -350939, -175897, 289716, 374447, 1343483, -22355, 1313647, -641491, -577400, 775118, 'Up']
[2521495, 1805567, 565795, -389790, 437421, 979546, -345915, -173530, 288857, 370351, 1373597, -34072, 1338253, -640930, -579139, 798943, 'Up']
[2612229, 1833328, 599897, -375128, 438911, 993244, -350008, -175803, 290359, 374061, 1327218, -27925, 1307024, -640487, -581164, 768494, 'Up']
[2529772, 1805726, 568371, -390265, 437088, 978469, -344620, -175252, 288445, 370668, 1388241, -28937, 1344311, -641914, -575871, 804331, 'Up']
[2601833, 1832391, 596283, -375714, 438488, 992445, -351729, -177075, 290691, 373430, 1313097, -33559, 1301343, -640049, -584978, 762693, 'Up']
[2540991, 1807565, 572416, -389313, 436930, 978813, -345744, -174806, 287628, 371205, 1400347, -23662, 1348815, -642996, -573681, 808698, 'Up']
[2589648, 1831567, 592648, -375027, 438419, 992528, -348496, -174676, 291364, 373595, 1303062, -37599, 1297737, -638750, -587519, 759526, 'Up']
[2554733, 1810180, 577426, -387773, 436914, 979860, -346256, -175510, 287822, 372707, 1409709, -17887, 1351862, -642957, -570356, 811760, 'Up']
[2576015, 1829530, 587544, -375591, 438595, 991949, -349073, -175380, 291779, 373530, 1296242, -41345, 1295802, -637794, -589620, 757506, 'Up']
[2569710, 1813150, 582572, -385995, 436433, 981295, -346107, -174508, 287640, 373389, 1414693, -13950, 1352537, -643259, -568674, 813040, 'Up']
[2561158, 1826524, 582161, -376378, 438440, 991556, -348645, -173418, 292100, 373443, 1293270, -44227, 1295952, -636761, -590710, 758316, 'Up']
[2584672, 1816672, 588013, -384164, 436767, 983349, -347381, -174875, 287489, 374159, 1415328, -11033, 1351848, -643198, -566886, 812721, 'Up']
[2546576, 1822684, 576705, -378590, 438691, 989211, -347558, -173621, 292048, 372736, 1294158, -46657, 1298096, -636734, -591047, 760215, 'Up']
[2598270, 1819191, 592984, -383511, 436958, 983726, -348795, -176075, 286849, 373358, 1411825, -10261, 1348994, -644439, -566996, 809895, 'Up']
[2532937, 1818356, 571257, -381054, 438597, 987115, -346869, -173356, 291345, 371442, 1298033, -48717, 1301425, -637611, -591503, 763284, 'Up']
[2609624, 1822718, 597085, -381650, 436626, 985702, -349513, -176914, 286977, 373600, 1404334, -10225, 1344160, -644714, -567965, 804495, 'Up']
[2522544, 1814363, 567605, -382938, 438240, 985553, -343894, -172559, 290919, 370874, 1305945, -48861, 1306261, -637852, -590591, 767675, 'Up']
[2618343, 1826135, 600801, -379537, 437013, 987591, -349704, -177189, 287030, 373998, 1394642, -10925, 1339101, -644260, -568436, 799705, 'Up']
[2515416, 1811133, 564561, -384912, 437541, 983275, -345901, -173948, 290556, 370727, 1317375, -47699, 1312468, -638011, -589415, 773814, 'Up']
[2623508, 1829437, 602555, -377599, 437071, 989877, -351928, -175751, 287695, 374431, 1382109, -12931, 1332121, -643617, -570978, 793013, 'Up']
[2512146, 1808954, 562973, -386018, 438167, 982255, -343518, -172027, 290585, 370899, 1330934, -45123, 1319189, -638269, -586929, 780370, 'Up']
[2624627, 1831601, 603631, -376043, 437876, 991051, -351358, -175683, 288584, 374731, 1366872, -15774, 1324814, -642734, -572617, 786124, 'Up']
[2512874, 1807518, 563102, -387250, 437322, 980510, -343630, -173103, 290017, 370836, 1346405, -41383, 1326615, -639217, -583735, 787502, 'Up']
[2622830, 1833298, 603264, -374842, 437456, 991726, -350632, -177320, 289067, 374729, 1351313, -19554, 1317433, -642160, -575409, 778833, 'Up']
[2517221, 1806477, 564452, -387689, 436790, 979786, -343439, -172993, 289231, 370990, 1363417, -36305, 1333906, -640084, -580692, 794381, 'Up']
[2616842, 1834235, 601169, -373447, 437835, 993197, -350297, -174650, 289840, 374796, 1334773, -23982, 1310321, -640847, -578289, 771934, 'Up']
[2523924, 1806467, 566173, -388239, 436577, 979394, -345132, -174287, 289028, 371547, 1378487, -30666, 1340578, -640540, -577191, 800593, 'Up']
[2607866, 1833447, 598426, -374014, 438153, 993302, -349877, -174814, 290469, 374248, 1319306, -29557, 1303798, -639833, -582276, 764961, 'Up']
[2533651, 1806680, 569691, -388874, 436573, 979035, -344805, -173706, 287824, 371309, 1392500, -26177, 1346139, -642032, -574545, 806517, 'Up']
[2596009, 1832085, 594098, -375027, 438389, 992553, -350963, -176328, 290610, 373708, 1306909, -35406, 1298796, -639185, -586555, 760943, 'Up']
[2545433, 1808338, 573768, -388749, 436943, 978868, -345743, -175287, 287166, 371732, 1403272, -22063, 1349636, -643108, -573308, 810211, 'Up']
[2583016, 1830031, 590291, -375694, 438534, 991987, -350444, -175043, 291013, 373318, 1298077, -40198, 1296076, -638620, -589728, 758763, 'Up']
[2559852, 1810223, 579336, -387860, 436899, 979835, -346737, -175836, 286816, 372001, 1410669, -17840, 1352171, -643977, -571301, 813762, 'Up']
[2568526, 1827085, 585235, -376563, 438852, 991371, -349634, -174270, 291060, 372600, 1292785, -44074, 1295643, -638324, -591678, 759122, 'Up']
[2573758, 1813259, 584578, -386113, 436910, 981760, -347818, -174970, 286444, 372573, 1413071, -14329, 1352422, -644503, -569260, 815186, 'Up']
[2551985, 1824351, 579580, -377267, 439110, 991082, -348137, -173545, 291605, 372831, 1290010, -46734, 1296256, -637202, -592270, 762156, 'Up']
[2589402, 1816937, 590355, -383528, 436825, 984161, -347572, -174454, 286248, 373367, 1412364, -10837, 1350741, -644351, -567467, 818610, 'Up']
[2537614, 1820402, 574364, -378251, 438624, 989714, -347557, -172113, 291352, 372489, 1292497, -48020, 1299150, -636787, -591694, 769327, 'Up']
[2603717, 1820697, 595361, -380823, 436293, 986138, -347977, -175134, 286322, 373985, 1408368, -9126, 1347030, -644159, -566947, 816387, 'Up']
[2526717, 1816830, 570094, -379804, 437842, 987687, -344616, -171825, 291182, 371903, 1300176, -48186, 1303134, -636786, -590270, 774053, 'Up']
[2614692, 1823957, 599011, -379481, 436597, 986992, -349514, -176956, 286690, 374295, 1400528, -9323, 1341941, -643754, -566922, 812124, 'Up']
[2516824, 1812026, 565792, -383400, 437836, 984033, -345290, -173853, 290047, 370590, 1309450, -48360, 1307906, -637878, -590043, 779658, 'Up']
[2622061, 1826664, 601728, -378547, 436607, 988127, -349511, -176496, 286259, 373580, 1389606, -11748, 1335561, -644224, -568985, 807382, 'Up']
[2512067, 1809391, 563337, -385534, 436838, 981981, -344328, -173689, 289981, 370462, 1323039, -46777, 1314498, -638133, -588199, 787850, 'Up']
[2625674, 1829429, 603138, -377590, 436785, 989048, -351811, -177184, 287209, 373665, 1376710, -14794, 1328463, -643710, -571474, 801694, 'Up']
[2510922, 1807043, 562661, -387510, 436977, 979908, -345208, -174606, 289745, 369840, 1338170, -44641, 1321546, -639175, -587063, 794509, 'Up']
[2625260, 1831141, 603615, -376590, 437232, 990043, -350718, -177450, 287925, 373652, 1361463, -18440, 1321037, -643148, -574991, 793868, 'Up']
[2513210, 1805816, 563470, -388698, 437206, 978631, -344140, -174639, 289103, 369723, 1354373, -40531, 1328984, -640212, -584291, 801360, 'Up']
[2620972, 1832827, 602766, -375266, 437980, 991217, -351789, -176300, 289057, 373992, 1344842, -22360, 1313349, -642024, -578634, 785555, 'Up']
[2519041, 1805770, 565509, -388830, 436511, 978007, -346000, -174508, 288920, 370381, 1370891, -35047, 1336208, -640790, -581377, 807958, 'Up']
[2614401, 1833929, 601263, -373796, 438359, 992012, -348571, -175153, 290059, 374316, 1329712, -26848, 1307088, -640540, -581745, 779642, 'Up']
[2527682, 1806232, 568654, -388553, 437080, 977798, -344583, -174587, 288497, 371106, 1387108, -28988, 1343114, -641336, -576966, 815454, 'Up']
[2603753, 1832801, 597647, -374005, 438474, 992042, -350671, -175923, 290720, 373680, 1315839, -32395, 1301562, -639779, -585050, 775177, 'Up']
[2538305, 1806965, 571952, -388495, 437082, 978230, -345476, -175388, 287714, 370910, 1399244, -24226, 1348049, -642643, -574155, 821534, 'Up']
[2590352, 1830729, 592898, -375068, 438727, 991948, -351279, -175701, 290781, 372666, 1303588, -37904, 1297430, -639294, -587988, 771932, 'Up']
[2551184, 1808373, 576673, -388390, 436728, 978558, -344862, -175208, 286637, 370688, 1408370, -19621, 1350876, -644110, -571733, 825167, 'Up']
[2576013, 1828557, 588132, -375857, 438712, 991031, -348525, -174477, 291084, 371903, 1296241, -42189, 1295408, -638838, -589695, 770760, 'Up']
[2566122, 1811011, 581995, -387298, 436379, 979383, -347289, -175696, 287010, 371456, 1413897, -15213, 1352227, -644356, -569225, 826264, 'Up']
[2561123, 1825812, 582904, -376883, 438823, 989599, -347805, -173755, 291521, 371192, 1293279, -45645, 1295212, -638510, -591645, 770058, 'Up']
[2581160, 1814872, 587517, -385184, 436487, 980635, -346019, -176267, 287024, 372375, 1416092, -11902, 1351242, -644390, -567504, 824553, 'Up']
[2546606, 1822377, 577671, -378362, 438179, 987961, -347133, -174144, 291380, 371267, 1294346, -47299, 1296919, -637869, -591491, 771370, 'Up']
[2595523, 1818816, 592524, -382855, 436019, 982767, -348393, -176237, 287042, 373180, 1413660, -10099, 1348629, -644376, -567377, 821959, 'Up']
[2533663, 1819100, 572865, -379487, 438280, 987158, -346600, -173026, 292030, 371862, 1298459, -47858, 1300240, -636866, -591645, 774357, 'Up']
[2608492, 1822584, 597301, -380884, 436285, 984841, -349531, -178237, 286978, 373834, 1407041, -9014, 1344932, -644039, -567508, 817894, 'Up']
[2522776, 1815604, 568355, -381523, 437586, 985478, -346148, -172953, 291468, 371436, 1304564, -47995, 1305064, -637029, -591346, 778517, 'Up']
[2618197, 1826586, 600736, -378655, 436403, 987783, -350326, -175622, 287471, 374661, 1396200, -9036, 1339395, -643566, -568900, 811843, 'Up']
[2514606, 1812058, 565125, -383686, 437465, 984358, -345600, -171962, 290693, 371060, 1314552, -46878, 1311070, -637388, -589842, 783965, 'Up']
[2623513, 1829111, 602592, -377510, 437168, 990004, -350786, -176064, 287556, 374599, 1382654, -11210, 1332488, -643008, -570260, 804143, 'Up']
[2510356, 1808727, 562812, -386285, 437619, 982399, -344569, -171930, 289846, 370334, 1326888, -45274, 1317645, -638345, -587631, 788809, 'Up']
[2625271, 1830988, 603486, -376873, 437256, 990867, -351114, -175961, 287432, 373851, 1367563, -15004, 1325615, -643322, -572579, 795877, 'Up']
[2510785, 1806720, 562644, -388233, 437165, 980015, -344115, -172979, 288905, 369462, 1342741, -42329, 1325321, -639848, -585275, 795259, 'Up']
[2623002, 1832698, 603126, -375692, 438029, 991127, -350522, -176308, 288380, 373981, 1351563, -19028, 1318093, -642463, -575417, 787290, 'Up']
[2514135, 1805514, 563731, -389078, 437200, 978143, -345008, -174960, 288438, 369467, 1359552, -37683, 1332644, -640873, -581700, 801268, 'Up']
[2617888, 1833109, 601810, -375147, 437635, 991032, -352619, -176815, 288799, 373059, 1336050, -24273, 1310857, -642223, -579409, 779650, 'Up']
[2521840, 1805575, 566438, -389204, 436346, 977340, -344603, -175509, 288156, 369657, 1376151, -32448, 1339657, -641747, -578909, 807986, 'Up']
[2609376, 1833090, 599386, -374429, 437724, 991575, -350433, -176742, 290076, 373188, 1321080, -29289, 1304499, -640920, -582533, 773452, 'Up']
[2532145, 1806566, 570253, -388575, 436541, 978113, -345035, -174906, 288147, 370542, 1390284, -26620, 1345581, -642274, -575173, 813654, 'Up']
[2598487, 1833104, 596297, -373682, 438237, 992777, -350231, -174332, 291000, 373430, 1307713, -33895, 1300056, -639232, -585663, 769374, 'Up']
[2543701, 1808263, 574228, -387945, 436810, 978867, -345477, -173649, 288369, 371857, 1400685, -20808, 1349658, -642240, -572016, 817848, 'Up']
[2584905, 1830827, 591132, -374747, 437926, 992227, -350706, -175371, 291318, 372928, 1297071, -38814, 1296672, -638352, -588045, 765711, 'Up']
[2557646, 1810282, 578692, -387306, 435888, 979661, -345587, -174801, 287032, 371878, 1408343, -16577, 1351887, -643353, -569886, 819729, 'Up']
[2569530, 1828201, 585466, -375608, 438663, 991198, -348403, -174129, 291437, 372596, 1291168, -42795, 1295006, -637653, -589691, 763918, 'Up']
[2572195, 1812909, 583828, -386169, 436780, 980558, -347632, -176347, 286758, 372532, 1412312, -12926, 1352111, -643719, -567670, 819423, 'Up']
[2554670, 1824342, 580220, -377509, 438400, 989554, -348742, -173868, 290897, 371458, 1289811, -46109, 1295722, -637806, -591117, 764658, 'Up']
[2587078, 1816288, 589128, -384318, 437002, 981986, -347159, -176326, 286714, 372784, 1412286, -10837, 1350544, -644120, -566582, 818198, 'Up']
[2540781, 1820297, 575258, -379404, 438724, 987891, -346011, -172868, 290934, 370990, 1292190, -47817, 1298466, -637544, -590810, 766981, 'Up']
[2600469, 1819876, 594451, -382348, 436729, 983648, -347978, -175514, 286492, 372814, 1407764, -9692, 1347590, -644433, -566639, 815230, 'Up']
[2527986, 1816705, 570609, -381099, 438081, 985745, -346902, -173495, 291079, 370596, 1297847, -48512, 1302508, -637492, -590983, 771011, 'Up']
[2611335, 1823571, 598463, -380378, 437067, 985818, -350473, -176843, 286576, 373010, 1400403, -9710, 1342967, -644575, -567706, 810619, 'Up']
[2517447, 1813182, 566461, -383316, 438273, 983929, -345365, -173866, 290840, 370415, 1306575, -48107, 1307624, -637680, -590581, 776040, 'Up']
[2619181, 1827335, 601831, -378833, 437250, 987532, -349757, -176072, 287090, 373552, 1389759, -10584, 1337009, -644165, -569119, 805024, 'Up']
[2511591, 1810362, 564053, -385500, 437871, 982323, -346344, -173573, 290590, 370181, 1318972, -46579, 1314288, -638165, -588845, 782575, 'Up']
[2623164, 1830319, 603371, -377505, 437417, 989724, -351151, -176966, 287787, 373784, 1376453, -12746, 1330080, -643662, -571536, 797597, 'Up']
[2509793, 1808424, 563257, -386752, 437459, 981432, -344102, -173229, 290606, 370431, 1333572, -43270, 1321285, -638343, -586233, 788517, 'Up']
[2624151, 1832088, 604013, -376049, 437839, 991306, -351492, -175770, 288683, 374371, 1361075, -15623, 1323047, -642363, -573274, 789694, 'Up']
[2511850, 1806041, 563503, -388676, 437621, 979553, -343768, -172488, 289120, 369693, 1349280, -39838, 1329226, -639697, -583327, 795720, 'Up']
[2620451, 1832922, 602905, -375350, 437842, 991528, -350666, -177059, 288776, 373795, 1344171, -20529, 1315399, -641742, -576640, 782041, 'Up']
[2516946, 1805246, 564874, -389103, 437233, 978624, -343967, -172668, 288599, 370066, 1365502, -34694, 1335790, -640264, -579797, 802528, 'Up']
[2613928, 1832747, 600670, -374976, 437665, 991936, -352272, -175430, 289144, 373206, 1328196, -25869, 1308263, -640960, -579983, 776151, 'Up']
[2525191, 1805179, 567468, -389429, 436709, 978195, -345354, -174300, 287571, 369828, 1380882, -29592, 1342144, -641533, -577008, 809653, 'Up']
[2603760, 1832424, 597486, -374536, 438063, 992547, -351216, -174924, 289804, 372843, 1314100, -31211, 1302262, -640020, -583326, 770457, 'Up']
[2535537, 1806306, 571201, -388936, 437604, 978591, -341883, -174270, 287480, 370602, 1394215, -23868, 1347317, -642087, -572910, 814089, 'Up']
[2591591, 1830933, 593304, -375195, 438751, 992231, -349392, -175285, 290516, 372655, 1301888, -36194, 1297958, -638915, -585700, 765581, 'Up']
[2548150, 1807971, 575322, -388949, 436631, 979155, -345695, -174607, 286898, 370890, 1403875, -19069, 1350735, -643303, -570867, 817278, 'Up']
[2577335, 1828918, 588215, -376306, 438487, 992121, -350336, -174991, 290927, 372228, 1293694, -40596, 1295703, -638149, -589118, 763143, 'Up']
[2562918, 1810492, 580218, -388392, 436413, 979797, -347420, -175814, 286479, 371619, 1410005, -14610, 1352231, -643604, -569642, 818357, 'Up']
[2562441, 1825938, 582941, -377893, 438808, 990405, -348177, -174246, 290859, 371355, 1289791, -44306, 1295524, -637987, -590974, 762849, 'Up']
[2577858, 1813711, 585438, -386627, 436492, 981019, -348187, -175494, 286245, 371722, 1411700, -11891, 1351869, -644411, -568209, 817888, 'Up']
[2547238, 1822596, 577278, -378912, 438749, 989335, -347193, -173077, 291182, 371020, 1289206, -46719, 1297073, -637468, -591711, 763970, 'Up']
[2591989, 1817522, 590967, -384645, 436797, 983443, -347211, -175569, 286209, 372370, 1409223, -9652, 1349726, -644223, -567241, 815835, 'Up']
[2532991, 1818397, 571991, -381501, 438603, 987755, -347223, -173461, 290539, 370315, 1291937, -48276, 1300105, -637311, -591769, 767238, 'Up']
[2604173, 1820955, 595254, -383189, 437041, 985543, -349099, -176190, 285823, 372548, 1402388, -9562, 1345706, -644482, -567785, 811897, 'Up']
[2521901, 1814270, 567808, -383818, 439036, 985846, -344360, -173363, 290103, 369702, 1298833, -48921, 1304805, -637725, -591019, 771809, 'Up']
[2614564, 1824102, 599179, -381670, 437138, 987170, -350052, -177278, 285968, 372580, 1393618, -10260, 1340774, -644400, -568190, 806942, 'Up']
[2513761, 1810832, 563961, -386052, 438068, 983149, -345188, -174680, 289723, 369317, 1309146, -48187, 1310745, -638214, -590652, 777311, 'Up']
[2620963, 1828212, 601464, -379386, 437379, 988931, -350005, -176503, 286776, 373323, 1381418, -11220, 1334157, -643736, -570821, 799499, 'Up']
[2510445, 1808964, 562987, -386977, 437747, 982283, -345228, -172086, 289421, 369680, 1322790, -45075, 1317615, -638070, -588865, 783477, 'Up']
[2623889, 1831115, 603233, -376879, 437701, 990693, -349637, -176738, 287639, 374208, 1367845, -13146, 1327664, -642616, -573167, 793405, 'Up']
[2509322, 1807022, 562238, -387766, 437889, 980311, -344280, -174443, 289329, 370121, 1338263, -41239, 1325243, -638651, -586201, 790625, 'Up']
[2621695, 1832210, 603021, -375562, 438116, 991574, -351762, -176080, 288243, 374103, 1351591, -17185, 1320036, -641718, -575880, 785159, 'Up']
[2511906, 1805560, 563253, -388222, 437916, 979865, -343178, -173234, 288831, 369999, 1354273, -36987, 1332612, -639246, -582351, 797729, 'Up']
[2616418, 1832715, 601826, -374638, 438230, 992542, -350031, -175846, 288736, 373654, 1334707, -22316, 1312839, -640931, -578280, 778024, 'Up']
[2518707, 1805263, 565626, -388879, 437450, 978980, -343599, -173848, 288115, 369884, 1370046, -32054, 1339437, -640640, -578557, 804557, 'Up']
[2607972, 1832756, 598829, -374566, 438973, 992698, -350612, -176698, 289538, 373262, 1319362, -27493, 1306153, -640209, -581789, 771461, 'Up']
[2526792, 1805380, 568225, -389369, 437296, 978619, -345355, -173830, 287369, 369975, 1384113, -27009, 1345168, -641793, -575613, 809286, 'Up']
[2596887, 1831968, 595511, -374534, 438777, 993139, -350365, -175716, 289835, 372670, 1305577, -33379, 1300802, -639355, -585500, 765990, 'Up']
[2539224, 1806967, 572896, -388625, 437157, 979371, -345543, -173951, 287004, 370637, 1396698, -21686, 1350030, -642363, -572692, 814192, 'Up']
[2584093, 1830640, 591441, -374420, 439125, 993180, -349522, -174264, 290469, 372641, 1295495, -37730, 1297592, -638145, -588135, 763171, 'Up']
[2553322, 1809448, 578062, -387363, 436871, 979775, -344956, -175399, 286902, 371572, 1405052, -16361, 1352647, -642920, -570125, 816940, 'Up']
[2570558, 1828352, 586717, -375183, 439051, 991759, -348898, -175329, 291059, 372148, 1289434, -41413, 1296365, -637680, -590097, 761616, 'Up']
