[2391294, 2368038, 1026197, 317544, -410888, 1574477, -193220, 179484, 1108872, 889609, 1107159, 226281, 1410564, -74420, -245217, 1514042, 'Up']
[2360195, 2373100, 999614, 319704, -411707, 1575020, -194527, 184077, 1116910, 896751, 959925, 171374, 1351214, -67206, -248810, 1463049, 'Up']
[2402326, 2368296, 1032153, 322329, -412750, 1578682, -195339, 180042, 1108851, 889990, 1092957, 227086, 1406392, -73851, -244118, 1509755, 'Up']
[2349103, 2372605, 993882, 314208, -411378, 1570282, -195234, 181689, 1116123, 896227, 975046, 171724, 1356610, -67359, -249859, 1467989, 'Up']
[2411587, 2368437, 1036892, 326555, -414784, 1582204, -198300, 178446, 1108879, 890091, 1074541, 225079, 1399797, -73769, -244406, 1503313, 'Up']
[2340291, 2372018, 990370, 309946, -409859, 1567118, -192140, 182982, 1115282, 895044, 994916, 173504, 1363903, -67905, -250261, 1474798, 'Up']
[2418601, 2368995, 1039882, 330505, -415646, 1585702, -197827, 179820, 1109291, 890745, 1053306, 221890, 1392275, -73139, -243354, 1496322, 'Up']
[2335046, 2371009, 988166, 305779, -408864, 1564783, -191810, 182634, 1114460, 894414, 1016525, 177226, 1372274, -68854, -250245, 1482274, 'Up']
[2422018, 2368544, 1040186, 332527, -417102, 1587580, -201924, 179468, 1109635, 890696, 1029850, 216201, 1383318, -72978, -244394, 1488469, 'Up']
[2332312, 2369620, 987914, 302957, -408590, 1562176, -191136, 181799, 1113407, 892960, 1038569, 181829, 1380505, -70339, -251304, 1489272, 'Up']
[2422897, 2369348, 1040074, 335287, -417473, 1589384, -200252, 181564, 1110435, 891365, 1006345, 210117, 1374429, -72050, -244182, 1480755, 'Up']
[2332915, 2369430, 989510, 301945, -408165, 1561445, -188772, 182058, 1112532, 892119, 1061681, 189193, 1389535, -70819, -250383, 1497554, 'Up']
[2421092, 2370145, 1037409, 336552, -418166, 1590190, -201120, 180363, 1111710, 892604, 983946, 203162, 1365255, -70611, -244659, 1472925, 'Up']
[2336399, 2368726, 992653, 301400, -408113, 1560667, -190582, 179999, 1111643, 891255, 1082912, 196854, 1397923, -71403, -250363, 1504795, 'Up']
[2416308, 2371190, 1033244, 336543, -417820, 1589149, -201272, 180565, 1113007, 893589, 964751, 195330, 1357045, -69997, -245710, 1465772, 'Up']
[2342954, 2368882, 997519, 302907, -407800, 1562144, -188759, 182346, 1110990, 891362, 1100212, 205279, 1404956, -72197, -248569, 1510582, 'Up']
[2409162, 2371171, 1028440, 335245, -417342, 1587889, -200932, 180703, 1113792, 894233, 950352, 188069, 1351354, -68585, -245322, 1461108, 'Up']
[2350900, 2367619, 1003486, 304152, -408007, 1563249, -190490, 181257, 1109547, 889831, 1111597, 211759, 1410237, -73669, -247901, 1514845, 'Up']
[2399945, 2371654, 1022520, 332872, -416568, 1586256, -199096, 181709, 1114753, 894594, 941881, 181010, 1347142, -68373, -246637, 1458112, 'Up']
[2361009, 2367625, 1008877, 306833, -408613, 1566271, -190244, 180571, 1109053, 889567, 1117087, 217742, 1412915, -73556, -246647, 1516870, 'Up']
[2388406, 2371244, 1015058, 329318, -416685, 1583600, -199658, 181699, 1114892, 895170, 938457, 175630, 1344745, -67555, -247705, 1456027, 'Up']
[2371892, 2366184, 1015977, 309904, -410882, 1568917, -192394, 179862, 1107336, 887862, 1116445, 221525, 1413354, -75192, -247034, 1517205, 'Up']
[2376041, 2371729, 1007996, 325430, -415049, 1580038, -196388, 182743, 1115393, 895132, 942294, 171884, 1345628, -67851, -248824, 1457575, 'Up']
[2383931, 2366874, 1022510, 314617, -411101, 1572833, -194209, 179650, 1107879, 888448, 1109637, 224660, 1411681, -74648, -245526, 1514966, 'Up']
[2363916, 2371525, 1001481, 320897, -413640, 1576309, -196526, 183209, 1115922, 895415, 951413, 170423, 1348313, -67556, -249641, 1459952, 'Up']
[2395945, 2366608, 1029050, 319417, -412944, 1576348, -195335, 179593, 1107970, 888077, 1098044, 225872, 1408090, -74755, -244782, 1511208, 'Up']
[2352529, 2371647, 995863, 316262, -412575, 1571956, -194477, 182333, 1115813, 894894, 965942, 170144, 1353573, -68108, -249933, 1464846, 'Up']
[2406703, 2368025, 1034599, 325039, -414087, 1580678, -195752, 179234, 1108456, 889135, 1081784, 225738, 1402590, -73549, -243937, 1505722, 'Up']
[2344005, 2371852, 991890, 312518, -410554, 1568905, -192568, 184048, 1115811, 895205, 984187, 172713, 1359927, -67772, -249355, 1471249, 'Up']
[2415411, 2368209, 1038834, 329547, -415480, 1584229, -196476, 180342, 1108889, 889976, 1062856, 223820, 1395707, -73068, -242962, 1500146, 'Up']
[2336997, 2371172, 988813, 308401, -409306, 1565084, -191282, 182620, 1114883, 894362, 1005186, 175251, 1367597, -68613, -249765, 1478350, 'Up']
[2421057, 2368220, 1040834, 332429, -416774, 1586465, -199685, 178584, 1109423, 890083, 1040202, 219322, 1387171, -72778, -243308, 1491844, 'Up']
[2333637, 2370433, 987948, 305102, -408481, 1563036, -190203, 183165, 1113789, 893398, 1027899, 179834, 1376221, -69522, -250426, 1486047, 'Up']
[2423210, 2368496, 1040190, 334356, -417803, 1587995, -200769, 178507, 1110010, 890646, 1016228, 213448, 1377989, -72188, -243764, 1483535, 'Up']
[2332574, 2369527, 988301, 302812, -408131, 1561679, -190242, 183478, 1112423, 892257, 1050559, 185687, 1384791, -70334, -250541, 1493448, 'Up']
[2422360, 2369227, 1038225, 336065, -417877, 1589567, -200912, 180543, 1110859, 891706, 992719, 206262, 1368271, -70980, -244073, 1475537, 'Up']
[2334930, 2368738, 991283, 301690, -407496, 1561004, -188486, 181280, 1111584, 890884, 1072708, 192991, 1393421, -71081, -250005, 1501214, 'Up']
[2418609, 2369869, 1035439, 336342, -417998, 1589439, -200790, 180802, 1111909, 892387, 972362, 198524, 1360172, -70409, -244521, 1468708, 'Up']
[2339279, 2368290, 995215, 301886, -407619, 1561298, -189225, 181132, 1110508, 890377, 1091661, 200925, 1401336, -72642, -249325, 1507953, 'Up']
[2412543, 2370243, 1031085, 335758, -417893, 1588953, -199916, 181510, 1113247, 893239, 955502, 190899, 1353112, -69303, -245274, 1462977, 'Up']
[2346448, 2368217, 1000096, 303200, -407771, 1562632, -188598, 181706, 1109756, 889733, 1106457, 208233, 1407550, -72826, -248064, 1513592, 'Up']
[2404268, 2371164, 1024917, 334033, -417721, 1586947, -200370, 180993, 1114364, 894571, 943550, 184092, 1347916, -68157, -245982, 1458461, 'Up']
[2355793, 2367301, 1005949, 304984, -409457, 1564293, -191687, 179962, 1108703, 889037, 1114450, 214908, 1411354, -73577, -247707, 1515710, 'Up']
[2394003, 2372023, 1018350, 331822, -416803, 1585110, -198391, 182904, 1114875, 895379, 938445, 178267, 1344995, -67663, -247091, 1456413, 'Up']
[2367296, 2367012, 1012912, 309247, -410142, 1567533, -192406, 179207, 1108163, 889074, 1116556, 220769, 1413005, -73607, -246315, 1516801, 'Up']
[2382764, 2371991, 1012065, 328416, -415725, 1581984, -197231, 183161, 1114913, 895015, 940159, 174143, 1345141, -67040, -247802, 1457363, 'Up']
[2379198, 2366665, 1020056, 313222, -411203, 1570875, -194110, 179584, 1107813, 888611, 1113192, 224283, 1412859, -73991, -245399, 1516413, 'Up']
[2370117, 2371664, 1004973, 323641, -414248, 1577967, -195194, 183384, 1114856, 894894, 946304, 170977, 1346800, -67523, -248310, 1459026, 'Up']
[2391076, 2366227, 1026640, 317243, -412579, 1574646, -194569, 179607, 1107086, 888039, 1103175, 225327, 1409656, -74328, -244310, 1513441, 'Up']
[2358231, 2371223, 998364, 318446, -413241, 1573786, -195901, 183601, 1114936, 894565, 957372, 169333, 1350199, -67621, -249104, 1462270, 'Up']
[2402315, 2366199, 1032043, 321731, -413908, 1578237, -196722, 178070, 1107071, 887872, 1087979, 225247, 1404390, -74266, -244173, 1507991, 'Up']
[2347644, 2370395, 993268, 313513, -411822, 1569573, -192932, 183416, 1114540, 893880, 973160, 169752, 1355736, -68033, -249538, 1467054, 'Up']
[2411532, 2366816, 1036658, 326757, -415492, 1582210, -199068, 180577, 1107084, 887673, 1070122, 223397, 1398379, -74521, -243896, 1502357, 'Up']
[2339614, 2370424, 989291, 309386, -410994, 1566425, -192667, 182505, 1114348, 893307, 993336, 172475, 1363170, -68705, -250486, 1474135, 'Up']
[2418642, 2367427, 1039166, 330335, -416826, 1584832, -198198, 177632, 1108459, 888611, 1048858, 220211, 1390134, -73531, -243894, 1494500, 'Up']
[2334810, 2370272, 988020, 306304, -409422, 1564076, -190600, 184320, 1113829, 893203, 1015986, 176756, 1371075, -69077, -250099, 1481477, 'Up']
[2422402, 2368781, 1040395, 334239, -416896, 1587659, -198985, 181678, 1109603, 890322, 1026295, 215986, 1381345, -72046, -243031, 1487275, 'Up']
[2332578, 2369510, 987989, 303996, -408505, 1561733, -191461, 181997, 1113382, 892703, 1038830, 182822, 1380020, -69688, -249679, 1489048, 'Up']
[2423177, 2368701, 1039728, 335959, -418251, 1588513, -200892, 179564, 1110360, 890577, 1002512, 209300, 1372355, -71593, -243481, 1478762, 'Up']
[2333234, 2367974, 989870, 302279, -408353, 1560177, -191414, 181267, 1111401, 890949, 1061617, 189143, 1389086, -70779, -249952, 1497194, 'Up']
[2420553, 2368934, 1037068, 336873, -417970, 1588929, -201284, 181377, 1111166, 891126, 980077, 201371, 1363537, -70936, -243625, 1471586, 'Up']
[2337045, 2367528, 993131, 302017, -408227, 1560508, -191218, 181058, 1110881, 889985, 1081929, 196730, 1397700, -72004, -248940, 1504799, 'Up']
[2416207, 2369553, 1032858, 336604, -417881, 1588699, -199762, 180611, 1112056, 891981, 961449, 193673, 1356093, -70090, -244580, 1465507, 'Up']
[2342972, 2366926, 996819, 302285, -408202, 1561355, -189720, 181256, 1109570, 888931, 1098717, 204136, 1404683, -72759, -248089, 1510549, 'Up']
[2408278, 2369829, 1026834, 334909, -418125, 1587542, -200781, 181545, 1112991, 892550, 946292, 185783, 1349586, -69165, -245685, 1459340, 'Up']
[2351754, 2366660, 1002614, 304260, -408880, 1563232, -189977, 181175, 1108427, 888228, 1109706, 211310, 1409706, -73518, -247681, 1514218, 'Up']
[2399145, 2370296, 1020697, 332717, -417849, 1585244, -200342, 182251, 1113845, 893658, 938146, 179515, 1345879, -68258, -246743, 1456565, 'Up']
[2361905, 2366073, 1008665, 306742, -410329, 1564961, -193851, 179312, 1107464, 887476, 1114542, 216975, 1412281, -74108, -247252, 1516161, 'Up']
[2388007, 2370529, 1014044, 329325, -417005, 1581805, -199903, 181322, 1114396, 893174, 936649, 174177, 1344265, -68295, -248391, 1455177, 'Up']
[2373665, 2365977, 1016186, 310968, -410701, 1568361, -192507, 179919, 1107193, 887146, 1113851, 221529, 1412717, -74946, -245911, 1515826, 'Up']
[2375645, 2371081, 1007377, 325855, -415142, 1579082, -197267, 183208, 1115177, 894638, 940153, 171323, 1344733, -67130, -247414, 1455667, 'Up']
[2385135, 2365839, 1022752, 315501, -412151, 1572317, -195068, 179969, 1106634, 887338, 1106637, 224348, 1410306, -74484, -245256, 1513093, 'Up']
[2362958, 2370235, 1000825, 320536, -414734, 1574842, -197232, 182319, 1114488, 894054, 950372, 169495, 1347193, -67730, -249144, 1458872, 'Up']
[2396372, 2365689, 1028813, 319788, -413450, 1576326, -196828, 179454, 1106134, 886826, 1094582, 224697, 1406013, -74854, -245280, 1509457, 'Up']
[2351181, 2369909, 994466, 315656, -412893, 1571305, -193290, 182797, 1114223, 893474, 964569, 169024, 1352386, -67936, -249639, 1464158, 'Up']
[2405391, 2364784, 1033576, 324035, -415136, 1579744, -197749, 178401, 1106457, 886992, 1077445, 223711, 1400276, -74397, -244098, 1504044, 'Up']
[2340366, 2368377, 989745, 310677, -411709, 1567269, -193903, 183226, 1112887, 892027, 982118, 169766, 1358316, -68538, -250861, 1469990, 'Up']
[2412789, 2364637, 1037285, 328489, -416166, 1583232, -198361, 178680, 1106053, 887064, 1057052, 220885, 1392779, -74063, -244287, 1497328, 'Up']
[2333745, 2367384, 987587, 307774, -410021, 1564695, -192261, 183880, 1112242, 891716, 1003122, 173450, 1366565, -68812, -250467, 1477319, 'Up']
[2417490, 2364341, 1039055, 332298, -417288, 1586034, -200131, 180039, 1106813, 887677, 1034908, 216826, 1384928, -72779, -243478, 1490196, 'Up']
[2328536, 2364997, 986232, 304146, -409935, 1561300, -192729, 181416, 1110761, 890226, 1025593, 177929, 1374884, -70033, -250857, 1484926, 'Up']
[2417847, 2363463, 1038661, 334188, -418649, 1587088, -200071, 179958, 1106444, 887076, 1010668, 209846, 1375125, -73081, -244183, 1481625, 'Up']
[2327543, 2364044, 986985, 302163, -409198, 1560038, -190991, 181357, 1109395, 888968, 1048227, 183363, 1383474, -71086, -250434, 1492537, 'Up']
[2417301, 2364167, 1036515, 335771, -418691, 1588504, -201730, 180086, 1107841, 888440, 987238, 202947, 1366149, -71499, -244297, 1473426, 'Up']
[2329818, 2362857, 989603, 301065, -408680, 1559580, -190650, 179490, 1107882, 887896, 1070373, 190885, 1392512, -71972, -250057, 1500290, 'Up']
[2412927, 2364360, 1033237, 335808, -418940, 1588334, -201316, 180307, 1108230, 888760, 966863, 194792, 1358233, -70944, -244881, 1466671, 'Up']
[2334364, 2362662, 993530, 301320, -408907, 1560158, -192415, 182127, 1106386, 886891, 1088842, 198595, 1400422, -73363, -249332, 1506974, 'Up']
[2406724, 2365002, 1028684, 334967, -418804, 1587342, -203104, 180950, 1109464, 889887, 949956, 187131, 1351118, -70154, -245946, 1460903, 'Up']
[2342249, 2362296, 998964, 302594, -408895, 1561153, -191871, 180196, 1105900, 886062, 1102762, 206070, 1406596, -74161, -248565, 1511769, 'Up']
[2398497, 2366047, 1023193, 333341, -417688, 1585494, -200112, 180178, 1110074, 890501, 939299, 180099, 1346454, -69449, -246660, 1457182, 'Up']
[2352131, 2362720, 1005059, 305594, -409201, 1563521, -192697, 180923, 1105402, 885825, 1110746, 213138, 1410734, -74239, -247278, 1514966, 'Up']
[2389043, 2367361, 1016507, 331472, -417201, 1583053, -199838, 181587, 1111999, 891920, 933861, 175166, 1343806, -68054, -247355, 1454787, 'Up']
[2364467, 2362978, 1012334, 309370, -410879, 1566111, -193717, 178807, 1105375, 885788, 1112616, 218353, 1412083, -74630, -246645, 1515769, 'Up']
[2378369, 2368579, 1010736, 328348, -415882, 1580402, -197777, 183209, 1112988, 892475, 936521, 171424, 1344025, -67771, -247659, 1455768, 'Up']
[2377323, 2363537, 1019893, 313891, -411247, 1570026, -195032, 179589, 1105346, 885753, 1109413, 222349, 1412023, -74716, -245473, 1515520, 'Up']
[2366887, 2368960, 1003944, 323554, -414391, 1576000, -196696, 182006, 1113560, 892820, 944221, 168986, 1346714, -67602, -247947, 1458375, 'Up']
[2389990, 2363957, 1026636, 318076, -412680, 1573350, -195921, 178413, 1105678, 885831, 1099452, 223936, 1409206, -74751, -244440, 1511691, 'Up']
[2355506, 2369263, 997419, 318618, -413289, 1572236, -196506, 182884, 1113520, 893225, 956623, 168524, 1351038, -67531, -248904, 1462104, 'Up']
[2401856, 2364730, 1031854, 322890, -414239, 1577470, -198048, 178632, 1105656, 886345, 1084915, 224309, 1404176, -74567, -244374, 1506709, 'Up']
[2345712, 2369122, 992111, 313826, -412213, 1568524, -195026, 182871, 1113633, 892419, 973127, 169208, 1356699, -67618, -249840, 1467252, 'Up']
[2410847, 2365398, 1035668, 327416, -415837, 1581269, -199749, 178343, 1106112, 886759, 1066172, 222499, 1397766, -74062, -244124, 1500580, 'Up']
[2337669, 2368413, 988278, 309415, -410714, 1564959, -193822, 181927, 1112562, 891882, 992521, 171684, 1364111, -68800, -250051, 1473560, 'Up']
[2417528, 2366139, 1038460, 331615, -416133, 1584713, -199368, 180518, 1107117, 887819, 1044409, 219252, 1389756, -73206, -243031, 1493091, 'Up']
[2333048, 2368162, 986935, 306099, -409697, 1562190, -192815, 181585, 1112218, 890943, 1014785, 175976, 1372426, -69209, -249939, 1481202, 'Up']
[2421415, 2367007, 1039220, 334330, -417534, 1586539, -201837, 178839, 1107974, 888455, 1021366, 214086, 1381317, -72518, -243610, 1485024, 'Up']
[2331543, 2367647, 987164, 303728, -409045, 1560232, -192665, 180733, 1111973, 890445, 1038160, 181935, 1381483, -70210, -250233, 1488498, 'Up']
[2422091, 2367893, 1038374, 336335, -418285, 1587816, -202030, 180316, 1108929, 889207, 998158, 207499, 1372238, -71790, -244186, 1476989, 'Up']
[2332763, 2368048, 988889, 302807, -408497, 1559967, -192220, 182179, 1110820, 890203, 1061053, 189368, 1390721, -70665, -250197, 1496799, 'Up']
[2419932, 2368732, 1035913, 337167, -418608, 1588302, -202790, 178613, 1109926, 890630, 976367, 200539, 1363631, -70052, -245151, 1469616, 'Up']
[2337117, 2367624, 992857, 302405, -408478, 1559980, -191083, 180070, 1109740, 889164, 1082092, 197164, 1399003, -71692, -250393, 1503821, 'Up']
[2415428, 2370281, 1032252, 337511, -418250, 1588881, -201193, 182627, 1111292, 891885, 958984, 193413, 1356394, -68941, -245748, 1463871, 'Up']
[2344200, 2368181, 997975, 303904, -407843, 1561549, -190789, 181119, 1109439, 889534, 1099456, 206316, 1406383, -71458, -249135, 1510131, 'Up']
[2408539, 2370840, 1027131, 335703, -418053, 1586964, -202122, 180083, 1112986, 893357, 946166, 186597, 1350501, -67715, -246561, 1458686, 'Up']
[2352680, 2367219, 1003386, 304829, -408349, 1562448, -192000, 178639, 1107921, 888392, 1110218, 212482, 1410806, -72493, -249015, 1513134, 'Up']
[2398510, 2371063, 1020953, 333266, -417037, 1584939, -200720, 182248, 1113365, 893484, 937963, 179553, 1346633, -66970, -247406, 1455045, 'Up']
[2363095, 2366572, 1010471, 307620, -409638, 1565410, -193072, 180614, 1106982, 887795, 1115003, 217837, 1413660, -72845, -247716, 1515433, 'Up']
[2387332, 2371271, 1014977, 329155, -416056, 1582022, -199393, 181684, 1113406, 893837, 937182, 174630, 1345566, -66833, -248213, 1455286, 'Up']
[2374578, 2366067, 1017370, 310531, -410591, 1568251, -196056, 178051, 1106378, 886951, 1113384, 221861, 1413785, -73056, -247104, 1515239, 'Up']
[2375035, 2371550, 1007680, 324757, -414845, 1578174, -198253, 181899, 1113685, 893640, 941097, 171035, 1346351, -67178, -249405, 1456149, 'Up']
[2386849, 2366578, 1024660, 315258, -411679, 1572210, -195152, 178978, 1106384, 886838, 1105810, 224552, 1411616, -73659, -245859, 1513187, 'Up']
[2363160, 2371966, 1001815, 320575, -412907, 1574481, -196529, 183341, 1114373, 894171, 951287, 170127, 1349388, -66365, -249642, 1459610, 'Up']
[2398759, 2366867, 1031218, 320247, -413150, 1576035, -197734, 178436, 1106864, 887477, 1093208, 226050, 1407378, -73301, -244953, 1508653, 'Up']
[2351957, 2371992, 996366, 315594, -411967, 1570262, -195744, 182834, 1114351, 893795, 966226, 170223, 1354384, -66956, -250723, 1464134, 'Up']
[2408635, 2367717, 1036439, 325140, -414796, 1579742, -198811, 179079, 1107318, 887917, 1076751, 225332, 1401513, -72567, -244561, 1503001, 'Up']
[2343136, 2371474, 992371, 311363, -410451, 1566906, -193782, 182479, 1114426, 894116, 984773, 172505, 1361101, -66670, -250467, 1469932, 'Up']
[2416542, 2367783, 1040263, 329550, -415644, 1583576, -200354, 179610, 1107487, 888449, 1057121, 222635, 1394612, -71874, -244060, 1496843, 'Up']
[2336268, 2370161, 989511, 306960, -409315, 1563766, -192277, 181669, 1113561, 892901, 1006254, 175418, 1369149, -67742, -250421, 1477841, 'Up']
[2420618, 2368017, 1040594, 332284, -416399, 1585771, -200783, 178511, 1108214, 888884, 1033574, 217749, 1385753, -71604, -243515, 1488545, 'Up']
[2332358, 2369327, 988089, 304231, -408261, 1561952, -191881, 182527, 1112528, 891789, 1027628, 180143, 1377432, -68123, -250187, 1484407, 'Up']
[2422472, 2368350, 1040412, 334965, -417352, 1587798, -201850, 180250, 1108914, 890037, 1009606, 211845, 1376640, -70639, -243491, 1480133, 'Up']
[2332452, 2368638, 989471, 302476, -408258, 1560637, -190326, 181613, 1111430, 890928, 1051309, 186592, 1386600, -68594, -249854, 1492509, 'Up']
[2421585, 2368979, 1038686, 336341, -417764, 1588515, -202248, 180140, 1109787, 890348, 987522, 204870, 1367771, -70080, -243953, 1473008, 'Up']
[2334927, 2367701, 992520, 301758, -408049, 1559643, -191429, 181279, 1110100, 889505, 1073493, 194007, 1395285, -70605, -249943, 1500425, 'Up']
[2417720, 2369443, 1035690, 336744, -417962, 1588606, -201726, 180412, 1110846, 890776, 967270, 197076, 1359703, -69001, -244624, 1466148, 'Up']
[2339999, 2367490, 996368, 302263, -408013, 1560385, -191867, 180062, 1109122, 889053, 1092394, 202163, 1403165, -71482, -249183, 1507377, 'Up']
[2410758, 2370040, 1030511, 335888, -418154, 1587829, -203093, 180454, 1111950, 892274, 951094, 189664, 1352848, -68107, -245744, 1460371, 'Up']
[2347634, 2367539, 1001523, 304073, -408052, 1562400, -191548, 181097, 1108602, 888584, 1105180, 209730, 1408854, -71388, -248312, 1511564, 'Up']
[2402532, 2370771, 1025320, 334396, -417337, 1586396, -199743, 181679, 1113242, 893320, 940095, 183189, 1347912, -66786, -245583, 1456334, 'Up']
[2357508, 2366807, 1008210, 306061, -409097, 1564154, -192825, 180333, 1107860, 887682, 1113067, 216399, 1412803, -72315, -246741, 1514933, 'Up']
[2391694, 2371121, 1018191, 330711, -415605, 1583034, -199204, 181787, 1113939, 893379, 935904, 176985, 1345786, -66926, -246850, 1454699, 'Up']
[2368745, 2365886, 1014715, 308888, -409809, 1566898, -194089, 179465, 1106949, 887246, 1113368, 220589, 1413794, -72751, -246006, 1514438, 'Up']
[2380036, 2370916, 1010852, 326575, -414836, 1579883, -198634, 181955, 1114043, 893067, 937903, 172415, 1345948, -66824, -247941, 1455033, 'Up']
[2380396, 2365649, 1021114, 313219, -410866, 1570717, -194393, 179694, 1106780, 886644, 1108458, 223441, 1412982, -73233, -245233, 1513293, 'Up']
[2367192, 2370628, 1003666, 322327, -414393, 1576108, -197914, 181103, 1114254, 893234, 944933, 169880, 1347950, -66488, -248757, 1456986, 'Up']
[2391819, 2365375, 1027261, 317916, -413068, 1574526, -197218, 178262, 1105650, 885909, 1097775, 224494, 1409446, -73632, -245725, 1509827, 'Up']
[2355327, 2370370, 997316, 317862, -412358, 1572609, -195147, 183903, 1113606, 893040, 957101, 168943, 1351741, -66357, -249469, 1461162, 'Up']
[2403434, 2365757, 1032996, 322964, -413948, 1578472, -197798, 178682, 1105900, 886374, 1082408, 224536, 1403986, -73281, -244691, 1504885, 'Up']
[2345661, 2369844, 992369, 312683, -411284, 1568139, -194120, 182471, 1113785, 892349, 973984, 169988, 1357556, -66771, -250092, 1466542, 'Up']
[2412512, 2366176, 1037410, 327070, -415517, 1581760, -199250, 178673, 1106276, 886739, 1063835, 222703, 1397342, -72945, -244165, 1498753, 'Up']
[2337822, 2369701, 988912, 308428, -409874, 1564846, -194826, 181331, 1113329, 892216, 994044, 172859, 1364961, -67313, -250632, 1473117, 'Up']
[2418341, 2366894, 1039332, 330717, -416780, 1584637, -201043, 179705, 1106894, 887475, 1041346, 219102, 1388949, -72251, -244878, 1490547, 'Up']
[2333481, 2369113, 987815, 305288, -409293, 1562683, -190729, 181861, 1112608, 891555, 1016340, 177377, 1372964, -67868, -250743, 1480239, 'Up']
[2421410, 2367158, 1040172, 333093, -417417, 1586479, -203054, 178188, 1107700, 888049, 1019061, 213971, 1380163, -71542, -244369, 1483086, 'Up']
[2331510, 2368277, 988402, 302979, -408561, 1561011, -191683, 182577, 1111137, 890322, 1040179, 182851, 1381993, -69162, -251605, 1488461, 'Up']
[2421629, 2368122, 1039577, 335541, -417738, 1588737, -200186, 181250, 1109118, 889591, 996181, 207693, 1371473, -69984, -243984, 1475953, 'Up']
[2332139, 2367453, 989987, 301266, -408324, 1559777, -191424, 180861, 1110466, 889692, 1062408, 190066, 1390746, -69124, -250253, 1496482, 'Up']
[2418301, 2368162, 1036059, 335630, -418117, 1588190, -202300, 179357, 1109547, 889666, 973608, 199598, 1362047, -69890, -245061, 1467618, 'Up']
[2335985, 2366385, 993094, 300633, -407636, 1559140, -192187, 179197, 1108871, 888011, 1082082, 197159, 1398803, -71577, -250070, 1502723, 'Up']
[2413176, 2368299, 1031641, 335055, -418151, 1587194, -203523, 179772, 1110293, 890180, 955090, 191387, 1354493, -69348, -246040, 1460769, 'Up']
[2342972, 2366195, 997836, 302021, -407790, 1560861, -191273, 180881, 1107875, 887313, 1097873, 205000, 1405486, -71822, -249224, 1508583, 'Up']
[2405465, 2369102, 1026372, 334028, -417729, 1586253, -202459, 180886, 1111671, 891353, 941691, 184441, 1348707, -67894, -246116, 1456514, 'Up']
[2351898, 2366131, 1003993, 304264, -408245, 1562736, -190332, 181540, 1106811, 886928, 1108051, 212065, 1410384, -72562, -248170, 1512428, 'Up']
[2396087, 2370214, 1020514, 332301, -417451, 1584542, -200829, 181884, 1112560, 892788, 934856, 178988, 1345482, -66287, -246551, 1454269, 'Up']
[2362532, 2365770, 1010661, 307675, -410193, 1565321, -192663, 179364, 1105922, 886741, 1112386, 218268, 1412317, -72449, -247022, 1514191, 'Up']
[2384637, 2370543, 1013512, 328786, -416121, 1581286, -199411, 180988, 1112989, 893081, 934255, 173973, 1343971, -66103, -247701, 1453400, 'Up']
[2374145, 2365005, 1017706, 311158, -411323, 1568423, -194796, 179711, 1105526, 886354, 1110002, 222122, 1412150, -73369, -246132, 1513319, 'Up']
[2372699, 2370513, 1006604, 324541, -415001, 1577811, -199394, 182630, 1113122, 892568, 939113, 170300, 1345336, -66670, -248838, 1455148, 'Up']
[2386990, 2365232, 1024618, 315714, -412477, 1572252, -196458, 176970, 1105545, 886291, 1102048, 224524, 1410427, -73191, -245420, 1511231, 'Up']
[2360926, 2370271, 999875, 319807, -413678, 1573679, -198119, 182479, 1113193, 892434, 949818, 169075, 1348690, -66461, -249337, 1458407, 'Up']
[2398500, 2365279, 1030470, 321002, -413307, 1576408, -197506, 179043, 1105401, 886060, 1089324, 225077, 1405685, -73271, -244291, 1507127, 'Up']
[2349745, 2369885, 994337, 315362, -412430, 1570042, -194793, 181399, 1112978, 892242, 964972, 169269, 1353595, -66535, -249699, 1463469, 'Up']
[2408026, 2365754, 1035126, 325535, -415615, 1580287, -200752, 179581, 1105368, 886324, 1072603, 223813, 1399651, -72831, -244033, 1501592, 'Up']
[2340710, 2369644, 990044, 310909, -410956, 1566122, -192333, 180849, 1113035, 892127, 983677, 171366, 1360495, -66543, -250182, 1469465, 'Up']
[2415353, 2366300, 1038199, 329142, -416548, 1582794, -200788, 177905, 1106357, 886460, 1052065, 220733, 1392363, -72877, -244235, 1494209, 'Up']
[2334772, 2369399, 987397, 306953, -409832, 1563167, -193353, 182626, 1112375, 891351, 1004968, 174591, 1368235, -67866, -251175, 1476119, 'Up']
[2420604, 2366954, 1039864, 332421, -417937, 1585515, -202425, 178038, 1107505, 887364, 1029162, 216516, 1383910, -71685, -244429, 1486397, 'Up']
[2331774, 2368479, 987351, 304166, -409504, 1561471, -192661, 181556, 1111552, 890313, 1028281, 179607, 1377355, -68616, -251509, 1484306, 'Up']
[2422039, 2367640, 1039244, 335425, -417892, 1587775, -201946, 179971, 1108245, 888517, 1005554, 210578, 1374959, -70218, -244164, 1478696, 'Up']
[2331750, 2367573, 988311, 302837, -409085, 1559880, -194473, 180109, 1110486, 889191, 1051161, 186316, 1386529, -69656, -250537, 1492172, 'Up']
[2421088, 2367994, 1037963, 337071, -418173, 1588759, -201189, 180124, 1109017, 889244, 982892, 203246, 1366262, -69563, -244138, 1471053, 'Up']
[2334879, 2367028, 991957, 302611, -408389, 1560147, -190299, 181524, 1109119, 888655, 1072968, 193966, 1395553, -69545, -248730, 1500800, 'Up']
[2416881, 2368249, 1033844, 336783, -418787, 1588094, -203505, 180238, 1109825, 890436, 962108, 195345, 1357828, -68569, -243998, 1464384, 'Up']
[2340583, 2365989, 996065, 302346, -407968, 1560047, -192137, 180633, 1107594, 887402, 1090671, 201646, 1402653, -71442, -248329, 1506694, 'Up']
[2410384, 2368596, 1029369, 335549, -418150, 1586737, -202233, 180462, 1110753, 890749, 946459, 187307, 1351305, -68158, -244546, 1458962, 'Up']
[2348411, 2365535, 1001393, 303529, -408979, 1560526, -193933, 179090, 1106353, 886540, 1103321, 208757, 1408553, -72630, -247837, 1511139, 'Up']
[2401500, 2369418, 1023356, 333816, -417532, 1584587, -201229, 181403, 1112088, 891607, 935771, 180493, 1346527, -67305, -246123, 1454222, 'Up']
[2358386, 2364891, 1007687, 306296, -409257, 1562880, -192361, 178396, 1106120, 885780, 1110086, 215107, 1411940, -73216, -246599, 1513299, 'Up']
[2390902, 2369556, 1016967, 330859, -416792, 1581935, -201574, 179746, 1112742, 891954, 932963, 175147, 1344621, -67142, -247258, 1453224, 'Up']
[2369045, 2364991, 1013838, 309886, -410520, 1565825, -194150, 177824, 1106076, 885809, 1111257, 219843, 1412952, -72868, -246579, 1513955, 'Up']
[2377999, 2369614, 1008976, 326984, -415475, 1578511, -199698, 181962, 1113701, 892256, 935037, 171434, 1344437, -66617, -247913, 1453275, 'Up']
[2381040, 2364608, 1020805, 314012, -411553, 1569725, -196890, 178088, 1105639, 885217, 1105042, 222743, 1411219, -73745, -246300, 1511867, 'Up']
[2366110, 2369547, 1002787, 322159, -414672, 1574703, -197868, 180906, 1113535, 891823, 943788, 168736, 1347159, -66660, -249306, 1456721, 'Up']
[2393340, 2364748, 1027955, 318744, -413540, 1573770, -197651, 178229, 1105353, 884706, 1095509, 224067, 1408259, -74047, -245860, 1509911, 'Up']
[2354659, 2370023, 996955, 317765, -413513, 1570996, -198162, 181979, 1113693, 892254, 957337, 168492, 1351423, -66580, -250171, 1461676, 'Up']
[2404268, 2365545, 1033225, 323893, -414535, 1577821, -197689, 177884, 1105821, 885918, 1079818, 224477, 1402849, -72935, -244685, 1504745, 'Up']
[2344736, 2369764, 991694, 313161, -411145, 1567252, -194388, 183093, 1113312, 891572, 974331, 169809, 1357651, -66806, -250134, 1467011, 'Up']
[2412739, 2365446, 1036426, 327786, -415860, 1580866, -201133, 177427, 1106381, 886427, 1059793, 222203, 1395937, -72453, -243746, 1497194, 'Up']
[2336957, 2368232, 988253, 308612, -410640, 1563407, -195144, 179835, 1111851, 890518, 994134, 172027, 1364845, -67897, -251478, 1473000, 'Up']
[2418504, 2366311, 1038560, 332234, -416654, 1584461, -201090, 178882, 1106539, 886815, 1037882, 218313, 1387855, -71400, -244315, 1490071, 'Up']
[2332517, 2367946, 986592, 305932, -409307, 1561548, -191503, 181613, 1111785, 890763, 1015889, 177175, 1373551, -67681, -250602, 1480588, 'Up']
[2421189, 2366251, 1038895, 334752, -417971, 1585942, -201428, 178817, 1107227, 887209, 1014343, 212973, 1379139, -71258, -243870, 1482042, 'Up']
[2330937, 2367071, 987066, 303679, -408765, 1559239, -193912, 180400, 1109969, 888623, 1039492, 182623, 1382654, -69883, -251085, 1488870, 'Up']
[2421287, 2367113, 1037869, 336793, -418667, 1587121, -203113, 178797, 1108410, 888461, 991448, 206249, 1370286, -70273, -244531, 1474072, 'Up']
[2332349, 2366867, 988948, 302850, -408371, 1558530, -191900, 180173, 1109321, 888134, 1062375, 190047, 1391940, -70296, -250289, 1496564, 'Up']
[2418257, 2367723, 1034523, 337296, -418614, 1587151, -203372, 179333, 1109511, 889244, 970195, 198812, 1362067, -69361, -244853, 1466555, 'Up']
[2336649, 2366306, 992622, 302731, -408532, 1558316, -192326, 178568, 1108797, 887402, 1081940, 198114, 1399864, -70929, -249652, 1503072, 'Up']
[2412827, 2368747, 1030833, 337144, -418788, 1586715, -204281, 178735, 1110320, 890073, 952433, 191090, 1354262, -68159, -245752, 1460170, 'Up']
[2343580, 2366267, 998067, 303811, -408883, 1560013, -194027, 179643, 1107715, 887128, 1098067, 206302, 1406282, -71196, -249593, 1508671, 'Up']
[2404757, 2369440, 1025498, 335611, -418270, 1585770, -202092, 180314, 1111662, 891407, 939949, 184168, 1348598, -67450, -246867, 1455976, 'Up']
[2351984, 2365077, 1003874, 305214, -409935, 1562067, -194293, 178548, 1106309, 886059, 1107888, 213082, 1410731, -72194, -248649, 1512756, 'Up']
[2394666, 2369563, 1018756, 332693, -417271, 1583583, -201203, 180715, 1111932, 891438, 932832, 177133, 1345165, -66769, -248249, 1453170, 'Up']
[2362855, 2364863, 1010224, 308408, -409945, 1565146, -194612, 178078, 1105723, 885804, 1109943, 218407, 1412665, -72266, -247351, 1513233, 'Up']
[2382950, 2369326, 1012197, 329154, -416574, 1580834, -199931, 182337, 1112424, 891565, 931793, 172183, 1344142, -66316, -248464, 1452443, 'Up']
[2374517, 2364069, 1017787, 312469, -411254, 1568269, -196301, 177800, 1104571, 884551, 1107660, 221830, 1412533, -73427, -246331, 1513266, 'Up']
[2370271, 2368921, 1005082, 324630, -414921, 1576361, -200100, 179873, 1112362, 891384, 937383, 168921, 1345386, -66492, -249195, 1454078, 'Up']
[2386342, 2363772, 1024236, 316615, -412403, 1571310, -197322, 178318, 1104133, 884467, 1098664, 223433, 1409932, -73452, -245186, 1509951, 'Up']
[2358412, 2368988, 998530, 319904, -413877, 1571924, -198181, 181398, 1112529, 891472, 948414, 167561, 1348941, -66720, -249173, 1457668, 'Up']
[2398355, 2364551, 1029948, 321947, -414071, 1575137, -198817, 177659, 1104974, 885137, 1085514, 224095, 1405033, -73627, -245046, 1505129, 'Up']
[2348220, 2369331, 993260, 315423, -412215, 1568003, -196898, 181408, 1112815, 891331, 964772, 168598, 1354442, -66803, -249953, 1462716, 'Up']
[2408383, 2364951, 1034776, 326142, -415788, 1578243, -201267, 175719, 1105634, 885613, 1068906, 223173, 1399075, -73107, -245050, 1499433, 'Up']
[2340012, 2369218, 989171, 310952, -411371, 1563671, -195409, 179958, 1112861, 891126, 983763, 170686, 1361108, -67749, -251372, 1468531, 'Up']
[2416318, 2366503, 1037802, 330879, -416767, 1581663, -201588, 178485, 1106531, 886074, 1048215, 220362, 1391564, -72593, -244756, 1492515, 'Up']
[2334014, 2368628, 986305, 307320, -410619, 1560954, -195180, 179341, 1112807, 890735, 1004777, 174756, 1368672, -67848, -251305, 1475511, 'Up']
[2419757, 2366404, 1038120, 333697, -417592, 1584121, -203288, 178816, 1106897, 886460, 1025148, 215463, 1382699, -72011, -244792, 1484916, 'Up']
[2330689, 2367800, 985678, 304746, -409471, 1559508, -192844, 180488, 1111016, 889354, 1027732, 179472, 1377334, -68679, -251389, 1483992, 'Up']
[2421389, 2366674, 1038045, 335674, -418593, 1586285, -203796, 177904, 1107670, 887017, 1001447, 209126, 1373424, -70642, -244880, 1477173, 'Up']
[2330671, 2366622, 987429, 302264, -409023, 1558119, -193720, 179555, 1109602, 888117, 1051067, 185739, 1386697, -70219, -251748, 1492430, 'Up']
[2419284, 2367256, 1035801, 336462, -418758, 1586801, -204357, 179143, 1108138, 887748, 978467, 201241, 1364687, -70422, -245902, 1469631, 'Up']
[2333735, 2366240, 990495, 301770, -407947, 1558203, -191671, 178562, 1108379, 887273, 1072015, 193887, 1395454, -70702, -251007, 1500121, 'Up']
[2414969, 2368119, 1032240, 336539, -418376, 1586952, -203234, 179868, 1109568, 888846, 958884, 193710, 1356819, -69124, -246047, 1462898, 'Up']
[2339154, 2365809, 994605, 301779, -408745, 1558524, -194691, 178258, 1107549, 886473, 1089629, 201604, 1402523, -71303, -250875, 1505632, 'Up']
[2408358, 2368962, 1027628, 335491, -418224, 1585477, -203825, 179590, 1110434, 889832, 944304, 186218, 1350458, -68100, -247888, 1457141, 'Up']
[2347763, 2365796, 1001137, 304065, -408591, 1560540, -191707, 179590, 1106602, 886161, 1103825, 209419, 1408762, -71742, -249980, 1510694, 'Up']
[2399511, 2370062, 1022375, 334266, -417271, 1584142, -201892, 180200, 1111601, 891483, 936142, 180376, 1346851, -66058, -247796, 1454598, 'Up']
[2357671, 2365659, 1007372, 306706, -409642, 1562237, -195147, 176525, 1106020, 886185, 1110446, 216004, 1412415, -71796, -248749, 1513533, 'Up']
[2388242, 2370043, 1015101, 330260, -417467, 1580832, -203540, 180162, 1111853, 891748, 932220, 174884, 1344280, -66159, -249765, 1452307, 'Up']
[2369216, 2365154, 1014782, 309741, -410589, 1565695, -193666, 177880, 1104648, 885178, 1110480, 220049, 1412789, -72376, -248244, 1513576, 'Up']
[2376407, 2370333, 1009008, 326039, -414980, 1577781, -199899, 180542, 1111852, 891853, 936002, 171061, 1345168, -65632, -249302, 1454109, 'Up']
[2380758, 2365000, 1021621, 313543, -411328, 1569487, -197503, 177173, 1104828, 885245, 1104684, 222742, 1411333, -72563, -247137, 1511698, 'Up']
[2363449, 2369608, 1002031, 320528, -414384, 1573678, -199524, 181086, 1111989, 891711, 943972, 168270, 1347011, -66005, -250824, 1455909, 'Up']
[2392472, 2364693, 1028172, 317966, -412849, 1573572, -197532, 178413, 1104220, 884477, 1093100, 223684, 1407373, -72924, -246321, 1507959, 'Up']
[2351887, 2369702, 996013, 315597, -411825, 1569821, -197858, 180576, 1111988, 891158, 956993, 167901, 1351742, -65335, -250856, 1460284, 'Up']
[2403633, 2365532, 1033617, 322755, -413813, 1577440, -199502, 177295, 1104913, 885121, 1076860, 223557, 1401999, -72250, -245700, 1502035, 'Up']
[2343071, 2369627, 991843, 311208, -411057, 1566308, -196558, 181411, 1112399, 891470, 974790, 169780, 1358192, -65746, -251462, 1465981, 'Up']
[2412432, 2365828, 1037587, 326985, -415533, 1580814, -200558, 176305, 1105491, 885787, 1058083, 221611, 1395548, -71768, -245552, 1496073, 'Up']
[2336260, 2369083, 988978, 307361, -410044, 1563111, -194161, 181275, 1111649, 890683, 995206, 172579, 1365776, -66567, -252075, 1472784, 'Up']
[2418604, 2366415, 1039734, 330856, -416554, 1583674, -204049, 176920, 1106266, 886871, 1036450, 218296, 1387705, -70670, -245098, 1488996, 'Up']
[2331651, 2368176, 987120, 303716, -409090, 1560109, -193703, 179368, 1110287, 889410, 1018112, 177027, 1374429, -67625, -252887, 1480795, 'Up']
[2421231, 2367309, 1039696, 333532, -417344, 1585780, -201681, 179199, 1106698, 887277, 1013066, 212503, 1378745, -70022, -244964, 1481183, 'Up']
[2330467, 2367577, 987387, 301679, -408283, 1558933, -193211, 178863, 1109728, 889156, 1041307, 183655, 1383501, -67909, -251655, 1489089, 'Up']
