[2409258, 2353277, 1036525, 321609, -410613, 1557691, -208736, 165121, 1071808, 853176, 988300, 203411, 1376929, -58418, -251310, 1445504, 'Up']
[2324371, 2354734, 984584, 295744, -402669, 1534628, -201215, 167820, 1076198, 856730, 972193, 164051, 1365615, -54513, -258297, 1438644, 'Up']
[2410960, 2354025, 1035974, 323754, -411168, 1559368, -211285, 162815, 1072499, 854163, 965801, 197841, 1368476, -57236, -252286, 1438221, 'Up']
[2323534, 2354158, 985175, 293203, -402139, 1533243, -199346, 169140, 1075235, 855493, 994743, 170144, 1374196, -55401, -259341, 1445641, 'Up']
[2411787, 2355282, 1035590, 325723, -411271, 1561099, -209438, 166364, 1073769, 855391, 943505, 191596, 1359897, -55669, -251989, 1430993, 'Up']
[2325678, 2353876, 987495, 291924, -401864, 1531947, -201175, 165382, 1074742, 855311, 1017327, 177871, 1383151, -55810, -258777, 1453796, 'Up']
[2408721, 2355833, 1032006, 325692, -411873, 1560408, -210163, 165489, 1074520, 856207, 922941, 183606, 1351261, -55121, -253649, 1423217, 'Up']
[2330428, 2354030, 991258, 291988, -401770, 1532266, -199906, 166891, 1073870, 854784, 1036742, 185766, 1390615, -56300, -258046, 1459965, 'Up']
[2403254, 2356561, 1027645, 324851, -412106, 1559286, -212191, 165823, 1076082, 857321, 906089, 176656, 1344156, -54243, -254422, 1416806, 'Up']
[2336769, 2353355, 996170, 292596, -401649, 1533119, -200927, 164907, 1072814, 853688, 1051923, 192920, 1397068, -57846, -257498, 1464907, 'Up']
[2395240, 2357287, 1022017, 323485, -410968, 1558106, -210580, 165590, 1076794, 858531, 893892, 169316, 1338849, -53016, -254671, 1412069, 'Up']
[2345765, 2352749, 1002107, 294452, -402397, 1535603, -204176, 164719, 1071593, 853258, 1060983, 199211, 1401300, -58044, -256445, 1468272, 'Up']
[2385114, 2357160, 1015667, 320728, -410318, 1555742, -207482, 167466, 1077175, 858731, 887860, 163240, 1336402, -52168, -255642, 1410167, 'Up']
[2355665, 2352073, 1008457, 297303, -403739, 1537634, -201377, 165075, 1070662, 852535, 1063430, 204033, 1403268, -58880, -254551, 1469699, 'Up']
[2373752, 2357083, 1008595, 316751, -410061, 1552542, -209023, 167259, 1077492, 858736, 888036, 158435, 1335663, -52300, -256118, 1410188, 'Up']
[2367707, 2352076, 1015267, 301083, -404525, 1541864, -203483, 164237, 1069917, 852349, 1060192, 207545, 1402569, -58162, -254296, 1469068, 'Up']
[2361904, 2357070, 1001498, 312214, -408306, 1548981, -207719, 167844, 1077424, 859213, 893817, 155786, 1337453, -52066, -256989, 1411973, 'Up']
[2379306, 2351819, 1021455, 305060, -406198, 1545119, -205343, 163800, 1069982, 852301, 1051119, 209657, 1399911, -59026, -253574, 1465991, 'Up']
[2349986, 2356833, 994179, 307145, -407580, 1544626, -207303, 166603, 1077494, 858725, 904627, 154393, 1340985, -52424, -258136, 1415169, 'Up']
[2390643, 2352425, 1026691, 309659, -407910, 1548811, -207219, 164240, 1069997, 852175, 1037210, 209800, 1394896, -58836, -253419, 1460951, 'Up']
[2340341, 2356855, 989101, 302783, -405859, 1540651, -203497, 168612, 1077486, 858486, 920235, 155362, 1346171, -52882, -258438, 1420017, 'Up']
[2400799, 2353070, 1031569, 314149, -408921, 1552355, -208694, 163637, 1070146, 852654, 1020243, 208866, 1388841, -58964, -252476, 1455674, 'Up']
[2332433, 2356604, 985443, 298963, -404044, 1537770, -201938, 167839, 1077289, 858315, 939130, 157694, 1353133, -52860, -258552, 1426329, 'Up']
[2407211, 2353179, 1034335, 317924, -410140, 1555585, -207378, 163230, 1070895, 853431, 999075, 205568, 1381092, -57730, -251292, 1448512, 'Up']
[2326290, 2355029, 983581, 294819, -404002, 1534618, -202068, 168757, 1075962, 856889, 960238, 160951, 1360979, -53727, -258530, 1433499, 'Up']
[2410872, 2353682, 1035432, 320829, -411523, 1558148, -211198, 164322, 1071410, 853683, 976195, 200246, 1372613, -57687, -251914, 1440861, 'Up']
[2323812, 2354618, 983776, 292550, -402671, 1533220, -201356, 167085, 1074815, 856209, 982936, 166509, 1369684, -54608, -258817, 1441138, 'Up']
[2411911, 2354524, 1035630, 323459, -411859, 1559907, -210718, 164464, 1072296, 854708, 953397, 194478, 1363749, -56386, -251944, 1433475, 'Up']
[2323957, 2354436, 985743, 291357, -402060, 1532078, -199912, 166679, 1074448, 855520, 1005662, 173477, 1378537, -55324, -258062, 1449032, 'Up']
[2410430, 2355485, 1033617, 324898, -412329, 1560577, -211811, 165461, 1074097, 855914, 931341, 187455, 1355040, -55191, -252000, 1425560, 'Up']
[2327680, 2353471, 989693, 291048, -402025, 1532083, -198603, 166677, 1073413, 854472, 1026782, 181344, 1387479, -56538, -257910, 1456251, 'Up']
[2405797, 2355796, 1029823, 324821, -412468, 1559973, -209997, 166194, 1074539, 856563, 912794, 179869, 1347845, -54551, -252624, 1419651, 'Up']
[2332695, 2352945, 993235, 291562, -403161, 1532379, -201131, 165286, 1072223, 853383, 1043671, 188791, 1394172, -57214, -257080, 1462323, 'Up']
[2399176, 2356751, 1024172, 324220, -411415, 1558770, -210540, 165610, 1075566, 857657, 897953, 172586, 1341178, -53280, -253923, 1413759, 'Up']
[2340581, 2352497, 998132, 293425, -402229, 1534018, -200110, 166261, 1071918, 853030, 1055273, 196098, 1399173, -58037, -255133, 1466286, 'Up']
[2389697, 2356358, 1017638, 321459, -411074, 1556587, -210125, 167231, 1076123, 857447, 887697, 165275, 1336763, -53280, -253918, 1410292, 'Up']
[2350261, 2351431, 1004315, 294913, -403449, 1535945, -203464, 164050, 1070162, 851676, 1061336, 201240, 1402119, -59160, -254856, 1468619, 'Up']
[2379670, 2356526, 1011460, 318425, -410570, 1554092, -209052, 166645, 1076347, 857695, 885605, 159777, 1335077, -52847, -255489, 1409209, 'Up']
[2361587, 2351490, 1011286, 298787, -404145, 1539804, -201378, 164818, 1069208, 851458, 1062185, 206023, 1403017, -59074, -253673, 1469882, 'Up']
[2368036, 2356913, 1004194, 314497, -409789, 1550615, -208042, 167211, 1076778, 858418, 888953, 156668, 1335373, -52239, -255946, 1410497, 'Up']
[2373169, 2351781, 1017565, 302796, -405594, 1543002, -203417, 163919, 1069095, 851678, 1055198, 208701, 1400466, -59263, -253606, 1467143, 'Up']
[2356445, 2357253, 997964, 310364, -408113, 1546917, -205319, 167446, 1077068, 858404, 897778, 155100, 1337998, -51957, -256911, 1413107, 'Up']
[2384893, 2352547, 1023496, 307668, -407197, 1546870, -205898, 164401, 1069705, 852259, 1044912, 210413, 1397313, -58835, -252528, 1464003, 'Up']
[2345352, 2356978, 991437, 305678, -407806, 1542479, -205442, 167114, 1077197, 858224, 911328, 154994, 1342672, -52463, -258227, 1417111, 'Up']
[2395325, 2352385, 1028715, 311869, -409560, 1549804, -208416, 162160, 1069684, 852239, 1029445, 209761, 1391713, -58899, -252797, 1458460, 'Up']
[2335948, 2356338, 986979, 300940, -405154, 1538541, -203556, 167279, 1076879, 857750, 928855, 156270, 1348800, -53233, -258716, 1422745, 'Up']
[2403645, 2353045, 1032700, 316258, -409565, 1553882, -209711, 164110, 1070409, 852694, 1010410, 207525, 1384970, -58379, -251722, 1452099, 'Up']
[2328843, 2355320, 984093, 296266, -404077, 1535713, -202277, 166428, 1075867, 856906, 948620, 158814, 1356175, -53649, -258794, 1429164, 'Up']
[2409164, 2353101, 1035337, 318913, -410502, 1556753, -210536, 163175, 1070449, 852403, 988576, 202855, 1376808, -57964, -251579, 1445160, 'Up']
[2324544, 2354494, 983577, 293369, -402728, 1533592, -199862, 168404, 1075322, 856150, 971545, 163409, 1365080, -54538, -258353, 1437648, 'Up']
[2411381, 2353864, 1035709, 321874, -411297, 1558877, -209676, 164923, 1071237, 853566, 965294, 197399, 1368027, -56863, -251236, 1437427, 'Up']
[2323190, 2353964, 984040, 290779, -402306, 1531677, -201283, 165404, 1074489, 855361, 994436, 169633, 1373853, -54852, -258609, 1445047, 'Up']
[2410667, 2354331, 1033728, 322678, -412171, 1559371, -210899, 164321, 1072542, 854406, 942336, 190382, 1358920, -56358, -252635, 1429049, 'Up']
[2324923, 2353855, 986033, 290066, -402096, 1531352, -200515, 165814, 1073549, 854460, 1015891, 176848, 1382246, -56080, -258475, 1451934, 'Up']
[2407604, 2355290, 1030126, 323687, -412671, 1559423, -212208, 164400, 1073736, 855535, 921348, 183263, 1350460, -55142, -253514, 1421656, 'Up']
[2329450, 2353133, 989302, 290007, -402500, 1530995, -201252, 165377, 1072502, 853802, 1035087, 184935, 1389651, -56874, -258123, 1458549, 'Up']
[2402455, 2355975, 1025584, 323537, -412539, 1558665, -212615, 165099, 1074956, 856618, 903932, 176018, 1343129, -54160, -253911, 1415430, 'Up']
[2336683, 2352684, 994728, 291243, -402916, 1532510, -200120, 164792, 1071492, 852759, 1049906, 192562, 1395956, -57601, -257431, 1463607, 'Up']
[2394503, 2356185, 1020258, 321788, -411438, 1557143, -210162, 166054, 1075606, 857325, 892421, 168920, 1338113, -53161, -254250, 1411685, 'Up']
[2344590, 2351601, 1000518, 292961, -402764, 1534228, -201178, 164983, 1070323, 851520, 1058999, 198735, 1400274, -59034, -255655, 1467633, 'Up']
[2383881, 2356163, 1013884, 319043, -410963, 1554791, -209225, 165620, 1075659, 857427, 885587, 162203, 1334849, -53110, -255102, 1408905, 'Up']
[2354719, 2350913, 1007167, 295691, -403926, 1537449, -203882, 164119, 1069393, 851101, 1061179, 203597, 1401773, -59389, -254832, 1468139, 'Up']
[2372280, 2356046, 1007075, 315156, -409701, 1552071, -208968, 167333, 1076029, 857100, 885554, 157384, 1334362, -53040, -256451, 1408307, 'Up']
[2366344, 2350986, 1014268, 299806, -404445, 1541373, -203017, 164470, 1068837, 850960, 1058332, 207446, 1401643, -59223, -253199, 1467409, 'Up']
[2360696, 2356259, 1000433, 311318, -408687, 1548485, -207297, 166285, 1076530, 857385, 891739, 154835, 1336283, -52813, -256591, 1410238, 'Up']
[2378787, 2351360, 1020671, 304405, -406380, 1544679, -206164, 162795, 1068828, 850818, 1049031, 209221, 1398750, -59366, -253254, 1464468, 'Up']
[2350145, 2356355, 994162, 307173, -407596, 1544199, -205210, 168310, 1076830, 857611, 902635, 153978, 1339813, -52492, -257510, 1413821, 'Up']
[2390820, 2352015, 1026746, 309970, -408065, 1548393, -206725, 164518, 1069099, 851118, 1035915, 209826, 1394197, -59595, -252590, 1460766, 'Up']
[2340781, 2356511, 989412, 303356, -406357, 1540275, -204420, 166193, 1077370, 858046, 918831, 155373, 1345308, -52236, -257787, 1419409, 'Up']
[2400723, 2352645, 1031783, 314757, -409272, 1551839, -207658, 164121, 1069507, 851572, 1019413, 208799, 1388101, -59118, -252248, 1455471, 'Up']
[2332139, 2356310, 985470, 299177, -404518, 1536855, -203770, 167865, 1076778, 857170, 938277, 157536, 1352474, -53068, -257785, 1425978, 'Up']
[2407181, 2353309, 1034392, 318494, -410375, 1554707, -209515, 162831, 1070243, 852447, 998136, 205577, 1380408, -58177, -251343, 1447948, 'Up']
[2326481, 2355655, 983772, 295918, -402928, 1534583, -199940, 168214, 1075894, 856257, 960136, 161359, 1360580, -54149, -257574, 1433548, 'Up']
[2410666, 2353546, 1035464, 321300, -411437, 1557677, -210927, 164911, 1071476, 853200, 976376, 200917, 1372033, -56948, -250529, 1441041, 'Up']
[2322882, 2354173, 982729, 292286, -402697, 1531945, -201281, 166234, 1074609, 855199, 982843, 166417, 1368892, -55191, -258406, 1440656, 'Up']
[2410919, 2353783, 1033562, 322507, -412223, 1558444, -211997, 163440, 1071096, 853271, 952583, 193502, 1362535, -57351, -251811, 1431745, 'Up']
[2322953, 2353238, 983232, 290598, -402420, 1531158, -200965, 166756, 1073141, 854129, 1004466, 172452, 1377340, -56069, -258366, 1447352, 'Up']
[2408453, 2354360, 1030075, 323852, -412421, 1559506, -210550, 164209, 1071977, 854559, 930049, 186117, 1353582, -55975, -252067, 1423802, 'Up']
[2326151, 2352677, 985661, 290295, -402677, 1530811, -201422, 164966, 1072261, 853302, 1024506, 179978, 1385047, -57112, -257609, 1453999, 'Up']
[2404268, 2355075, 1026058, 324067, -413331, 1558769, -212288, 164964, 1073335, 855043, 911035, 178303, 1345527, -55491, -253225, 1417041, 'Up']
[2331184, 2352064, 989820, 290912, -402610, 1531273, -200606, 165522, 1071162, 852417, 1041278, 187426, 1391855, -57639, -256693, 1459946, 'Up']
[2397368, 2355081, 1021618, 322978, -412596, 1557468, -212520, 164314, 1074094, 855744, 895585, 170696, 1339252, -54716, -253739, 1411761, 'Up']
[2339337, 2351383, 996217, 291947, -403495, 1532686, -203342, 165489, 1069653, 851234, 1054844, 194633, 1397862, -59227, -256284, 1465071, 'Up']
[2388803, 2355528, 1016078, 320837, -412406, 1555362, -211000, 166017, 1074905, 856122, 888084, 164299, 1335666, -54122, -255076, 1409393, 'Up']
[2348483, 2351115, 1001871, 294564, -403937, 1534668, -202756, 163937, 1069257, 850737, 1060316, 200655, 1400565, -59390, -255188, 1466886, 'Up']
[2378174, 2356251, 1009559, 318093, -411122, 1552847, -209076, 166332, 1075804, 856998, 884615, 159757, 1333739, -53539, -255668, 1407263, 'Up']
[2359114, 2350423, 1008876, 298201, -405584, 1538021, -204074, 162986, 1068807, 850853, 1060374, 205771, 1401001, -59573, -254594, 1466859, 'Up']
[2365491, 2355697, 1002202, 314221, -410012, 1549555, -207840, 165681, 1075605, 856924, 887669, 156092, 1333847, -53134, -256851, 1408074, 'Up']
[2370163, 2349261, 1015429, 302389, -406434, 1542367, -205609, 164372, 1067587, 850371, 1053698, 208119, 1399044, -59797, -253712, 1464950, 'Up']
[2352491, 2353908, 995183, 309570, -408542, 1546036, -207302, 167022, 1074708, 856347, 895628, 153383, 1336484, -53162, -257495, 1411074, 'Up']
[2380030, 2347756, 1020659, 306153, -407820, 1545548, -208293, 163407, 1066642, 849142, 1041602, 208103, 1395149, -60148, -253446, 1461168, 'Up']
[2340390, 2352012, 988896, 304522, -407465, 1542196, -206744, 166731, 1073747, 855040, 907711, 152137, 1340536, -53885, -258496, 1414832, 'Up']
[2389724, 2347342, 1026091, 310860, -409048, 1549926, -208316, 162615, 1065924, 848518, 1026152, 206945, 1389742, -60102, -252914, 1456751, 'Up']
[2330178, 2351141, 984545, 299891, -405733, 1538047, -203373, 167174, 1073000, 854576, 925316, 153262, 1346921, -54186, -258379, 1420913, 'Up']
[2397285, 2347329, 1030449, 315285, -410103, 1553040, -209018, 163382, 1066201, 849188, 1006972, 204497, 1382950, -59562, -251672, 1450576, 'Up']
[2322795, 2350207, 982109, 296174, -404639, 1534933, -203289, 165933, 1072433, 853778, 945317, 156248, 1354454, -54947, -258639, 1427693, 'Up']
[2402607, 2348399, 1032497, 318845, -411127, 1555244, -210929, 162493, 1067176, 849589, 985287, 200845, 1375013, -59240, -251741, 1443160, 'Up']
[2319234, 2350245, 981424, 293776, -404075, 1532582, -202057, 166299, 1072353, 853392, 967871, 161805, 1362966, -55350, -258610, 1434625, 'Up']
[2406392, 2350089, 1033699, 322885, -411592, 1558159, -211124, 165166, 1068691, 851427, 962667, 196393, 1366334, -57586, -251356, 1435499, 'Up']
[2318977, 2350153, 982415, 292423, -402749, 1531716, -203363, 167402, 1071626, 853520, 991600, 169118, 1372378, -55441, -257955, 1443356, 'Up']
[2406406, 2350652, 1031933, 324310, -412448, 1559019, -212367, 163679, 1069680, 852444, 940645, 189843, 1357975, -56545, -252221, 1428188, 'Up']
[2320742, 2349544, 984122, 291129, -402231, 1530703, -201210, 164542, 1070734, 852448, 1013911, 176029, 1381138, -56539, -257659, 1450676, 'Up']
[2403593, 2350892, 1028434, 324486, -412969, 1559344, -213421, 164902, 1070915, 853284, 919539, 181865, 1349648, -55584, -252518, 1420727, 'Up']
[2325186, 2348478, 988225, 290426, -402555, 1531231, -199974, 165526, 1069010, 850173, 1033399, 182865, 1389071, -57759, -257569, 1458275, 'Up']
[2397917, 2351989, 1023677, 323785, -412153, 1558574, -211345, 164955, 1071902, 853961, 902012, 173667, 1342550, -54775, -253191, 1414965, 'Up']
[2332418, 2348387, 993234, 291406, -402572, 1532018, -201358, 164978, 1068483, 850095, 1047944, 190819, 1395590, -58790, -256049, 1462987, 'Up']
[2390455, 2352660, 1018313, 321723, -412269, 1556220, -212965, 164933, 1072628, 854486, 890054, 166437, 1337431, -54751, -254627, 1410157, 'Up']
[2341919, 2348583, 998866, 293107, -403810, 1533644, -201486, 164213, 1068124, 849564, 1056653, 197300, 1399465, -59500, -255589, 1465600, 'Up']
[2380902, 2353800, 1011714, 319171, -411361, 1553386, -210633, 165493, 1073745, 855349, 883489, 160661, 1334144, -54143, -255334, 1407003, 'Up']
[2352843, 2349168, 1005328, 296581, -404236, 1536148, -204520, 163616, 1067810, 849719, 1059241, 203204, 1401190, -59981, -254553, 1466073, 'Up']
[2370658, 2354706, 1005668, 316374, -410159, 1550733, -209170, 166559, 1074857, 855911, 884442, 157114, 1334194, -53432, -255986, 1406945, 'Up']
[2364905, 2349873, 1012423, 301141, -405386, 1540070, -205384, 163440, 1067459, 849847, 1057083, 207121, 1401167, -59707, -253503, 1466071, 'Up']
[2359503, 2355926, 998831, 313096, -408896, 1547746, -208094, 166002, 1075699, 857162, 890915, 155201, 1335731, -52313, -256702, 1408946, 'Up']
[2377505, 2350558, 1019609, 305959, -406273, 1544070, -206677, 162712, 1068297, 850716, 1048816, 210034, 1398565, -59401, -252578, 1463450, 'Up']
[2348505, 2355325, 993162, 308275, -407587, 1543417, -206743, 167252, 1075880, 857150, 902412, 154243, 1339449, -52703, -257011, 1412993, 'Up']
[2388905, 2350689, 1025293, 309980, -408144, 1547240, -207512, 161964, 1068111, 850388, 1035279, 209735, 1393316, -59391, -252272, 1459274, 'Up']
[2338421, 2355138, 987400, 303013, -406466, 1539151, -206399, 166391, 1076001, 856635, 917467, 154481, 1344296, -53049, -257915, 1417552, 'Up']
[2398673, 2351329, 1029937, 314209, -409563, 1551124, -209593, 163878, 1068607, 851029, 1017380, 208223, 1386948, -59168, -252029, 1453144, 'Up']
[2330508, 2354844, 983871, 298530, -404818, 1535991, -205537, 166729, 1075074, 856034, 936525, 156544, 1351365, -53809, -258427, 1424424, 'Up']
[2405385, 2351940, 1032564, 317920, -410365, 1554175, -210061, 162448, 1068935, 851342, 996558, 204767, 1379397, -58454, -251474, 1446492, 'Up']
[2325095, 2353980, 981740, 294821, -404082, 1532941, -202211, 165513, 1074241, 855121, 957660, 160258, 1359187, -54639, -258437, 1431245, 'Up']
[2409709, 2352960, 1033515, 321075, -411612, 1556532, -212509, 163477, 1069312, 851896, 974388, 199887, 1371023, -57878, -251518, 1439041, 'Up']
[2323346, 2353838, 981633, 293000, -403274, 1531495, -203731, 166201, 1073603, 855071, 980036, 166138, 1367832, -55066, -258439, 1438588, 'Up']
[2411270, 2354021, 1033421, 324097, -411787, 1558796, -211846, 165323, 1070743, 853148, 951492, 194234, 1362392, -56802, -251221, 1431366, 'Up']
[2323378, 2353597, 983085, 292011, -402025, 1530587, -201074, 166067, 1072896, 854356, 1002451, 173282, 1376846, -55478, -257595, 1446851, 'Up']
[2409382, 2354660, 1030534, 325268, -412057, 1558681, -212435, 163292, 1071719, 854415, 928620, 187186, 1353494, -55715, -251738, 1423129, 'Up']
[2326641, 2353312, 986026, 291803, -401806, 1530510, -202289, 164972, 1072114, 853579, 1023196, 181188, 1385114, -56170, -257692, 1452972, 'Up']
[2405853, 2355440, 1027544, 325662, -412177, 1559233, -212100, 165145, 1073218, 855956, 910182, 179862, 1346008, -54223, -253112, 1416410, 'Up']
[2332286, 2352365, 990840, 291678, -401821, 1531024, -201710, 163613, 1070394, 852515, 1042351, 188551, 1392873, -57341, -257677, 1459903, 'Up']
[2398788, 2355583, 1022721, 323916, -412072, 1557465, -211980, 165744, 1073764, 855956, 896886, 172149, 1340244, -53632, -254587, 1411384, 'Up']
[2340087, 2351517, 996845, 292693, -402986, 1532813, -203835, 164031, 1069274, 851739, 1054590, 195850, 1398490, -57826, -257160, 1464227, 'Up']
[2389915, 2356318, 1017104, 321829, -410623, 1556172, -210942, 166462, 1074362, 856930, 887829, 165726, 1336463, -52090, -255984, 1408250, 'Up']
[2349844, 2351598, 1003794, 295446, -402403, 1535582, -201376, 164578, 1069321, 851556, 1061119, 202270, 1401722, -58192, -254895, 1467018, 'Up']
[2379416, 2356635, 1010920, 318651, -409710, 1553243, -210057, 166688, 1075611, 857581, 885460, 160705, 1334542, -52060, -255409, 1407176, 'Up']
[2360578, 2351116, 1010268, 298311, -403379, 1538256, -204470, 164082, 1068364, 851364, 1060697, 206275, 1401921, -58459, -254060, 1466666, 'Up']
[2367237, 2356354, 1003797, 313925, -408186, 1549240, -209104, 166815, 1075039, 857163, 887926, 156539, 1334718, -52271, -256434, 1407383, 'Up']
[2372210, 2351061, 1016907, 301763, -405083, 1541570, -205548, 163210, 1067874, 850500, 1054115, 208314, 1400115, -58850, -253481, 1464356, 'Up']
[2355694, 2356611, 997236, 309148, -407284, 1545551, -207694, 166765, 1075340, 857115, 896159, 154574, 1337556, -52346, -257571, 1409935, 'Up']
[2384448, 2351651, 1023846, 306550, -405911, 1545815, -207578, 163045, 1068331, 851215, 1043252, 210178, 1396913, -58662, -252913, 1461032, 'Up']
[2344958, 2356257, 991974, 304284, -406461, 1541707, -207089, 165616, 1075344, 857457, 909863, 154730, 1342642, -52235, -258369, 1414908, 'Up']
[2394251, 2351456, 1028979, 310507, -407941, 1549227, -210269, 161514, 1067808, 851325, 1028154, 209250, 1391647, -58494, -252969, 1456358, 'Up']
[2334988, 2355620, 986391, 299351, -404458, 1537743, -207083, 166389, 1074706, 856565, 926863, 155335, 1348779, -52803, -259028, 1420559, 'Up']
[2402876, 2352435, 1031915, 314643, -409597, 1552333, -212576, 160507, 1068135, 851799, 1007989, 207058, 1384346, -57967, -252850, 1449065, 'Up']
[2328975, 2355229, 984364, 296203, -402885, 1535025, -199887, 167284, 1074508, 856520, 947264, 159374, 1356381, -53114, -258051, 1426948, 'Up']
[2408622, 2353048, 1035205, 318751, -409703, 1555579, -210759, 162650, 1069063, 852695, 987297, 203685, 1376960, -57053, -250683, 1442807, 'Up']
[2324528, 2354802, 983813, 293745, -401928, 1532841, -199980, 168329, 1073989, 856190, 970077, 164273, 1364892, -53174, -257263, 1434953, 'Up']
[2410817, 2353625, 1035494, 322024, -410514, 1557478, -211150, 164891, 1069669, 853170, 964745, 197932, 1368002, -56686, -250115, 1435503, 'Up']
[2322521, 2353259, 983649, 290958, -402168, 1530366, -202522, 164885, 1072217, 854383, 992878, 169598, 1373344, -55120, -257664, 1442799, 'Up']
[2409706, 2353683, 1033196, 323266, -411495, 1558429, -214105, 163084, 1069957, 853830, 940837, 190246, 1358271, -55923, -251479, 1426605, 'Up']
[2324202, 2352517, 986258, 290506, -401617, 1531196, -200731, 166046, 1070737, 853331, 1014766, 176367, 1381733, -55826, -257831, 1450104, 'Up']
[2406487, 2354612, 1030083, 323893, -411185, 1559370, -211965, 164220, 1071402, 854752, 920591, 183047, 1350275, -54516, -251358, 1420183, 'Up']
[2328275, 2352163, 989499, 289862, -402262, 1531114, -203130, 163722, 1069914, 852327, 1033396, 184050, 1389365, -56676, -257520, 1456019, 'Up']
[2401030, 2355637, 1026369, 323579, -411878, 1558906, -211028, 165513, 1072084, 854940, 902783, 175052, 1342627, -54253, -254028, 1413643, 'Up']
[2335280, 2352323, 995399, 291465, -402447, 1532597, -202029, 164345, 1069501, 852128, 1048554, 192428, 1395544, -57143, -256913, 1462148, 'Up']
[2393486, 2356239, 1021172, 322218, -411539, 1556990, -212221, 165827, 1074001, 856281, 891233, 168729, 1337611, -52435, -255265, 1410143, 'Up']
[2344680, 2351976, 1001756, 293546, -402724, 1534291, -203075, 165496, 1069263, 851878, 1058297, 199538, 1399877, -57289, -256024, 1466256, 'Up']
[2384462, 2356593, 1015015, 319449, -410671, 1554117, -210467, 165186, 1075576, 857012, 885606, 162993, 1335049, -52213, -255780, 1408046, 'Up']
[2355334, 2351176, 1008036, 296211, -403630, 1535870, -203871, 163572, 1068694, 850705, 1061722, 204577, 1402238, -58610, -254890, 1467926, 'Up']
[2373012, 2356891, 1007848, 316239, -408269, 1550237, -208870, 166262, 1075486, 857457, 886310, 158747, 1334766, -51855, -255647, 1408383, 'Up']
[2366192, 2350714, 1014179, 299864, -403576, 1538564, -206368, 162449, 1068292, 851296, 1058147, 208735, 1401317, -58389, -252703, 1466319, 'Up']
[2360606, 2356138, 1000219, 311287, -407378, 1545601, -206241, 165973, 1075800, 857123, 891636, 155742, 1335824, -52110, -255940, 1408566, 'Up']
[2377706, 2350413, 1020226, 303666, -405707, 1541512, -206145, 161854, 1067284, 850194, 1049665, 210106, 1398498, -59245, -252163, 1463324, 'Up']
[2348391, 2355317, 993039, 305706, -407012, 1540920, -207473, 164779, 1075294, 856367, 902816, 154310, 1339307, -52591, -257275, 1411746, 'Up']
[2388357, 2350864, 1025138, 308452, -406951, 1545932, -207070, 161529, 1067438, 849914, 1035852, 209427, 1393481, -59180, -252262, 1458179, 'Up']
[2337780, 2355073, 987385, 301507, -405453, 1537977, -207120, 163414, 1074701, 856244, 917715, 154528, 1344811, -52792, -258366, 1416641, 'Up']
[2397306, 2351373, 1029380, 312952, -409107, 1550566, -209468, 161109, 1067171, 850005, 1017736, 207225, 1387497, -59160, -252950, 1452661, 'Up']
[2329917, 2354943, 984299, 298372, -404471, 1536551, -202334, 166866, 1074015, 855752, 936373, 156622, 1351777, -52737, -258803, 1423955, 'Up']
[2404140, 2352413, 1032013, 317307, -409439, 1554075, -212277, 160921, 1068126, 851742, 997521, 205025, 1380389, -57187, -251918, 1447341, 'Up']
[2324458, 2354003, 981891, 294232, -403037, 1532782, -201599, 166471, 1073218, 855018, 956742, 160476, 1359491, -53396, -259411, 1430804, 'Up']
[2408628, 2353134, 1033817, 320206, -410090, 1556093, -210653, 165492, 1069235, 851859, 975023, 200017, 1372102, -56761, -251298, 1439982, 'Up']
[2322182, 2353605, 982220, 291925, -401778, 1530286, -201254, 165234, 1073009, 854999, 979572, 166195, 1368329, -53956, -257610, 1439080, 'Up']
[2410270, 2353105, 1034300, 322792, -411072, 1557055, -210981, 164594, 1069748, 852760, 951682, 194171, 1363171, -56144, -250542, 1431177, 'Up']
[2322601, 2352598, 984255, 290277, -401650, 1528152, -200922, 164960, 1071597, 853234, 1003605, 172898, 1377815, -55489, -257391, 1446701, 'Up']
[2408628, 2353951, 1031652, 323660, -411554, 1557017, -212875, 162531, 1070771, 853639, 930447, 186988, 1354549, -55187, -251255, 1422910, 'Up']
[2325739, 2352511, 986692, 289708, -401279, 1528431, -201919, 164005, 1070496, 852946, 1024591, 180494, 1385724, -55929, -257278, 1453255, 'Up']
[2403884, 2354381, 1027272, 323399, -412004, 1557085, -210898, 163584, 1071786, 854594, 911162, 179246, 1346408, -54561, -252297, 1416152, 'Up']
[2330512, 2351371, 990483, 289561, -401922, 1528696, -202281, 161287, 1069243, 851302, 1040936, 187431, 1392326, -57714, -257179, 1458999, 'Up']
[2397004, 2355084, 1021974, 322263, -411340, 1556095, -210857, 165276, 1072898, 855062, 895907, 171208, 1340145, -53818, -253867, 1410544, 'Up']
[2338774, 2351175, 995726, 291375, -402048, 1531050, -201648, 163702, 1068749, 850553, 1053125, 194532, 1397547, -58004, -255710, 1463818, 'Up']
[2388402, 2355293, 1015239, 320026, -410972, 1553610, -212476, 163101, 1073613, 855394, 886995, 164745, 1335730, -53444, -255145, 1407596, 'Up']
[2348451, 2350572, 1001654, 293928, -402848, 1532933, -203569, 162496, 1068230, 849865, 1059280, 200578, 1400315, -59034, -255706, 1465799, 'Up']
[2378159, 2356201, 1009055, 317898, -409966, 1551335, -209952, 165543, 1075100, 856390, 884505, 160017, 1334055, -52579, -255396, 1406631, 'Up']
[2359663, 2350779, 1008874, 297802, -403990, 1536355, -204233, 160901, 1067926, 850108, 1059884, 205660, 1401362, -58579, -254125, 1466772, 'Up']
[2366481, 2355977, 1002306, 313284, -408712, 1547172, -209813, 164537, 1074601, 856294, 887974, 156425, 1334792, -52195, -256418, 1407566, 'Up']
[2371586, 2350410, 1015886, 301512, -405483, 1539825, -206949, 161733, 1067137, 849505, 1053950, 208143, 1399692, -59600, -253759, 1464738, 'Up']
[2354962, 2355875, 996113, 309082, -407383, 1543921, -206741, 164711, 1074848, 856529, 896234, 154191, 1337417, -52529, -257228, 1410112, 'Up']
[2382919, 2350294, 1022102, 305953, -406764, 1543880, -207942, 161753, 1067064, 849562, 1042707, 209257, 1396098, -59321, -252609, 1461156, 'Up']
[2343494, 2355156, 989809, 304259, -406351, 1539933, -206030, 164636, 1074473, 855761, 908777, 153677, 1341421, -52847, -258264, 1413756, 'Up']
[2393368, 2350885, 1026860, 310813, -408413, 1548018, -209896, 161602, 1066967, 849844, 1026832, 208497, 1390654, -59124, -252311, 1455568, 'Up']
[2334362, 2354731, 985359, 299810, -405206, 1536248, -204524, 164435, 1073942, 855582, 926025, 155190, 1347730, -53278, -258628, 1419226, 'Up']
[2401800, 2351758, 1031057, 315563, -409084, 1551811, -210824, 162663, 1067061, 850505, 1007654, 206409, 1383554, -58240, -251525, 1449181, 'Up']
[2327679, 2354375, 982445, 296432, -403384, 1533631, -204238, 165968, 1073876, 855546, 946318, 158766, 1355146, -52805, -257893, 1426576, 'Up']
[2407302, 2352206, 1033051, 319214, -410453, 1554448, -210949, 162289, 1068037, 851043, 985815, 202631, 1375330, -57906, -251514, 1441986, 'Up']
[2323681, 2353704, 982033, 293374, -403029, 1531063, -202387, 164681, 1072869, 854549, 968697, 163325, 1363516, -54197, -258377, 1434231, 'Up']
[2409941, 2353227, 1033963, 321844, -411395, 1556083, -212183, 161812, 1069058, 851996, 963498, 197345, 1366903, -56493, -251585, 1434467, 'Up']
[2322460, 2353410, 982823, 291326, -402490, 1529232, -203018, 163517, 1072141, 853927, 991802, 169627, 1372190, -55207, -258858, 1441709, 'Up']
[2409762, 2353876, 1032757, 323311, -411925, 1557329, -213284, 162735, 1069936, 853042, 940495, 190712, 1357694, -56058, -252183, 1426031, 'Up']
[2323868, 2352426, 985362, 290160, -401743, 1528941, -202448, 164323, 1071269, 852921, 1014004, 177212, 1380874, -55829, -257913, 1449034, 'Up']
[2406267, 2353925, 1029453, 323601, -412202, 1557467, -213809, 162043, 1070991, 853581, 919662, 182778, 1349467, -55312, -252422, 1418679, 'Up']
[2328149, 2351916, 989195, 289953, -401307, 1529301, -201535, 164059, 1069598, 851962, 1033241, 184509, 1388407, -56913, -257138, 1455796, 'Up']
[2400637, 2354663, 1025209, 323335, -411680, 1556603, -212421, 163371, 1071894, 854670, 902583, 175360, 1341950, -54312, -252537, 1412938, 'Up']
[2334752, 2351364, 994098, 291266, -401985, 1530362, -201231, 165255, 1068146, 851151, 1047256, 192028, 1394178, -57841, -256002, 1461041, 'Up']
[2393100, 2355077, 1019927, 321809, -411312, 1555190, -211228, 164416, 1072931, 855121, 889799, 168176, 1336592, -53546, -253369, 1408381, 'Up']
[2343617, 2350643, 1000005, 292904, -402896, 1531543, -203307, 161758, 1067890, 849759, 1056201, 198279, 1398224, -58954, -255260, 1463923, 'Up']
[2383250, 2355751, 1013169, 319259, -410635, 1552420, -210920, 164555, 1073811, 855334, 883736, 161889, 1333327, -53244, -254895, 1405294, 'Up']
[2354132, 2350396, 1005973, 296028, -403720, 1534623, -204902, 160865, 1067162, 849224, 1059057, 203353, 1400011, -59319, -254487, 1464470, 'Up']
[2372399, 2355617, 1006384, 315940, -409496, 1549649, -210096, 164703, 1074248, 855787, 883342, 157322, 1332755, -52792, -255715, 1404327, 'Up']
[2365663, 2349822, 1013400, 299676, -405256, 1538145, -206367, 162364, 1066372, 848711, 1056322, 206556, 1399727, -59518, -253992, 1463902, 'Up']
[2360182, 2355160, 999621, 311016, -408938, 1545227, -209136, 164447, 1073984, 855270, 889979, 153990, 1334483, -53311, -256883, 1406738, 'Up']
[2377663, 2350087, 1019991, 304066, -406114, 1541675, -207026, 161818, 1066307, 848457, 1047321, 208470, 1396785, -60117, -252973, 1461352, 'Up']
[2349563, 2355506, 993751, 306746, -406847, 1541852, -208902, 166161, 1074297, 855359, 900892, 153294, 1338161, -53050, -257257, 1410650, 'Up']
[2389231, 2350353, 1025788, 308471, -407618, 1545873, -207243, 161627, 1066361, 848732, 1034101, 208772, 1392422, -59591, -252443, 1457372, 'Up']
[2339571, 2354847, 988012, 301860, -406115, 1537597, -206676, 164754, 1073836, 855192, 915853, 153778, 1343025, -53119, -258126, 1415428, 'Up']
[2398242, 2350801, 1029691, 312823, -409218, 1549374, -209810, 161314, 1066828, 849139, 1016781, 207013, 1385799, -59522, -252671, 1451642, 'Up']
[2330443, 2354069, 983729, 297448, -404705, 1533905, -205417, 164118, 1073233, 854484, 934681, 155685, 1349844, -53910, -258677, 1421817, 'Up']
[2405026, 2351628, 1032865, 317056, -410084, 1552415, -210025, 161616, 1067184, 849490, 995946, 203619, 1378355, -58882, -252448, 1444135, 'Up']
[2325206, 2353524, 982210, 294209, -403571, 1531580, -203579, 165739, 1072995, 854056, 955843, 159800, 1358084, -54271, -258529, 1428977, 'Up']
[2409345, 2352130, 1033639, 319704, -411564, 1554817, -212266, 162870, 1068130, 850309, 973565, 199086, 1370097, -58034, -252252, 1436668, 'Up']
[2322682, 2352530, 981826, 290893, -402929, 1529049, -203513, 163896, 1072224, 853114, 978753, 164947, 1366515, -55026, -259173, 1436086, 'Up']
[2410095, 2352187, 1033219, 321163, -411344, 1555727, -212817, 161307, 1068617, 851024, 950679, 192751, 1361120, -57815, -252469, 1428387, 'Up']
[2322747, 2351965, 983159, 289139, -402406, 1527989, -203405, 164531, 1070828, 851735, 1000665, 171308, 1375233, -56594, -258783, 1443637, 'Up']
[2408683, 2353147, 1030461, 322710, -412313, 1556560, -213359, 161428, 1069784, 852116, 928103, 185677, 1352257, -56550, -253067, 1420465, 'Up']
[2326219, 2351239, 986392, 289355, -402454, 1528163, -201342, 163893, 1069676, 851281, 1021584, 179476, 1383591, -57319, -258020, 1450775, 'Up']
[2404460, 2353676, 1026879, 323139, -412479, 1556743, -213170, 163692, 1070558, 852610, 909117, 177889, 1344521, -55574, -253499, 1414239, 'Up']
[2331452, 2350762, 990421, 289858, -402724, 1528913, -202483, 163047, 1068621, 850541, 1038701, 187087, 1390381, -58066, -257173, 1457173, 'Up']
[2397642, 2354245, 1021827, 322192, -412436, 1555471, -214472, 163405, 1071126, 853541, 894086, 170342, 1338304, -54789, -254507, 1408875, 'Up']
[2339223, 2350050, 996227, 291736, -403214, 1530729, -203896, 163479, 1067417, 849485, 1050904, 193945, 1395804, -58970, -256588, 1461460, 'Up']
[2388809, 2354713, 1016186, 320495, -411594, 1553528, -211572, 162849, 1072202, 854452, 884856, 163754, 1334199, -53958, -255095, 1405860, 'Up']
[2349006, 2350379, 1002310, 294455, -403246, 1533034, -203517, 162681, 1066994, 849466, 1056996, 200372, 1399069, -59135, -254963, 1463837, 'Up']
[2378444, 2355201, 1009671, 317284, -410300, 1550749, -211602, 164290, 1073349, 855260, 881904, 159376, 1332538, -53053, -255403, 1404272, 'Up']
[2360005, 2350043, 1009421, 297335, -404091, 1535724, -205631, 162064, 1066434, 848648, 1056744, 204735, 1399509, -59185, -254473, 1463569, 'Up']
[2367126, 2355472, 1003833, 313834, -408989, 1547650, -209761, 166509, 1073595, 855478, 885133, 155671, 1333353, -53058, -256138, 1405276, 'Up']
[2372421, 2350271, 1016889, 302086, -405418, 1539683, -207334, 161594, 1066641, 849027, 1051187, 208058, 1398498, -59598, -253266, 1462822, 'Up']
[2355724, 2355501, 997240, 309272, -407845, 1543198, -208675, 164971, 1074139, 855562, 894195, 154045, 1336181, -52948, -257136, 1408291, 'Up']
[2383902, 2350189, 1023008, 306514, -407034, 1543245, -207513, 161828, 1066215, 848846, 1040289, 209047, 1394502, -59825, -252844, 1458894, 'Up']
[2344741, 2355068, 991154, 304688, -407114, 1539122, -207080, 163971, 1074111, 855233, 907366, 153563, 1340267, -53195, -257809, 1412286, 'Up']
[2394364, 2350691, 1028514, 311731, -408291, 1547406, -207754, 161205, 1066273, 848865, 1025821, 208771, 1389466, -59624, -252266, 1454562, 'Up']
[2335210, 2354651, 986232, 300689, -405357, 1535900, -205732, 165018, 1073430, 854678, 925117, 155115, 1346788, -53524, -258243, 1418583, 'Up']
[2402437, 2351243, 1031315, 315764, -410072, 1550796, -211616, 160187, 1067042, 849776, 1006105, 206258, 1382347, -58375, -252068, 1447798, 'Up']
[2328448, 2354213, 982744, 297105, -404121, 1532528, -203958, 164792, 1073055, 854402, 944502, 158238, 1353546, -53793, -258833, 1424727, 'Up']
[2408392, 2351788, 1033802, 319580, -411230, 1554058, -212321, 162623, 1067464, 849909, 984258, 202250, 1374133, -58191, -251400, 1440855, 'Up']
[2324573, 2353239, 981838, 293504, -402890, 1530537, -203733, 164204, 1072242, 853515, 967233, 162763, 1362319, -54245, -258742, 1433271, 'Up']
[2410674, 2352221, 1033392, 321432, -411656, 1555586, -212378, 161556, 1068283, 850826, 961166, 196298, 1365195, -57696, -251805, 1433051, 'Up']
[2323405, 2352664, 982047, 291096, -402054, 1528378, -202732, 164270, 1071430, 852705, 989543, 168702, 1370537, -55664, -258356, 1440418, 'Up']
[2410746, 2352967, 1032094, 323073, -411949, 1556294, -212738, 161897, 1069507, 851679, 938453, 189656, 1356297, -56796, -251570, 1424940, 'Up']
[2325082, 2352067, 984725, 289930, -402036, 1527609, -203553, 163288, 1070326, 851716, 1011952, 175851, 1379502, -56714, -257784, 1448046, 'Up']
[2407410, 2354216, 1028915, 324169, -412525, 1556476, -213535, 161860, 1070492, 852718, 917861, 182132, 1348001, -55380, -252494, 1417496, 'Up']
[2329149, 2351641, 988611, 290696, -402341, 1528326, -203186, 163353, 1069279, 851430, 1031405, 184138, 1387238, -56968, -256869, 1454319, 'Up']
[2401918, 2354196, 1025442, 324297, -412672, 1556123, -212434, 163271, 1071099, 853710, 900744, 174778, 1340990, -54670, -253240, 1411399, 'Up']
[2335565, 2350974, 994094, 291920, -402957, 1529343, -203076, 162461, 1068238, 850099, 1046816, 191568, 1393999, -58191, -256118, 1460430, 'Up']
