[2906262, 3659469, 580175, -191146, 609953, 1177174, -5649, 36802, 2404793, 2079203, 1396612, 734648, 1961330, 2119271, -105300, 1232489, 'Up']
[2901434, 3656509, 623065, -196915, 607268, 1170871, -7784, 31850, 2396565, 2072331, 1522822, 794004, 2029862, 2190887, -81406, 1278230, 'Up']
[2906053, 3660411, 574324, -191404, 606796, 1176667, -5104, 38008, 2404617, 2079046, 1417744, 736607, 1968038, 2131466, -105322, 1238046, 'Up']
[2902160, 3656091, 628154, -196310, 610287, 1171145, -8898, 31764, 2397216, 2072999, 1499700, 791462, 2022345, 2177744, -81922, 1272228, 'Up']
[2905579, 3661112, 570737, -191857, 603734, 1175937, -3262, 37292, 2404224, 2078640, 1440994, 740510, 1976060, 2144509, -104063, 1244207, 'Up']
[2902177, 3655198, 632114, -196042, 612236, 1172062, -11261, 30845, 2397285, 2073742, 1474513, 787384, 2013364, 2163461, -83345, 1265099, 'Up']
[2904551, 3661359, 568853, -192560, 600718, 1175394, -3914, 38727, 2402920, 2078302, 1467375, 746206, 1985669, 2160140, -102281, 1252616, 'Up']
[2902100, 3654428, 632418, -195971, 613953, 1172561, -13070, 28958, 2397492, 2074470, 1448403, 781164, 2002335, 2149133, -85516, 1257680, 'Up']
[2903506, 3661361, 568529, -193543, 599156, 1174448, -1879, 38189, 2401442, 2077200, 1492773, 752703, 1995765, 2175105, -100191, 1260193, 'Up']
[2902432, 3654136, 631656, -195267, 616326, 1173478, -12969, 30198, 2398556, 2075594, 1422465, 774187, 1991567, 2134789, -87445, 1249751, 'Up']
[2902839, 3661217, 571345, -194238, 598246, 1173588, -2328, 39509, 2400558, 2076134, 1517597, 761000, 2007038, 2189795, -97282, 1268624, 'Up']
[2902766, 3653794, 628421, -195050, 617055, 1173758, -14700, 28504, 2400084, 2076609, 1399378, 766754, 1980706, 2122124, -90691, 1242184, 'Up']
[2902303, 3660943, 574450, -195105, 596852, 1172243, -3579, 38389, 2399459, 2075136, 1537503, 769489, 2016552, 2201044, -95071, 1274620, 'Up']
[2903317, 3653851, 623809, -194705, 617013, 1174019, -15922, 30828, 2400977, 2077648, 1379263, 758966, 1970306, 2110415, -94513, 1234794, 'Up']
[2901905, 3660567, 581344, -195702, 596962, 1171044, -2788, 37721, 2398054, 2073980, 1553714, 778206, 2025742, 2211060, -92589, 1281563, 'Up']
[2904425, 3654801, 617969, -193165, 618125, 1174799, -13214, 31361, 2402581, 2078772, 1367698, 752079, 1962737, 2105067, -97795, 1230776, 'Up']
[2901664, 3660227, 588227, -195979, 597535, 1170279, -4488, 37088, 2397917, 2073403, 1563147, 786216, 2031988, 2216945, -89903, 1285944, 'Up']
[2905184, 3655639, 610724, -192519, 617500, 1175351, -11411, 31271, 2404196, 2078864, 1360952, 746041, 1956829, 2101647, -101660, 1227764, 'Up']
[2900964, 3659463, 596074, -196749, 598551, 1169348, -4637, 35347, 2397680, 2071950, 1566002, 792115, 2036335, 2218966, -87978, 1288666, 'Up']
[2904619, 3656004, 602477, -192391, 615583, 1175292, -11046, 32891, 2404624, 2078372, 1362412, 741007, 1953970, 2103069, -105519, 1226828, 'Up']
[2900452, 3659003, 604038, -196522, 599978, 1169469, -5681, 34211, 2396552, 2071033, 1561978, 795727, 2037580, 2217443, -87693, 1289065, 'Up']
[2904913, 3657553, 594272, -191048, 613383, 1176796, -10602, 35037, 2404652, 2078909, 1371130, 738546, 1954414, 2108695, -107847, 1228253, 'Up']
[2900149, 3658260, 612437, -196391, 601803, 1169905, -6282, 35555, 2395602, 2071044, 1551454, 797983, 2036166, 2212267, -86520, 1287544, 'Up']
[2904846, 3658703, 585878, -190885, 610618, 1176502, -7655, 36050, 2404508, 2079121, 1384391, 737690, 1956616, 2116780, -108804, 1231434, 'Up']
[2900133, 3657147, 620103, -196264, 604723, 1169908, -7394, 32625, 2395657, 2071721, 1534216, 798408, 2031777, 2202284, -85278, 1283496, 'Up']
[2904475, 3659109, 579510, -191215, 607484, 1175709, -6977, 35755, 2404069, 2079148, 1402887, 738432, 1962058, 2127685, -107997, 1236057, 'Up']
[2900093, 3655644, 626956, -196335, 607733, 1170198, -9853, 32473, 2396013, 2072772, 1512852, 796372, 2025533, 2190087, -83908, 1277644, 'Up']
[2904096, 3659537, 574571, -191521, 605279, 1175541, -5834, 39798, 2403651, 2079147, 1424915, 740889, 1969604, 2140322, -106045, 1242075, 'Up']
[2900626, 3654812, 631207, -196031, 610960, 1170847, -11369, 32788, 2396146, 2073528, 1488612, 792772, 2017863, 2176177, -83443, 1271135, 'Up']
[2903173, 3659584, 570983, -192537, 602760, 1174523, -5618, 38421, 2402650, 2078643, 1448976, 745030, 1978702, 2153108, -104518, 1248172, 'Up']
[2900664, 3653731, 633732, -195933, 613347, 1171446, -12412, 31154, 2396172, 2073558, 1463199, 787028, 2008995, 2161173, -85155, 1263482, 'Up']
[2902934, 3660458, 569666, -192611, 600988, 1174215, -1709, 40318, 2401624, 2077682, 1475718, 750519, 1989382, 2168577, -102073, 1256316, 'Up']
[2901164, 3653696, 633229, -195466, 615042, 1172273, -15051, 31108, 2397072, 2074868, 1436821, 780360, 1998037, 2145688, -86855, 1255267, 'Up']
[2902644, 3661383, 570383, -192830, 598779, 1174153, -3436, 41541, 2400446, 2077464, 1501480, 758106, 1999790, 2182283, -100087, 1263594, 'Up']
[2901413, 3653841, 631831, -194668, 616139, 1173276, -14479, 32427, 2397836, 2076736, 1412810, 773578, 1987292, 2131564, -89262, 1247439, 'Up']
[2901001, 3660893, 573771, -194152, 597347, 1172795, -3325, 40337, 2398345, 2076315, 1525759, 766270, 2010707, 2195973, -97004, 1271596, 'Up']
[2901242, 3653551, 627688, -194622, 617093, 1173601, -15267, 30530, 2398288, 2077507, 1390988, 764978, 1976225, 2118954, -92696, 1239553, 'Up']
[2900259, 3660412, 578654, -195066, 596655, 1171659, -4606, 40083, 2396603, 2074912, 1545045, 774177, 2020456, 2206958, -94367, 1278103, 'Up']
[2902168, 3654213, 622156, -193569, 617863, 1174495, -13493, 32418, 2399790, 2078755, 1374189, 756915, 1966827, 2109807, -96046, 1233392, 'Up']
[2899308, 3659726, 584430, -196016, 597189, 1170703, -4464, 38942, 2395746, 2074004, 1557913, 781996, 2028267, 2213921, -90835, 1282676, 'Up']
[2902094, 3654363, 615439, -193218, 618108, 1174882, -12690, 32764, 2400739, 2078838, 1363734, 749348, 1959797, 2103511, -98581, 1228527, 'Up']
[2898766, 3659099, 592286, -196656, 598321, 1169855, -6112, 36430, 2394892, 2072512, 1565265, 788390, 2034595, 2218440, -86801, 1286555, 'Up']
[2902726, 3655244, 607633, -192468, 617507, 1175677, -11810, 35408, 2401587, 2078685, 1361396, 743334, 1955807, 2102753, -101024, 1226894, 'Up']
[2898553, 3658545, 600560, -196972, 599819, 1169065, -5298, 36610, 2394740, 2071855, 1564317, 793282, 2037339, 2217755, -83690, 1287806, 'Up']
[2902775, 3656127, 600078, -192074, 615396, 1175197, -12110, 34654, 2402290, 2078594, 1365706, 739418, 1954179, 2105328, -103032, 1226815, 'Up']
[2898471, 3658035, 609132, -196576, 601947, 1168563, -6033, 36043, 2394677, 2071445, 1557141, 796369, 2036971, 2213930, -82656, 1287015, 'Up']
[2903440, 3657791, 591945, -190755, 613378, 1175383, -10108, 36506, 2403369, 2079208, 1376033, 738075, 1955003, 2110846, -103908, 1228433, 'Up']
[2898192, 3657033, 618563, -196430, 604187, 1168181, -7728, 34589, 2395036, 2071467, 1544306, 798709, 2034527, 2206081, -81552, 1284505, 'Up']
[2902637, 3658155, 585221, -190955, 610465, 1174332, -9065, 36383, 2403491, 2078551, 1393518, 738046, 1959205, 2121169, -105735, 1233212, 'Up']
[2897993, 3656208, 624877, -195976, 607242, 1168577, -10286, 34680, 2394876, 2071426, 1526356, 797367, 2029331, 2196462, -82620, 1280591, 'Up']
[2902035, 3659211, 578313, -190913, 608100, 1174433, -5188, 36911, 2403059, 2078763, 1412234, 739496, 1964530, 2131211, -106000, 1237467, 'Up']
[2897636, 3655042, 630258, -195724, 610452, 1169234, -10149, 32196, 2394687, 2072163, 1503215, 795299, 2022268, 2183021, -82070, 1274496, 'Up']
[2900824, 3659500, 573589, -191218, 604946, 1174210, -4566, 39935, 2401782, 2078131, 1435215, 742752, 1972500, 2144398, -104274, 1244073, 'Up']
[2896859, 3653442, 634128, -195822, 612108, 1169612, -12806, 32110, 2394111, 2072196, 1477469, 790212, 2013006, 2168240, -82748, 1267642, 'Up']
[2900059, 3660021, 571320, -191677, 602237, 1173561, -3395, 39849, 2400365, 2077069, 1460616, 747086, 1981671, 2158915, -102554, 1251740, 'Up']
[2897763, 3653496, 635507, -194970, 614727, 1170448, -13263, 30031, 2395304, 2073680, 1450925, 784713, 2002657, 2152564, -83896, 1259436, 'Up']
[2899765, 3660587, 571323, -191918, 599961, 1172777, -4279, 40333, 2399670, 2076750, 1486716, 753992, 1992215, 2173209, -99889, 1259324, 'Up']
[2897932, 3652820, 635270, -194377, 616342, 1170963, -14251, 30258, 2396549, 2074997, 1425092, 777728, 1991554, 2137299, -86363, 1251342, 'Up']
[2899326, 3660793, 573014, -192286, 598389, 1171724, -4756, 39354, 2398560, 2076039, 1512143, 761532, 2003218, 2187599, -97502, 1267397, 'Up']
[2899062, 3653474, 631759, -193171, 617681, 1171770, -13955, 31238, 2397969, 2076745, 1400834, 770129, 1980167, 2122952, -89291, 1242810, 'Up']
[2898814, 3660883, 577536, -192502, 598178, 1170819, -1501, 39533, 2397752, 2075961, 1532312, 770295, 2013198, 2197772, -93644, 1273759, 'Up']
[2899359, 3653620, 628467, -192366, 618471, 1172292, -13381, 30352, 2398664, 2077864, 1382034, 762223, 1970959, 2112127, -91814, 1237098, 'Up']
[2897709, 3660027, 583225, -193462, 597473, 1169574, -3498, 38242, 2396327, 2074804, 1549833, 778230, 2022606, 2208002, -90576, 1280750, 'Up']
[2899177, 3653526, 621879, -191990, 617952, 1172794, -14217, 31544, 2399484, 2078346, 1367568, 753967, 1962150, 2104193, -95556, 1231842, 'Up']
[2896431, 3659176, 589769, -194263, 597542, 1168412, -3286, 36133, 2394634, 2073341, 1560850, 785039, 2029701, 2214692, -87753, 1285651, 'Up']
[2899459, 3654278, 614334, -191094, 617507, 1173589, -12814, 32213, 2400376, 2079215, 1360187, 747040, 1955855, 2100193, -98778, 1228156, 'Up']
[2895427, 3658110, 597240, -194861, 598691, 1168137, -5969, 36494, 2393909, 2072744, 1564199, 790955, 2033941, 2216254, -85001, 1287796, 'Up']
[2898935, 3654307, 606714, -190913, 616843, 1173483, -12152, 31632, 2400699, 2078962, 1360714, 741850, 1953024, 2100860, -101018, 1227033, 'Up']
[2894120, 3656398, 606041, -195240, 600909, 1167243, -4869, 35421, 2392985, 2071641, 1560952, 794775, 2036036, 2215485, -82404, 1288598, 'Up']
[2897679, 3653651, 598322, -190758, 614531, 1172978, -10910, 31720, 2400654, 2078394, 1367394, 738171, 1952723, 2105657, -102424, 1228051, 'Up']
[2892869, 3654252, 613502, -195223, 602992, 1167009, -6912, 34577, 2392089, 2070434, 1550253, 796217, 2034478, 2209897, -81227, 1286611, 'Up']
[2897251, 3654124, 589711, -189459, 612795, 1173989, -7572, 35411, 2400569, 2078309, 1379092, 736667, 1954566, 2112174, -103274, 1230196, 'Up']
[2891768, 3652259, 621370, -195018, 605724, 1167371, -7939, 32353, 2391289, 2070834, 1534175, 797020, 2030603, 2200353, -80373, 1283326, 'Up']
[2895815, 3653737, 582606, -189621, 609734, 1173656, -7047, 35946, 2399503, 2078029, 1396807, 737108, 1958964, 2122403, -104353, 1234559, 'Up']
[2891015, 3650385, 627329, -194674, 608006, 1167463, -11484, 31410, 2390833, 2070765, 1513532, 795124, 2024296, 2188830, -81266, 1277943, 'Up']
[2894789, 3653861, 576262, -189175, 606391, 1173349, -5060, 37982, 2398753, 2077324, 1417738, 739064, 1965274, 2134088, -104379, 1239639, 'Up']
[2890233, 3648597, 632347, -194365, 611045, 1167895, -12205, 30508, 2390764, 2071018, 1489896, 791826, 2016273, 2174799, -81491, 1271292, 'Up']
[2893493, 3653833, 572560, -189996, 603639, 1172117, -4587, 37226, 2397506, 2076430, 1442970, 742782, 1973858, 2148846, -103242, 1246931, 'Up']
[2890312, 3647668, 634631, -193920, 613116, 1168366, -12411, 30231, 2390830, 2071468, 1464499, 786405, 2006595, 2160748, -82527, 1264121, 'Up']
[2892643, 3654114, 570955, -190400, 601142, 1171128, -4237, 37663, 2396142, 2075601, 1468306, 748061, 1983420, 2163256, -100837, 1254287, 'Up']
[2890864, 3647859, 635281, -192606, 615441, 1169723, -12943, 32411, 2391322, 2072569, 1437820, 780273, 1996012, 2145352, -83896, 1256229, 'Up']
[2892381, 3655056, 571988, -190603, 599438, 1171121, -3380, 38426, 2394958, 2074954, 1494286, 755754, 1994430, 2177822, -97174, 1262796, 'Up']
[2891730, 3648159, 633704, -192231, 616828, 1170461, -14709, 28477, 2392467, 2073546, 1412672, 773240, 1984829, 2130774, -86243, 1248448, 'Up']
[2892494, 3655870, 575236, -190832, 598235, 1170549, -2520, 39448, 2394186, 2074084, 1518553, 763825, 2005284, 2191576, -94422, 1270555, 'Up']
[2893320, 3649394, 630712, -190891, 617426, 1171269, -14775, 29701, 2394335, 2075373, 1391388, 765432, 1974625, 2119313, -89355, 1241795, 'Up']
[2893677, 3657345, 579677, -190359, 597496, 1170148, -3746, 38867, 2393957, 2074047, 1539153, 772385, 2015133, 2203829, -91957, 1277720, 'Up']
[2895329, 3651107, 625517, -189071, 618650, 1172804, -11118, 32615, 2397031, 2077957, 1373106, 758274, 1964682, 2108852, -92499, 1234945, 'Up']
[2893088, 3656824, 585893, -191636, 597143, 1168515, -2776, 37915, 2393263, 2073565, 1553231, 780877, 2023848, 2211607, -87933, 1283330, 'Up']
[2895465, 3651292, 618360, -189273, 617332, 1172165, -13877, 30135, 2397728, 2078214, 1361345, 750566, 1957230, 2102113, -97065, 1229837, 'Up']
[2892294, 3656476, 593013, -192246, 597273, 1167481, -4651, 35955, 2391889, 2072195, 1560937, 787533, 2030162, 2215950, -86784, 1286643, 'Up']
[2895802, 3652443, 611073, -188490, 616738, 1173179, -12396, 31538, 2398374, 2078701, 1358069, 744778, 1953004, 2100672, -100207, 1227695, 'Up']
[2892518, 3656711, 601192, -192054, 599046, 1167958, -4625, 36322, 2391209, 2072028, 1562175, 793049, 2033920, 2216913, -83841, 1288927, 'Up']
[2897041, 3654361, 602931, -187076, 615724, 1174382, -9977, 32841, 2399252, 2079778, 1361491, 741121, 1951502, 2102751, -101949, 1227461, 'Up']
[2892565, 3655842, 609817, -192393, 601111, 1167643, -7270, 34651, 2391131, 2072267, 1555810, 796786, 2034767, 2213161, -82291, 1288094, 'Up']
[2897547, 3654902, 595613, -187034, 613579, 1174208, -9526, 33653, 2399501, 2080117, 1371857, 738986, 1952735, 2109183, -103944, 1229357, 'Up']
[2892753, 3654560, 618122, -192809, 603344, 1167104, -7905, 33528, 2390965, 2072684, 1544190, 798342, 2032554, 2207663, -81490, 1286099, 'Up']
[2898401, 3656526, 586567, -186262, 611058, 1174015, -7213, 36414, 2399964, 2080997, 1386499, 738010, 1955368, 2117966, -104620, 1232035, 'Up']
[2893474, 3654402, 625295, -192029, 606432, 1167522, -9790, 31914, 2391224, 2073992, 1525964, 798380, 2027960, 2196625, -80575, 1281062, 'Up']
[2898257, 3658042, 580803, -186021, 607849, 1174359, -6243, 36263, 2399488, 2081378, 1406723, 740138, 1961594, 2128999, -104996, 1236855, 'Up']
[2894160, 3654842, 631298, -190748, 609294, 1168953, -10327, 31680, 2391502, 2074729, 1504878, 797146, 2021291, 2184442, -81744, 1275563, 'Up']
[2897956, 3659683, 576471, -185930, 605059, 1174114, -3884, 37632, 2399101, 2080666, 1430366, 744322, 1969455, 2142071, -105201, 1243623, 'Up']
[2894947, 3655038, 635311, -189996, 612218, 1169814, -12841, 30321, 2392291, 2075132, 1480934, 793731, 2012554, 2170242, -84027, 1269127, 'Up']
[2897733, 3660861, 573764, -186546, 602918, 1173048, -5114, 37251, 2398653, 2079703, 1456185, 749004, 1978422, 2156609, -105539, 1251106, 'Up']
[2895145, 3654611, 636910, -189936, 614808, 1170149, -12778, 30281, 2393254, 2075879, 1455160, 787693, 2002434, 2155519, -86969, 1261435, 'Up']
[2897078, 3661357, 572768, -187467, 600524, 1171942, -3322, 37163, 2397938, 2079174, 1482187, 754593, 1988533, 2171485, -103905, 1258750, 'Up']
[2895357, 3654109, 636219, -189983, 616501, 1170208, -16138, 28795, 2394267, 2077140, 1428886, 780434, 1991459, 2140730, -89539, 1253367, 'Up']
[2895986, 3660901, 574194, -188854, 599257, 1170823, -4455, 37376, 2396559, 2078257, 1506874, 761896, 1999365, 2185840, -101693, 1266312, 'Up']
[2895294, 3653452, 633180, -189850, 617988, 1170793, -13763, 29200, 2394928, 2077972, 1404691, 772994, 1980614, 2127288, -92363, 1245373, 'Up']
[2894867, 3660083, 577178, -189794, 597644, 1169431, -5426, 36997, 2394697, 2076850, 1528460, 770166, 2009855, 2198573, -98568, 1273912, 'Up']
[2895915, 3653597, 628565, -188688, 618409, 1171506, -13815, 28979, 2396041, 2078982, 1382516, 764940, 1969910, 2115042, -95920, 1237911, 'Up']
[2894975, 3660665, 582063, -189440, 597431, 1169016, -4708, 37591, 2393787, 2076255, 1545811, 779300, 2019101, 2208303, -95143, 1280037, 'Up']
[2896724, 3654395, 623261, -187703, 618352, 1172229, -15836, 30302, 2397459, 2080582, 1367149, 758247, 1960983, 2105909, -99092, 1232179, 'Up']
[2893913, 3659803, 589515, -190544, 597419, 1167967, -6749, 35234, 2392693, 2075366, 1558106, 787491, 2026632, 2214920, -92415, 1285188, 'Up']
[2897169, 3655226, 616605, -187062, 617572, 1172773, -14974, 29956, 2397833, 2080573, 1360708, 751798, 1955167, 2103012, -102969, 1229490, 'Up']
[2894244, 3660051, 597476, -190237, 598549, 1168101, -5843, 34936, 2392388, 2075081, 1562723, 794554, 2031206, 2217678, -89824, 1287838, 'Up']
[2897919, 3656193, 609061, -186414, 616410, 1173415, -15107, 30167, 2399351, 2082128, 1358881, 747613, 1951265, 2101746, -104821, 1227632, 'Up']
[2893421, 3658517, 605836, -191219, 599595, 1166891, -7447, 35184, 2391273, 2074656, 1560631, 799179, 2033399, 2217062, -87880, 1289031, 'Up']
[2897515, 3656247, 600570, -186514, 614356, 1172895, -12664, 31780, 2398997, 2081956, 1365418, 743522, 1950566, 2106648, -106737, 1228412, 'Up']
[2892759, 3657235, 613878, -191739, 601708, 1166352, -8677, 33116, 2390542, 2074426, 1552102, 801134, 2032929, 2212902, -85576, 1287775, 'Up']
[2897397, 3657181, 592206, -186345, 612030, 1173099, -11011, 33771, 2398894, 2082208, 1377722, 741550, 1952593, 2114104, -107581, 1230600, 'Up']
[2892607, 3656302, 621283, -191927, 603865, 1166176, -11418, 30971, 2390348, 2074714, 1536862, 801798, 2029222, 2204410, -85340, 1284031, 'Up']
[2897357, 3658317, 584494, -186212, 609235, 1172584, -8713, 33904, 2398968, 2082179, 1394281, 742104, 1956482, 2123494, -108312, 1234093, 'Up']
[2892142, 3654827, 628629, -192218, 606964, 1166100, -12118, 30300, 2390249, 2074413, 1516923, 800657, 2023889, 2192780, -85130, 1278978, 'Up']
[2896854, 3658966, 578863, -186446, 606312, 1172454, -9209, 35622, 2398469, 2080879, 1415741, 743920, 1963333, 2135929, -108719, 1240015, 'Up']
[2892383, 3654162, 634320, -191516, 610283, 1166831, -11043, 28827, 2390807, 2074192, 1494351, 797875, 2016703, 2180071, -86173, 1272937, 'Up']
[2896755, 3660303, 575691, -185989, 604186, 1172449, -4284, 36319, 2398621, 2080418, 1440520, 748227, 1971926, 2150248, -107737, 1246785, 'Up']
[2893404, 3654032, 637541, -190456, 613334, 1167739, -12688, 28244, 2392530, 2075990, 1469126, 794106, 2007383, 2165790, -86445, 1265953, 'Up']
[2895812, 3659928, 574230, -187725, 601231, 1169819, -5018, 34444, 2397606, 2079795, 1466250, 753566, 1981520, 2165161, -105951, 1254423, 'Up']
[2893541, 3653047, 637766, -190802, 614786, 1167645, -15339, 27278, 2392888, 2076796, 1442878, 786827, 1996275, 2151256, -89118, 1257713, 'Up']
[2895339, 3660351, 574013, -188049, 599975, 1169638, -3424, 36678, 2396178, 2079048, 1492095, 759831, 1991918, 2180184, -103610, 1262127, 'Up']
[2893877, 3653038, 636486, -189941, 617060, 1169047, -16235, 28616, 2393734, 2078225, 1416583, 779524, 1985415, 2136080, -91318, 1249232, 'Up']
[2894403, 3660474, 577138, -188461, 599137, 1169436, -1490, 37179, 2394913, 2078483, 1515969, 767828, 2003023, 2193471, -100493, 1269700, 'Up']
[2893841, 3652938, 633571, -189388, 618304, 1169936, -14816, 26789, 2394118, 2078832, 1394442, 771536, 1975213, 2123815, -94211, 1242419, 'Up']
[2893154, 3659799, 581382, -189641, 598052, 1168387, -4972, 35070, 2392922, 2076665, 1536573, 775799, 2013201, 2204972, -97973, 1276641, 'Up']
[2894426, 3653361, 628587, -188271, 619091, 1171019, -13035, 28129, 2394999, 2079817, 1376039, 763441, 1965695, 2113448, -97570, 1235736, 'Up']
[2892714, 3659536, 587447, -189851, 598018, 1167881, -3193, 35046, 2391560, 2075898, 1551897, 783884, 2022319, 2213748, -93465, 1282528, 'Up']
[2895169, 3654184, 621772, -187265, 618755, 1172145, -14505, 29596, 2396035, 2081098, 1363083, 755817, 1957854, 2106050, -99963, 1230536, 'Up']
[2892643, 3659442, 594311, -190145, 598698, 1167969, -5439, 35202, 2390908, 2076269, 1559750, 791223, 2028569, 2217797, -90361, 1285913, 'Up']
[2895540, 3654698, 614909, -187090, 617895, 1172440, -12795, 29007, 2396696, 2082455, 1357890, 750346, 1952928, 2103423, -102824, 1227970, 'Up']
[2891951, 3658475, 602119, -191178, 599339, 1166629, -7954, 32997, 2390005, 2076009, 1561303, 796767, 2032061, 2219151, -88481, 1288061, 'Up']
[2896299, 3655888, 606557, -186425, 616306, 1172645, -14121, 30358, 2397536, 2083073, 1359730, 745777, 1950102, 2104762, -106172, 1226904, 'Up']
[2892122, 3658082, 611222, -190892, 601814, 1166284, -6890, 31727, 2389722, 2075800, 1556424, 800911, 2033064, 2216811, -87166, 1288268, 'Up']
[2896583, 3656973, 598746, -185690, 615263, 1172998, -10171, 29778, 2398631, 2083936, 1368990, 743999, 1950664, 2110450, -107428, 1228732, 'Up']
[2891379, 3656681, 619602, -191405, 604498, 1166157, -9187, 31985, 2389700, 2075534, 1544623, 802685, 2031153, 2210379, -86591, 1286052, 'Up']
[2895892, 3657413, 591502, -186025, 612016, 1172548, -8944, 32852, 2397993, 2082711, 1383785, 742745, 1953941, 2119860, -108874, 1232584, 'Up']
[2891058, 3655431, 627358, -191627, 606735, 1165783, -10180, 29702, 2389363, 2075151, 1528826, 802514, 2027409, 2202746, -85818, 1283242, 'Up']
[2895833, 3658365, 584236, -185777, 609247, 1172431, -8230, 34293, 2397997, 2082307, 1402765, 743512, 1958993, 2131336, -109436, 1237076, 'Up']
[2891311, 3654759, 633198, -190952, 609978, 1166562, -11337, 27994, 2389813, 2075511, 1506796, 800603, 2020750, 2189907, -86018, 1277006, 'Up']
[2895454, 3659446, 578719, -185608, 606458, 1172166, -7288, 33789, 2397615, 2082137, 1424958, 746728, 1966438, 2143442, -108986, 1242514, 'Up']
[2891537, 3654273, 636982, -190053, 612689, 1168046, -14171, 27742, 2390231, 2076323, 1481573, 797421, 2012125, 2174609, -86759, 1269396, 'Up']
[2894234, 3659544, 576847, -186124, 604044, 1171933, -5718, 37143, 2396283, 2081141, 1449604, 751630, 1975560, 2157311, -107213, 1249961, 'Up']
[2891401, 3653204, 639229, -190034, 614954, 1167736, -14243, 26258, 2390394, 2076712, 1456392, 792014, 2002476, 2161167, -87799, 1263045, 'Up']
[2893416, 3659642, 575369, -187094, 601030, 1170005, -7915, 34416, 2395177, 2080050, 1475522, 757315, 1985237, 2172680, -105752, 1257311, 'Up']
[2892534, 3653449, 638734, -188713, 616744, 1169250, -14634, 29218, 2391613, 2077924, 1430354, 785256, 1991204, 2146897, -90284, 1254808, 'Up']
[2893801, 3660435, 576479, -186913, 600134, 1170187, -3153, 36746, 2395121, 2080070, 1500149, 764767, 1995434, 2186997, -101514, 1265405, 'Up']
[2892871, 3653030, 636597, -188643, 617803, 1169594, -16839, 26676, 2393340, 2079431, 1404204, 777659, 1979785, 2131593, -92246, 1246347, 'Up']
[2892898, 3659969, 580211, -187832, 598391, 1169092, -5894, 34761, 2393314, 2078526, 1523266, 772806, 2006194, 2199616, -99602, 1272978, 'Up']
[2893307, 3652950, 632992, -187614, 619119, 1170443, -16024, 26020, 2394200, 2080355, 1383844, 769336, 1969328, 2119651, -95991, 1239479, 'Up']
[2891837, 3659112, 584972, -189044, 597865, 1167870, -7375, 34753, 2392065, 2077291, 1542458, 780571, 2015787, 2209999, -96325, 1279617, 'Up']
[2893069, 3652593, 627410, -188087, 618267, 1170713, -16578, 26975, 2394444, 2080336, 1368764, 760661, 1960458, 2111037, -99735, 1233778, 'Up']
[2891500, 3659105, 591042, -189459, 597859, 1167372, -6298, 34386, 2390508, 2075930, 1555708, 787753, 2023690, 2217697, -93078, 1284897, 'Up']
[2894227, 3653943, 619795, -186473, 618085, 1172436, -15741, 29398, 2396172, 2081887, 1359206, 754326, 1953503, 2105194, -102329, 1229205, 'Up']
[2890873, 3658247, 598512, -190186, 598284, 1166666, -5921, 33097, 2389711, 2075416, 1561145, 794232, 2028688, 2220435, -89786, 1287911, 'Up']
[2894168, 3654086, 611859, -186581, 616828, 1172152, -14948, 28194, 2396969, 2082344, 1356829, 748390, 1948958, 2103753, -104318, 1227165, 'Up']
[2890352, 3657350, 606946, -190517, 599656, 1166087, -8451, 32780, 2389028, 2075092, 1559366, 798764, 2030620, 2219013, -87522, 1288499, 'Up']
[2895041, 3655668, 603769, -185232, 615573, 1172636, -14352, 30642, 2397484, 2083480, 1362090, 745319, 1947773, 2106577, -105856, 1227491, 'Up']
[2889961, 3656315, 615306, -190915, 601178, 1165415, -11075, 31077, 2388884, 2075750, 1550547, 802244, 2030088, 2213235, -85320, 1287173, 'Up']
[2894735, 3656200, 596080, -185442, 612859, 1172075, -12616, 30226, 2397306, 2083661, 1373127, 743141, 1949343, 2112482, -106809, 1229459, 'Up']
[2889904, 3655469, 623331, -190537, 604260, 1165914, -12234, 32359, 2388406, 2076048, 1537084, 802774, 2027436, 2205799, -83223, 1284738, 'Up']
[2894634, 3657152, 587715, -184873, 610027, 1171987, -11496, 32214, 2397372, 2084002, 1389148, 742945, 1952798, 2121202, -106330, 1233142, 'Up']
[2889885, 3654288, 629918, -190505, 607209, 1166245, -13434, 30542, 2388393, 2076072, 1517221, 801848, 2021642, 2193512, -81871, 1279401, 'Up']
[2894170, 3657729, 581483, -185479, 606988, 1171987, -9735, 32775, 2396637, 2082804, 1409887, 744693, 1959042, 2132653, -105636, 1238523, 'Up']
[2889007, 3652544, 635235, -191128, 609756, 1166247, -15182, 28259, 2388299, 2075601, 1494546, 798753, 2014252, 2180141, -82713, 1273346, 'Up']
[2892881, 3658046, 577240, -186111, 603650, 1171370, -9077, 35518, 2395221, 2081135, 1434147, 747212, 1966905, 2146852, -106032, 1245463, 'Up']
[2889511, 3652337, 638278, -190293, 612058, 1167316, -17076, 26918, 2388766, 2076033, 1469663, 793795, 2005140, 2166471, -84898, 1266365, 'Up']
[2892676, 3658979, 575133, -186040, 601560, 1171126, -8519, 35483, 2394945, 2080810, 1459560, 752618, 1976617, 2161292, -104865, 1252399, 'Up']
[2889996, 3652123, 639034, -189243, 614564, 1167948, -17134, 27413, 2389730, 2077405, 1443538, 788302, 1994862, 2151503, -86865, 1258572, 'Up']
[2891982, 3659059, 575676, -186302, 599498, 1169456, -7264, 35529, 2393723, 2080098, 1485190, 759584, 1987020, 2175736, -101881, 1260288, 'Up']
[2890666, 3651943, 638184, -188143, 615937, 1168480, -19567, 27477, 2390819, 2078988, 1417496, 781275, 1983821, 2136671, -89310, 1250614, 'Up']
[2891510, 3659127, 577808, -186891, 597923, 1168435, -7105, 35297, 2392613, 2079656, 1510223, 767349, 1998209, 2190260, -98997, 1268824, 'Up']
[2891229, 3652155, 634741, -187519, 616703, 1168843, -20114, 27142, 2392082, 2080433, 1394238, 773253, 1973035, 2123503, -92274, 1242865, 'Up']
[2891278, 3659560, 581691, -186996, 597177, 1167483, -7038, 34405, 2391589, 2079440, 1531204, 775773, 2008457, 2201839, -95958, 1275353, 'Up']
[2891673, 3652197, 630110, -186576, 617664, 1169344, -19471, 27210, 2393395, 2081934, 1375095, 765624, 1963319, 2112271, -94984, 1235853, 'Up']
[2889829, 3658093, 587642, -188357, 596594, 1166409, -7569, 34078, 2389868, 2077564, 1547108, 783211, 2017412, 2210525, -92255, 1281148, 'Up']
[2891759, 3652257, 623925, -186524, 617569, 1169989, -18464, 26221, 2393558, 2081501, 1362322, 756968, 1955367, 2105336, -98509, 1230734, 'Up']
[2889106, 3657701, 593869, -188692, 597331, 1166321, -9280, 34313, 2388605, 2076537, 1556552, 789960, 2024014, 2215721, -89421, 1284589, 'Up']
[2891770, 3652680, 616120, -185659, 617046, 1171030, -16421, 28593, 2394285, 2082451, 1355668, 750777, 1949474, 2101248, -101519, 1227153, 'Up']
[2888235, 3656674, 601351, -189399, 597608, 1165392, -10899, 31845, 2387075, 2075320, 1559018, 795432, 2028013, 2217139, -87522, 1287068, 'Up']
[2892781, 3654189, 608252, -184082, 615186, 1172059, -16711, 30182, 2394753, 2082919, 1356589, 746187, 1946734, 2102271, -104265, 1226277, 'Up']
[2888454, 3656437, 610715, -188677, 599819, 1165644, -12037, 31644, 2387081, 2076115, 1554783, 800132, 2029603, 2215226, -84809, 1288197, 'Up']
[2893115, 3655306, 600461, -183215, 613434, 1172006, -13816, 30347, 2395252, 2083956, 1365263, 743766, 1947305, 2107910, -104735, 1228476, 'Up']
[2888471, 3655638, 618797, -188495, 602135, 1165160, -10816, 31236, 2387088, 2076616, 1543607, 802433, 2028191, 2209027, -81750, 1286037, 'Up']
[2893414, 3656402, 592588, -183000, 610953, 1171807, -13431, 31100, 2395816, 2084352, 1378371, 743070, 1949972, 2115056, -104489, 1230922, 'Up']
[2888619, 3654915, 626982, -188384, 604784, 1165263, -14197, 29036, 2387157, 2076932, 1527647, 803168, 2024472, 2199803, -80639, 1282464, 'Up']
[2893271, 3657352, 586382, -182823, 608060, 1171603, -12729, 31097, 2395823, 2084780, 1397153, 744510, 1954946, 2125778, -104645, 1235350, 'Up']
[2889137, 3654244, 633502, -187612, 607848, 1166270, -15840, 30522, 2387290, 2077802, 1508261, 801676, 2018673, 2189358, -80013, 1277810, 'Up']
[2892781, 3657796, 581003, -180376, 605137, 1170932, -10901, 33545, 2395573, 2084736, 1419785, 746973, 1961734, 2139088, -102961, 1241720, 'Up']
[2888927, 3652832, 637477, -183820, 610827, 1165991, -16940, 27926, 2387801, 2078060, 1484106, 797608, 2009774, 2175863, -80650, 1271309, 'Up']
[2891780, 3657837, 577250, -180116, 602572, 1169302, -10319, 33675, 2394966, 2083514, 1444121, 750343, 1969815, 2153421, -102291, 1248594, 'Up']
[2889489, 3652449, 638861, -183648, 612948, 1166119, -18723, 27645, 2388949, 2079005, 1458098, 792037, 1999375, 2161310, -82717, 1263675, 'Up']
[2891805, 3658894, 575783, -180723, 600031, 1168269, -8331, 33049, 2394551, 2083215, 1469319, 756538, 1979426, 2167969, -101242, 1256212, 'Up']
[2889811, 3652232, 639605, -183182, 614896, 1166325, -18825, 25237, 2389897, 2079660, 1431815, 786163, 1988999, 2146198, -86233, 1256084, 'Up']
[2891579, 3660039, 576694, -180684, 598499, 1168497, -7651, 33876, 2393192, 2081391, 1496369, 763989, 1990775, 2182904, -100438, 1264899, 'Up']
[2890667, 3653438, 637064, -182023, 615991, 1169004, -17662, 27740, 2390846, 2080177, 1407618, 779352, 1978365, 2131373, -90986, 1248271, 'Up']
[2890640, 3660661, 579252, -181702, 596607, 1168717, -6042, 33846, 2391378, 2079598, 1519647, 772577, 2001866, 2194817, -98767, 1272342, 'Up']
[2890801, 3654023, 633340, -181939, 616932, 1170580, -15856, 27642, 2391213, 2080608, 1385829, 771659, 1967930, 2118153, -95856, 1241043, 'Up']
[2889875, 3660664, 583843, -183168, 596033, 1168494, -6429, 34831, 2389829, 2078441, 1539002, 781124, 2011666, 2205406, -97050, 1279899, 'Up']
[2890754, 3653869, 627771, -182535, 617162, 1170738, -16584, 27432, 2392333, 2081608, 1369175, 763922, 1958653, 2108622, -100234, 1235711, 'Up']
[2889004, 3659767, 589725, -185274, 595901, 1166529, -8722, 33142, 2388307, 2077506, 1553266, 788458, 2019775, 2213888, -94976, 1285558, 'Up']
[2891506, 3654512, 620578, -182804, 616766, 1170562, -17635, 26742, 2393367, 2083214, 1359082, 756695, 1951417, 2103577, -103795, 1231149, 'Up']
[2888572, 3658973, 597127, -186893, 596792, 1164699, -8946, 29983, 2387664, 2077744, 1559401, 795363, 2025228, 2217703, -91692, 1288396, 'Up']
[2891585, 3654514, 613213, -183418, 615769, 1170262, -15656, 28452, 2393959, 2083967, 1355951, 750890, 1947083, 2102538, -106171, 1228739, 'Up']
[2888743, 3658678, 605115, -187060, 598536, 1164957, -9238, 31266, 2387202, 2077808, 1558967, 800550, 2028174, 2218096, -88640, 1289941, 'Up']
[2892127, 3655465, 605029, -183036, 614091, 1170619, -15018, 28553, 2394948, 2085408, 1359232, 747832, 1945336, 2103944, -107272, 1228051, 'Up']
[2888021, 3657389, 613788, -187952, 600062, 1164458, -11004, 30187, 2385966, 2077130, 1551530, 803675, 2028301, 2213428, -86836, 1288752, 'Up']
[2892353, 3656791, 596735, -182645, 611790, 1171283, -14129, 29446, 2394603, 2085165, 1369751, 745839, 1946599, 2109687, -108409, 1229652, 'Up']
[2887119, 3655921, 622419, -188338, 601980, 1164733, -14385, 28123, 2385525, 2076868, 1537633, 805512, 2025706, 2205107, -85870, 1285614, 'Up']
[2891650, 3657243, 589558, -182755, 608537, 1171417, -12631, 29768, 2394091, 2084452, 1386212, 746104, 1950453, 2119642, -109340, 1233871, 'Up']
[2887347, 3655147, 629322, -187856, 605080, 1165653, -13181, 28295, 2385412, 2077136, 1519965, 805600, 2020910, 2195632, -85203, 1281836, 'Up']
[2891747, 3658346, 582875, -182591, 605756, 1171507, -11118, 31858, 2393933, 2084652, 1406430, 748164, 1956375, 2131344, -108465, 1239394, 'Up']
[2887264, 3653768, 634673, -187706, 607938, 1165653, -14782, 26055, 2386020, 2078343, 1497077, 803558, 2013303, 2182537, -85050, 1275553, 'Up']
[2890702, 3658092, 578348, -183520, 602087, 1170159, -10618, 32300, 2393317, 2084102, 1429097, 751398, 1963711, 2144214, -107140, 1245107, 'Up']
[2887375, 3652990, 638208, -187539, 610110, 1166011, -16342, 25035, 2385947, 2078590, 1471967, 799021, 2004369, 2168773, -86606, 1268729, 'Up']
[2890453, 3659158, 576263, -183540, 600427, 1169866, -8369, 33684, 2392595, 2084077, 1454408, 756852, 1973072, 2159358, -105500, 1253052, 'Up']
[2888198, 3653001, 639652, -186656, 613585, 1167194, -17950, 25436, 2387475, 2080261, 1445702, 794176, 1994256, 2153983, -87865, 1261477, 'Up']
[2889698, 3659259, 576160, -184761, 598276, 1168462, -10684, 32021, 2391718, 2082520, 1480515, 763452, 1983765, 2173946, -104573, 1261043, 'Up']
[2888132, 3652365, 639559, -186895, 614766, 1167223, -18826, 23409, 2388506, 2079987, 1420179, 786627, 1983362, 2139084, -91988, 1253486, 'Up']
[2889135, 3659712, 578617, -185348, 596742, 1167443, -8666, 31221, 2390629, 2080545, 1506439, 770792, 1994591, 2188855, -103285, 1269359, 'Up']
[2888520, 3652596, 636871, -186066, 615929, 1168244, -19092, 24235, 2389873, 2080745, 1397740, 779142, 1972741, 2126862, -95670, 1246402, 'Up']
[2888453, 3659825, 581741, -185814, 595991, 1167146, -7563, 31463, 2389691, 2079167, 1529168, 779040, 2005170, 2202180, -100977, 1276875, 'Up']
[2888998, 3653033, 632036, -185079, 616526, 1169445, -18314, 24774, 2391224, 2081587, 1377964, 770947, 1962682, 2115871, -99402, 1239298, 'Up']
[2887149, 3658891, 587614, -186460, 595073, 1166387, -8296, 32150, 2388448, 2078280, 1545538, 787164, 2014409, 2211708, -98109, 1282951, 'Up']
[2889293, 3653152, 625928, -184371, 616495, 1170248, -17903, 25475, 2392076, 2082821, 1363922, 763148, 1954371, 2108982, -102658, 1234687, 'Up']
[2886880, 3658084, 593808, -187130, 596123, 1165553, -8673, 29697, 2387717, 2078407, 1555693, 794670, 2021315, 2218062, -93745, 1287624, 'Up']
[2889464, 3652869, 618488, -184212, 616139, 1169971, -17957, 23778, 2392972, 2083999, 1355949, 756473, 1948351, 2104682, -104497, 1230725, 'Up']
[2886415, 3657331, 601661, -187870, 596796, 1164565, -10974, 28210, 2386601, 2077959, 1559334, 800555, 2026002, 2220843, -90706, 1290339, 'Up']
[2889975, 3654075, 610776, -183370, 615076, 1170654, -15247, 25066, 2393578, 2084785, 1356350, 751667, 1945343, 2105793, -106769, 1229681, 'Up']
[2885852, 3656669, 610201, -187751, 598649, 1164822, -11405, 28131, 2386107, 2077878, 1555534, 804831, 2027672, 2219075, -88138, 1290687, 'Up']
[2890272, 3655340, 602295, -182601, 612769, 1171518, -15993, 26700, 2394000, 2085191, 1362789, 748880, 1945020, 2109653, -108781, 1230216, 'Up']
[2885341, 3655638, 619151, -188047, 601396, 1164725, -10415, 26944, 2385828, 2077730, 1545062, 807249, 2026746, 2212958, -86672, 1288738, 'Up']
[2889754, 3655963, 595178, -182881, 610468, 1170807, -14105, 26749, 2393913, 2085018, 1376593, 747598, 1948132, 2117961, -108735, 1233341, 'Up']
[2885228, 3654711, 626633, -188444, 603668, 1164113, -13678, 24894, 2385380, 2077714, 1530231, 807413, 2023529, 2205029, -85858, 1285090, 'Up']
[2889673, 3656592, 587953, -183441, 607270, 1170090, -12874, 25711, 2393641, 2084962, 1393971, 748027, 1952621, 2127899, -109225, 1236578, 'Up']
[2887207, 3653962, 633195, -188145, 606980, 1165128, -15177, 24043, 2385323, 2078211, 1509842, 805955, 2017567, 2193533, -85757, 1279226, 'Up']
[2891650, 3657643, 582063, -183159, 604644, 1170768, -11199, 29308, 2393154, 2085037, 1415367, 750743, 1959177, 2140054, -108166, 1241957, 'Up']
[2887383, 3652540, 638150, -188293, 609317, 1165562, -15342, 21476, 2385222, 2078590, 1485963, 802861, 2009728, 2179744, -85438, 1273100, 'Up']
[2890999, 3658113, 578297, -183620, 601938, 1170352, -8538, 29383, 2391910, 2083963, 1439996, 754726, 1968000, 2154569, -106250, 1249592, 'Up']
[2887690, 3651787, 640706, -187809, 611718, 1166697, -18131, 21070, 2385715, 2079395, 1460124, 798429, 2000325, 2165081, -86075, 1265959, 'Up']
[2891088, 3658392, 577392, -184174, 599361, 1169851, -9200, 30164, 2390629, 2083210, 1466330, 760595, 1978138, 2169446, -104225, 1257282, 'Up']
[2889234, 3651884, 641302, -186763, 614251, 1168272, -17557, 22117, 2386484, 2080641, 1435068, 792217, 1990210, 2151225, -87566, 1258766, 'Up']
