[3368552, 2753560, 1608874, 912682, 57672, 1385829, -151869, 461201, 1391980, 382984, 1469098, 1873372, 2267293, 1578047, 617273, 1823955, 'Up']
[3398154, 2756387, 1615301, 915432, 55232, 1409022, -164161, 461266, 1399516, 390472, 1319199, 1704598, 2183999, 1551761, 586858, 1762087, 'Up']
[3385724, 2752974, 1620184, 912039, 57072, 1388511, -153198, 461301, 1390825, 381364, 1477243, 1876805, 2270763, 1582689, 621001, 1826261, 'Up']
[3380991, 2756935, 1604957, 915687, 56189, 1407158, -162827, 463256, 1400465, 391969, 1315056, 1704777, 2182346, 1547850, 584891, 1761648, 'Up']
[3402830, 2752056, 1632166, 910705, 54786, 1391101, -155017, 459533, 1389998, 380586, 1479026, 1874293, 2270608, 1585698, 622953, 1826461, 'Up']
[3363535, 2757077, 1595124, 915735, 56563, 1403268, -162068, 462306, 1400473, 392842, 1316383, 1710956, 2183488, 1545141, 582846, 1763143, 'Up']
[3418488, 2751710, 1641723, 910555, 54182, 1393765, -158151, 458663, 1389127, 379984, 1475523, 1865945, 2267324, 1587620, 622861, 1823714, 'Up']
[3347736, 2757158, 1586000, 916241, 57388, 1399415, -161538, 462196, 1400650, 393444, 1322411, 1721388, 2186902, 1544051, 582178, 1765467, 'Up']
[3433117, 2751624, 1650013, 911057, 53674, 1397850, -159523, 459814, 1389345, 380130, 1466937, 1853406, 2262273, 1588795, 622411, 1819341, 'Up']
[3334943, 2757201, 1578951, 916851, 58305, 1396069, -157158, 463430, 1400608, 393571, 1332571, 1736517, 2193647, 1544402, 583550, 1770383, 'Up']
[3444147, 2751385, 1656321, 911188, 52351, 1401302, -162037, 458896, 1389284, 380073, 1454078, 1836980, 2254997, 1587378, 620969, 1813896, 'Up']
[3325306, 2756943, 1574208, 916789, 58500, 1392634, -156359, 464316, 1399897, 393234, 1346629, 1754624, 2202236, 1545244, 585869, 1776776, 'Up']
[3449880, 2752293, 1657723, 912118, 52411, 1404951, -162526, 458674, 1390258, 381427, 1436727, 1816417, 2245761, 1585548, 618452, 1806572, 'Up']
[3319416, 2755909, 1571796, 916503, 58799, 1389584, -154909, 463300, 1398849, 392734, 1363724, 1773996, 2212120, 1548423, 589541, 1783676, 'Up']
[3452109, 2751868, 1657538, 912660, 52069, 1407901, -164549, 458398, 1390466, 382012, 1416899, 1793909, 2234866, 1582325, 614852, 1798486, 'Up']
[3319151, 2755438, 1572887, 916420, 59119, 1387401, -153150, 464446, 1397546, 391629, 1383791, 1795647, 2222986, 1552202, 594139, 1791840, 'Up']
[3450428, 2752416, 1654482, 913370, 52017, 1410203, -166022, 459301, 1391755, 383554, 1395761, 1771224, 2223399, 1577968, 610083, 1790067, 'Up']
[3323866, 2754584, 1577169, 915841, 58881, 1385944, -151696, 464042, 1396254, 390366, 1405547, 1817885, 2234847, 1557728, 599210, 1800455, 'Up']
[3444784, 2752019, 1650052, 913210, 51938, 1410510, -166006, 457276, 1392813, 384460, 1374049, 1749891, 2212174, 1571984, 604287, 1781484, 'Up']
[3333028, 2753578, 1585721, 915171, 58412, 1384172, -152335, 463604, 1394257, 387832, 1426913, 1839797, 2246789, 1562685, 603750, 1808695, 'Up']
[3434907, 2753158, 1643091, 914596, 52642, 1410823, -167316, 458588, 1394546, 386635, 1353962, 1732682, 2202149, 1565532, 598393, 1774209, 'Up']
[3344312, 2752696, 1594638, 914509, 57716, 1383749, -152838, 461216, 1393074, 386175, 1445698, 1856676, 2256201, 1568854, 608764, 1815050, 'Up']
[3421296, 2753928, 1633593, 915738, 53581, 1410907, -165137, 460924, 1396650, 388663, 1336355, 1717108, 2192897, 1559644, 593038, 1767420, 'Up']
[3358322, 2752061, 1605091, 913919, 57066, 1385011, -153004, 462238, 1391728, 384393, 1461575, 1868665, 2264342, 1575028, 614571, 1821040, 'Up']
[3405325, 2754184, 1622973, 915936, 54375, 1409397, -166124, 459592, 1397947, 390473, 1323043, 1706838, 2186623, 1554081, 588746, 1762857, 'Up']
[3373714, 2751464, 1614779, 913477, 56923, 1386742, -153080, 461238, 1390445, 383247, 1471863, 1874852, 2269625, 1579998, 618528, 1823576, 'Up']
[3388756, 2754261, 1612436, 916400, 54644, 1407745, -165413, 461454, 1398434, 391945, 1315470, 1703610, 2183963, 1549685, 585687, 1760693, 'Up']
[3391188, 2750180, 1626352, 912587, 55660, 1388775, -154345, 460122, 1389083, 381752, 1476734, 1875615, 2272060, 1583642, 621362, 1825452, 'Up']
[3370916, 2754334, 1600578, 916827, 56100, 1404563, -162823, 461454, 1398959, 393051, 1312605, 1705410, 2183464, 1546277, 583265, 1760783, 'Up']
[3408119, 2749359, 1636712, 912281, 54771, 1391932, -156650, 460451, 1387826, 381096, 1475802, 1869704, 2270884, 1586366, 622790, 1824363, 'Up']
[3354452, 2754660, 1591363, 917359, 56943, 1401236, -160920, 462883, 1398937, 393935, 1316076, 1713498, 2186488, 1543980, 582332, 1763257, 'Up']
[3423675, 2749285, 1646060, 911891, 53495, 1394852, -158960, 457913, 1387650, 380857, 1470354, 1859669, 2267390, 1587497, 622481, 1821526, 'Up']
[3339629, 2755199, 1582654, 917957, 57559, 1397663, -158001, 463213, 1399006, 394339, 1324308, 1726018, 2191008, 1543034, 582247, 1766816, 'Up']
[3437019, 2749562, 1653449, 912397, 52664, 1399421, -161785, 458743, 1387973, 381091, 1460017, 1844872, 2260633, 1587828, 621842, 1816614, 'Up']
[3327991, 2754886, 1576485, 917903, 58062, 1394625, -158246, 463299, 1399023, 394386, 1336687, 1742371, 2198327, 1544428, 583479, 1772270, 'Up']
[3446583, 2749812, 1658192, 912771, 52605, 1403351, -161019, 457316, 1388413, 381213, 1445865, 1826686, 2252358, 1586659, 619032, 1810202, 'Up']
[3321009, 2754721, 1573802, 917731, 59178, 1391565, -154167, 464024, 1398645, 393971, 1353594, 1762601, 2207713, 1546512, 587157, 1779882, 'Up']
[3450972, 2750384, 1659087, 913078, 52679, 1406586, -164931, 459073, 1389356, 382345, 1427550, 1805944, 2241733, 1584070, 615996, 1802728, 'Up']
[3318377, 2754170, 1573025, 916943, 59389, 1388939, -153693, 464676, 1397703, 393344, 1372120, 1783801, 2217667, 1549862, 590416, 1787073, 'Up']
[3451565, 2750320, 1657873, 912867, 51972, 1408694, -165445, 457519, 1390053, 383352, 1407220, 1783963, 2230642, 1579872, 611509, 1794771, 'Up']
[3320147, 2753208, 1575642, 916266, 59317, 1386339, -151529, 463694, 1396122, 391827, 1392742, 1805844, 2228983, 1554191, 594792, 1795306, 'Up']
[3447051, 2750555, 1653007, 913454, 52216, 1410122, -166253, 459417, 1391592, 384616, 1385515, 1761646, 2218789, 1574747, 606781, 1786327, 'Up']
[3326187, 2752502, 1580671, 915404, 58446, 1385152, -153180, 463460, 1394699, 390057, 1414192, 1827092, 2240188, 1559558, 600015, 1803684, 'Up']
[3438979, 2751395, 1646257, 914022, 52307, 1411010, -166952, 457911, 1392869, 386604, 1364301, 1741026, 2207411, 1568847, 600733, 1777952, 'Up']
[3335425, 2752154, 1587351, 915319, 58964, 1384150, -150612, 463301, 1393078, 388499, 1435106, 1846395, 2251121, 1565231, 606005, 1811092, 'Up']
[3427075, 2751893, 1636679, 914866, 52834, 1411186, -166814, 459787, 1394881, 389307, 1344650, 1722677, 2197265, 1562595, 596215, 1769769, 'Up']
[3348751, 2751150, 1597231, 914155, 57829, 1384189, -152420, 461189, 1391109, 386313, 1453528, 1862142, 2260974, 1570687, 611757, 1817973, 'Up']
[3413055, 2752540, 1627083, 915463, 53672, 1410135, -165290, 459713, 1396076, 391044, 1329213, 1710629, 2189948, 1555775, 591107, 1764559, 'Up']
[3363918, 2750419, 1607594, 913608, 57019, 1385654, -152290, 462529, 1389725, 385300, 1466311, 1871995, 2267437, 1576541, 616690, 1822586, 'Up']
[3396936, 2753018, 1616453, 916317, 54031, 1408500, -166199, 461270, 1396825, 392847, 1318094, 1704017, 2184709, 1551173, 587178, 1761553, 'Up']
[3380449, 2749871, 1618246, 913487, 55826, 1387256, -154208, 459914, 1388644, 384283, 1474083, 1875433, 2270710, 1581401, 619646, 1824711, 'Up']
[3380100, 2753833, 1605918, 917790, 54995, 1406645, -163850, 463279, 1397825, 394585, 1313715, 1703356, 2182819, 1547456, 584366, 1760619, 'Up']
[3398377, 2749394, 1630235, 913467, 54405, 1390186, -158198, 461087, 1387830, 383741, 1477605, 1874111, 2271416, 1584715, 622227, 1825904, 'Up']
[3362849, 2754386, 1595477, 918639, 56091, 1403527, -159649, 463836, 1398630, 395896, 1314720, 1709238, 2184031, 1544843, 582919, 1762286, 'Up']
[3414294, 2748700, 1639719, 913080, 54230, 1393020, -157920, 458548, 1387626, 383123, 1474864, 1866421, 2269074, 1587163, 623748, 1823648, 'Up']
[3346901, 2754107, 1585830, 918824, 57608, 1399707, -160118, 463227, 1398805, 396036, 1319878, 1718775, 2187446, 1543215, 582472, 1764244, 'Up']
[3429312, 2748380, 1648390, 913426, 53774, 1396926, -158389, 459743, 1387535, 383081, 1467214, 1853884, 2264195, 1587670, 623401, 1819787, 'Up']
[3333425, 2753633, 1578254, 918406, 58267, 1395547, -158036, 463477, 1398686, 396179, 1330094, 1733106, 2193796, 1542785, 583376, 1769344, 'Up']
[3440605, 2748325, 1654359, 912727, 52451, 1400137, -162363, 459008, 1387485, 382676, 1454503, 1836950, 2256640, 1586491, 620890, 1813842, 'Up']
[3323461, 2754086, 1573113, 918466, 58877, 1392134, -155444, 464515, 1398488, 396075, 1344321, 1750774, 2201888, 1543698, 585120, 1775280, 'Up']
[3448073, 2748774, 1656980, 913036, 52091, 1403854, -164221, 457959, 1388566, 383758, 1438583, 1816773, 2246860, 1584178, 618358, 1806281, 'Up']
[3318335, 2753610, 1571247, 918271, 59115, 1389766, -153744, 464946, 1397544, 395531, 1362326, 1771401, 2211197, 1546621, 588653, 1782384, 'Up']
[3451761, 2749331, 1658323, 913669, 51701, 1407193, -162992, 457313, 1389317, 384844, 1419936, 1796290, 2236463, 1581647, 615452, 1799136, 'Up']
[3318666, 2752740, 1573884, 917790, 58985, 1387361, -153095, 464394, 1396633, 394372, 1382507, 1794378, 2222662, 1550584, 593748, 1791245, 'Up']
[3449821, 2749485, 1656281, 914406, 52149, 1408971, -165463, 457518, 1390398, 385973, 1399083, 1774712, 2225286, 1576936, 610756, 1791399, 'Up']
[3321811, 2752135, 1577740, 917648, 59192, 1385115, -151508, 463536, 1395218, 392952, 1403933, 1816728, 2234013, 1555443, 598584, 1799728, 'Up']
[3443512, 2750104, 1650839, 915392, 52215, 1410648, -166022, 459967, 1391954, 388095, 1377119, 1752724, 2212914, 1571779, 605723, 1782657, 'Up']
[3330189, 2751493, 1585219, 916716, 58351, 1383999, -152870, 463318, 1393438, 391533, 1425660, 1837824, 2245069, 1561389, 604597, 1808411, 'Up']
[3433825, 2750714, 1643686, 915776, 52619, 1410785, -167026, 459093, 1393615, 390151, 1356336, 1733571, 2201968, 1565296, 599984, 1774827, 'Up']
[3340461, 2750623, 1592717, 915981, 58523, 1384104, -151512, 463355, 1392185, 390037, 1444001, 1854651, 2254616, 1567364, 610131, 1814834, 'Up']
[3420017, 2751211, 1633402, 916002, 53152, 1410866, -166008, 460341, 1395048, 392153, 1337646, 1717319, 2192348, 1559026, 595164, 1767488, 'Up']
[3354268, 2749814, 1602430, 914786, 57258, 1384846, -151274, 461477, 1390356, 388404, 1459549, 1867125, 2262121, 1573499, 615062, 1819857, 'Up']
[3405206, 2752103, 1623195, 916725, 53901, 1409673, -165373, 460326, 1396408, 394225, 1324188, 1707260, 2185298, 1553800, 590131, 1762555, 'Up']
[3371127, 2749106, 1614193, 914026, 56203, 1385658, -154435, 459913, 1389111, 386767, 1471502, 1875171, 2267983, 1578577, 619418, 1823817, 'Up']
[3388906, 2752731, 1612497, 917867, 54507, 1407314, -163670, 462400, 1397218, 395719, 1316093, 1703987, 2182208, 1548619, 586315, 1760333, 'Up']
[3388406, 2748424, 1625143, 913760, 54881, 1388134, -155542, 460001, 1387894, 386089, 1476837, 1876467, 2270043, 1582463, 622282, 1824968, 'Up']
[3371682, 2752812, 1601850, 918053, 55135, 1404750, -163902, 461568, 1397778, 397163, 1313245, 1705992, 2181108, 1545264, 583992, 1759997, 'Up']
[3405298, 2747846, 1635390, 913425, 53608, 1391522, -158225, 460149, 1386788, 385229, 1476218, 1871622, 2268790, 1585194, 623326, 1824038, 'Up']
[3354923, 2752907, 1591573, 918462, 55944, 1401548, -159925, 463038, 1398012, 397906, 1315697, 1713346, 2183263, 1543427, 582884, 1761904, 'Up']
[3421216, 2747293, 1644993, 912976, 52645, 1394515, -158485, 458739, 1386531, 384706, 1471302, 1861707, 2265191, 1586644, 623937, 1821465, 'Up']
[3339517, 2752717, 1582812, 918072, 56437, 1397552, -160089, 461481, 1397891, 398205, 1322968, 1725175, 2188139, 1542134, 582864, 1765545, 'Up']
[3434987, 2747078, 1652835, 912391, 52045, 1398246, -161140, 458052, 1386494, 384272, 1461042, 1847114, 2259514, 1586827, 622674, 1816413, 'Up']
[3327810, 2753010, 1575997, 918460, 57630, 1394201, -158152, 464791, 1397989, 398331, 1335257, 1741296, 2195632, 1543114, 584828, 1771047, 'Up']
[3444493, 2747508, 1656740, 912918, 51610, 1401977, -162623, 458391, 1387126, 385174, 1447224, 1828682, 2251145, 1585289, 621095, 1810062, 'Up']
[3320009, 2752755, 1572202, 918529, 58115, 1390727, -155681, 464486, 1397437, 398055, 1351493, 1760487, 2204952, 1544233, 587725, 1777751, 'Up']
[3449806, 2748447, 1658034, 913681, 50944, 1405157, -164940, 457862, 1388063, 386199, 1429620, 1808133, 2241310, 1582405, 617678, 1802592, 'Up']
[3317764, 2753174, 1572094, 918329, 58085, 1388182, -154085, 464214, 1396770, 397782, 1370616, 1782566, 2215331, 1547651, 591778, 1785969, 'Up']
[3451330, 2749562, 1657496, 914459, 50921, 1407680, -164880, 457658, 1389516, 388298, 1410008, 1786767, 2229907, 1578625, 613875, 1794849, 'Up']
[3319474, 2752422, 1574945, 917717, 58192, 1385379, -152712, 462899, 1395359, 396669, 1392062, 1805461, 2226881, 1552016, 596686, 1794575, 'Up']
[3446647, 2749314, 1652818, 914557, 51481, 1409183, -166980, 458119, 1390660, 389660, 1388130, 1764317, 2218222, 1573739, 608780, 1785540, 'Up']
[3324422, 2751276, 1579623, 916958, 58304, 1384265, -154835, 464315, 1393727, 394874, 1413391, 1826498, 2238214, 1557657, 601183, 1801996, 'Up']
[3438599, 2749738, 1646199, 915003, 51948, 1410160, -165215, 458534, 1391900, 391032, 1366662, 1743228, 2207316, 1568022, 603059, 1777135, 'Up']
[3334071, 2750035, 1587429, 915493, 57601, 1383133, -151836, 462804, 1391931, 392711, 1434088, 1845856, 2249786, 1563135, 607339, 1809779, 'Up']
[3426817, 2749865, 1637367, 915164, 52465, 1409837, -165765, 458728, 1393314, 392639, 1347042, 1725343, 2197480, 1561038, 597911, 1769697, 'Up']
[3346045, 2748622, 1596397, 914550, 56961, 1383312, -153428, 461578, 1389967, 390320, 1451710, 1860899, 2258939, 1568247, 612542, 1815653, 'Up']
[3412696, 2750052, 1628187, 916027, 52636, 1409465, -167203, 460340, 1394336, 393887, 1330781, 1712311, 2189332, 1554840, 592471, 1764092, 'Up']
[3360787, 2748272, 1606692, 914660, 56468, 1384648, -152875, 461763, 1388579, 388985, 1465402, 1871697, 2265306, 1574314, 617233, 1820859, 'Up']
[3396787, 2751265, 1617256, 917604, 53634, 1408235, -165877, 459943, 1395852, 396572, 1319813, 1705098, 2183513, 1550112, 588589, 1760548, 'Up']
[3377637, 2748144, 1617340, 914771, 55059, 1386618, -155079, 460589, 1387875, 388309, 1474434, 1876408, 2268778, 1579306, 620992, 1823552, 'Up']
[3380035, 2752097, 1606389, 918636, 54553, 1405960, -163533, 461339, 1397033, 398422, 1314674, 1704531, 2181436, 1546331, 586147, 1759440, 'Up']
[3395054, 2747836, 1628662, 914588, 54854, 1389399, -155554, 459966, 1387203, 387694, 1477804, 1875435, 2270392, 1583205, 624091, 1824272, 'Up']
[3363028, 2752767, 1595804, 919947, 55865, 1403665, -161914, 462611, 1398149, 400249, 1314996, 1709554, 2182817, 1543731, 585224, 1760499, 'Up']
[3410972, 2747333, 1638158, 914699, 53800, 1392802, -157357, 459139, 1386625, 387377, 1474971, 1867653, 2267948, 1585034, 625050, 1822646, 'Up']
[3345616, 2752759, 1584947, 920184, 57279, 1399870, -160398, 463772, 1398264, 400712, 1319037, 1717933, 2185520, 1542318, 584821, 1763023, 'Up']
[3425699, 2746687, 1646196, 914046, 53301, 1396095, -160843, 457466, 1386368, 386646, 1467849, 1855022, 2262916, 1586021, 624925, 1818523, 'Up']
[3332193, 2752295, 1577464, 920078, 58247, 1396351, -157799, 463855, 1397954, 400754, 1329421, 1732091, 2191604, 1541905, 585305, 1767343, 'Up']
[3438963, 2746073, 1654228, 914036, 52333, 1400112, -162024, 458039, 1386548, 386678, 1456936, 1840008, 2256462, 1585964, 623540, 1813630, 'Up']
[3322754, 2751614, 1573702, 919850, 58162, 1392196, -156159, 463406, 1397193, 399872, 1343751, 1751469, 2200121, 1543225, 587595, 1774348, 'Up']
[3446202, 2746660, 1657823, 914576, 51512, 1403380, -163668, 456974, 1387235, 387392, 1440357, 1820861, 2246873, 1583457, 620583, 1806693, 'Up']
[3317528, 2751293, 1572869, 919167, 57956, 1389299, -156255, 463788, 1396634, 399397, 1361026, 1771897, 2209868, 1545452, 590599, 1781698, 'Up']
[3449534, 2747237, 1658737, 914647, 51839, 1406088, -165719, 456939, 1388176, 388295, 1421907, 1799772, 2236644, 1579804, 616789, 1799085, 'Up']
[3316497, 2750306, 1573688, 917855, 59009, 1385939, -154030, 462546, 1395529, 397971, 1381043, 1793277, 2220774, 1548455, 594449, 1789048, 'Up']
[3447747, 2747202, 1656249, 914564, 51747, 1407737, -167397, 457590, 1389236, 389204, 1401012, 1776945, 2225275, 1575061, 612094, 1790103, 'Up']
[3319160, 2749780, 1576778, 917409, 58730, 1384376, -153704, 462387, 1394252, 396661, 1402011, 1815026, 2232027, 1553200, 598911, 1796972, 'Up']
[3441653, 2747515, 1650610, 914773, 51648, 1409422, -167914, 457645, 1390329, 390994, 1378838, 1754483, 2213007, 1569887, 606467, 1781104, 'Up']
[3326824, 2749128, 1583095, 916812, 58849, 1383405, -151734, 463222, 1392006, 395166, 1423469, 1835963, 2243168, 1558774, 604243, 1805150, 'Up']
[3432207, 2748365, 1642722, 916128, 52783, 1410674, -165335, 459098, 1391750, 393648, 1357998, 1735033, 2201907, 1564046, 601765, 1773533, 'Up']
[3337881, 2748193, 1591941, 916149, 57731, 1384000, -153229, 461920, 1389904, 393667, 1442907, 1853883, 2253057, 1564660, 610426, 1813017, 'Up']
[3419525, 2749118, 1634008, 916839, 53496, 1410785, -166757, 459423, 1392723, 395827, 1339607, 1719534, 2192198, 1557909, 595733, 1767260, 'Up']
[3351205, 2748098, 1601241, 916145, 58057, 1385481, -152126, 462249, 1388268, 392073, 1458915, 1867276, 2260868, 1570750, 615229, 1818773, 'Up']
[3404451, 2750318, 1623403, 918086, 54126, 1410370, -164517, 459278, 1394320, 397664, 1325771, 1709079, 2185237, 1552851, 591637, 1762534, 'Up']
[3367090, 2747883, 1611904, 915749, 56364, 1386982, -153285, 462098, 1387346, 390475, 1470570, 1874988, 2266528, 1576342, 619879, 1822583, 'Up']
[3388110, 2751293, 1612809, 918688, 54564, 1408969, -164818, 461465, 1395630, 399267, 1317215, 1704706, 2181473, 1547654, 588285, 1759933, 'Up']
[3384201, 2747621, 1623088, 914652, 55236, 1389316, -156461, 459602, 1386579, 389623, 1477046, 1877189, 2269148, 1580363, 623530, 1824088, 'Up']
[3370404, 2752429, 1601123, 919198, 55661, 1406141, -163568, 461536, 1396828, 400935, 1314192, 1705966, 2180127, 1543657, 585865, 1758771, 'Up']
[3401446, 2747269, 1633487, 913852, 54544, 1391734, -156413, 459450, 1386110, 389110, 1478213, 1872724, 2268200, 1582936, 625149, 1823162, 'Up']
[3353743, 2752345, 1590839, 918886, 57380, 1402077, -162473, 462608, 1397096, 401605, 1316761, 1712652, 2182185, 1541242, 584883, 1760453, 'Up']
[3417596, 2746398, 1643088, 913214, 54289, 1394541, -159008, 458611, 1385736, 388380, 1473246, 1862841, 2264953, 1583740, 625169, 1820075, 'Up']
[3338773, 2751729, 1582641, 918700, 57455, 1398151, -160552, 462371, 1397146, 401645, 1323965, 1724664, 2187322, 1539865, 585110, 1764233, 'Up']
[3430963, 2746093, 1650492, 913039, 52804, 1397721, -162304, 456880, 1385346, 388101, 1463263, 1848634, 2258939, 1583858, 624003, 1815308, 'Up']
[3326705, 2751341, 1576545, 918966, 58373, 1394479, -156077, 462614, 1396193, 401488, 1335586, 1740465, 2194166, 1540845, 586185, 1769408, 'Up']
[3441277, 2746013, 1656245, 914081, 52674, 1401674, -161562, 457623, 1385543, 388391, 1449575, 1830871, 2251233, 1583526, 622842, 1809744, 'Up']
[3318424, 2750814, 1572510, 919468, 58768, 1391112, -154141, 462247, 1395742, 401248, 1350901, 1759077, 2203280, 1542165, 589046, 1776381, 'Up']
[3447011, 2745911, 1658054, 914480, 52085, 1404983, -165407, 456249, 1386003, 389141, 1432006, 1810234, 2241767, 1580877, 619794, 1802738, 'Up']
[3315039, 2750249, 1571348, 919294, 59417, 1388389, -153359, 463938, 1394776, 400546, 1369454, 1780055, 2214197, 1545111, 592535, 1784219, 'Up']
[3448282, 2746395, 1656823, 915186, 51957, 1407815, -166269, 459103, 1387157, 390487, 1412178, 1788013, 2231009, 1576536, 615677, 1795001, 'Up']
[3317086, 2749497, 1574731, 917986, 58451, 1385700, -154006, 462394, 1393413, 399079, 1390792, 1802721, 2225717, 1549027, 596863, 1793231, 'Up']
[3445122, 2747509, 1652934, 915818, 52262, 1408966, -166357, 457738, 1388798, 391929, 1390938, 1765977, 2219188, 1571024, 609878, 1786009, 'Up']
[3322689, 2749442, 1579307, 917873, 58748, 1384246, -154491, 463335, 1392980, 397927, 1412421, 1824086, 2237180, 1554062, 601982, 1800400, 'Up']
[3438046, 2748213, 1646543, 916499, 52673, 1410171, -166780, 457478, 1391025, 394339, 1369887, 1744931, 2208235, 1565945, 604705, 1777270, 'Up']
[3331778, 2748275, 1586436, 917003, 58489, 1383655, -152899, 461710, 1391120, 396231, 1433628, 1844278, 2248650, 1560042, 608187, 1808080, 'Up']
[3426761, 2748060, 1638666, 916924, 53052, 1410589, -166216, 458594, 1392062, 395825, 1350120, 1727172, 2198162, 1559992, 599827, 1769891, 'Up']
[3343788, 2747486, 1595706, 916837, 58420, 1384207, -152307, 462366, 1389419, 394267, 1451765, 1860406, 2258149, 1566065, 614109, 1815075, 'Up']
[3413090, 2748018, 1629873, 917696, 53778, 1410333, -165482, 460059, 1392979, 397556, 1333736, 1713996, 2190246, 1553950, 595659, 1764817, 'Up']
[3357838, 2746358, 1606157, 916163, 57033, 1385134, -154268, 461424, 1387171, 392341, 1465044, 1870743, 2264971, 1571205, 619292, 1820690, 'Up']
[3396591, 2749367, 1618543, 919035, 54727, 1409094, -164478, 460917, 1394096, 399708, 1321325, 1705410, 2184134, 1548511, 591406, 1760767, 'Up']
[3373428, 2745768, 1616006, 915473, 56708, 1386780, -155064, 460293, 1386293, 391480, 1473461, 1874471, 2268350, 1575943, 623263, 1822806, 'Up']
[3378601, 2749721, 1606439, 919318, 55395, 1406961, -165837, 461527, 1394893, 401023, 1314666, 1702457, 2181160, 1544102, 588199, 1758505, 'Up']
[3391001, 2745085, 1627236, 915003, 55821, 1389678, -154821, 459985, 1385092, 390453, 1477773, 1873774, 2269794, 1579940, 625926, 1823438, 'Up']
[3361374, 2749873, 1595432, 919510, 56388, 1403380, -164320, 460479, 1395723, 402478, 1314428, 1706773, 2181783, 1541092, 586982, 1759185, 'Up']
[3408392, 2744528, 1638290, 914203, 54092, 1392049, -157506, 457483, 1384147, 389397, 1476893, 1868052, 2268528, 1582160, 626767, 1822288, 'Up']
[3345568, 2750301, 1586160, 919948, 57232, 1399281, -160190, 461980, 1396157, 402981, 1319890, 1717034, 2185522, 1539422, 586177, 1761860, 'Up']
[3423390, 2744309, 1646382, 914064, 53447, 1395195, -160410, 457897, 1384668, 389436, 1469562, 1855895, 2263503, 1582577, 626627, 1817804, 'Up']
[3332069, 2750382, 1579101, 920435, 57798, 1395893, -158967, 462853, 1395741, 402888, 1329471, 1730879, 2191145, 1538513, 586653, 1766257, 'Up']
[3435896, 2744574, 1654207, 915086, 52783, 1400137, -162858, 457428, 1384756, 389578, 1458350, 1840738, 2256757, 1582609, 625558, 1813059, 'Up']
[3321142, 2749674, 1574129, 920809, 59135, 1393674, -155828, 463585, 1395671, 402501, 1342842, 1748565, 2199348, 1540001, 589377, 1772631, 'Up']
[3442775, 2743909, 1657095, 915373, 52082, 1404263, -164234, 457214, 1384918, 388967, 1442206, 1821035, 2247439, 1580728, 623127, 1806688, 'Up']
[3314207, 2748066, 1571672, 919977, 58955, 1390856, -155909, 463020, 1394103, 400789, 1359443, 1767995, 2208102, 1541987, 591983, 1780141, 'Up']
[3446142, 2743062, 1658415, 915251, 52443, 1407584, -164438, 457824, 1384747, 389278, 1423228, 1799455, 2236717, 1577447, 619416, 1799295, 'Up']
[3312344, 2746542, 1572562, 919258, 59622, 1387970, -154055, 462799, 1392027, 399496, 1378828, 1789796, 2219230, 1545411, 596626, 1788478, 'Up']
[3444161, 2742386, 1655422, 915363, 52314, 1408909, -166887, 458444, 1385591, 390696, 1401519, 1776597, 2224814, 1572998, 615161, 1790492, 'Up']
[3314902, 2744553, 1576248, 918301, 59165, 1384946, -153087, 463953, 1390428, 397545, 1399499, 1811437, 2230186, 1549814, 601052, 1796427, 'Up']
[3438534, 2742349, 1651286, 916013, 52378, 1409517, -166046, 458100, 1386611, 391929, 1379918, 1754688, 2213314, 1567359, 610199, 1782221, 'Up']
[3321883, 2743883, 1582851, 917748, 59202, 1383492, -152727, 462694, 1389156, 396312, 1421469, 1832576, 2241776, 1555245, 607337, 1804622, 'Up']
[3428471, 2742951, 1643852, 916680, 53541, 1409665, -166450, 457596, 1388597, 393699, 1359718, 1734862, 2202621, 1561783, 604506, 1773917, 'Up']
[3331607, 2742974, 1589832, 917111, 58652, 1382844, -152821, 462086, 1388304, 394656, 1441091, 1849788, 2251666, 1561403, 612566, 1810967, 'Up']
[3415811, 2743246, 1634077, 917226, 53475, 1409523, -166930, 458496, 1390681, 395864, 1340981, 1717752, 2192683, 1555391, 598938, 1766670, 'Up']
[3345275, 2741782, 1600003, 916354, 57345, 1383300, -153567, 460708, 1386259, 392427, 1457610, 1863437, 2260100, 1566929, 617404, 1817372, 'Up']
[3400814, 2743468, 1623841, 918390, 54306, 1408968, -164722, 459225, 1391631, 397959, 1326496, 1706873, 2185278, 1550117, 594357, 1762138, 'Up']
[3360341, 2740441, 1610261, 915807, 57085, 1385128, -154224, 460166, 1384314, 390988, 1469057, 1871679, 2265350, 1573127, 622534, 1821703, 'Up']
[3383444, 2743719, 1612159, 919012, 55260, 1407910, -165569, 461553, 1391925, 399261, 1316445, 1701369, 2180856, 1545688, 590837, 1759438, 'Up']
[3377214, 2739352, 1621154, 914831, 56082, 1387812, -153857, 459496, 1382662, 389834, 1475053, 1873367, 2268022, 1577506, 625699, 1823510, 'Up']
[3365958, 2743606, 1601086, 918958, 56580, 1405021, -163855, 461477, 1392184, 400312, 1312688, 1702375, 2179888, 1541637, 588960, 1758830, 'Up']
[3393588, 2738839, 1630386, 914221, 55383, 1390602, -158648, 459279, 1382110, 388956, 1474875, 1868651, 2266902, 1579917, 627122, 1822085, 'Up']
[3348850, 2743769, 1590472, 919044, 57516, 1401225, -159266, 462093, 1392512, 400885, 1314051, 1708621, 2181255, 1539097, 587638, 1760192, 'Up']
[3410162, 2738577, 1640445, 913676, 54576, 1393313, -159309, 457556, 1381566, 388150, 1470606, 1859887, 2264092, 1581530, 628226, 1820059, 'Up']
[3333674, 2744477, 1581083, 919287, 57780, 1397406, -160706, 461898, 1392903, 401907, 1320863, 1719980, 2186004, 1538264, 587289, 1763314, 'Up']
[3424268, 2739203, 1647735, 913990, 53953, 1396774, -159029, 457664, 1382206, 389108, 1461717, 1846136, 2258664, 1582166, 627465, 1815328, 'Up']
[3321373, 2745040, 1573639, 919819, 58896, 1393753, -157305, 463572, 1393116, 402383, 1332395, 1735555, 2193082, 1538539, 589127, 1768352, 'Up']
[3435728, 2739988, 1653690, 914332, 52572, 1400891, -163854, 456539, 1382601, 389454, 1448672, 1828947, 2251239, 1581875, 625940, 1809750, 'Up']
[3313704, 2745766, 1570135, 920377, 59096, 1390706, -156751, 463667, 1393151, 402515, 1348405, 1755415, 2201985, 1540297, 591441, 1775816, 'Up']
[3442780, 2740649, 1656592, 915148, 52632, 1404466, -162649, 457511, 1383962, 390491, 1431959, 1809396, 2241256, 1579279, 623033, 1803068, 'Up']
[3311361, 2744888, 1570888, 919648, 59172, 1388149, -154157, 462904, 1392366, 401330, 1366981, 1777933, 2212458, 1543535, 595756, 1784928, 'Up']
[3444398, 2741374, 1655887, 915862, 52558, 1407206, -164731, 457348, 1384523, 391175, 1411529, 1788371, 2230332, 1575651, 619125, 1796381, 'Up']
[3312013, 2744573, 1572200, 919260, 60269, 1385798, -152816, 463479, 1391157, 400495, 1386417, 1799568, 2223380, 1547359, 600872, 1793288, 'Up']
[3441030, 2741835, 1651269, 915794, 52766, 1408918, -166801, 458531, 1385731, 393004, 1389369, 1765018, 2218488, 1570635, 614578, 1787295, 'Up']
[3317177, 2743834, 1576593, 918035, 59570, 1384090, -152614, 463515, 1389311, 399143, 1407757, 1821016, 2235092, 1552469, 606029, 1801195, 'Up']
[3433937, 2742836, 1644922, 916474, 53133, 1409912, -166336, 458466, 1387125, 395283, 1367840, 1743813, 2207197, 1564855, 609125, 1778667, 'Up']
[3327069, 2743636, 1584961, 917398, 59018, 1383039, -152777, 462136, 1387961, 397994, 1428942, 1841191, 2246383, 1557962, 612084, 1808959, 'Up']
[3423338, 2743943, 1637701, 917176, 53545, 1409597, -168032, 459714, 1388862, 397843, 1348888, 1726490, 2197087, 1558017, 603922, 1771645, 'Up']
[3338910, 2743862, 1593674, 917149, 58920, 1382760, -151720, 461494, 1386700, 396850, 1447710, 1857479, 2255520, 1563656, 617500, 1815855, 'Up']
[3409816, 2745407, 1627572, 918621, 54716, 1409189, -164965, 459706, 1391615, 401077, 1332595, 1712509, 2188528, 1552873, 599743, 1765362, 'Up']
[3353242, 2743501, 1603226, 917159, 57874, 1383718, -152294, 461661, 1386012, 395640, 1462207, 1868330, 2262435, 1570123, 622805, 1820578, 'Up']
[3394457, 2746393, 1616986, 919858, 54824, 1408102, -165744, 461299, 1392772, 402878, 1320669, 1704173, 2182291, 1547985, 595762, 1761654, 'Up']
[3370777, 2743521, 1614408, 917278, 56647, 1386338, -153622, 460775, 1384899, 394758, 1473080, 1875003, 2266668, 1575554, 627137, 1824338, 'Up']
[3379073, 2747080, 1607083, 920577, 55418, 1406508, -164020, 460601, 1393927, 404451, 1315230, 1703563, 2179889, 1544262, 592793, 1760912, 'Up']
[3388846, 2742348, 1626501, 916067, 55676, 1388825, -156835, 459681, 1383499, 393136, 1477113, 1875394, 2268069, 1579354, 629135, 1825947, 'Up']
[3361509, 2747318, 1596130, 920754, 56885, 1403632, -162908, 462602, 1394214, 404862, 1313360, 1707290, 2179661, 1540858, 590253, 1761020, 'Up']
[3405535, 2741478, 1636532, 914959, 55064, 1391751, -158674, 458353, 1382864, 391907, 1474556, 1868403, 2266316, 1581474, 630118, 1823649, 'Up']
[3345424, 2747312, 1586952, 920786, 58293, 1400341, -158096, 464081, 1394259, 404841, 1317246, 1716324, 2183401, 1539147, 589732, 1763735, 'Up']
[3420503, 2741195, 1645292, 914648, 54082, 1395263, -159978, 458318, 1382977, 391612, 1467529, 1856998, 2262269, 1582862, 630868, 1820401, 'Up']
[3330852, 2746586, 1579156, 920220, 58478, 1396008, -159110, 462537, 1393854, 404461, 1325812, 1729444, 2189204, 1538518, 590324, 1767716, 'Up']
[3432943, 2741126, 1651896, 914908, 54128, 1398653, -161488, 457616, 1383355, 391254, 1456135, 1841176, 2255666, 1582603, 629418, 1815096, 'Up']
[3320252, 2746506, 1573164, 920537, 59958, 1391915, -156260, 462644, 1394148, 404573, 1338896, 1746606, 2197267, 1539521, 593086, 1773583, 'Up']
[3442177, 2741384, 1656682, 915295, 53560, 1401998, -163128, 458785, 1383960, 391967, 1441291, 1822414, 2247358, 1581214, 627263, 1808818, 'Up']
[3314647, 2746592, 1571048, 920562, 60147, 1388382, -154633, 463863, 1393843, 404608, 1356500, 1767242, 2207381, 1542156, 596203, 1781624, 'Up']
[3445856, 2742521, 1656765, 915956, 52892, 1404343, -166505, 456673, 1385392, 393975, 1422921, 1800983, 2236731, 1578736, 623197, 1800965, 'Up']
[3313366, 2746416, 1572212, 920293, 59749, 1385553, -153642, 463314, 1392762, 404509, 1376556, 1789037, 2217816, 1545781, 599488, 1789267, 'Up']
[3445792, 2742971, 1656229, 916567, 52241, 1406677, -165627, 457764, 1386241, 395626, 1403404, 1779378, 2225492, 1574362, 619008, 1793070, 'Up']
[3316311, 2746158, 1575731, 920114, 59626, 1383718, -153607, 462955, 1391446, 403549, 1398265, 1811718, 2229217, 1550438, 604586, 1797987, 'Up']
[3440429, 2743494, 1650756, 917257, 52771, 1408296, -167162, 457047, 1387400, 397606, 1381630, 1757166, 2213273, 1569002, 613407, 1784093, 'Up']
[3323032, 2744997, 1581633, 919173, 59148, 1382643, -153220, 463019, 1389309, 401700, 1419343, 1832593, 2240239, 1555507, 609985, 1805568, 'Up']
[3430948, 2744345, 1642960, 918023, 53069, 1409370, -166449, 457402, 1388868, 399539, 1360028, 1736805, 2201876, 1562512, 608297, 1775578, 'Up']
[3333482, 2743671, 1589774, 917877, 58016, 1382481, -154366, 461680, 1387472, 399626, 1438773, 1850548, 2250515, 1561501, 615393, 1812642, 'Up']
[3418935, 2744002, 1635249, 918154, 53472, 1409418, -167704, 458492, 1389362, 400300, 1341090, 1721004, 2192680, 1556330, 602131, 1769414, 'Up']
[3346797, 2743089, 1599830, 917980, 57983, 1383770, -153463, 462203, 1385718, 397622, 1455040, 1864956, 2259273, 1567904, 620693, 1819270, 'Up']
[3404438, 2744468, 1625691, 919120, 54614, 1409109, -165127, 459671, 1391260, 402296, 1326210, 1709608, 2185553, 1551484, 598068, 1764522, 'Up']
[3362745, 2741966, 1611221, 916961, 57632, 1384962, -154796, 461159, 1384635, 395682, 1467228, 1873653, 2265258, 1573682, 625326, 1823942, 'Up']
[3388238, 2744955, 1615165, 919362, 55517, 1407045, -165311, 460873, 1392415, 403612, 1316577, 1704384, 2180936, 1546485, 594285, 1761949, 'Up']
[3379672, 2741478, 1622280, 915863, 56790, 1386782, -155163, 460236, 1383391, 394247, 1473792, 1875870, 2267665, 1577720, 628450, 1825738, 'Up']
[3370847, 2746193, 1603670, 919889, 56472, 1404527, -164859, 460492, 1393597, 405296, 1312460, 1704489, 2179254, 1542276, 591867, 1760717, 'Up']
[3397605, 2741740, 1633291, 915823, 55827, 1389692, -157196, 459888, 1383464, 393984, 1475518, 1872425, 2267417, 1580921, 630224, 1824808, 'Up']
[3354303, 2746753, 1593811, 920437, 57535, 1400632, -162768, 461388, 1394455, 406502, 1314868, 1711545, 2181146, 1540027, 591098, 1762412, 'Up']
[3414692, 2741203, 1643891, 914943, 54276, 1392291, -161314, 456911, 1383075, 393401, 1472336, 1864433, 2264534, 1582485, 631265, 1822605, 'Up']
[3339365, 2746432, 1585466, 920663, 58355, 1397137, -160402, 462427, 1394315, 406713, 1321887, 1723496, 2185538, 1539095, 590784, 1765811, 'Up']
[3427777, 2741022, 1650883, 915585, 54456, 1396582, -159174, 457891, 1383262, 393534, 1462766, 1850277, 2258187, 1583304, 631094, 1817769, 'Up']
[3326305, 2746172, 1577832, 920797, 59332, 1393953, -157802, 463541, 1394247, 406972, 1332275, 1737878, 2191557, 1539275, 593377, 1770282, 'Up']
[3438044, 2740851, 1655662, 915412, 53814, 1400060, -162509, 458289, 1383148, 393534, 1449681, 1832864, 2250248, 1582059, 629592, 1812012, 'Up']
[3317158, 2745483, 1572844, 920320, 59692, 1390308, -156603, 463188, 1393226, 406709, 1346539, 1755619, 2199424, 1540502, 595278, 1776263, 'Up']
[3444987, 2740659, 1658556, 915326, 53169, 1403341, -165126, 457062, 1382980, 394234, 1433050, 1812604, 2240562, 1579985, 626427, 1805322, 'Up']
[3313463, 2745129, 1572089, 920032, 60045, 1387489, -154542, 463281, 1391848, 405736, 1365403, 1777272, 2210152, 1543689, 598336, 1784708, 'Up']
[3446616, 2741359, 1657968, 915725, 52782, 1406601, -166575, 458353, 1384242, 395635, 1413323, 1790544, 2229467, 1576877, 622690, 1797043, 'Up']
[3313532, 2744879, 1573180, 919434, 60086, 1385150, -153848, 462971, 1390963, 405128, 1385911, 1799177, 2221211, 1547777, 603154, 1792711, 'Up']
[3443055, 2741759, 1653606, 916096, 52539, 1408158, -167861, 457714, 1385546, 397239, 1392174, 1767660, 2217928, 1571830, 617639, 1787800, 'Up']
[3319012, 2744282, 1578604, 919042, 59805, 1383637, -152124, 463117, 1389525, 403414, 1407577, 1820938, 2233013, 1552526, 608435, 1800878, 'Up']
[3436497, 2743252, 1647595, 917686, 53129, 1409500, -166214, 458545, 1387743, 399789, 1371399, 1747349, 2206737, 1566026, 612882, 1779947, 'Up']
[3327904, 2743589, 1585771, 918786, 58815, 1383226, -152945, 462669, 1388417, 402191, 1428886, 1840872, 2243971, 1558766, 614362, 1809162, 'Up']
[3426576, 2743077, 1640957, 918318, 53186, 1410070, -168124, 459216, 1388713, 401123, 1351951, 1728896, 2196339, 1560509, 607459, 1773236, 'Up']
[3339664, 2742286, 1594897, 917914, 58952, 1383093, -152854, 461218, 1386379, 399997, 1447982, 1858061, 2253857, 1565169, 619933, 1816512, 'Up']
[3412470, 2743371, 1630598, 918504, 54135, 1409653, -166806, 458860, 1390280, 402976, 1334730, 1714250, 2187619, 1554187, 602542, 1766496, 'Up']
[3353670, 2741231, 1604715, 916592, 57940, 1384033, -154151, 461684, 1384761, 398125, 1462553, 1869381, 2261365, 1570681, 624945, 1821204, 'Up']
[3397129, 2744112, 1620435, 919171, 55444, 1408371, -166324, 461270, 1390945, 404400, 1322540, 1706138, 2182194, 1548775, 598314, 1762774, 'Up']
[3370011, 2740691, 1616004, 916009, 57628, 1385763, -154066, 460215, 1383354, 396830, 1472292, 1875241, 2265653, 1575512, 628964, 1824562, 'Up']
[3379675, 2744571, 1609580, 919677, 56117, 1406242, -163004, 461932, 1391831, 406159, 1315526, 1703710, 2178918, 1544774, 595329, 1761003, 'Up']
[3386711, 2740456, 1626253, 915494, 55733, 1388480, -155509, 459548, 1382837, 396213, 1476253, 1874658, 2266793, 1579606, 631202, 1824891, 'Up']
[3362534, 2745634, 1598326, 919986, 56566, 1403711, -161719, 460852, 1393125, 407366, 1314259, 1706949, 2179091, 1540933, 592725, 1760708, 'Up']
[3404080, 2741026, 1637029, 915399, 54824, 1392505, -156896, 459178, 1382628, 395575, 1475956, 1869379, 2265753, 1581800, 632666, 1823559, 'Up']
[3346236, 2746734, 1588297, 921018, 57613, 1401105, -160075, 462309, 1393916, 408756, 1318700, 1716223, 2182181, 1539261, 592264, 1763097, 'Up']
[3420265, 2741079, 1646275, 915044, 53543, 1396231, -159541, 458395, 1382727, 395893, 1470224, 1858785, 2261704, 1583204, 633208, 1820236, 'Up']
[3332271, 2746626, 1580769, 920307, 57924, 1396973, -161236, 462858, 1393848, 409163, 1327783, 1730060, 2188308, 1538750, 593348, 1767692, 'Up']
