[3204888, 2436781, 1604240, 737190, 101541, 1323763, -123668, 438729, 1168199, 568853, 1411916, 1781776, 2017912, 1329681, 645909, 1611451, 'Up']
[3148670, 2443698, 1553567, 742363, 105827, 1329193, -125885, 441538, 1177175, 579486, 1279292, 1650304, 1945638, 1308573, 616289, 1560934, 'Up']
[3217363, 2437575, 1611742, 737168, 101493, 1326336, -126214, 437702, 1168462, 568706, 1406012, 1770600, 2012109, 1330564, 645627, 1608181, 'Up']
[3136667, 2443153, 1546655, 742717, 106422, 1326617, -123874, 443072, 1177355, 579703, 1287147, 1663496, 1952089, 1307861, 617238, 1565245, 'Up']
[3227351, 2438171, 1616635, 737292, 101475, 1329327, -127243, 437322, 1168805, 569007, 1396338, 1755642, 2004533, 1330619, 645216, 1603856, 'Up']
[3128070, 2441635, 1542566, 741990, 106209, 1323612, -121287, 442906, 1176394, 578833, 1298426, 1679628, 1960449, 1307343, 618767, 1570510, 'Up']
[3234223, 2439041, 1620136, 737549, 101468, 1332460, -128947, 437594, 1168809, 569187, 1382844, 1737921, 1995646, 1329503, 643542, 1598639, 'Up']
[3123678, 2440422, 1541978, 741133, 106046, 1321046, -119668, 441439, 1175399, 578196, 1312947, 1698286, 1970652, 1307920, 621182, 1577241, 'Up']
[3236568, 2439807, 1619745, 737691, 101503, 1334564, -130505, 438618, 1169389, 570207, 1366474, 1718059, 1985424, 1328792, 640486, 1591582, 'Up']
[3122512, 2439229, 1543083, 740647, 105795, 1319189, -119544, 443787, 1174284, 577321, 1329213, 1717635, 1980950, 1309905, 623806, 1583943, 'Up']
[3235182, 2440380, 1617512, 737913, 101684, 1335649, -131907, 435554, 1170300, 571037, 1348406, 1697653, 1974631, 1326661, 636819, 1584019, 'Up']
[3125334, 2438344, 1546961, 740350, 105343, 1317252, -120145, 442892, 1173201, 575713, 1347152, 1737542, 1991584, 1311173, 626839, 1590392, 'Up']
[3229851, 2441524, 1611049, 739205, 102527, 1337081, -131910, 437947, 1171945, 572739, 1329700, 1677624, 1963789, 1324383, 633175, 1576091, 'Up']
[3131680, 2437220, 1552514, 739485, 104674, 1316113, -119890, 441980, 1171751, 574047, 1365705, 1755650, 2001473, 1314395, 630764, 1596852, 'Up']
[3222207, 2442055, 1604386, 739346, 103070, 1337000, -131226, 437084, 1172929, 573788, 1312200, 1660864, 1954349, 1321528, 628613, 1569606, 'Up']
[3141288, 2436677, 1560159, 738768, 104396, 1315573, -118478, 442138, 1170791, 572397, 1382215, 1771260, 2009907, 1316754, 635091, 1603148, 'Up']
[3212037, 2442432, 1596965, 739637, 103075, 1336981, -132635, 439977, 1173753, 574872, 1296869, 1647745, 1946627, 1317788, 624976, 1564611, 'Up']
[3152729, 2436420, 1569176, 738406, 104122, 1316675, -118438, 442021, 1169572, 571285, 1395653, 1782992, 2016201, 1319951, 638704, 1608972, 'Up']
[3198999, 2443484, 1586336, 740591, 104365, 1336712, -130509, 439174, 1175462, 577079, 1284293, 1638091, 1940489, 1315263, 622275, 1560560, 'Up']
[3166814, 2435835, 1579364, 737491, 103498, 1317368, -120041, 440494, 1168750, 569892, 1406312, 1789243, 2020006, 1322987, 642214, 1612183, 'Up']
[3185074, 2443478, 1576762, 741054, 104670, 1334688, -129153, 440002, 1176121, 577826, 1277544, 1635672, 1938714, 1312419, 619536, 1558749, 'Up']
[3181543, 2435664, 1589249, 736896, 102899, 1318832, -122553, 439730, 1168274, 569348, 1411826, 1790086, 2021026, 1325633, 643894, 1613086, 'Up']
[3170048, 2443521, 1566826, 741311, 106058, 1332569, -127777, 440979, 1176381, 578547, 1274678, 1637647, 1939654, 1309959, 617495, 1558086, 'Up']
[3196235, 2435927, 1598630, 736883, 102855, 1321224, -122046, 439134, 1168055, 569132, 1412462, 1785280, 2019246, 1327926, 645558, 1612073, 'Up']
[3155351, 2442607, 1557835, 741331, 105855, 1329722, -126435, 440630, 1176470, 579014, 1276041, 1644176, 1942779, 1308500, 616236, 1559167, 'Up']
[3210249, 2435644, 1608429, 736127, 101400, 1323701, -125902, 438526, 1167125, 568133, 1408860, 1776653, 2015473, 1329151, 645546, 1610172, 'Up']
[3142228, 2442168, 1550440, 741727, 106660, 1326875, -124024, 442100, 1176414, 579454, 1281765, 1655267, 1948344, 1307934, 616081, 1562353, 'Up']
[3221358, 2436508, 1614362, 736383, 101652, 1326595, -126873, 438418, 1167523, 568599, 1400766, 1762680, 2008303, 1329832, 645189, 1605509, 'Up']
[3131494, 2440975, 1544349, 741178, 105924, 1323491, -123381, 441846, 1175637, 578967, 1291027, 1669418, 1955133, 1307133, 617190, 1566504, 'Up']
[3230212, 2436870, 1618683, 736170, 101101, 1329178, -128368, 436585, 1167386, 568335, 1388932, 1746216, 1999609, 1329512, 643496, 1600230, 'Up']
[3125069, 2439990, 1541600, 741150, 106626, 1321264, -121425, 444175, 1174800, 577772, 1303288, 1687023, 1964367, 1306976, 619115, 1572674, 'Up']
[3235820, 2438638, 1620206, 737189, 101722, 1332645, -128732, 437169, 1168453, 569298, 1373956, 1727555, 1990025, 1328791, 641701, 1594396, 'Up']
[3123092, 2439479, 1542321, 740880, 106373, 1319388, -118975, 443884, 1174391, 577588, 1319504, 1707302, 1975143, 1308225, 622272, 1579673, 'Up']
[3236698, 2439738, 1619351, 737522, 101413, 1334141, -132084, 436170, 1169394, 570399, 1357326, 1708540, 1980276, 1327425, 638705, 1587695, 'Up']
[3124115, 2438935, 1545108, 740726, 105808, 1317433, -118598, 443684, 1173444, 576643, 1337096, 1727503, 1985842, 1310510, 624778, 1586429, 'Up']
[3233668, 2441372, 1614709, 738987, 102648, 1336015, -130178, 437686, 1171342, 573021, 1339269, 1688204, 1969074, 1326152, 635583, 1579978, 'Up']
[3128887, 2437933, 1549763, 739877, 105131, 1315911, -119741, 443326, 1172462, 575855, 1356304, 1746945, 1996304, 1312453, 629193, 1593583, 'Up']
[3227233, 2441896, 1608725, 739068, 102727, 1336139, -131474, 437249, 1172374, 574138, 1321153, 1669620, 1958697, 1322806, 630955, 1572794, 'Up']
[3136847, 2437025, 1557040, 739129, 104889, 1315154, -119161, 442736, 1171256, 574139, 1374330, 1764766, 2005807, 1315565, 632663, 1600180, 'Up']
[3217534, 2442213, 1600733, 739538, 103712, 1336580, -130558, 438098, 1173526, 575159, 1303982, 1654131, 1950269, 1319668, 626961, 1566873, 'Up']
[3147155, 2435981, 1564778, 738151, 104490, 1315492, -119745, 441042, 1169867, 572238, 1388935, 1777629, 2013315, 1318373, 636668, 1605430, 'Up']
[3205787, 2442356, 1591987, 739836, 104302, 1336164, -129364, 439742, 1174312, 576113, 1289800, 1642359, 1943524, 1316481, 623496, 1561554, 'Up']
[3159775, 2435319, 1574246, 737324, 103746, 1315876, -119110, 440343, 1168702, 570530, 1401178, 1786452, 2018397, 1321613, 640632, 1609710, 'Up']
[3191705, 2442816, 1580940, 740378, 104169, 1335071, -131404, 439821, 1175072, 577589, 1279473, 1635508, 1938926, 1313888, 619973, 1557833, 'Up']
[3174031, 2435299, 1583575, 736899, 103231, 1317485, -119934, 439948, 1167838, 569952, 1408875, 1789485, 2020147, 1324509, 643080, 1611479, 'Up']
[3176984, 2443577, 1569595, 741362, 106063, 1333284, -128499, 440897, 1176083, 578934, 1274460, 1634628, 1937788, 1310951, 618594, 1556348, 'Up']
[3189160, 2435602, 1592530, 736710, 102654, 1319743, -123010, 439669, 1167954, 569496, 1412037, 1786966, 2019448, 1326340, 645366, 1611148, 'Up']
[3162746, 2443374, 1560388, 741673, 105608, 1331156, -126683, 441016, 1176667, 579523, 1274281, 1639460, 1939818, 1309149, 617061, 1557078, 'Up']
[3204673, 2435674, 1603397, 736397, 101732, 1322169, -124180, 437956, 1167427, 568728, 1411241, 1781195, 2017022, 1328346, 646187, 1610466, 'Up']
[3149339, 2442574, 1553011, 741958, 106165, 1328480, -125619, 442239, 1176263, 579598, 1278360, 1649448, 1944788, 1307820, 616516, 1560101, 'Up']
[3217252, 2436093, 1610469, 736565, 101610, 1325203, -125935, 437286, 1167170, 568699, 1405184, 1769681, 2011317, 1329212, 646064, 1607225, 'Up']
[3137251, 2441520, 1545570, 742029, 106546, 1325698, -123531, 442850, 1175737, 579493, 1285481, 1661622, 1950919, 1307362, 617337, 1563570, 'Up']
[3226912, 2436661, 1615084, 736739, 101559, 1328449, -127171, 436481, 1167121, 568673, 1394515, 1753999, 2003670, 1329295, 645653, 1602278, 'Up']
[3127995, 2440249, 1540624, 741533, 106242, 1323040, -122333, 443384, 1175012, 578853, 1296142, 1676901, 1958753, 1307047, 618920, 1568303, 'Up']
[3233770, 2437038, 1618505, 736607, 101796, 1331025, -128832, 437248, 1167136, 568717, 1381369, 1736406, 1994503, 1328853, 643555, 1596772, 'Up']
[3123413, 2439075, 1539678, 740996, 106459, 1320322, -121664, 443296, 1174083, 578030, 1310206, 1695691, 1968689, 1307319, 621082, 1574893, 'Up']
[3236838, 2438513, 1618199, 737402, 101908, 1333440, -129936, 437250, 1168193, 569955, 1365369, 1716750, 1984110, 1328210, 640814, 1589951, 'Up']
[3123422, 2438088, 1541625, 740238, 105689, 1317962, -120987, 442025, 1173286, 576990, 1327556, 1715601, 1978994, 1309035, 623495, 1581494, 'Up']
[3236163, 2439174, 1616959, 737871, 101782, 1334636, -131587, 436232, 1168842, 570636, 1348013, 1697314, 1973469, 1326355, 636648, 1582923, 'Up']
[3126630, 2437742, 1546532, 740535, 105441, 1316632, -120376, 443464, 1172363, 575980, 1345565, 1735701, 1989786, 1311809, 626868, 1589232, 'Up']
[3231416, 2440667, 1611693, 739057, 102028, 1336137, -131666, 437953, 1171025, 573004, 1329727, 1677781, 1962808, 1324602, 632965, 1575708, 'Up']
[3133025, 2436612, 1552734, 739875, 104566, 1315598, -119546, 441731, 1171139, 574487, 1364321, 1754403, 1999838, 1313877, 630763, 1596169, 'Up']
[3223856, 2441520, 1604910, 739763, 103182, 1336864, -131047, 437744, 1172375, 574493, 1312150, 1660572, 1953270, 1321730, 629296, 1568900, 'Up']
[3142596, 2436346, 1560225, 739252, 105075, 1315808, -118457, 442691, 1170334, 573608, 1381661, 1770796, 2009000, 1317955, 635587, 1602568, 'Up']
[3213309, 2442161, 1596188, 739942, 103982, 1336706, -131458, 439385, 1173640, 576085, 1296833, 1647615, 1946131, 1318785, 625694, 1563866, 'Up']
[3153823, 2435124, 1569017, 737752, 104402, 1315601, -119086, 441160, 1168969, 571610, 1395198, 1782176, 2015498, 1319816, 639358, 1607414, 'Up']
[3199917, 2441993, 1586178, 739818, 104813, 1335382, -131118, 438308, 1174256, 576655, 1284337, 1638472, 1940405, 1314754, 622323, 1559320, 'Up']
[3167121, 2434180, 1578427, 736402, 103578, 1316242, -120820, 440549, 1167912, 570127, 1404549, 1787650, 2018769, 1322048, 641792, 1609620, 'Up']
[3185656, 2442169, 1575905, 739928, 105161, 1333518, -130240, 438814, 1174790, 577510, 1276263, 1634542, 1938024, 1311258, 618994, 1556738, 'Up']
[3182104, 2434286, 1588778, 736260, 102641, 1318047, -122758, 440016, 1166923, 569105, 1410165, 1788649, 2020036, 1324844, 643542, 1611039, 'Up']
[3170985, 2442258, 1566111, 740983, 105341, 1331903, -128387, 440108, 1175326, 578640, 1273438, 1636824, 1938684, 1309630, 617055, 1556506, 'Up']
[3197280, 2434429, 1598837, 736242, 101617, 1320664, -123535, 439464, 1166584, 568629, 1411516, 1785005, 2018563, 1327083, 645074, 1610798, 'Up']
[3156954, 2442120, 1557709, 741581, 106000, 1329404, -126427, 441218, 1175554, 579104, 1275264, 1644363, 1942197, 1308632, 616470, 1558397, 'Up']
[3211708, 2435420, 1607710, 736434, 101652, 1323433, -124506, 437671, 1167053, 569021, 1407802, 1776246, 2014575, 1329041, 645982, 1608681, 'Up']
[3144172, 2442036, 1550545, 741860, 105845, 1326554, -124777, 442395, 1175912, 579860, 1281231, 1656077, 1947930, 1307463, 616946, 1561822, 'Up']
[3223032, 2436188, 1614234, 736007, 101312, 1325960, -127135, 437740, 1167357, 569289, 1400041, 1763201, 2007762, 1329474, 645361, 1604727, 'Up']
[3132857, 2440827, 1544013, 741002, 106470, 1323369, -123629, 442581, 1175666, 579553, 1290212, 1669699, 1954603, 1306750, 617513, 1565577, 'Up']
[3231269, 2436667, 1617884, 735607, 101622, 1328705, -130025, 436636, 1167344, 569206, 1388266, 1746154, 1998971, 1329360, 644036, 1599227, 'Up']
[3126371, 2439502, 1541144, 739965, 106317, 1320530, -122364, 441858, 1174584, 578537, 1302994, 1686860, 1963487, 1306657, 619194, 1571066, 'Up']
[3236329, 2437789, 1619113, 735862, 101621, 1331266, -130297, 436511, 1168106, 569796, 1373555, 1727156, 1989104, 1328444, 641656, 1592450, 'Up']
[3123687, 2438124, 1541527, 739358, 105985, 1318113, -121092, 443746, 1173759, 577544, 1318836, 1706509, 1973964, 1308252, 621938, 1577692, 'Up']
[3236529, 2438466, 1617656, 736437, 101835, 1333072, -132601, 435797, 1168800, 570427, 1356101, 1707117, 1978589, 1327377, 638410, 1585559, 'Up']
[3124477, 2437018, 1544114, 738997, 105351, 1316269, -120633, 441532, 1172334, 576009, 1336210, 1726383, 1984644, 1309547, 624450, 1584394, 'Up']
[3234036, 2439871, 1613953, 737598, 102375, 1335101, -130695, 437569, 1169985, 571832, 1338004, 1687531, 1968070, 1325275, 635199, 1578477, 'Up']
[3129898, 2436604, 1549344, 738923, 105399, 1315508, -119011, 442178, 1171574, 575163, 1355132, 1746213, 1995400, 1312455, 629348, 1592386, 'Up']
[3228379, 2440408, 1608673, 737897, 102832, 1335819, -132394, 436697, 1171148, 573380, 1320142, 1669089, 1958069, 1322521, 631362, 1571808, 'Up']
[3137810, 2435747, 1556151, 738304, 105338, 1314772, -119096, 442342, 1170072, 573601, 1372860, 1763318, 2004861, 1315180, 633280, 1598932, 'Up']
[3219259, 2441464, 1600777, 738988, 103880, 1336325, -131896, 439301, 1172543, 575151, 1303317, 1653089, 1949313, 1320089, 627610, 1565523, 'Up']
[3149142, 2435209, 1565613, 737382, 104213, 1314581, -120594, 440404, 1169035, 572494, 1388863, 1777436, 2012787, 1318657, 637263, 1604826, 'Up']
[3207963, 2442364, 1592392, 739523, 104245, 1335579, -131053, 437663, 1173562, 576857, 1289820, 1642790, 1943005, 1316465, 623448, 1560726, 'Up']
[3162265, 2435201, 1575038, 737240, 103602, 1315336, -120634, 439928, 1168402, 571733, 1401310, 1786771, 2018226, 1321828, 640840, 1608589, 'Up']
[3194325, 2443010, 1581789, 740473, 104394, 1334576, -131452, 439503, 1174991, 578778, 1279886, 1636141, 1938743, 1313792, 620084, 1556772, 'Up']
[3176613, 2434762, 1585021, 736896, 102784, 1317208, -122926, 439766, 1167509, 570999, 1409002, 1789915, 2019870, 1324741, 642809, 1610374, 'Up']
[3180156, 2442583, 1572776, 740890, 105353, 1332901, -128498, 438543, 1175122, 579102, 1274841, 1636128, 1938141, 1311466, 617972, 1556115, 'Up']
[3191477, 2435095, 1594735, 736943, 102775, 1319329, -122993, 439983, 1167211, 569914, 1411966, 1788373, 2019912, 1326801, 645274, 1610989, 'Up']
[3164942, 2442969, 1561592, 741989, 106439, 1330603, -127590, 441124, 1176366, 580233, 1273802, 1639950, 1939861, 1310036, 617432, 1556264, 'Up']
[3205949, 2434853, 1603720, 736128, 102145, 1321347, -125541, 436401, 1167254, 569526, 1410596, 1781110, 2016724, 1328585, 646585, 1609146, 'Up']
[3151149, 2441822, 1553955, 741519, 106835, 1326967, -126038, 440112, 1175655, 579434, 1277788, 1649502, 1944744, 1307643, 616860, 1558805, 'Up']
[3218619, 2435241, 1611405, 735975, 102139, 1323874, -127367, 437319, 1166826, 568765, 1404879, 1770093, 2011567, 1329200, 646342, 1606267, 'Up']
[3138986, 2440976, 1546784, 741278, 107329, 1324365, -124627, 442457, 1175901, 579732, 1285116, 1661633, 1950858, 1307381, 617350, 1562355, 'Up']
[3228148, 2436119, 1616455, 735937, 102609, 1327114, -127491, 437691, 1167434, 569043, 1394846, 1754839, 2003824, 1329490, 645615, 1601656, 'Up']
[3130122, 2439930, 1542718, 740511, 106992, 1321575, -122710, 442985, 1175554, 579234, 1296283, 1677471, 1959036, 1306912, 618977, 1567505, 'Up']
[3235043, 2437323, 1619493, 735883, 101769, 1329531, -129459, 435638, 1168064, 569698, 1381790, 1737218, 1994745, 1329330, 643778, 1595623, 'Up']
[3125712, 2439322, 1541716, 740420, 106272, 1318866, -122864, 441540, 1174808, 578767, 1310883, 1696248, 1968790, 1307812, 620820, 1573796, 'Up']
[3238041, 2438831, 1619759, 737412, 101680, 1332427, -131132, 436637, 1169047, 571050, 1366308, 1718366, 1984735, 1328250, 640677, 1588962, 'Up']
[3125083, 2438671, 1543615, 740764, 105935, 1318039, -120305, 441597, 1173985, 578558, 1328190, 1716654, 1979623, 1309670, 624020, 1581047, 'Up']
[3237482, 2439530, 1618164, 737694, 102104, 1334810, -132920, 436556, 1169573, 572352, 1349199, 1699003, 1974530, 1327656, 637823, 1582941, 'Up']
[3127766, 2436950, 1547465, 739492, 106068, 1316144, -120498, 442038, 1171994, 576848, 1346113, 1736940, 1990556, 1312008, 627142, 1588496, 'Up']
[3232314, 2439878, 1612565, 737932, 103607, 1335792, -131695, 437357, 1170468, 573376, 1329845, 1678957, 1963784, 1324336, 633988, 1575144, 'Up']
[3134190, 2435583, 1554116, 738390, 105628, 1315390, -119318, 443203, 1170336, 574990, 1363987, 1755111, 2000728, 1314027, 631831, 1595895, 'Up']
[3224342, 2440474, 1605936, 738067, 103728, 1335880, -133299, 437105, 1171086, 574481, 1312101, 1661704, 1954639, 1321484, 630062, 1569322, 'Up']
[3142939, 2435505, 1560677, 738026, 105733, 1315241, -117963, 441587, 1169346, 573845, 1380392, 1770111, 2009220, 1316816, 635930, 1601554, 'Up']
[3214039, 2441877, 1596621, 739210, 104594, 1336712, -129695, 438866, 1173020, 576804, 1296525, 1647433, 1946353, 1318103, 626464, 1562600, 'Up']
[3155190, 2435020, 1569782, 736792, 104047, 1315886, -118460, 441763, 1168631, 572247, 1395498, 1782620, 2016046, 1319673, 639838, 1606632, 'Up']
[3201297, 2442586, 1586962, 738996, 104669, 1335529, -130204, 437930, 1174302, 577345, 1284399, 1639055, 1940879, 1314558, 622239, 1558412, 'Up']
[3168956, 2435071, 1580091, 735774, 104091, 1316350, -119509, 438903, 1168021, 570626, 1405169, 1788654, 2019511, 1322390, 642068, 1609071, 'Up']
[3186812, 2443520, 1577170, 739767, 105843, 1334311, -129442, 439885, 1175656, 579028, 1276856, 1635304, 1938673, 1312100, 619584, 1555635, 'Up']
[3183374, 2435815, 1589832, 735783, 103192, 1318729, -121494, 439944, 1167957, 571126, 1410999, 1789069, 2020601, 1325254, 644610, 1610015, 'Up']
[3171788, 2443092, 1567450, 739590, 105893, 1331761, -128293, 439569, 1176076, 580138, 1274253, 1637065, 1939154, 1309857, 617703, 1555239, 'Up']
[3197781, 2435338, 1599680, 734668, 102464, 1320262, -123875, 437882, 1166929, 569618, 1412207, 1784950, 2019206, 1326509, 645598, 1609540, 'Up']
[3157139, 2442886, 1558377, 739762, 106147, 1329453, -126120, 440577, 1176162, 580376, 1275552, 1643790, 1942302, 1308256, 616896, 1556702, 'Up']
[3211680, 2436089, 1608391, 734493, 102098, 1323741, -125419, 438107, 1166882, 569597, 1408152, 1775852, 2014785, 1328583, 646425, 1607573, 'Up']
[3143956, 2442248, 1550384, 739656, 106956, 1327243, -122870, 442631, 1176183, 580791, 1280726, 1654656, 1947597, 1307649, 617243, 1559901, 'Up']
[3223363, 2436332, 1614770, 733895, 101606, 1326462, -126120, 437117, 1166833, 569528, 1399766, 1762483, 2008011, 1329230, 646072, 1603565, 'Up']
[3133956, 2441020, 1545275, 738996, 106057, 1323908, -122634, 442057, 1175294, 580046, 1289992, 1669230, 1954925, 1306701, 617724, 1564478, 'Up']
[3232002, 2437112, 1619040, 733962, 101210, 1329071, -128881, 436662, 1167030, 569654, 1388402, 1746286, 1999594, 1328964, 644144, 1598548, 'Up']
[3127201, 2439817, 1542592, 738606, 106180, 1321074, -121490, 442352, 1174610, 579589, 1302829, 1686390, 1963832, 1306633, 619428, 1569878, 'Up']
[3237157, 2437627, 1621669, 734210, 101332, 1331208, -129588, 435619, 1167407, 570553, 1374014, 1727687, 1990164, 1328001, 642324, 1592134, 'Up']
[3124501, 2439254, 1542982, 738773, 106404, 1318339, -120461, 442553, 1173520, 578791, 1319009, 1706551, 1974666, 1307369, 622218, 1576854, 'Up']
[3238304, 2439298, 1619665, 735467, 102256, 1333328, -130579, 436517, 1169162, 572249, 1357202, 1707517, 1979309, 1327098, 639789, 1584579, 'Up']
[3126140, 2438014, 1545627, 738102, 105970, 1316583, -119047, 441831, 1172794, 577673, 1336822, 1726100, 1985038, 1309325, 625597, 1583447, 'Up']
[3235758, 2440342, 1616362, 736606, 102337, 1335493, -129191, 438270, 1170111, 573243, 1339369, 1688145, 1968976, 1325103, 636488, 1578281, 'Up']
[3130943, 2436686, 1551608, 737444, 104865, 1315881, -118426, 441707, 1171408, 576386, 1355422, 1746536, 1995922, 1311978, 630187, 1592317, 'Up']
[3228870, 2440477, 1610718, 736497, 102820, 1336004, -131951, 436769, 1170610, 574024, 1320638, 1670167, 1958743, 1321605, 631655, 1572007, 'Up']
[3137812, 2435997, 1558114, 736642, 105006, 1315178, -118196, 440532, 1169846, 574587, 1372443, 1763526, 2004973, 1314617, 633202, 1598574, 'Up']
[3218998, 2441355, 1602584, 737231, 103215, 1336577, -131549, 437864, 1172085, 575684, 1303338, 1653727, 1949469, 1319145, 627372, 1564952, 'Up']
[3148130, 2435397, 1566035, 736245, 104144, 1315453, -118953, 442407, 1168954, 573209, 1388092, 1777109, 2012601, 1317667, 636952, 1603812, 'Up']
[3207149, 2441734, 1592932, 737691, 104196, 1335770, -131591, 438550, 1173608, 577168, 1289083, 1641867, 1942697, 1315763, 623547, 1559558, 'Up']
[3160857, 2434911, 1575479, 735293, 103822, 1315562, -119689, 439093, 1167889, 571351, 1400401, 1785985, 2017977, 1320549, 640472, 1607609, 'Up']
[3194011, 2442630, 1583396, 738592, 104625, 1334768, -129425, 439017, 1174653, 578445, 1279695, 1636122, 1939384, 1313211, 620718, 1556303, 'Up']
[3175511, 2434374, 1585885, 734627, 102301, 1316933, -121431, 439502, 1167268, 570586, 1408304, 1789730, 2020645, 1323282, 643148, 1609962, 'Up']
[3179542, 2442420, 1573882, 739113, 105441, 1332915, -128239, 439729, 1174917, 578817, 1274036, 1635656, 1938602, 1310414, 618354, 1555782, 'Up']
[3190374, 2434715, 1596158, 735079, 103180, 1319004, -120860, 438398, 1166993, 569783, 1411292, 1788246, 2020555, 1325890, 645730, 1610711, 'Up']
[3164779, 2442561, 1563954, 739970, 106134, 1330377, -126301, 441158, 1176066, 580254, 1273516, 1639830, 1940492, 1308997, 618005, 1555949, 'Up']
[3204791, 2435077, 1604688, 734650, 102388, 1321336, -124332, 437508, 1166991, 569893, 1410231, 1781293, 2017222, 1327420, 646386, 1608913, 'Up']
[3150557, 2442005, 1554209, 739806, 106534, 1327628, -125951, 441677, 1176055, 580616, 1277204, 1648396, 1944260, 1307305, 616787, 1557605, 'Up']
[3217682, 2435362, 1611734, 734209, 101632, 1324093, -125143, 436838, 1166603, 569374, 1404248, 1769314, 2011011, 1328559, 646006, 1605172, 'Up']
[3139123, 2440877, 1548101, 739635, 106237, 1324997, -124198, 442687, 1175337, 580307, 1284878, 1661233, 1950582, 1306474, 617507, 1561690, 'Up']
[3227591, 2435901, 1617072, 734512, 101396, 1326871, -126779, 437092, 1166377, 569245, 1394457, 1755047, 2003748, 1328380, 644967, 1601082, 'Up']
[3130168, 2439801, 1543253, 739435, 106318, 1321681, -121089, 441673, 1174610, 579547, 1295350, 1676884, 1958534, 1306100, 618598, 1566550, 'Up']
[3235397, 2437057, 1620708, 734687, 101104, 1329591, -128625, 435419, 1166921, 569749, 1381650, 1737571, 1994839, 1328206, 643434, 1595367, 'Up']
[3125903, 2439242, 1542437, 739109, 106174, 1319288, -121267, 441997, 1174105, 579188, 1310307, 1696077, 1968734, 1306742, 620959, 1573185, 'Up']
[3238719, 2438379, 1621080, 735143, 101775, 1332058, -130730, 435281, 1168031, 571070, 1366330, 1718798, 1984940, 1327190, 640612, 1588932, 'Up']
[3125709, 2438208, 1544360, 738404, 106214, 1317260, -119889, 442030, 1173152, 578434, 1327512, 1716712, 1979538, 1307959, 623995, 1580509, 'Up']
[3237739, 2439354, 1618669, 735808, 102224, 1334003, -131885, 438379, 1169053, 572389, 1348753, 1699140, 1974395, 1325917, 637725, 1582261, 'Up']
[3127853, 2437139, 1548049, 737826, 105828, 1315902, -118120, 442175, 1171928, 577150, 1345305, 1736739, 1990370, 1310309, 627046, 1588150, 'Up']
[3232443, 2440533, 1612780, 736646, 102537, 1335254, -129666, 436446, 1170648, 573913, 1329384, 1678816, 1963282, 1323043, 633772, 1574777, 'Up']
[3134036, 2436512, 1553444, 737213, 105204, 1315032, -119228, 441313, 1171030, 575708, 1363660, 1755044, 1999998, 1312990, 631382, 1595161, 'Up']
[3225008, 2441129, 1606215, 736661, 102841, 1335904, -132221, 435379, 1171718, 575057, 1311952, 1661459, 1953535, 1320098, 629114, 1568059, 'Up']
[3143725, 2436006, 1561433, 736422, 104719, 1314831, -117964, 441258, 1169535, 574140, 1380744, 1770992, 2008762, 1315634, 635263, 1601219, 'Up']
[3214244, 2441941, 1597214, 737518, 103691, 1335718, -130443, 436896, 1172881, 576781, 1296337, 1647843, 1945628, 1316743, 625714, 1562321, 'Up']
[3154740, 2435354, 1569318, 736065, 104312, 1314888, -119320, 440571, 1168414, 572703, 1394689, 1782203, 2015059, 1318653, 639074, 1605506, 'Up']
[3200942, 2441594, 1586721, 737865, 104330, 1334501, -132475, 438188, 1173799, 577887, 1283744, 1638184, 1939972, 1313802, 622192, 1557494, 'Up']
[3168401, 2434313, 1578977, 735330, 103042, 1315654, -121603, 440201, 1167122, 571101, 1404614, 1788098, 2018894, 1321609, 641512, 1608472, 'Up']
[3186979, 2442283, 1576492, 739393, 105435, 1333087, -127212, 439283, 1174627, 579098, 1276450, 1634903, 1937889, 1311281, 619773, 1555475, 'Up']
[3183196, 2434389, 1588231, 735340, 103102, 1317401, -120442, 438388, 1167026, 570665, 1410309, 1788787, 2019828, 1323871, 645144, 1609912, 'Up']
[3172176, 2442128, 1565912, 739501, 105856, 1331034, -128253, 438455, 1175090, 579867, 1273388, 1636335, 1938120, 1308458, 618338, 1554940, 'Up']
[3198522, 2433919, 1598894, 734465, 102381, 1319607, -123014, 438147, 1166120, 569665, 1411379, 1784666, 2018461, 1325476, 646479, 1609963, 'Up']
[3157751, 2440995, 1558077, 739354, 105959, 1328548, -126799, 441176, 1174672, 579815, 1274992, 1643701, 1942005, 1306547, 617657, 1557412, 'Up']
[3212201, 2434277, 1608288, 734056, 101700, 1322418, -124768, 438400, 1165542, 569180, 1407877, 1776098, 2014656, 1326721, 646770, 1608214, 'Up']
[3144627, 2441058, 1550316, 739740, 106527, 1325854, -123768, 441968, 1174994, 580738, 1280699, 1654937, 1947695, 1305863, 618033, 1560667, 'Up']
[3223426, 2435208, 1613952, 734025, 101313, 1324731, -128110, 435617, 1166182, 569790, 1399834, 1762748, 2007869, 1327651, 646171, 1603723, 'Up']
[3134083, 2440129, 1544017, 739200, 106227, 1322380, -123693, 442118, 1174707, 580338, 1289801, 1669194, 1954493, 1305457, 617571, 1563912, 'Up']
[3232451, 2436603, 1617904, 734574, 101381, 1327658, -127579, 435451, 1166654, 570117, 1388553, 1746923, 1999380, 1328112, 644337, 1598386, 'Up']
[3127491, 2439544, 1540685, 739325, 106421, 1319462, -120911, 441519, 1174405, 579946, 1302965, 1687220, 1963573, 1305885, 619532, 1570047, 'Up']
[3237528, 2437205, 1619578, 734816, 101554, 1330176, -130348, 435887, 1167590, 570649, 1373786, 1727948, 1989338, 1327460, 642080, 1592029, 'Up']
[3125065, 2437814, 1542075, 738584, 106259, 1317393, -120232, 443016, 1173213, 578121, 1318797, 1707057, 1974386, 1306498, 622138, 1577771, 'Up']
[3237939, 2438294, 1618023, 735699, 102002, 1332548, -130976, 435724, 1168632, 571074, 1356740, 1708288, 1979431, 1325771, 639063, 1585691, 'Up']
[3125423, 2436734, 1543448, 738399, 105958, 1316194, -118472, 441835, 1172438, 576959, 1335623, 1726046, 1984856, 1308568, 625562, 1583908, 'Up']
[3234903, 2438722, 1613720, 736231, 102889, 1334680, -132203, 436497, 1169306, 572052, 1337981, 1687761, 1968727, 1324000, 635850, 1578311, 'Up']
[3130221, 2435216, 1548705, 737110, 105575, 1315141, -120004, 440001, 1170648, 575078, 1353504, 1745153, 1995414, 1310975, 629300, 1591511, 'Up']
[3228850, 2439535, 1608405, 736584, 103163, 1335748, -130796, 438944, 1170137, 573124, 1319367, 1669312, 1959011, 1321169, 631938, 1571932, 'Up']
[3138005, 2434905, 1555599, 736274, 105052, 1314251, -117576, 440715, 1169559, 573919, 1371302, 1762906, 2005417, 1313489, 633982, 1598955, 'Up']
[3219658, 2440507, 1600000, 736798, 103365, 1335163, -132481, 437754, 1171910, 575265, 1302665, 1653272, 1950296, 1317910, 628131, 1565319, 'Up']
[3148817, 2434346, 1563893, 735702, 104000, 1313726, -120114, 440528, 1168362, 572730, 1387373, 1776554, 2013392, 1316423, 637093, 1603864, 'Up']
[3208247, 2441077, 1590937, 737661, 104153, 1334453, -131334, 437308, 1173017, 577227, 1289113, 1641826, 1943701, 1314941, 624026, 1559935, 'Up']
[3161656, 2434225, 1572706, 735611, 103585, 1314359, -120098, 439864, 1167394, 572210, 1399717, 1785635, 2018510, 1319854, 640796, 1607617, 'Up']
[3194393, 2441643, 1580142, 738499, 104211, 1333298, -131671, 437423, 1173693, 578982, 1279041, 1635715, 1939239, 1311988, 620510, 1556285, 'Up']
[3175786, 2433658, 1583048, 735281, 102734, 1316079, -119473, 438638, 1166399, 571287, 1407512, 1789281, 2020121, 1323149, 643596, 1609432, 'Up']
[3179530, 2441381, 1571007, 739448, 105321, 1331874, -127873, 439021, 1173893, 579526, 1273932, 1635886, 1938407, 1309757, 619276, 1555832, 'Up']
[3190158, 2433434, 1593506, 735150, 102600, 1318557, -123554, 439409, 1165520, 569823, 1410269, 1787859, 2020011, 1324974, 645626, 1610735, 'Up']
[3164091, 2441473, 1560642, 740318, 106379, 1330289, -127647, 441511, 1174461, 580090, 1272540, 1639819, 1940202, 1307780, 617618, 1556531, 'Up']
[3203837, 2433215, 1601601, 734320, 102155, 1321054, -123624, 437773, 1165384, 569325, 1408151, 1779961, 2016541, 1326363, 646880, 1609212, 'Up']
[3149915, 2439864, 1552230, 739022, 106474, 1327207, -125038, 440127, 1173781, 579233, 1275555, 1647795, 1944360, 1306211, 617316, 1558887, 'Up']
[3217602, 2433122, 1609889, 732743, 101460, 1323409, -126878, 435207, 1164615, 567937, 1402589, 1769083, 2011634, 1327001, 646307, 1605854, 'Up']
[3138761, 2439192, 1545615, 738415, 106504, 1324045, -124421, 442218, 1173647, 578671, 1282689, 1660735, 1951275, 1305289, 616979, 1561753, 'Up']
[3228400, 2434513, 1615225, 733078, 101320, 1326443, -127976, 436267, 1165463, 568578, 1392910, 1754260, 2004252, 1327411, 644980, 1600910, 'Up']
[3130765, 2438589, 1541684, 738204, 106545, 1321080, -122443, 441970, 1173627, 579020, 1294345, 1676978, 1959416, 1304793, 618557, 1566839, 'Up']
[3235591, 2436290, 1618230, 734295, 101660, 1329168, -129728, 436204, 1166301, 569695, 1380245, 1737128, 1995219, 1327097, 643382, 1595449, 'Up']
[3126209, 2438507, 1539727, 739206, 106666, 1318833, -119540, 442182, 1173492, 579481, 1309068, 1695376, 1968861, 1306389, 621097, 1573313, 'Up']
[3239183, 2437930, 1618053, 735853, 102277, 1331781, -131526, 436952, 1167934, 571668, 1365240, 1717723, 1985017, 1327395, 641586, 1589304, 'Up']
[3126398, 2437355, 1542376, 739143, 106457, 1316758, -118881, 442467, 1172713, 578544, 1326859, 1716072, 1979951, 1308322, 624698, 1581258, 'Up']
[3238407, 2438735, 1616246, 736684, 102819, 1333591, -130379, 436456, 1168837, 572712, 1348035, 1698482, 1974921, 1326021, 638756, 1583412, 'Up']
[3128609, 2435760, 1546138, 737856, 105825, 1315139, -119437, 440839, 1171194, 577179, 1344543, 1736059, 1990566, 1310213, 628285, 1589146, 'Up']
[3232804, 2439155, 1610379, 736522, 103453, 1334911, -131384, 435611, 1169604, 573696, 1328321, 1678018, 1963495, 1322921, 634244, 1575513, 'Up']
[3134139, 2434591, 1551266, 736394, 105654, 1314559, -120201, 442554, 1169620, 574921, 1362211, 1753721, 2000072, 1312367, 631628, 1595305, 'Up']
[3224728, 2439200, 1603623, 735781, 103799, 1335381, -130332, 436500, 1170176, 573943, 1309998, 1660064, 1953643, 1318973, 629688, 1568298, 'Up']
[3143683, 2433785, 1559624, 735383, 105315, 1314217, -118398, 441043, 1168155, 572540, 1378839, 1769427, 2009066, 1314599, 635767, 1601361, 'Up']
[3214386, 2439890, 1595506, 736346, 104314, 1335015, -131139, 437120, 1171646, 575149, 1294546, 1646688, 1946511, 1315855, 625599, 1562450, 'Up']
[3155257, 2433680, 1567962, 734960, 104069, 1314141, -120696, 438547, 1167380, 571499, 1392607, 1780843, 2015549, 1317686, 638152, 1605402, 'Up']
[3202046, 2441199, 1586154, 737910, 104550, 1334502, -130247, 438734, 1173161, 577204, 1282881, 1637924, 1941109, 1313210, 621433, 1557835, 'Up']
[3169199, 2433408, 1578413, 734968, 103468, 1315395, -121125, 439581, 1166854, 570879, 1403763, 1788064, 2019820, 1321136, 641732, 1609169, 'Up']
[3187748, 2441038, 1576222, 738420, 105056, 1332798, -131290, 438096, 1174099, 578624, 1275653, 1634824, 1938679, 1310962, 618684, 1556018, 'Up']
[3183376, 2433649, 1588503, 734766, 103388, 1316920, -122579, 437460, 1166121, 570128, 1409318, 1789314, 2020888, 1323748, 643856, 1610975, 'Up']
[3172426, 2442122, 1565592, 739653, 106062, 1331251, -129446, 440019, 1174908, 580344, 1272440, 1637022, 1938989, 1309139, 617819, 1555885, 'Up']
[3197944, 2433755, 1597732, 734387, 102182, 1319657, -122544, 438272, 1165855, 570147, 1409752, 1784875, 2018657, 1326207, 645684, 1610403, 'Up']
[3157355, 2440802, 1556258, 739282, 106165, 1328650, -125189, 440805, 1174404, 580474, 1273246, 1643748, 1941932, 1307138, 617381, 1557859, 'Up']
[3211050, 2433096, 1605583, 733299, 102400, 1322400, -124940, 436606, 1165036, 569121, 1405352, 1775286, 2014081, 1326588, 646480, 1608349, 'Up']
[3144023, 2439077, 1548580, 738166, 106836, 1325738, -124654, 441742, 1173579, 579537, 1278105, 1653722, 1947292, 1305537, 617468, 1560745, 'Up']
[3222422, 2433605, 1611852, 732869, 101802, 1325062, -127011, 436528, 1164625, 568573, 1396851, 1761416, 2007687, 1327167, 645916, 1604311, 'Up']
[3133030, 2438027, 1541751, 737451, 106726, 1322098, -123689, 440327, 1173130, 579188, 1286619, 1667034, 1954296, 1304586, 617553, 1564167, 'Up']
[3231074, 2434290, 1615568, 732633, 101611, 1327866, -129750, 436013, 1164885, 568833, 1385301, 1744160, 1999053, 1326799, 643690, 1597787, 'Up']
[3126672, 2437212, 1539218, 737401, 106579, 1319624, -121845, 441795, 1172269, 578644, 1299881, 1684731, 1963700, 1304760, 618693, 1569723, 'Up']
[3236434, 2436208, 1616999, 733870, 102129, 1330242, -128600, 436086, 1166104, 570248, 1371625, 1726310, 1989840, 1326594, 641980, 1591761, 'Up']
[3124391, 2436823, 1539491, 737277, 106215, 1317272, -120086, 440271, 1172080, 578283, 1316611, 1704552, 1974383, 1306072, 622049, 1576367, 'Up']
[3237475, 2437469, 1616079, 734243, 101827, 1332445, -130806, 435665, 1167354, 571413, 1355307, 1706630, 1979534, 1324956, 638566, 1584467, 'Up']
[3125412, 2436676, 1542394, 737123, 106253, 1316265, -118901, 441515, 1171432, 577545, 1334749, 1725047, 1985162, 1308302, 625011, 1583703, 'Up']
[3234799, 2439145, 1612540, 735098, 102785, 1334607, -131059, 436696, 1168795, 573100, 1337707, 1687078, 1968969, 1323416, 635259, 1577898, 'Up']
[3130180, 2436363, 1547089, 736788, 106532, 1315330, -117286, 441165, 1170861, 576939, 1353308, 1744821, 1995578, 1310767, 629255, 1591248, 'Up']
[3228694, 2439493, 1607364, 735016, 103455, 1334971, -130675, 435877, 1170132, 574501, 1319792, 1669170, 1958968, 1320975, 631613, 1571240, 'Up']
[3137727, 2435249, 1554611, 735078, 105834, 1314092, -117549, 441836, 1169184, 574606, 1371085, 1762506, 2005372, 1313213, 633499, 1598170, 'Up']
[3219173, 2440922, 1599153, 735339, 103679, 1335809, -130824, 437902, 1171341, 576161, 1302722, 1653212, 1950294, 1317807, 628189, 1564995, 'Up']
[3148049, 2434482, 1562347, 733651, 104507, 1314392, -118879, 440338, 1167972, 573616, 1386174, 1775392, 2012626, 1316131, 637419, 1603115, 'Up']
[3207485, 2440969, 1590117, 735235, 104901, 1334847, -129928, 438229, 1171962, 577143, 1288061, 1641291, 1943505, 1314714, 624398, 1559706, 'Up']
[3160731, 2434162, 1571777, 733109, 104194, 1314622, -119414, 438892, 1166699, 571820, 1397968, 1784292, 2018163, 1319031, 640658, 1607047, 'Up']
[3194151, 2441354, 1580077, 735853, 104728, 1333377, -129815, 438176, 1173142, 578570, 1278301, 1634846, 1939721, 1311450, 620619, 1555931, 'Up']
[3175161, 2433471, 1582278, 732189, 103232, 1315223, -121798, 437196, 1165708, 570411, 1405862, 1788225, 2020582, 1321212, 642809, 1609005, 'Up']
[3179102, 2441770, 1569595, 736794, 105658, 1331678, -129915, 439009, 1173638, 579269, 1272007, 1633932, 1938516, 1308168, 617582, 1554213, 'Up']
[3190368, 2433888, 1592411, 732480, 102666, 1318507, -121814, 438990, 1165442, 570436, 1408829, 1786184, 2019967, 1324256, 644433, 1609334, 'Up']
[3164597, 2442063, 1560043, 737699, 106289, 1329899, -126799, 439476, 1174241, 580690, 1271474, 1638571, 1940547, 1307131, 617006, 1555316, 'Up']
[3205472, 2434093, 1602101, 732391, 102007, 1321067, -124116, 437984, 1165345, 570302, 1408262, 1780034, 2017346, 1326388, 645840, 1608252, 'Up']
[3151201, 2441212, 1552049, 737991, 106891, 1327051, -125288, 440473, 1174205, 580836, 1275581, 1648295, 1945080, 1306295, 616728, 1558118, 'Up']
[3218194, 2434564, 1609898, 732469, 102187, 1324078, -125122, 437297, 1165101, 569822, 1402368, 1769593, 2011973, 1327670, 646161, 1605908, 'Up']
[3138927, 2440240, 1544725, 737625, 107359, 1324615, -124188, 441034, 1174051, 580604, 1282658, 1660943, 1951354, 1305649, 617377, 1562251, 'Up']
[3227987, 2434687, 1614302, 731682, 101885, 1326633, -127092, 435903, 1165223, 569505, 1391987, 1753535, 2003800, 1327706, 644842, 1600851, 'Up']
[3129944, 2438805, 1540322, 736731, 106972, 1321304, -120998, 442550, 1173003, 579289, 1293366, 1675969, 1959123, 1304910, 618320, 1566989, 'Up']
[3234540, 2435914, 1616397, 731906, 101984, 1329163, -128682, 436025, 1165733, 569821, 1379039, 1735665, 1994642, 1327110, 642987, 1594939, 'Up']
[3125463, 2437770, 1538721, 735784, 106115, 1318172, -121291, 440349, 1172315, 578679, 1307964, 1694281, 1968740, 1305591, 619850, 1572580, 'Up']
[3237849, 2436986, 1616565, 732209, 101656, 1331204, -130553, 435678, 1166549, 570926, 1363288, 1716204, 1984426, 1325677, 639609, 1587551, 'Up']
[3124717, 2436451, 1540515, 735260, 106044, 1315986, -120591, 441198, 1171230, 577665, 1324710, 1714184, 1979185, 1306253, 622740, 1579518, 'Up']
