[2877742, 2142159, 636236, 265617, 2014861, 1182100, -107214, -193990, 1603097, 335583, 1137493, -8388608, 1818589, 1628002, 1083472, 1018536, 'Up']
[2840648, 2148622, 592534, 211622, 2006509, 1185481, -99833, -188750, 1603061, 337590, 1189051, -8388608, 1824969, 1621302, 1094919, 1046933, 'Up']
[2876597, 2142550, 633461, 264526, 2015058, 1182159, -107118, -193764, 1603938, 336712, 1126287, -8388608, 1815167, 1623203, 1080121, 1012646, 'Up']
[2842858, 2149237, 597213, 213324, 2005653, 1185230, -99942, -189929, 1602412, 336698, 1200357, -8388608, 1828570, 1625801, 1098954, 1053407, 'Up']
[2873663, 2143072, 629066, 262156, 2014975, 1182533, -106922, -194583, 1605325, 338343, 1117523, -8388608, 1811718, 1618647, 1076388, 1007668, 'Up']
[2845611, 2149019, 603628, 216716, 2005713, 1184561, -99713, -191134, 1601747, 335263, 1209312, -8388608, 1831767, 1630230, 1102092, 1058667, 'Up']
[2869848, 2144386, 622735, 257886, 2015399, 1184015, -106225, -193681, 1606133, 338898, 1111169, -8388608, 1808665, 1614282, 1073185, 1004059, 'Up']
[2850359, 2148895, 610590, 222299, 2006519, 1184764, -100498, -190940, 1602012, 334626, 1213602, -8388608, 1834265, 1635296, 1103882, 1060374, 'Up']
[2865959, 2144873, 616716, 252418, 2015204, 1184718, -104916, -193030, 1607395, 339916, 1108842, -8388608, 1807189, 1611132, 1071929, 1002532, 'Up']
[2854839, 2147502, 616617, 227955, 2007347, 1183702, -100939, -191988, 1601275, 333160, 1214767, -8388608, 1835832, 1638049, 1105394, 1060910, 'Up']
[2860582, 2145204, 608383, 245678, 2014356, 1185369, -104614, -191789, 1607778, 340161, 1108602, -8388608, 1806022, 1607249, 1071203, 1001911, 'Up']
[2859690, 2145653, 622592, 235019, 2007742, 1182868, -102522, -192166, 1601257, 332522, 1211400, -8388608, 1836435, 1640574, 1105529, 1058753, 'Up']
[2855140, 2144597, 601629, 238486, 2013159, 1185336, -103535, -191208, 1607511, 339865, 1113343, -8388608, 1806150, 1605586, 1072362, 1004600, 'Up']
[2864179, 2143964, 628385, 242072, 2008922, 1181974, -103383, -193160, 1600336, 331116, 1206116, -8388608, 1835595, 1641033, 1104623, 1056024, 'Up']
[2850693, 2145849, 596286, 232036, 2012720, 1186079, -102086, -189914, 1607461, 340343, 1122211, -8388608, 1807352, 1605401, 1074653, 1009675, 'Up']
[2868794, 2143457, 632807, 248800, 2010476, 1181605, -104427, -193255, 1600835, 331722, 1197347, -8388608, 1833888, 1640949, 1102114, 1051365, 'Up']
[2846035, 2146597, 590935, 225135, 2011392, 1185769, -101952, -189447, 1607276, 340345, 1132588, -8388608, 1809142, 1605748, 1076690, 1015498, 'Up']
[2872489, 2143083, 635541, 255087, 2011670, 1181252, -104953, -193622, 1601295, 332127, 1185079, -8388608, 1830875, 1639508, 1097889, 1044496, 'Up']
[2843148, 2146990, 588744, 220060, 2010112, 1185729, -101024, -189590, 1607203, 340114, 1145368, -8388608, 1812283, 1608191, 1080235, 1022777, 'Up']
[2875130, 2141469, 639016, 260266, 2012678, 1180566, -106604, -194955, 1601681, 332110, 1173379, -8388608, 1828110, 1637017, 1094459, 1038642, 'Up']
[2839712, 2147054, 587624, 215572, 2009712, 1186255, -99447, -188334, 1605956, 338970, 1160038, -8388608, 1815369, 1610415, 1084431, 1031174, 'Up']
[2876412, 2141521, 638238, 264017, 2014683, 1181743, -106720, -193774, 1603061, 333813, 1159012, -8388608, 1824216, 1633976, 1090158, 1030536, 'Up']
[2838588, 2146942, 587902, 212723, 2008514, 1185943, -99439, -188923, 1605057, 338155, 1172353, -8388608, 1818952, 1614865, 1088433, 1037495, 'Up']
[2876663, 2140833, 637699, 265353, 2015556, 1181636, -106969, -194148, 1603173, 334100, 1145277, -8388608, 1820408, 1630175, 1086173, 1023229, 'Up']
[2838413, 2147577, 590103, 211624, 2007935, 1186128, -98669, -188478, 1604279, 337400, 1185614, -8388608, 1823070, 1619405, 1093305, 1044995, 'Up']
[2875726, 2140859, 636105, 266244, 2016129, 1182232, -106588, -193690, 1604064, 335317, 1132714, -8388608, 1816803, 1626199, 1082231, 1016462, 'Up']
[2839960, 2147661, 595889, 212935, 2007064, 1186088, -99153, -188527, 1603155, 335934, 1198802, -8388608, 1827528, 1624671, 1098619, 1053400, 'Up']
[2872376, 2140844, 631299, 263489, 2015806, 1182616, -106688, -193723, 1604991, 336480, 1122576, -8388608, 1813069, 1621192, 1078372, 1011157, 'Up']
[2842037, 2147514, 601048, 215541, 2006756, 1185344, -99277, -189348, 1602297, 334625, 1207128, -8388608, 1830331, 1628575, 1101050, 1057880, 'Up']
[2869353, 2141829, 625542, 260186, 2016380, 1183464, -105488, -192811, 1606636, 337995, 1114654, -8388608, 1810184, 1616346, 1075058, 1006745, 'Up']
[2845794, 2146623, 607413, 220044, 2007131, 1184433, -99262, -189927, 1601799, 333602, 1213044, -8388608, 1833286, 1632740, 1103578, 1060863, 'Up']
[2865380, 2142615, 619607, 255427, 2015814, 1184368, -105006, -192007, 1607370, 338826, 1110344, -8388608, 1808050, 1612417, 1072853, 1004173, 'Up']
[2850222, 2146137, 614894, 225929, 2007379, 1184155, -100003, -190591, 1601513, 332791, 1216495, -8388608, 1835707, 1637265, 1105656, 1063122, 'Up']
[2859924, 2142937, 613388, 248898, 2015182, 1184741, -104295, -191864, 1607549, 339172, 1110374, -8388608, 1806640, 1609345, 1072093, 1004445, 'Up']
[2854267, 2145010, 621001, 231757, 2007715, 1183103, -101483, -191651, 1600956, 331531, 1214623, -8388608, 1835698, 1639278, 1105106, 1061656, 'Up']
[2854402, 2143950, 606521, 241759, 2014025, 1185371, -103478, -191318, 1607614, 339168, 1112590, -8388608, 1805746, 1606412, 1071563, 1005256, 'Up']
[2859557, 2144296, 628275, 239291, 2008495, 1182719, -102475, -192353, 1601124, 331170, 1210621, -8388608, 1835889, 1640986, 1104752, 1059534, 'Up']
[2849374, 2144686, 600279, 234528, 2012347, 1185638, -103004, -190968, 1607816, 339391, 1119895, -8388608, 1806498, 1605017, 1073174, 1009506, 'Up']
[2864267, 2143453, 632828, 246175, 2009436, 1182274, -104188, -193245, 1601241, 331105, 1202265, -8388608, 1834206, 1641391, 1102339, 1054586, 'Up']
[2845563, 2145577, 595318, 228689, 2012099, 1186703, -100684, -188792, 1608224, 340365, 1128964, -8388608, 1808161, 1606596, 1075261, 1014167, 'Up']
[2868352, 2142058, 637322, 252793, 2010899, 1181647, -104585, -193405, 1601360, 331082, 1192433, -8388608, 1832336, 1641177, 1100044, 1049478, 'Up']
[2841843, 2146008, 592060, 222166, 2010506, 1186369, -100450, -189349, 1607614, 339443, 1141452, -8388608, 1810682, 1607533, 1078801, 1021283, 'Up']
[2871750, 2141852, 639796, 257723, 2012472, 1181632, -104802, -193743, 1602282, 331666, 1180478, -8388608, 1829521, 1639323, 1096614, 1043262, 'Up']
[2838387, 2146419, 588655, 216723, 2009462, 1186225, -100523, -189473, 1607551, 339513, 1154261, -8388608, 1813735, 1610178, 1082419, 1028129, 'Up']
[2873791, 2141350, 640578, 262493, 2013812, 1181909, -105759, -193840, 1602487, 332084, 1166037, -8388608, 1825525, 1635838, 1091891, 1035074, 'Up']
[2836881, 2146740, 588823, 213682, 2008615, 1186357, -99505, -189048, 1606505, 338640, 1168524, -8388608, 1817533, 1613961, 1087202, 1036445, 'Up']
[2874574, 2140321, 640325, 265046, 2014869, 1181786, -106291, -194417, 1603271, 332990, 1153001, -8388608, 1821893, 1632142, 1088250, 1028380, 'Up']
[2835849, 2146938, 589557, 211527, 2007943, 1186489, -99108, -188501, 1605152, 336970, 1182642, -8388608, 1821022, 1617471, 1091495, 1044396, 'Up']
[2872897, 2138905, 636665, 265305, 2015270, 1181693, -107479, -194980, 1604403, 334192, 1138913, -8388608, 1817427, 1627891, 1082950, 1020138, 'Up']
[2835967, 2144790, 593667, 211411, 2006474, 1185137, -99724, -189246, 1603123, 334536, 1194308, -8388608, 1824532, 1621858, 1095040, 1050844, 'Up']
[2870728, 2138389, 632680, 263606, 2015537, 1182244, -107102, -193613, 1604384, 333979, 1128188, -8388608, 1813587, 1622251, 1078820, 1014790, 'Up']
[2837051, 2143785, 596867, 212816, 2006400, 1184768, -99452, -189312, 1602626, 333633, 1204472, -8388608, 1828105, 1626687, 1098561, 1056466, 'Up']
[2866392, 2137007, 626167, 260361, 2015788, 1182012, -107335, -193998, 1604428, 334416, 1117310, -8388608, 1809457, 1617648, 1074136, 1007803, 'Up']
[2840108, 2142472, 603051, 216961, 2006901, 1183988, -100091, -189880, 1600728, 331447, 1211343, -8388608, 1831012, 1631157, 1101288, 1060019, 'Up']
[2861684, 2136246, 620071, 256365, 2015923, 1182837, -106204, -192902, 1604852, 335462, 1112416, -8388608, 1807722, 1613947, 1072544, 1005682, 'Up']
[2842448, 2140083, 608971, 222218, 2007133, 1183486, -99948, -190600, 1598859, 329671, 1215341, -8388608, 1833086, 1635162, 1103369, 1062551, 'Up']
[2855796, 2135396, 613363, 250760, 2015242, 1183785, -105385, -191999, 1604430, 335289, 1109936, -8388608, 1805533, 1610227, 1071143, 1004527, 'Up']
[2846116, 2137786, 616579, 228763, 2007730, 1183216, -100928, -190558, 1597864, 328234, 1216498, -8388608, 1834344, 1638543, 1105032, 1063773, 'Up']
[2849857, 2135530, 606787, 244139, 2014742, 1184840, -104442, -190618, 1604414, 335725, 1112156, -8388608, 1804684, 1607834, 1071401, 1006573, 'Up']
[2849599, 2136158, 621527, 234615, 2008520, 1182502, -102318, -191556, 1597508, 327571, 1212555, -8388608, 1833968, 1640672, 1103966, 1061475, 'Up']
[2844258, 2136406, 599344, 236974, 2014459, 1185911, -102628, -189537, 1604694, 335992, 1115229, -8388608, 1804208, 1606185, 1070960, 1007494, 'Up']
[2854059, 2134728, 627697, 241401, 2009379, 1181653, -104075, -192335, 1597270, 327072, 1205753, -8388608, 1833581, 1642343, 1102594, 1057690, 'Up']
[2838746, 2136830, 593698, 229188, 2012638, 1185842, -102809, -189235, 1603972, 335582, 1123650, -8388608, 1805304, 1605779, 1072511, 1012044, 'Up']
[2858988, 2134876, 632556, 248563, 2010983, 1181951, -104165, -192588, 1597602, 326940, 1196279, -8388608, 1831728, 1641351, 1099879, 1052327, 'Up']
[2834949, 2137824, 590473, 223132, 2011268, 1186061, -101801, -189243, 1603881, 335644, 1135585, -8388608, 1808189, 1606566, 1076240, 1019184, 'Up']
[2862071, 2133693, 636323, 254412, 2011675, 1181336, -105205, -193441, 1597978, 326929, 1184892, -8388608, 1829088, 1639466, 1096503, 1046155, 'Up']
[2831993, 2138897, 588303, 218119, 2010325, 1187051, -99487, -187579, 1603678, 335063, 1148936, -8388608, 1811035, 1608753, 1079811, 1026225, 'Up']
[2866283, 2133293, 640034, 260208, 2012988, 1181592, -105392, -193337, 1599234, 327795, 1173163, -8388608, 1826363, 1637618, 1093558, 1040104, 'Up']
[2830674, 2139189, 588308, 214064, 2008693, 1186494, -99420, -187940, 1603404, 334283, 1165071, -8388608, 1815111, 1611582, 1085282, 1035974, 'Up']
[2868455, 2133843, 640179, 263568, 2013851, 1181554, -106934, -193980, 1600397, 328689, 1160236, -8388608, 1822545, 1633285, 1089373, 1033584, 'Up']
[2830804, 2141492, 588462, 211872, 2008263, 1186610, -98639, -187926, 1604166, 334737, 1178541, -8388608, 1818899, 1616173, 1088993, 1043645, 'Up']
[2868803, 2134173, 637273, 264645, 2014383, 1180839, -107871, -194896, 1602148, 330310, 1145809, -8388608, 1818302, 1629485, 1083525, 1025476, 'Up']
[2831937, 2142012, 591241, 211142, 2006942, 1185113, -98614, -188641, 1602901, 333538, 1191796, -8388608, 1822633, 1620399, 1092660, 1051525, 'Up']
[2868325, 2135932, 632720, 264186, 2015364, 1181422, -106834, -194066, 1603267, 332326, 1133462, -8388608, 1814131, 1624681, 1079034, 1019430, 'Up']
[2834141, 2143385, 593769, 212646, 2006957, 1184983, -98927, -188701, 1602297, 333397, 1200820, -8388608, 1825654, 1625317, 1095683, 1056260, 'Up']
[2867447, 2137815, 628473, 263598, 2016648, 1182542, -105939, -193035, 1604550, 334712, 1121986, -8388608, 1810625, 1620991, 1075381, 1012907, 'Up']
[2838500, 2144402, 600217, 216895, 2007109, 1184962, -98274, -189239, 1602099, 333227, 1210300, -8388608, 1829841, 1630612, 1100504, 1062054, 'Up']
[2865041, 2139308, 623707, 260417, 2016063, 1183594, -105449, -192259, 1606083, 336413, 1116332, -8388608, 1808683, 1616678, 1073882, 1010442, 'Up']
[2843056, 2145100, 606865, 221933, 2007262, 1184988, -99220, -189708, 1602005, 332957, 1216783, -8388608, 1832540, 1635124, 1103282, 1065849, 'Up']
[2861280, 2141229, 616910, 255839, 2016078, 1185042, -104713, -191608, 1607626, 338569, 1112677, -8388608, 1806359, 1613587, 1071363, 1007977, 'Up']
[2848231, 2144702, 614088, 228447, 2008289, 1185182, -99292, -189594, 1602414, 332828, 1219116, -8388608, 1834682, 1639590, 1104361, 1066717, 'Up']
[2856622, 2141343, 610882, 249093, 2015715, 1185845, -103568, -190867, 1608439, 338904, 1113338, -8388608, 1805433, 1610784, 1070864, 1008132, 'Up']
[2852844, 2143551, 620883, 234068, 2008573, 1184086, -101018, -191182, 1601896, 331069, 1217594, -8388608, 1834923, 1641340, 1104355, 1065363, 'Up']
[2851904, 2142665, 604617, 241863, 2014392, 1185735, -103784, -190821, 1609483, 339310, 1117130, -8388608, 1805471, 1608156, 1070948, 1009872, 'Up']
[2858363, 2142888, 628386, 240936, 2009425, 1182397, -101702, -192693, 1602045, 330110, 1213453, -8388608, 1835232, 1642482, 1103822, 1063454, 'Up']
[2847194, 2144432, 599336, 234703, 2013474, 1186064, -101818, -190463, 1609762, 339589, 1125307, -8388608, 1806727, 1607314, 1073177, 1014857, 'Up']
[2862572, 2142615, 632964, 247928, 2010699, 1182522, -102349, -192241, 1602397, 330445, 1205125, -8388608, 1833752, 1642955, 1101901, 1058748, 'Up']
[2842235, 2145396, 593567, 228262, 2012902, 1187103, -100710, -188572, 1609295, 339787, 1134199, -8388608, 1808115, 1607770, 1075307, 1019216, 'Up']
[2866447, 2141689, 636226, 254739, 2011925, 1181818, -104969, -193635, 1603277, 331223, 1193116, -8388608, 1831417, 1642685, 1098643, 1051528, 'Up']
[2838654, 2146050, 589997, 222829, 2011278, 1186885, -100834, -189292, 1609024, 339402, 1146084, -8388608, 1810783, 1609728, 1078626, 1025371, 'Up']
[2870157, 2141232, 639713, 260654, 2013133, 1181683, -106216, -194303, 1604077, 332069, 1180815, -8388608, 1828675, 1641001, 1095166, 1044651, 'Up']
[2836271, 2146494, 588486, 217590, 2009470, 1186726, -100263, -188665, 1608192, 338827, 1160975, -8388608, 1814519, 1612782, 1083328, 1034404, 'Up']
[2872357, 2140383, 640593, 264465, 2014257, 1181764, -105538, -193475, 1604700, 332714, 1167388, -8388608, 1825278, 1637406, 1091073, 1037788, 'Up']
[2834806, 2146331, 588978, 214453, 2008871, 1186513, -99252, -187898, 1608050, 338263, 1175058, -8388608, 1818777, 1616677, 1087958, 1042493, 'Up']
[2872462, 2139556, 639215, 266110, 2015272, 1181583, -107102, -193794, 1605403, 333153, 1153390, -8388608, 1821278, 1633297, 1086432, 1030178, 'Up']
[2834593, 2146460, 590085, 212718, 2008388, 1185960, -99785, -188741, 1607159, 336901, 1187269, -8388608, 1822060, 1620345, 1091395, 1048628, 'Up']
[2872326, 2139390, 636850, 266659, 2016220, 1181609, -107254, -193888, 1606236, 333983, 1140486, -8388608, 1817458, 1628600, 1082060, 1023025, 'Up']
[2835756, 2146013, 594340, 213169, 2007696, 1185200, -99513, -189204, 1606044, 335589, 1199894, -8388608, 1826147, 1625015, 1095924, 1055962, 'Up']
[2869964, 2140084, 632180, 265299, 2016674, 1182339, -106513, -193513, 1607152, 335440, 1129555, -8388608, 1813720, 1624341, 1077916, 1017376, 'Up']
[2838360, 2146581, 599009, 216080, 2007860, 1185194, -98970, -189180, 1605328, 334978, 1208762, -8388608, 1829256, 1629920, 1098859, 1060881, 'Up']
[2867276, 2141141, 626503, 262948, 2017171, 1183585, -107009, -192700, 1608676, 337406, 1120471, -8388608, 1810617, 1619931, 1074582, 1012153, 'Up']
[2841402, 2145872, 605173, 220701, 2007949, 1184791, -99543, -189167, 1604922, 334257, 1215108, -8388608, 1832507, 1634869, 1101726, 1064110, 'Up']
[2862770, 2141262, 620825, 258513, 2016615, 1184079, -105863, -191411, 1608957, 337797, 1114971, -8388608, 1808286, 1615738, 1072432, 1009267, 'Up']
[2845561, 2145649, 612277, 226147, 2008405, 1184489, -100356, -189792, 1604407, 333247, 1219130, -8388608, 1834922, 1638685, 1104263, 1066914, 'Up']
[2858267, 2142122, 615176, 252405, 2016265, 1184498, -105635, -191793, 1610151, 339128, 1113530, -8388608, 1807043, 1612409, 1071571, 1008696, 'Up']
[2850382, 2144948, 619793, 231938, 2008388, 1183498, -101900, -191151, 1603660, 331962, 1219711, -8388608, 1836121, 1640864, 1105187, 1067447, 'Up']
[2853473, 2143337, 608744, 245746, 2015321, 1185483, -104290, -190815, 1610523, 339683, 1115755, -8388608, 1806100, 1609784, 1071131, 1009947, 'Up']
[2855461, 2144068, 627272, 239376, 2009387, 1183259, -102281, -192154, 1603705, 331616, 1216775, -8388608, 1836394, 1643695, 1104975, 1066027, 'Up']
[2848070, 2143573, 603204, 238810, 2014069, 1186163, -103247, -190172, 1610654, 340052, 1122008, -8388608, 1806704, 1608524, 1072561, 1013658, 'Up']
[2859496, 2142311, 632932, 245822, 2009901, 1182449, -104161, -192997, 1603102, 330638, 1210157, -8388608, 1835311, 1644140, 1103430, 1062796, 'Up']
[2842927, 2144000, 597296, 231670, 2013041, 1186498, -102409, -190166, 1610067, 339418, 1130539, -8388608, 1807766, 1608204, 1074131, 1018590, 'Up']
[2863674, 2141042, 636945, 252528, 2011410, 1182160, -104404, -193529, 1603439, 330203, 1199446, -8388608, 1833279, 1644099, 1100376, 1056845, 'Up']
[2839106, 2144901, 592573, 225468, 2012014, 1187441, -100286, -188159, 1609983, 339072, 1140826, -8388608, 1809996, 1609440, 1076802, 1023972, 'Up']
[2867092, 2140104, 639733, 258106, 2012304, 1181767, -105645, -193265, 1603648, 330473, 1186913, -8388608, 1830618, 1642146, 1096979, 1049870, 'Up']
[2835674, 2145329, 589951, 219855, 2010508, 1187029, -100811, -188735, 1608888, 338445, 1153461, -8388608, 1812795, 1611525, 1080542, 1031148, 'Up']
[2869658, 2140110, 641172, 263133, 2014008, 1182154, -105846, -193640, 1604341, 331364, 1172836, -8388608, 1826978, 1639621, 1092663, 1042081, 'Up']
[2834208, 2146171, 589262, 216689, 2009683, 1187464, -99452, -187783, 1608938, 338593, 1167443, -8388608, 1816745, 1615882, 1085168, 1038655, 'Up']
[2871334, 2139605, 640856, 266436, 2014650, 1181873, -106931, -193941, 1605523, 332533, 1158626, -8388608, 1823174, 1636154, 1088101, 1033733, 'Up']
[2833927, 2146470, 590732, 214711, 2008630, 1186970, -98559, -187637, 1608051, 337435, 1181055, -8388608, 1820692, 1619712, 1089685, 1046119, 'Up']
[2871669, 2139878, 638685, 268028, 2015908, 1182475, -106363, -193371, 1606709, 333895, 1145494, -8388608, 1819431, 1632150, 1084165, 1026654, 'Up']
[2834560, 2145967, 593828, 214503, 2007978, 1186306, -98896, -188349, 1607110, 336456, 1194098, -8388608, 1824571, 1624442, 1093981, 1053111, 'Up']
[2869786, 2139017, 635241, 267021, 2016014, 1182623, -107336, -193253, 1606718, 334312, 1133943, -8388608, 1815224, 1626756, 1079656, 1020309, 'Up']
[2836045, 2145617, 598270, 215430, 2007369, 1186016, -99226, -188170, 1605332, 334484, 1205426, -8388608, 1827940, 1628447, 1097838, 1059709, 'Up']
[2867355, 2139286, 630703, 264474, 2016615, 1183333, -106570, -192899, 1607535, 335370, 1124858, -8388608, 1811717, 1622344, 1076333, 1015462, 'Up']
[2839073, 2145396, 603674, 218763, 2007788, 1185958, -98739, -188398, 1604487, 333166, 1214283, -8388608, 1831053, 1633064, 1101253, 1064596, 'Up']
[2863704, 2139550, 624629, 260607, 2016743, 1184145, -106440, -192488, 1608566, 336420, 1118089, -8388608, 1808956, 1618116, 1073578, 1011400, 'Up']
[2842673, 2144176, 610480, 223623, 2007611, 1184639, -100224, -189996, 1603612, 331623, 1219409, -8388608, 1833542, 1637032, 1103480, 1067290, 'Up']
[2859182, 2140178, 618772, 255432, 2015969, 1184688, -106396, -191672, 1608973, 337037, 1115233, -8388608, 1807034, 1613961, 1071736, 1010036, 'Up']
[2847570, 2143470, 617903, 229768, 2007885, 1184014, -102060, -191027, 1603443, 331081, 1221524, -8388608, 1835367, 1640825, 1104879, 1068719, 'Up']
[2854585, 2140896, 612140, 248987, 2015686, 1185159, -104533, -191637, 1609956, 338203, 1116222, -8388608, 1806111, 1611260, 1071350, 1010600, 'Up']
[2852188, 2142139, 624595, 236353, 2009388, 1183487, -101352, -190360, 1603348, 330627, 1219594, -8388608, 1836103, 1643386, 1105228, 1067642, 'Up']
[2849108, 2141832, 604838, 241995, 2015258, 1186282, -103682, -189244, 1610263, 338995, 1119902, -8388608, 1806158, 1609635, 1071998, 1012804, 'Up']
[2856652, 2140931, 629686, 243581, 2010346, 1182648, -103117, -191473, 1603467, 330583, 1212276, -8388608, 1835243, 1644721, 1103296, 1063159, 'Up']
[2843857, 2142039, 599222, 235217, 2014004, 1186532, -102650, -188564, 1609781, 339109, 1126267, -8388608, 1806905, 1609037, 1073044, 1016350, 'Up']
[2860490, 2140496, 633973, 250502, 2011834, 1183308, -103815, -190964, 1603095, 330790, 1203607, -8388608, 1833645, 1645258, 1101124, 1059131, 'Up']
[2838567, 2142141, 593954, 228880, 2013367, 1187172, -101724, -187723, 1609162, 339134, 1135275, -8388608, 1808248, 1610519, 1074982, 1020957, 'Up']
[2863984, 2138387, 638969, 256992, 2013080, 1182388, -105081, -191996, 1602498, 330027, 1191648, -8388608, 1830940, 1644488, 1097824, 1052541, 'Up']
[2834630, 2142995, 590627, 222940, 2011816, 1187644, -100903, -187436, 1608540, 338446, 1147831, -8388608, 1811137, 1612130, 1078894, 1028723, 'Up']
[2867227, 2138113, 640625, 261972, 2014511, 1182603, -105536, -192334, 1603717, 330686, 1177633, -8388608, 1827819, 1642152, 1093892, 1045084, 'Up']
[2832890, 2143589, 589983, 218754, 2010972, 1187758, -100240, -186984, 1608427, 337757, 1161023, -8388608, 1814859, 1615076, 1083334, 1036034, 'Up']
[2869408, 2137631, 641497, 265726, 2014947, 1182311, -106496, -192964, 1604646, 331126, 1164356, -8388608, 1824734, 1638808, 1090281, 1038158, 'Up']
[2832030, 2144337, 590514, 215863, 2009657, 1187480, -99180, -187246, 1608092, 336666, 1175202, -8388608, 1818873, 1618889, 1087887, 1043941, 'Up']
[2870833, 2138072, 641052, 268627, 2016592, 1183173, -105884, -192314, 1606520, 332468, 1151101, -8388608, 1821187, 1634892, 1086255, 1030855, 'Up']
[2832954, 2144554, 593350, 214921, 2009049, 1187337, -98799, -187708, 1607923, 335583, 1189173, -8388608, 1823100, 1622886, 1092654, 1051640, 'Up']
[2870785, 2137917, 639254, 268596, 2016653, 1183662, -106508, -192247, 1607551, 333206, 1139082, -8388608, 1817276, 1630041, 1081957, 1024234, 'Up']
[2835011, 2145335, 597787, 215510, 2008033, 1187770, -98007, -187184, 1607462, 334907, 1202136, -8388608, 1827032, 1627957, 1096921, 1059081, 'Up']
[2869007, 2138453, 635341, 266806, 2016365, 1183844, -106530, -193273, 1608925, 334743, 1129049, -8388608, 1813587, 1625604, 1077945, 1018505, 'Up']
[2837830, 2145099, 603758, 217833, 2007572, 1186521, -98855, -189326, 1606767, 333713, 1212632, -8388608, 1830403, 1632511, 1100275, 1064793, 'Up']
[2865548, 2139338, 629083, 263018, 2017079, 1184332, -105599, -193292, 1610103, 335909, 1122003, -8388608, 1810375, 1620430, 1074665, 1014410, 'Up']
[2840500, 2144606, 608307, 221772, 2008126, 1185707, -98669, -190537, 1606280, 332632, 1218983, -8388608, 1832929, 1636367, 1102808, 1067623, 'Up']
[2860440, 2139892, 621638, 258416, 2017130, 1185299, -104712, -192349, 1610643, 336989, 1116653, -8388608, 1807846, 1616211, 1072327, 1011265, 'Up']
[2844330, 2143503, 614939, 227732, 2008463, 1184983, -99887, -190942, 1604759, 331451, 1221847, -8388608, 1834892, 1640368, 1104873, 1070000, 'Up']
[2855119, 2140372, 614199, 252705, 2016476, 1185768, -104791, -191889, 1610296, 337900, 1115420, -8388608, 1806099, 1612989, 1071684, 1011849, 'Up']
[2848303, 2142822, 619560, 234618, 2009661, 1184877, -99503, -190195, 1603922, 330972, 1220040, -8388608, 1835382, 1642906, 1105394, 1069635, 'Up']
[2849501, 2140804, 606539, 246441, 2015915, 1186361, -103162, -189673, 1610177, 338555, 1115616, -8388608, 1805188, 1610731, 1071431, 1012022, 'Up']
[2852848, 2141983, 625356, 241874, 2010118, 1184232, -100870, -189906, 1603416, 330724, 1214878, -8388608, 1835307, 1644864, 1105120, 1067495, 'Up']
[2844277, 2141855, 599050, 239565, 2014510, 1186905, -102072, -188730, 1610534, 339446, 1120804, -8388608, 1805655, 1609639, 1072494, 1015249, 'Up']
[2857901, 2140930, 630236, 249029, 2011079, 1183466, -102544, -190911, 1603451, 330676, 1206110, -8388608, 1833970, 1645698, 1102704, 1062439, 'Up']
[2840242, 2143245, 593787, 232858, 2013339, 1187804, -100804, -187653, 1610533, 339720, 1130072, -8388608, 1807536, 1610264, 1074927, 1020513, 'Up']
[2862242, 2140310, 634507, 255173, 2012046, 1183130, -103439, -192213, 1604199, 331003, 1195691, -8388608, 1832112, 1645412, 1099625, 1056305, 'Up']
[2835978, 2143959, 590042, 226446, 2012275, 1187699, -100457, -188415, 1610211, 339255, 1141808, -8388608, 1809677, 1611372, 1077266, 1026360, 'Up']
[2865064, 2139855, 637618, 261061, 2013911, 1182951, -103554, -193108, 1604578, 330909, 1184076, -8388608, 1829196, 1643405, 1095862, 1049745, 'Up']
[2832572, 2144948, 587413, 221654, 2011738, 1188348, -98219, -187747, 1610051, 338472, 1155180, -8388608, 1812873, 1613764, 1081090, 1033299, 'Up']
[2867182, 2139032, 638596, 265515, 2015099, 1183039, -104731, -193008, 1605477, 331371, 1170177, -8388608, 1825687, 1640567, 1091722, 1041550, 'Up']
[2830532, 2144531, 587316, 217451, 2009674, 1187621, -98953, -188019, 1608499, 336827, 1169288, -8388608, 1816201, 1617155, 1085643, 1041116, 'Up']
[2868147, 2138256, 638035, 267537, 2015612, 1183110, -105568, -192931, 1605828, 331927, 1156361, -8388608, 1821482, 1636737, 1087487, 1034326, 'Up']
[2830135, 2144298, 588846, 214817, 2009053, 1187340, -98394, -187938, 1607551, 335901, 1182725, -8388608, 1820102, 1621379, 1090238, 1048769, 'Up']
[2868011, 2137771, 636366, 268127, 2016949, 1183318, -105436, -192126, 1606829, 332928, 1142829, -8388608, 1817726, 1632075, 1083463, 1026936, 'Up']
[2831272, 2144339, 592802, 214722, 2008596, 1186828, -98294, -187634, 1607125, 335024, 1195466, -8388608, 1824259, 1625964, 1095095, 1055803, 'Up']
[2866975, 2137819, 633904, 267429, 2016798, 1183401, -106596, -192736, 1607841, 334014, 1131795, -8388608, 1813931, 1627301, 1079728, 1021071, 'Up']
[2833898, 2144557, 598433, 216911, 2008058, 1186550, -97972, -187994, 1606272, 334146, 1206671, -8388608, 1827719, 1630740, 1099051, 1062622, 'Up']
[2864296, 2138664, 628616, 265360, 2017477, 1184312, -105728, -191902, 1609170, 336035, 1122545, -8388608, 1810469, 1623501, 1076122, 1016290, 'Up']
[2836850, 2144197, 603809, 220645, 2008138, 1186120, -98556, -188865, 1605678, 333409, 1213781, -8388608, 1830489, 1635610, 1101576, 1066219, 'Up']
[2860518, 2138941, 623475, 260975, 2016921, 1184914, -105779, -191550, 1609395, 336608, 1116273, -8388608, 1807684, 1618956, 1073255, 1012680, 'Up']
[2840474, 2143521, 610091, 225162, 2008330, 1185741, -98632, -188101, 1605012, 332403, 1218411, -8388608, 1832893, 1639634, 1103514, 1068803, 'Up']
[2855547, 2138927, 616898, 254995, 2016964, 1185103, -103976, -190559, 1609987, 337223, 1113002, -8388608, 1805698, 1615244, 1071294, 1010698, 'Up']
[2844740, 2142227, 616983, 230478, 2009320, 1184853, -99378, -189133, 1604309, 331058, 1219496, -8388608, 1834412, 1642459, 1104798, 1069779, 'Up']
[2850304, 2139346, 609647, 247861, 2016416, 1185595, -103889, -190300, 1610602, 337946, 1112912, -8388608, 1804580, 1611951, 1070487, 1010738, 'Up']
[2849726, 2140464, 625068, 237120, 2009945, 1183286, -101591, -190864, 1603302, 329406, 1216311, -8388608, 1834933, 1644519, 1104683, 1068327, 'Up']
[2845646, 2140409, 604711, 240834, 2015547, 1186184, -102776, -189174, 1610299, 337874, 1118529, -8388608, 1805027, 1610010, 1071832, 1014832, 'Up']
[2854801, 2140019, 632040, 243896, 2010517, 1183039, -102389, -191272, 1603270, 329145, 1211497, -8388608, 1834675, 1646020, 1104232, 1066803, 'Up']
[2840535, 2141388, 599037, 233699, 2013778, 1186894, -101906, -188350, 1610801, 338501, 1126155, -8388608, 1805801, 1609992, 1073214, 1019222, 'Up']
[2859237, 2139565, 637419, 251063, 2011228, 1182732, -104131, -191969, 1603762, 329410, 1201613, -8388608, 1832586, 1646168, 1101242, 1061384, 'Up']
[2836615, 2143340, 595233, 227971, 2012650, 1187745, -100091, -187806, 1611023, 338947, 1137384, -8388608, 1808043, 1611266, 1076446, 1025749, 'Up']
[2863329, 2139933, 640462, 258287, 2013008, 1183246, -103380, -191028, 1605311, 330923, 1189234, -8388608, 1829866, 1644963, 1097788, 1054256, 'Up']
[2833654, 2144522, 592641, 223207, 2011404, 1187962, -99322, -187290, 1611095, 339022, 1149914, -8388608, 1811306, 1613733, 1080282, 1032404, 'Up']
[2866250, 2139162, 642952, 263396, 2013867, 1182896, -104581, -192305, 1606336, 331637, 1175887, -8388608, 1826858, 1642772, 1093797, 1046481, 'Up']
[2830878, 2144343, 591941, 218486, 2010222, 1188090, -98733, -187272, 1610222, 337886, 1163867, -8388608, 1814679, 1616605, 1084252, 1039733, 'Up']
[2867271, 2137894, 644410, 266455, 2015096, 1182940, -105268, -193154, 1606367, 331402, 1163182, -8388608, 1823667, 1639016, 1090020, 1039780, 'Up']
[2829270, 2144132, 593453, 215440, 2009168, 1187899, -97930, -187583, 1609014, 336089, 1178256, -8388608, 1818783, 1619787, 1088749, 1048114, 'Up']
[2867178, 2137523, 642843, 267744, 2015736, 1183132, -106234, -193782, 1607241, 332241, 1149769, -8388608, 1819607, 1634528, 1085481, 1032764, 'Up']
[2829324, 2144118, 596008, 214316, 2008369, 1187562, -98155, -187535, 1607830, 334848, 1191785, -8388608, 1822658, 1624210, 1093132, 1055927, 'Up']
[2866057, 2137612, 639711, 268137, 2016862, 1183938, -105608, -192235, 1607957, 333198, 1137750, -8388608, 1815851, 1629984, 1081331, 1026392, 'Up']
[2831110, 2144189, 599558, 215676, 2008098, 1187027, -98030, -187458, 1607180, 333992, 1203411, -8388608, 1826512, 1629172, 1097097, 1062383, 'Up']
[2864342, 2137444, 636076, 266481, 2016931, 1183759, -106912, -192875, 1608981, 334192, 1128072, -8388608, 1812431, 1625476, 1077660, 1021252, 'Up']
[2834240, 2144380, 605550, 218656, 2008462, 1186662, -98310, -187581, 1606847, 333222, 1213811, -8388608, 1830051, 1633647, 1100909, 1068599, 'Up']
[2860839, 2138231, 629890, 263147, 2017248, 1184729, -104919, -190903, 1610363, 336022, 1120366, -8388608, 1809081, 1620987, 1074343, 1016717, 'Up']
[2837696, 2142990, 612066, 223467, 2008055, 1185745, -98933, -188158, 1606105, 332255, 1219028, -8388608, 1832235, 1638226, 1103161, 1071069, 'Up']
[2856733, 2138673, 623666, 258052, 2017017, 1185615, -104727, -190405, 1610808, 336684, 1116712, -8388608, 1806873, 1617082, 1072703, 1015092, 'Up']
[2842148, 2142298, 618239, 228549, 2009164, 1185532, -99035, -188635, 1605648, 331474, 1221412, -8388608, 1834004, 1642082, 1104802, 1072550, 'Up']
[2851472, 2138945, 616099, 251156, 2016663, 1185710, -104014, -190609, 1611236, 337568, 1115053, -8388608, 1805164, 1614312, 1071209, 1013851, 'Up']
[2846492, 2140839, 624849, 234315, 2009690, 1183879, -100052, -190047, 1604441, 330214, 1219645, -8388608, 1834533, 1644732, 1104689, 1071667, 'Up']
[2846247, 2139487, 609575, 243618, 2015855, 1186124, -103090, -189727, 1610857, 337670, 1118023, -8388608, 1804771, 1611468, 1071108, 1015727, 'Up']
[2851322, 2140135, 630741, 241133, 2010749, 1183862, -101800, -189812, 1604429, 329607, 1214763, -8388608, 1834469, 1646092, 1103408, 1068869, 'Up']
[2841226, 2140227, 603333, 236922, 2014695, 1186946, -102488, -188214, 1611542, 338263, 1123931, -8388608, 1805426, 1610812, 1071641, 1018562, 'Up']
[2855706, 2138728, 636261, 247840, 2011164, 1183326, -104032, -191481, 1604098, 328790, 1206904, -8388608, 1833263, 1646702, 1101284, 1064641, 'Up']
[2837011, 2141391, 598015, 230359, 2013573, 1187944, -100140, -187641, 1611493, 338407, 1132446, -8388608, 1806566, 1610673, 1073506, 1022957, 'Up']
[2860596, 2138413, 640110, 255026, 2012479, 1183454, -103552, -191364, 1605339, 329642, 1194969, -8388608, 1830965, 1645695, 1098375, 1057638, 'Up']
[2833419, 2142569, 593900, 224557, 2012004, 1188378, -99514, -186498, 1611529, 338145, 1144559, -8388608, 1809652, 1612505, 1077446, 1029721, 'Up']
[2863826, 2137642, 642962, 260984, 2013566, 1183048, -104922, -191757, 1605814, 330029, 1181945, -8388608, 1828002, 1644113, 1094435, 1050217, 'Up']
[2830696, 2143118, 592797, 219873, 2011140, 1188388, -98808, -186845, 1610785, 337614, 1158576, -8388608, 1813105, 1615398, 1081540, 1037489, 'Up']
[2865753, 2137192, 644261, 264802, 2014967, 1183323, -105459, -192055, 1606846, 330916, 1169199, -8388608, 1824737, 1640783, 1090610, 1043361, 'Up']
[2828419, 2143001, 593088, 216105, 2009828, 1187921, -99316, -187367, 1610121, 336382, 1172743, -8388608, 1816748, 1618446, 1085652, 1045223, 'Up']
[2865596, 2135937, 643960, 266830, 2015481, 1182696, -106429, -193196, 1607341, 331037, 1155759, -8388608, 1820663, 1636348, 1085869, 1035830, 'Up']
[2827374, 2142647, 595397, 213877, 2008733, 1187547, -98514, -187163, 1608537, 334445, 1187607, -8388608, 1820700, 1622072, 1090316, 1053568, 'Up']
[2864832, 2135767, 641756, 267458, 2016608, 1183623, -105658, -192404, 1607985, 331821, 1143706, -8388608, 1816935, 1631868, 1081894, 1029197, 'Up']
[2828391, 2143040, 598114, 214378, 2008784, 1187999, -97770, -186607, 1607983, 333801, 1199499, -8388608, 1824424, 1627278, 1094581, 1059910, 'Up']
[2863456, 2136671, 637300, 266923, 2017458, 1184602, -106110, -191929, 1609337, 333557, 1132000, -8388608, 1813426, 1627820, 1077928, 1022609, 'Up']
[2831128, 2143234, 602983, 217005, 2008194, 1187581, -98295, -187165, 1607422, 333060, 1209379, -8388608, 1828263, 1632610, 1097982, 1065156, 'Up']
[2860451, 2137276, 631928, 264231, 2016824, 1185165, -106109, -191131, 1610346, 335069, 1123440, -8388608, 1810290, 1623602, 1074546, 1017829, 'Up']
[2834074, 2142589, 608952, 220669, 2007572, 1186451, -98978, -187871, 1606566, 332057, 1216914, -8388608, 1831210, 1636576, 1100785, 1069129, 'Up']
[2856480, 2137852, 626201, 259447, 2016336, 1185484, -105425, -190925, 1610625, 335735, 1118610, -8388608, 1807824, 1619080, 1072109, 1015184, 'Up']
[2838250, 2142065, 615798, 225725, 2007877, 1185566, -100115, -188935, 1606115, 331364, 1221316, -8388608, 1833369, 1640966, 1102700, 1071299, 'Up']
[2852142, 2139282, 619272, 254013, 2016421, 1186502, -104594, -189826, 1611684, 337355, 1116740, -8388608, 1806135, 1615715, 1070602, 1013956, 'Up']
[2843101, 2141507, 622265, 232247, 2009522, 1185744, -98492, -188310, 1606189, 331187, 1221647, -8388608, 1834840, 1644548, 1103567, 1071174, 'Up']
[2846998, 2139153, 612322, 247490, 2016165, 1187192, -103112, -189120, 1612312, 337934, 1117276, -8388608, 1805268, 1612887, 1070046, 1013566, 'Up']
[2847763, 2139845, 629458, 238731, 2009745, 1184779, -101207, -190037, 1604768, 329030, 1218971, -8388608, 1835213, 1646136, 1103502, 1069839, 'Up']
[2841982, 2139967, 606415, 240382, 2014999, 1187961, -101989, -188227, 1612223, 337861, 1122419, -8388608, 1805412, 1611438, 1070512, 1016133, 'Up']
[2852522, 2138692, 635909, 245803, 2010256, 1184106, -102698, -190864, 1604930, 328759, 1212811, -8388608, 1834699, 1647267, 1102170, 1066417, 'Up']
[2837053, 2140259, 602093, 233449, 2013709, 1188047, -101639, -187788, 1612115, 337772, 1131837, -8388608, 1807131, 1611041, 1072896, 1021955, 'Up']
[2856321, 2137199, 640638, 251726, 2010958, 1182883, -104837, -192119, 1605026, 328280, 1203572, -8388608, 1832813, 1646472, 1099533, 1061869, 'Up']
[2832982, 2141001, 597982, 226616, 2012357, 1187925, -100868, -187321, 1611823, 337302, 1142669, -8388608, 1808957, 1611981, 1075424, 1028000, 'Up']
[2860699, 2137481, 643877, 258057, 2013077, 1183152, -103044, -192131, 1606344, 329354, 1191493, -8388608, 1830177, 1645221, 1096231, 1055057, 'Up']
[2830241, 2142515, 594788, 221632, 2011771, 1188414, -98131, -186796, 1612039, 337629, 1154919, -8388608, 1812092, 1614149, 1079141, 1034397, 'Up']
[2863509, 2137233, 645052, 263036, 2014385, 1183383, -104259, -191873, 1607224, 330517, 1177450, -8388608, 1826866, 1642615, 1091772, 1046786, 'Up']
[2828198, 2143097, 593926, 217899, 2010330, 1188525, -98228, -186441, 1610898, 336976, 1169022, -8388608, 1815618, 1617472, 1083188, 1042180, 'Up']
[2864736, 2136990, 644902, 267158, 2015769, 1183825, -105079, -191710, 1607736, 331714, 1163656, -8388608, 1822808, 1639191, 1087398, 1039635, 'Up']
[2826994, 2143404, 594451, 215855, 2009784, 1188635, -97139, -186108, 1609630, 336285, 1183043, -8388608, 1819331, 1621819, 1087921, 1050855, 'Up']
[2864396, 2136648, 643548, 268462, 2016658, 1184262, -105173, -191611, 1607996, 332576, 1150532, -8388608, 1818981, 1635060, 1083382, 1032983, 'Up']
[2826773, 2143533, 596913, 214800, 2008794, 1188587, -97062, -186090, 1608694, 335342, 1195435, -8388608, 1822917, 1625902, 1091949, 1057373, 'Up']
[2863088, 2136755, 639815, 268071, 2017410, 1184947, -105566, -191628, 1609015, 333609, 1137580, -8388608, 1814874, 1630173, 1078722, 1025359, 'Up']
[2828441, 2143678, 600903, 215808, 2009090, 1188246, -96752, -186604, 1608081, 334107, 1206167, -8388608, 1826542, 1630815, 1095585, 1062979, 'Up']
[2860957, 2137456, 635718, 266010, 2018184, 1185267, -104668, -191530, 1610404, 334857, 1127351, -8388608, 1811476, 1625867, 1074759, 1019173, 'Up']
[2831566, 2143427, 607475, 218788, 2008629, 1187183, -97371, -187969, 1607858, 333044, 1215862, -8388608, 1830381, 1635809, 1099412, 1068329, 'Up']
[2857206, 2137704, 630301, 261767, 2017604, 1185544, -103953, -191334, 1611348, 335608, 1121673, -8388608, 1808814, 1620903, 1072063, 1016017, 'Up']
[2835344, 2142748, 614607, 223422, 2008712, 1186401, -97201, -188864, 1607173, 331486, 1222403, -8388608, 1833230, 1639486, 1102066, 1071947, 'Up']
[2853315, 2138566, 624923, 256780, 2016906, 1185966, -103831, -191414, 1612320, 336609, 1119205, -8388608, 1807195, 1616950, 1071006, 1015135, 'Up']
[2840097, 2142383, 621113, 229174, 2008849, 1185659, -99280, -190128, 1606941, 330794, 1225104, -8388608, 1834809, 1642871, 1103838, 1073912, 'Up']
[2848595, 2139694, 616613, 251099, 2016717, 1186938, -102644, -189900, 1613462, 337951, 1118624, -8388608, 1805793, 1614294, 1070212, 1014837, 'Up']
[2844786, 2141359, 626264, 236388, 2009861, 1185284, -99795, -189826, 1606833, 330442, 1222315, -8388608, 1835451, 1645949, 1104128, 1072308, 'Up']
