[3534561, 2789494, -620096, -374084, 1664636, 1821148, 959233, 331722, 1728125, 1354920, 38752, 325452, 1174045, 2097410, -98733, 1040680, 'Up']
[3484506, 2795808, -645472, -372391, 1634530, 1813840, 967737, 341174, 1727676, 1356721, 23809, 314609, 1164239, 2095497, -113927, 1074186, 'Up']
[3533982, 2789065, -619343, -374510, 1665867, 1821902, 959115, 331684, 1728120, 1355324, 23372, 318391, 1172566, 2095579, -104240, 1033489, 'Up']
[3485273, 2796156, -646565, -372743, 1634203, 1813585, 967736, 341375, 1727460, 1356042, 37880, 320783, 1165984, 2097012, -108648, 1079973, 'Up']
[3531926, 2788847, -618951, -375082, 1666078, 1822078, 959251, 331814, 1728861, 1356076, 8251, 311713, 1171304, 2094090, -110091, 1026451, 'Up']
[3487665, 2795329, -646392, -373319, 1634233, 1813191, 967248, 340670, 1726746, 1355014, 51335, 326723, 1167642, 2098210, -103159, 1084158, 'Up']
[3528311, 2788280, -619524, -375461, 1664605, 1821772, 958682, 331521, 1728655, 1356303, -5265, 305470, 1169214, 2092824, -116010, 1022872, 'Up']
[3491615, 2795026, -645019, -372645, 1636021, 1813717, 966944, 340555, 1726089, 1354038, 63069, 332409, 1169071, 2099377, -98253, 1088036, 'Up']
[3523928, 2789115, -620326, -374138, 1663308, 1822098, 960381, 332742, 1729370, 1357345, -16539, 300627, 1167765, 2091490, -120535, 1021541, 'Up']
[3497403, 2794692, -642894, -372182, 1638557, 1814629, 966651, 340074, 1726279, 1354317, 72764, 337652, 1171392, 2100536, -93078, 1088762, 'Up']
[3518374, 2789821, -622805, -373904, 1659757, 1821460, 960697, 333134, 1729485, 1358148, -24761, 296982, 1165988, 2090807, -124587, 1022717, 'Up']
[3503583, 2794744, -640031, -371853, 1642055, 1815046, 965464, 339122, 1726143, 1353713, 79443, 341354, 1172759, 2100944, -89572, 1088193, 'Up']
[3512373, 2791246, -625635, -373348, 1656624, 1820392, 961701, 334613, 1730426, 1359153, -29367, 295295, 1164678, 2090262, -127410, 1025333, 'Up']
[3510003, 2793561, -637430, -372646, 1645482, 1815889, 964093, 337799, 1726082, 1353550, 82368, 343626, 1173804, 2101596, -87174, 1083987, 'Up']
[3505954, 2791902, -629097, -373409, 1652579, 1819635, 963088, 336319, 1729851, 1359114, -30435, 294201, 1163206, 2090447, -129243, 1030539, 'Up']
[3516503, 2792212, -634265, -373498, 1649559, 1816811, 962768, 336156, 1725794, 1353277, 81185, 343385, 1174691, 2101541, -86399, 1078425, 'Up']
[3499356, 2792499, -633118, -373575, 1648327, 1818288, 963956, 337493, 1729368, 1358667, -27906, 294509, 1162152, 2090377, -129946, 1037367, 'Up']
[3522179, 2790625, -631002, -374063, 1653730, 1817661, 961457, 335005, 1726009, 1353038, 76114, 341522, 1175401, 2100968, -87366, 1070966, 'Up']
[3493412, 2792643, -636841, -373395, 1644126, 1816789, 964839, 338526, 1728502, 1358018, -22038, 296102, 1161691, 2090608, -128884, 1045260, 'Up']
[3526767, 2789416, -627047, -374058, 1657821, 1818900, 960505, 333673, 1725967, 1353230, 67331, 337708, 1175599, 2100250, -89211, 1062643, 'Up']
[3488614, 2793993, -639365, -372185, 1641142, 1816134, 966495, 339981, 1728109, 1357855, -12064, 300076, 1162044, 2092273, -125636, 1053826, 'Up']
[3530592, 2788907, -623419, -373809, 1661425, 1820085, 959585, 333272, 1726643, 1353879, 56450, 333904, 1175688, 2099486, -91942, 1053072, 'Up']
[3485770, 2795002, -641910, -371729, 1638035, 1815192, 967203, 341089, 1727784, 1357586, 400, 305978, 1162550, 2093371, -121378, 1062540, 'Up']
[3533552, 2789242, -620668, -373446, 1664180, 1821448, 959518, 333032, 1727771, 1355267, 43521, 329240, 1174967, 2098598, -95852, 1044555, 'Up']
[3484651, 2796078, -644187, -371436, 1635910, 1814548, 967805, 341908, 1727893, 1357811, 14788, 312817, 1163716, 2095112, -116304, 1070459, 'Up']
[3534088, 2788868, -619393, -373948, 1665860, 1821846, 958865, 332558, 1728291, 1356239, 29071, 323416, 1173641, 2097055, -101126, 1036263, 'Up']
[3484144, 2795558, -646345, -372374, 1634400, 1813397, 967168, 341539, 1727039, 1356646, 28932, 319027, 1164671, 2096415, -111363, 1077577, 'Up']
[3532631, 2788002, -619381, -374783, 1665985, 1821715, 957926, 331593, 1728183, 1355993, 13424, 316090, 1171606, 2094772, -107347, 1029997, 'Up']
[3485755, 2795147, -647076, -372596, 1633694, 1812755, 966321, 340898, 1726123, 1355203, 42639, 324971, 1166044, 2097318, -106192, 1083551, 'Up']
[3529876, 2787638, -619484, -374782, 1665173, 1821582, 957806, 331821, 1728226, 1356303, -950, 309340, 1169838, 2093165, -113272, 1025319, 'Up']
[3489283, 2794831, -645903, -372077, 1634947, 1813507, 966625, 340934, 1725621, 1354498, 55606, 330483, 1168010, 2098750, -100533, 1087984, 'Up']
[3525541, 2787847, -619840, -374286, 1663864, 1822015, 959003, 332021, 1728656, 1357132, -13112, 303692, 1168478, 2092550, -117967, 1023026, 'Up']
[3493614, 2794181, -643850, -372106, 1637108, 1813887, 966263, 340862, 1725206, 1353741, 66624, 335561, 1170049, 2099863, -95084, 1089983, 'Up']
[3520295, 2788382, -621173, -374037, 1661279, 1821293, 959539, 333765, 1728762, 1357336, -23021, 298678, 1166775, 2090992, -122182, 1022552, 'Up']
[3499809, 2793497, -641362, -372277, 1639840, 1814452, 965061, 339761, 1725199, 1353199, 75006, 339860, 1171734, 2100743, -90543, 1089660, 'Up']
[3515035, 2790218, -623493, -373127, 1658433, 1821320, 961108, 335201, 1729390, 1358271, -29393, 295820, 1165140, 2090452, -125707, 1024561, 'Up']
[3506728, 2793501, -638370, -372081, 1643758, 1815668, 964141, 339022, 1725624, 1353680, 80031, 343151, 1173558, 2101626, -87308, 1086835, 'Up']
[3508091, 2791110, -627083, -372979, 1654467, 1820024, 961943, 336357, 1729488, 1359057, -32061, 294635, 1163670, 2090129, -128182, 1028320, 'Up']
[3512800, 2792696, -635383, -372373, 1647457, 1816522, 962916, 337342, 1725696, 1353584, 80444, 344144, 1174465, 2101665, -86162, 1081245, 'Up']
[3501374, 2792367, -630971, -372315, 1650276, 1819510, 963044, 337574, 1729474, 1359237, -31418, 294422, 1162801, 2090701, -129222, 1033421, 'Up']
[3518418, 2791283, -632058, -372588, 1652045, 1818048, 961664, 336248, 1725844, 1353813, 77429, 343559, 1175624, 2101999, -85666, 1074004, 'Up']
[3494126, 2791781, -635192, -372885, 1645807, 1817459, 963306, 337631, 1728211, 1358386, -27010, 295714, 1161801, 2090918, -128679, 1041282, 'Up']
[3522910, 2789793, -628415, -372681, 1656352, 1818762, 960595, 334594, 1725184, 1352748, 69712, 339964, 1175354, 2100728, -87367, 1066734, 'Up']
[3488969, 2792886, -637760, -371576, 1642866, 1817047, 965184, 339557, 1728387, 1358303, -18968, 298877, 1162385, 2092071, -125891, 1049065, 'Up']
[3527401, 2788585, -624802, -373012, 1660086, 1819809, 959346, 333863, 1726058, 1353485, 60251, 336160, 1175987, 2100372, -89274, 1057189, 'Up']
[3484797, 2793400, -640872, -371787, 1639393, 1815279, 965384, 340482, 1727232, 1357168, -7468, 302967, 1162289, 2092711, -122657, 1058464, 'Up']
[3530667, 2788358, -621890, -372935, 1663456, 1820830, 958531, 332827, 1726209, 1354067, 47882, 330869, 1175021, 2098857, -93157, 1049225, 'Up']
[3483112, 2794116, -643516, -371449, 1636779, 1814568, 966041, 340501, 1726980, 1357099, 6076, 309032, 1162996, 2094470, -118019, 1067230, 'Up']
[3532615, 2787879, -620172, -373596, 1665253, 1821175, 957496, 331454, 1726821, 1354465, 34018, 325062, 1173732, 2097219, -98231, 1040839, 'Up']
[3482605, 2794592, -645394, -371740, 1634968, 1813310, 966003, 341121, 1726716, 1356386, 20505, 315247, 1164131, 2095513, -113276, 1074530, 'Up']
[3532480, 2787678, -618762, -373674, 1666144, 1821447, 957325, 331255, 1727152, 1355312, 19180, 318614, 1172232, 2095735, -103811, 1033672, 'Up']
[3484039, 2795314, -645685, -371098, 1634275, 1813033, 966101, 340980, 1726044, 1355977, 35415, 322106, 1165445, 2097267, -107593, 1082214, 'Up']
[3530583, 2788163, -617984, -373055, 1666032, 1821659, 957189, 331464, 1728037, 1356543, 5035, 312666, 1170826, 2094535, -109385, 1027990, 'Up']
[3486509, 2795165, -645179, -370682, 1634768, 1812831, 965706, 340969, 1725991, 1355414, 49660, 328518, 1167353, 2098897, -101681, 1086224, 'Up']
[3526836, 2787908, -618169, -372845, 1665356, 1821583, 957830, 332170, 1728257, 1356938, -7971, 306437, 1169161, 2092616, -114387, 1023844, 'Up']
[3490065, 2793756, -644474, -371419, 1636310, 1813091, 964745, 339908, 1724814, 1354010, 61546, 333805, 1169039, 2099435, -96118, 1089382, 'Up']
[3521860, 2788321, -620059, -372952, 1663033, 1821725, 958580, 332897, 1727965, 1357049, -19667, 300871, 1167328, 2091211, -119613, 1023100, 'Up']
[3495927, 2793806, -642337, -371262, 1638877, 1813985, 964770, 339817, 1725101, 1353797, 71026, 338527, 1171302, 2100286, -91404, 1089745, 'Up']
[3516149, 2788818, -622209, -373004, 1660093, 1820792, 959212, 332984, 1728785, 1357756, -27357, 297162, 1166116, 2090138, -123335, 1022416, 'Up']
[3501808, 2792641, -640048, -371882, 1641946, 1814751, 963220, 338661, 1724687, 1352878, 77284, 341559, 1172557, 2100744, -87910, 1087336, 'Up']
[3509233, 2789386, -626015, -373005, 1656146, 1820024, 959672, 334916, 1728091, 1357776, -32503, 294452, 1163721, 2089650, -126427, 1026292, 'Up']
[3508280, 2792074, -636926, -371839, 1646053, 1815690, 962256, 337745, 1724794, 1353098, 79464, 343522, 1173670, 2101373, -85601, 1083969, 'Up']
[3502933, 2790256, -629294, -372613, 1652268, 1818805, 960901, 336023, 1728603, 1358309, -33087, 294152, 1162599, 2089980, -127788, 1031137, 'Up']
[3514498, 2790756, -633676, -372416, 1649550, 1815930, 960300, 335504, 1724521, 1352495, 78366, 343483, 1174148, 2100591, -84957, 1078413, 'Up']
[3496556, 2791696, -632428, -371749, 1647882, 1817136, 961867, 337351, 1727926, 1358163, -30036, 294754, 1161615, 2089509, -128111, 1038207, 'Up']
[3521034, 2790634, -628788, -371706, 1654350, 1817280, 959744, 335309, 1725392, 1353363, 73877, 342278, 1175613, 2100851, -84832, 1070671, 'Up']
[3491536, 2793103, -634944, -371090, 1644443, 1816444, 963371, 338321, 1728493, 1358816, -22652, 297971, 1162214, 2091177, -125742, 1045638, 'Up']
[3526052, 2789505, -625251, -372281, 1658364, 1818319, 958926, 333241, 1725881, 1353926, 65403, 339245, 1176048, 2100217, -86308, 1061794, 'Up']
[3486703, 2793160, -638899, -371412, 1640589, 1815120, 964660, 339372, 1727656, 1358150, -13194, 301660, 1162271, 2091760, -122721, 1053973, 'Up']
[3529152, 2788341, -623014, -372665, 1661578, 1819807, 958855, 332796, 1725647, 1353744, 53210, 333971, 1175310, 2099168, -89751, 1052892, 'Up']
[3483376, 2793718, -641909, -371312, 1637726, 1814602, 965818, 339841, 1726998, 1357459, -1161, 306853, 1162741, 2093543, -118679, 1062695, 'Up']
[3531499, 2788294, -620383, -372516, 1664486, 1821218, 959175, 332250, 1725909, 1354147, 40110, 328741, 1174111, 2097879, -94396, 1044977, 'Up']
[3481895, 2794628, -643682, -370737, 1635885, 1814409, 967867, 341316, 1726601, 1357016, 13671, 313596, 1163628, 2095261, -113748, 1071488, 'Up']
[3531699, 2787654, -618383, -373100, 1665681, 1822008, 959020, 331361, 1726788, 1355086, 26087, 323010, 1173015, 2096587, -99796, 1036814, 'Up']
[3481650, 2794793, -644474, -370960, 1634226, 1813685, 968127, 340944, 1726194, 1356285, 28220, 319993, 1164842, 2096494, -109158, 1078751, 'Up']
[3530216, 2787566, -616701, -373211, 1666311, 1822334, 959468, 331239, 1727659, 1355969, 11701, 316271, 1171818, 2095110, -105936, 1030110, 'Up']
[3483776, 2794859, -643918, -371063, 1634303, 1813700, 968002, 341094, 1726053, 1355491, 42828, 326081, 1166539, 2098216, -103587, 1084640, 'Up']
[3527685, 2788202, -616320, -373065, 1665761, 1822505, 959789, 331388, 1728616, 1357127, -2053, 310123, 1170176, 2093938, -111701, 1026043, 'Up']
[3487788, 2794931, -643234, -371130, 1635195, 1813329, 967758, 340152, 1725939, 1355298, 55749, 332262, 1168229, 2099552, -98490, 1088695, 'Up']
[3523576, 2788396, -617365, -373113, 1664168, 1822228, 960244, 331415, 1729086, 1358011, -14567, 304726, 1168251, 2092752, -117485, 1022788, 'Up']
[3491983, 2793810, -641686, -371604, 1637567, 1814005, 967159, 339374, 1725468, 1354266, 66068, 336903, 1169897, 2100851, -93758, 1089832, 'Up']
[3517184, 2788182, -619678, -373409, 1661760, 1821856, 961430, 332626, 1728634, 1357518, -24780, 299328, 1166092, 2091187, -122064, 1022499, 'Up']
[3497025, 2792483, -639763, -372322, 1640892, 1814600, 966205, 338463, 1724888, 1353303, 73643, 340508, 1171571, 2100907, -89407, 1088776, 'Up']
[3510515, 2788505, -622745, -373775, 1658515, 1820589, 961896, 333454, 1728178, 1357492, -31511, 295623, 1164315, 2090157, -125625, 1024293, 'Up']
[3503089, 2791649, -637027, -372616, 1644401, 1814778, 964790, 337428, 1724272, 1352508, 77539, 341972, 1172755, 2101070, -86798, 1085933, 'Up']
[3503754, 2789473, -626072, -373182, 1654533, 1819390, 962784, 335283, 1728282, 1358282, -34289, 293585, 1163090, 2090279, -127712, 1028136, 'Up']
[3508813, 2790459, -634243, -372886, 1648131, 1815638, 963428, 336578, 1724167, 1352460, 78259, 342722, 1173916, 2101530, -85201, 1080588, 'Up']
[3496229, 2789984, -630299, -372911, 1650003, 1818054, 963801, 336175, 1727345, 1357728, -33134, 293616, 1161457, 2089970, -128661, 1034788, 'Up']
[3514369, 2789771, -630658, -372499, 1652194, 1817050, 962708, 335553, 1724068, 1352563, 74927, 341891, 1174498, 2101185, -85115, 1074743, 'Up']
[3490558, 2791653, -633449, -371918, 1646076, 1817205, 965386, 338239, 1727652, 1358561, -28026, 295504, 1161429, 2090817, -127579, 1042132, 'Up']
[3520091, 2789005, -627337, -372980, 1655952, 1818102, 961093, 333936, 1724638, 1353073, 68525, 339497, 1174885, 2100362, -86585, 1066423, 'Up']
[3484837, 2792105, -637976, -372522, 1641298, 1815547, 965424, 338313, 1726964, 1358036, -19160, 298572, 1160977, 2091170, -126041, 1050798, 'Up']
[3524080, 2788164, -624448, -373618, 1659630, 1818853, 960366, 333410, 1724834, 1353468, 58139, 335425, 1174670, 2098989, -89873, 1057734, 'Up']
[3480507, 2792503, -641260, -372728, 1638161, 1814063, 966488, 339155, 1726275, 1357272, -8476, 303172, 1161293, 2092134, -122657, 1059355, 'Up']
[3526141, 2787451, -621455, -373665, 1662812, 1820046, 959762, 332642, 1725297, 1353882, 45094, 330007, 1174092, 2097801, -94033, 1048440, 'Up']
[3477732, 2792692, -643190, -372660, 1635483, 1813573, 966887, 340459, 1725543, 1356284, 4525, 308488, 1162077, 2093453, -118066, 1067680, 'Up']
[3527437, 2786742, -619143, -374071, 1664662, 1820855, 959268, 331965, 1725282, 1353776, 30703, 323385, 1172624, 2096137, -98726, 1040808, 'Up']
[3477372, 2793298, -644314, -372197, 1634230, 1813222, 967565, 340642, 1725327, 1355770, 18705, 314389, 1163522, 2094891, -112294, 1075609, 'Up']
[3526618, 2786137, -617773, -374287, 1665741, 1821092, 958548, 331619, 1725663, 1354447, 15782, 317099, 1171373, 2094525, -103997, 1033630, 'Up']
[3478039, 2793162, -645183, -372226, 1633847, 1812773, 967229, 341179, 1724676, 1354890, 33269, 320917, 1165099, 2096123, -106885, 1082900, 'Up']
[3524732, 2786348, -617104, -373812, 1666077, 1821836, 959204, 332022, 1726730, 1355506, 1249, 310675, 1170434, 2092830, -109587, 1028453, 'Up']
[3480855, 2793023, -644647, -372069, 1634761, 1812559, 967540, 340970, 1724550, 1354522, 47383, 327302, 1167264, 2097668, -100750, 1087547, 'Up']
[3520496, 2786683, -617915, -373931, 1664875, 1821364, 959522, 331986, 1726585, 1355959, -11831, 304844, 1168170, 2091572, -114891, 1025301, 'Up']
[3484931, 2792975, -643479, -371801, 1636201, 1813050, 966498, 340316, 1724190, 1353943, 59446, 333152, 1168631, 2098846, -95755, 1090027, 'Up']
[3515397, 2787051, -619534, -373651, 1662482, 1821194, 960048, 332233, 1727261, 1356852, -22074, 300309, 1166363, 2090686, -120034, 1023208, 'Up']
[3489826, 2792328, -641670, -371876, 1638917, 1813441, 966077, 339409, 1723718, 1353095, 69314, 337989, 1170245, 2099955, -91402, 1090674, 'Up']
[3509203, 2787174, -622171, -373931, 1659282, 1820051, 960667, 333284, 1727114, 1357114, -29640, 296567, 1164529, 2090137, -124205, 1024409, 'Up']
[3495633, 2791060, -639238, -372490, 1641787, 1813746, 965167, 338158, 1722800, 1352173, 75401, 340622, 1171371, 2100337, -88104, 1089699, 'Up']
[3502322, 2787825, -625379, -373598, 1655453, 1819174, 961866, 334345, 1726627, 1357234, -34436, 293488, 1163027, 2089482, -126963, 1028018, 'Up']
[3501944, 2790128, -636224, -372708, 1645665, 1815250, 964102, 337010, 1723041, 1352256, 77761, 342267, 1173254, 2100727, -85614, 1085177, 'Up']
[3495670, 2788995, -628765, -373204, 1651658, 1818745, 963397, 336374, 1726832, 1357650, -35007, 292917, 1162224, 2089204, -128270, 1033148, 'Up']
[3507799, 2789108, -632667, -373388, 1649878, 1816233, 962750, 335819, 1723068, 1352009, 76156, 342118, 1174289, 2100387, -84821, 1078958, 'Up']
[3488877, 2789401, -632710, -373741, 1647256, 1816926, 963846, 336589, 1726432, 1357301, -32113, 293792, 1161288, 2089340, -128460, 1039427, 'Up']
[3513281, 2787747, -629337, -374244, 1653823, 1816630, 961175, 334104, 1722848, 1351421, 70411, 340026, 1174335, 2099334, -86142, 1071317, 'Up']
[3482828, 2789939, -636025, -373661, 1643202, 1815692, 965181, 338228, 1725877, 1356833, -25194, 295839, 1160799, 2089497, -127074, 1047739, 'Up']
[3517719, 2786809, -625743, -374517, 1657739, 1817543, 960157, 332972, 1723250, 1351754, 61422, 335821, 1174408, 2098359, -88359, 1063191, 'Up']
[3478680, 2791201, -639063, -373000, 1639465, 1814056, 965560, 338893, 1725575, 1356565, -15273, 299617, 1160812, 2090742, -124328, 1056492, 'Up']
[3522306, 2787360, -621719, -373307, 1661231, 1819010, 959860, 332875, 1724269, 1352922, 50900, 331901, 1174053, 2097687, -91575, 1054446, 'Up']
[3476668, 2792868, -640838, -371636, 1636967, 1813913, 967166, 340577, 1726138, 1357346, -1115, 305958, 1162097, 2092687, -119355, 1065033, 'Up']
[3524348, 2786126, -619299, -373809, 1663665, 1819852, 958716, 331870, 1725167, 1353968, 37736, 326672, 1173711, 2096562, -95565, 1044909, 'Up']
[3474277, 2792204, -643735, -372215, 1634536, 1812452, 966700, 340176, 1724515, 1355645, 12089, 311392, 1162576, 2093482, -114582, 1073306, 'Up']
[3523773, 2785404, -618107, -374165, 1665175, 1820217, 958286, 331619, 1724570, 1353738, 22427, 319708, 1171815, 2094812, -100856, 1037754, 'Up']
[3474233, 2792284, -644690, -372148, 1633786, 1812069, 967153, 341136, 1723991, 1354818, 26950, 317430, 1164056, 2094879, -108645, 1080491, 'Up']
[3522406, 2785097, -617342, -374138, 1665997, 1820860, 958360, 331826, 1724949, 1354094, 7846, 312839, 1170355, 2093297, -106146, 1031605, 'Up']
[3476297, 2791999, -645127, -372165, 1634199, 1812257, 967115, 341301, 1723324, 1354028, 41357, 323813, 1165654, 2096699, -102812, 1086776, 'Up']
[3519587, 2785095, -617628, -374171, 1665565, 1821112, 958635, 331735, 1725377, 1354885, -6254, 306643, 1168724, 2092081, -111639, 1027335, 'Up']
[3479352, 2791407, -644542, -372593, 1635084, 1812197, 965850, 340811, 1722745, 1352792, 54045, 329555, 1167370, 2098109, -97409, 1090003, 'Up']
[3514594, 2785476, -618703, -374381, 1663636, 1820900, 958588, 332142, 1725488, 1355537, -18376, 301320, 1166843, 2090560, -117281, 1024814, 'Up']
[3484501, 2791593, -642242, -371958, 1637509, 1812674, 965568, 340071, 1722831, 1352653, 64695, 335034, 1169297, 2099266, -92720, 1091463, 'Up']
[3509491, 2786469, -620143, -373614, 1661044, 1819929, 959300, 332898, 1726227, 1356304, -27288, 297317, 1165339, 2089858, -121419, 1024344, 'Up']
[3490609, 2791147, -639564, -372014, 1640098, 1813030, 964155, 338501, 1722822, 1352430, 72957, 339233, 1170950, 2099892, -88396, 1090708, 'Up']
[3503433, 2787459, -622602, -372831, 1657421, 1819517, 960270, 334060, 1726562, 1357295, -32951, 294808, 1163463, 2089115, -124766, 1026977, 'Up']
[3497072, 2790637, -636426, -371458, 1644258, 1814736, 963970, 338460, 1722731, 1352366, 77290, 342092, 1172315, 2100539, -85275, 1088382, 'Up']
[3496531, 2787998, -626130, -372547, 1654019, 1819089, 961999, 335855, 1726616, 1357677, -35412, 293463, 1162535, 2089389, -126291, 1031276, 'Up']
[3502781, 2789087, -633481, -372258, 1648547, 1815728, 962469, 336717, 1722493, 1351616, 76932, 342030, 1173664, 2100824, -83697, 1082724, 'Up']
[3489721, 2788412, -630019, -372699, 1649862, 1818023, 962923, 337252, 1726074, 1357430, -34208, 292917, 1161613, 2089350, -127172, 1036856, 'Up']
[3508865, 2787625, -630049, -372754, 1652958, 1816717, 961266, 335539, 1722478, 1351547, 73173, 340919, 1174509, 2100436, -83861, 1076072, 'Up']
[3483393, 2789213, -633635, -372263, 1646042, 1816586, 964280, 338564, 1725405, 1356766, -29300, 294326, 1161000, 2090013, -126409, 1045076, 'Up']
[3513912, 2786979, -626033, -372592, 1657167, 1818100, 960315, 334137, 1722871, 1351882, 66183, 338095, 1175058, 2100010, -85178, 1067905, 'Up']
[3478430, 2790148, -636583, -372040, 1642042, 1815581, 964719, 339101, 1725440, 1356982, -19711, 298213, 1161488, 2091258, -123868, 1053254, 'Up']
[3518088, 2786269, -622525, -373223, 1660419, 1819163, 959187, 333562, 1723468, 1352329, 56032, 334232, 1174964, 2098814, -88461, 1058807, 'Up']
[3474785, 2790740, -640029, -372344, 1638393, 1814234, 965151, 339440, 1724834, 1356289, -8248, 302856, 1161516, 2091837, -120721, 1061861, 'Up']
[3521028, 2786079, -619818, -373114, 1663449, 1820075, 958502, 332176, 1723828, 1352985, 43255, 329250, 1173978, 2097554, -92758, 1050291, 'Up']
[3473071, 2792559, -641347, -370868, 1636165, 1814084, 966417, 340920, 1725215, 1356650, 5996, 309771, 1162867, 2094051, -116008, 1070417, 'Up']
[3522538, 2786015, -617606, -372752, 1664638, 1821067, 957833, 332086, 1724973, 1354364, 30167, 324410, 1173171, 2096735, -97388, 1042177, 'Up']
[3472657, 2793113, -643160, -370507, 1634311, 1813731, 966856, 341651, 1724708, 1356251, 21005, 316552, 1163859, 2095925, -110547, 1078968, 'Up']
[3521685, 2785579, -616529, -372955, 1666095, 1821954, 957711, 331845, 1725560, 1355325, 15264, 317938, 1171925, 2095656, -102658, 1035468, 'Up']
[3472997, 2792068, -644428, -371398, 1633779, 1812761, 965988, 340833, 1723695, 1354693, 34808, 322205, 1165232, 2097066, -104803, 1085024, 'Up']
[3519113, 2784929, -616880, -373624, 1665915, 1821383, 957649, 331593, 1725263, 1354862, -210, 310561, 1169760, 2093643, -108919, 1029785, 'Up']
[3476212, 2791680, -644335, -371566, 1634662, 1812313, 965895, 340961, 1723089, 1353529, 47831, 327950, 1166895, 2098108, -99537, 1089418, 'Up']
[3515607, 2785277, -617198, -372993, 1664853, 1821301, 958282, 332385, 1725760, 1355683, -13322, 304607, 1168323, 2092164, -114134, 1025966, 'Up']
[3480887, 2791712, -642285, -370925, 1636516, 1812786, 965530, 340602, 1723159, 1353359, 59495, 333760, 1169246, 2099892, -93925, 1091599, 'Up']
[3510759, 2785959, -618648, -372933, 1662428, 1820975, 958691, 332994, 1725990, 1356230, -23812, 300194, 1166616, 2091420, -118902, 1024967, 'Up']
[3486547, 2791533, -640146, -370874, 1639446, 1813800, 964902, 340075, 1723024, 1353291, 68634, 338751, 1171118, 2100872, -89351, 1092112, 'Up']
[3504638, 2786359, -621221, -372737, 1659361, 1820326, 959654, 334202, 1726222, 1357200, -31460, 296626, 1165111, 2090503, -122473, 1025927, 'Up']
[3492195, 2790217, -637926, -371502, 1642439, 1814214, 963596, 338631, 1722330, 1352395, 74175, 341682, 1172165, 2100944, -86028, 1090195, 'Up']
[3497774, 2787923, -624350, -372038, 1655894, 1819794, 960879, 335904, 1726002, 1357570, -35725, 294379, 1163138, 2089756, -125544, 1029728, 'Up']
[3498771, 2789800, -634470, -371295, 1646534, 1815839, 962847, 338158, 1722771, 1353116, 76806, 344077, 1173635, 2101926, -83575, 1085676, 'Up']
[3491301, 2788602, -627830, -371885, 1651778, 1819015, 962025, 337082, 1726206, 1358101, -35544, 294265, 1161879, 2090235, -126592, 1034965, 'Up']
[3504881, 2788881, -630965, -371692, 1650734, 1817180, 961496, 337093, 1722846, 1352654, 74868, 343790, 1174267, 2101670, -83078, 1079813, 'Up']
[3484521, 2789039, -631793, -372140, 1647000, 1817482, 962424, 337636, 1725891, 1357924, -32487, 295262, 1161008, 2090963, -126540, 1041869, 'Up']
[3510657, 2787730, -627271, -372038, 1654492, 1817688, 960158, 335504, 1722912, 1352382, 68785, 341110, 1174512, 2100745, -84330, 1072145, 'Up']
[3479735, 2790175, -634936, -371509, 1643080, 1816333, 963663, 338841, 1725769, 1357656, -25215, 297694, 1160993, 2090838, -124958, 1049448, 'Up']
[3515572, 2786453, -624060, -372558, 1658268, 1818939, 958610, 333961, 1723217, 1352760, 60275, 337507, 1174729, 2099873, -86580, 1063408, 'Up']
[3475167, 2791333, -638048, -370667, 1639892, 1815509, 965096, 340843, 1725093, 1357070, -14892, 301797, 1161113, 2092084, -122173, 1058810, 'Up']
[3518444, 2785957, -620857, -372500, 1661957, 1820167, 958179, 333054, 1723876, 1353304, 48468, 332942, 1174675, 2099038, -89953, 1054503, 'Up']
[3471286, 2790996, -641073, -371386, 1636958, 1814087, 964778, 340321, 1724585, 1356340, -2595, 306913, 1161976, 2093336, -117872, 1067032, 'Up']
[3519661, 2785030, -618730, -372668, 1664362, 1820775, 956944, 332484, 1723855, 1353490, 34352, 326747, 1173423, 2097145, -94685, 1046246, 'Up']
[3470030, 2791488, -642864, -370900, 1635190, 1813522, 965520, 341539, 1724115, 1355865, 11515, 313189, 1163140, 2094784, -112369, 1075577, 'Up']
[3520389, 2784998, -617010, -372726, 1665661, 1821571, 956944, 332116, 1724275, 1354186, 19454, 320572, 1172119, 2096044, -99511, 1038898, 'Up']
[3470919, 2792110, -643726, -370676, 1633749, 1813185, 965432, 341496, 1723482, 1355334, 26059, 319775, 1164280, 2096528, -106681, 1083000, 'Up']
[3519188, 2785207, -616085, -372572, 1666046, 1821979, 956766, 331814, 1725027, 1355512, 4876, 314431, 1170570, 2094383, -105222, 1032631, 'Up']
[3473463, 2791752, -643802, -370840, 1634074, 1812601, 964948, 341249, 1723373, 1354627, 40194, 326241, 1166267, 2097730, -100875, 1087723, 'Up']
[3516108, 2784534, -616489, -372988, 1665165, 1821149, 956499, 332275, 1725371, 1355563, -9075, 307672, 1168797, 2092845, -110884, 1027489, 'Up']
[3477103, 2791095, -642955, -370941, 1635570, 1812267, 964658, 341047, 1722774, 1353526, 52677, 331916, 1167914, 2098893, -95445, 1090992, 'Up']
[3511428, 2784694, -618112, -373309, 1663180, 1820378, 957473, 332569, 1725167, 1355566, -21141, 302261, 1166777, 2091087, -116042, 1025673, 'Up']
[3482493, 2791040, -641384, -371062, 1637768, 1812719, 964539, 340158, 1722799, 1353009, 62627, 337029, 1169871, 2099752, -90736, 1092136, 'Up']
[3506381, 2785885, -619786, -373007, 1660725, 1820619, 958340, 333848, 1726101, 1356776, -30194, 298531, 1165560, 2090764, -120354, 1024468, 'Up']
[3488075, 2790043, -638959, -371687, 1640399, 1813641, 962896, 339085, 1722329, 1352447, 70352, 341404, 1171347, 2100848, -86693, 1090654, 'Up']
[3499674, 2786815, -622356, -372131, 1657217, 1820141, 959702, 335267, 1725775, 1357227, -36203, 295886, 1163521, 2089621, -123712, 1027200, 'Up']
[3494944, 2789340, -635373, -371270, 1644520, 1815134, 962405, 338832, 1722329, 1352516, 74001, 343815, 1172993, 2101457, -83466, 1087049, 'Up']
[3493463, 2787045, -625603, -372145, 1653265, 1818805, 960217, 336140, 1725759, 1357516, -38124, 294165, 1162421, 2089606, -125172, 1031214, 'Up']
[3501728, 2788165, -632131, -371769, 1648278, 1815318, 960327, 336528, 1721880, 1351764, 74072, 343530, 1173511, 2100822, -82633, 1082115, 'Up']
[3487693, 2789090, -628595, -371113, 1649120, 1817411, 961431, 337394, 1725751, 1357868, -35752, 294538, 1161395, 2089647, -125793, 1037736, 'Up']
[3508647, 2787760, -627719, -371619, 1652823, 1816641, 959448, 335283, 1723184, 1353230, 71581, 343161, 1175171, 2101151, -82167, 1074164, 'Up']
[3481623, 2789108, -632509, -371407, 1644987, 1815610, 962001, 338052, 1725235, 1357370, -29396, 296570, 1160870, 2090452, -124843, 1045167, 'Up']
[3513446, 2786420, -624592, -371892, 1656965, 1817646, 958155, 334353, 1722519, 1352227, 63843, 339612, 1174963, 2100219, -84208, 1066686, 'Up']
[3476776, 2789928, -635764, -370780, 1641546, 1815478, 963879, 339754, 1724968, 1357288, -20635, 299911, 1161466, 2091734, -122227, 1053616, 'Up']
[3517295, 2785052, -621920, -372541, 1660307, 1818896, 957948, 333275, 1722821, 1352623, 53080, 335151, 1175024, 2099463, -87173, 1057811, 'Up']
[3472827, 2790242, -639451, -370981, 1638154, 1814421, 965169, 340706, 1724142, 1356359, -9704, 304157, 1161811, 2092583, -119116, 1062323, 'Up']
[3519852, 2784878, -618947, -372435, 1663493, 1820434, 958972, 333591, 1723273, 1353181, 40090, 329877, 1174457, 2098175, -91573, 1048826, 'Up']
[3470530, 2790228, -641725, -371452, 1635686, 1813478, 966475, 341162, 1723639, 1355754, 4442, 310720, 1162885, 2094301, -114060, 1070716, 'Up']
[3520608, 2783886, -617145, -373123, 1665234, 1820896, 958260, 332313, 1723463, 1353400, 25659, 323690, 1172968, 2096148, -96947, 1041038, 'Up']
[3470650, 2790705, -642748, -371178, 1634259, 1812639, 967247, 341490, 1723184, 1354871, 19003, 317122, 1163861, 2095422, -109371, 1078669, 'Up']
[3520690, 2783920, -615356, -373286, 1665909, 1820738, 958936, 331782, 1724274, 1354392, 11588, 317572, 1171413, 2094864, -102814, 1034410, 'Up']
[3472770, 2791222, -642568, -371178, 1633664, 1811654, 967432, 340801, 1723049, 1354494, 34321, 324022, 1165227, 2097121, -104265, 1085741, 'Up']
[3518410, 2784200, -614625, -373220, 1665717, 1820463, 959117, 331227, 1725119, 1355307, -2409, 311353, 1169708, 2093290, -109044, 1029872, 'Up']
[3475684, 2790847, -641960, -371217, 1634681, 1811428, 967254, 340709, 1722858, 1353733, 47374, 329625, 1167000, 2098060, -98811, 1090276, 'Up']
[3514400, 2784669, -615033, -372921, 1664708, 1820619, 959941, 331745, 1725719, 1356004, -15741, 305192, 1168101, 2091807, -114550, 1025964, 'Up']
[3480265, 2790491, -640450, -371331, 1636510, 1812321, 967029, 340479, 1722430, 1352920, 58553, 334756, 1168982, 2099435, -93713, 1091907, 'Up']
[3508603, 2784428, -617387, -373528, 1661732, 1820018, 960179, 332624, 1725215, 1356029, -26520, 299800, 1165784, 2090861, -119464, 1024929, 'Up']
[3485345, 2789535, -638669, -371807, 1639273, 1812568, 966133, 339427, 1721799, 1352160, 66932, 338530, 1170325, 2100241, -89654, 1092248, 'Up']
[3502275, 2784709, -620283, -373820, 1658428, 1818725, 960896, 333326, 1725083, 1356298, -34408, 295927, 1163989, 2089854, -123965, 1026825, 'Up']
[3491053, 2788285, -636422, -372706, 1642098, 1812884, 964434, 337565, 1721268, 1351418, 72153, 341093, 1171482, 2100285, -87931, 1090153, 'Up']
[3495386, 2785603, -623338, -373478, 1654808, 1818162, 961875, 334806, 1725156, 1356460, -38112, 293806, 1162498, 2089092, -127373, 1029820, 'Up']
[3496975, 2787184, -632948, -372983, 1646175, 1813915, 963456, 337176, 1721274, 1351047, 74138, 342465, 1172901, 2100714, -85921, 1085186, 'Up']
[3488670, 2786712, -626467, -372857, 1650655, 1817105, 963141, 336895, 1724684, 1356629, -37935, 293341, 1161219, 2089391, -128421, 1035598, 'Up']
[3503739, 2786667, -628906, -372572, 1650458, 1815225, 962477, 335843, 1721541, 1351526, 72798, 342535, 1173941, 2100799, -85000, 1079406, 'Up']
[3483036, 2787972, -629878, -372026, 1646558, 1815802, 964482, 337695, 1724646, 1356931, -32904, 294973, 1160678, 2089937, -127779, 1043147, 'Up']
[3509713, 2786354, -625117, -372221, 1654611, 1816215, 961548, 334444, 1721903, 1352014, 67581, 340906, 1174490, 2100554, -85705, 1072248, 'Up']
[3477542, 2788862, -633399, -371665, 1642397, 1814741, 965537, 339204, 1724382, 1356975, -25147, 298449, 1160730, 2090965, -125785, 1051822, 'Up']
[3514110, 2785233, -621937, -372705, 1658246, 1817596, 960255, 333904, 1722242, 1352330, 58265, 337700, 1174652, 2099464, -88106, 1064033, 'Up']
[3472671, 2789187, -636758, -371862, 1639124, 1813357, 966123, 339709, 1723850, 1356145, -15011, 302644, 1161063, 2091249, -122798, 1060277, 'Up']
[3516255, 2783705, -619171, -373744, 1661502, 1818081, 959245, 332691, 1722158, 1351956, 46197, 332539, 1173990, 2097485, -91889, 1054851, 'Up']
[3469018, 2789447, -639368, -371988, 1636530, 1812673, 967063, 340751, 1722956, 1355143, -2485, 307501, 1161493, 2092156, -118714, 1068957, 'Up']
[3517739, 2783163, -616819, -373957, 1663779, 1819126, 958580, 332208, 1722407, 1352422, 32213, 326284, 1172902, 2095858, -96537, 1046023, 'Up']
[3467876, 2789766, -641387, -372004, 1634331, 1812047, 966824, 340676, 1722546, 1354632, 12014, 313529, 1162591, 2093732, -113617, 1076678, 'Up']
[3517713, 2782441, -615626, -374357, 1664878, 1819460, 957482, 331306, 1722897, 1352894, 17543, 319738, 1171250, 2094473, -102261, 1038895, 'Up']
[3468438, 2789789, -642665, -371876, 1632997, 1810851, 966313, 340738, 1721662, 1353286, 26316, 319661, 1163468, 2094915, -109003, 1085038, 'Up']
[3516655, 2783349, -614100, -373242, 1665705, 1820309, 958439, 332027, 1724004, 1354393, 3058, 313526, 1170325, 2093292, -107964, 1033164, 'Up']
[3471246, 2790501, -641985, -371159, 1633609, 1810942, 966790, 341408, 1721889, 1353738, 41264, 326791, 1166153, 2096987, -102600, 1089752, 'Up']
[3513415, 2783478, -614811, -373486, 1664469, 1819851, 958520, 332010, 1724283, 1355335, -10153, 307541, 1168834, 2091619, -112892, 1028413, 'Up']
[3475103, 2789632, -641585, -372036, 1634371, 1810798, 965997, 340497, 1721147, 1352661, 53871, 332151, 1167568, 2097672, -97255, 1092904, 'Up']
[3508487, 2783418, -616847, -374048, 1661811, 1818833, 958946, 332529, 1723732, 1354910, -22150, 301667, 1165977, 2090057, -118455, 1027696, 'Up']
[3479792, 2789113, -640257, -372279, 1636723, 1811103, 965530, 340234, 1720826, 1352101, 63621, 336821, 1169201, 2099014, -93063, 1094150, 'Up']
[3502168, 2783578, -619554, -374341, 1659026, 1818401, 959547, 333648, 1723684, 1355388, -31400, 297364, 1164205, 2089129, -122972, 1026774, 'Up']
[3485407, 2787823, -638301, -373122, 1639542, 1811734, 964526, 339058, 1720026, 1350966, 70572, 340219, 1170412, 2099357, -89624, 1092522, 'Up']
[3495541, 2784162, -622474, -374317, 1655175, 1817298, 960665, 334330, 1723702, 1355582, -36498, 294361, 1162475, 2088424, -126522, 1029604, 'Up']
[3491469, 2786993, -634706, -372979, 1643277, 1812707, 963482, 338377, 1720083, 1350466, 74115, 342286, 1171973, 2099656, -87039, 1089267, 'Up']
[3488866, 2785199, -625200, -373577, 1651608, 1816921, 962059, 336314, 1724029, 1356156, -38256, 293277, 1161716, 2088307, -127992, 1033677, 'Up']
[3497774, 2785868, -630816, -373333, 1647219, 1814038, 961948, 337130, 1720198, 1350504, 73977, 342585, 1173288, 2099891, -85776, 1083348, 'Up']
[3482438, 2786136, -628389, -373166, 1647364, 1815929, 963095, 337872, 1723674, 1355894, -36118, 293370, 1160877, 2088517, -128533, 1040328, 'Up']
[3503802, 2785089, -627021, -373399, 1651708, 1815433, 961043, 335793, 1720612, 1350662, 69777, 341464, 1174063, 2099711, -85817, 1076380, 'Up']
[3476653, 2787097, -631751, -372972, 1643482, 1814864, 964327, 339117, 1723547, 1355947, -30074, 296138, 1160401, 2089377, -127303, 1048262, 'Up']
[3509371, 2784267, -623058, -373704, 1655606, 1816472, 960177, 335188, 1720939, 1350886, 62078, 338699, 1174230, 2099071, -87535, 1068436, 'Up']
[3472444, 2787935, -634719, -372772, 1639683, 1814071, 964860, 340404, 1723310, 1355682, -20602, 299807, 1160497, 2090012, -124688, 1056818, 'Up']
[3513493, 2783526, -619692, -374064, 1658975, 1817998, 958790, 333928, 1721589, 1351412, 51771, 334530, 1174019, 2097814, -90685, 1059579, 'Up']
[3469215, 2788602, -637591, -372384, 1636624, 1813031, 965893, 341381, 1722955, 1355399, -8521, 304830, 1161002, 2091633, -121194, 1065693, 'Up']
[3515975, 2782602, -617405, -374004, 1661755, 1818432, 958026, 333000, 1721804, 1351787, 38686, 328860, 1173107, 2096670, -94736, 1050863, 'Up']
[3466869, 2788883, -640447, -372054, 1633999, 1811790, 965858, 341769, 1721988, 1354534, 5121, 310443, 1161702, 2092854, -116530, 1073877, 'Up']
[3516051, 2781939, -616056, -374172, 1663392, 1819320, 957078, 333048, 1722016, 1352606, 23966, 322684, 1171958, 2095335, -99718, 1042321, 'Up']
[3466240, 2788685, -642599, -372227, 1632638, 1811059, 965727, 342429, 1721170, 1353533, 19805, 316801, 1162920, 2094518, -111037, 1081545, 'Up']
[3515745, 2782143, -614950, -373870, 1664926, 1819869, 957499, 333381, 1722378, 1353070, 9201, 316137, 1170610, 2093730, -104788, 1035951, 'Up']
[3468068, 2788762, -642939, -372140, 1632624, 1810954, 965475, 342358, 1720992, 1353202, 34607, 323341, 1164909, 2096485, -104837, 1087329, 'Up']
[3512526, 2781272, -615424, -374665, 1663781, 1819222, 956526, 332376, 1722393, 1353329, -4782, 309413, 1168530, 2092236, -110470, 1030696, 'Up']
[3471174, 2788859, -642276, -372021, 1633567, 1810642, 965894, 342559, 1720042, 1351824, 48097, 328969, 1166157, 2096768, -99718, 1092143, 'Up']
[3509212, 2782637, -615548, -373645, 1663062, 1819771, 958373, 334508, 1723398, 1354698, -16830, 304266, 1167358, 2090898, -115136, 1027718, 'Up']
[3476024, 2788604, -640428, -371855, 1635083, 1811224, 964590, 341652, 1720626, 1352069, 60378, 335054, 1168697, 2098878, -94168, 1093692, 'Up']
[3504029, 2782863, -617538, -373677, 1660031, 1818975, 957812, 334211, 1723548, 1355101, -26838, 299726, 1165078, 2089580, -120175, 1026968, 'Up']
[3481614, 2787826, -638565, -371854, 1637861, 1811456, 963711, 340624, 1719993, 1351373, 68448, 339280, 1169828, 2099316, -90251, 1093848, 'Up']
