[2425748, 2684129, -480380, -778161, 1650296, 1670415, 996602, 1269112, 1430832, 1323075, -419565, 321688, 1009293, 1746887, -523535, 893298, 'Up']
[2415994, 2689754, -515641, -777894, 1616264, 1655228, 1003299, 1273865, 1431727, 1325668, -435570, 396393, 1030312, 1746445, -529127, 942416, 'Up']
[2427060, 2684719, -478965, -776922, 1651643, 1671089, 996630, 1269376, 1432179, 1324701, -434655, 304859, 996534, 1745248, -523105, 884811, 'Up']
[2415160, 2689758, -515770, -778025, 1615473, 1655466, 1002311, 1273001, 1431099, 1324785, -419553, 410155, 1041977, 1748552, -528831, 948915, 'Up']
[2427011, 2684530, -479493, -777041, 1651251, 1670901, 996986, 1268833, 1432928, 1325640, -450179, 291439, 985249, 1743264, -523638, 878161, 'Up']
[2414639, 2689185, -514851, -778565, 1616309, 1656087, 1002212, 1272304, 1429901, 1323138, -405361, 421220, 1052124, 1749970, -528872, 954644, 'Up']
[2427210, 2684983, -480980, -776511, 1649951, 1670081, 997229, 1270240, 1433503, 1326389, -464590, 282503, 976435, 1741501, -524155, 875062, 'Up']
[2414746, 2688792, -512189, -778419, 1618463, 1657408, 1001674, 1272791, 1429823, 1322281, -392257, 426154, 1059766, 1752031, -527902, 956142, 'Up']
[2426564, 2685183, -483402, -776583, 1647879, 1668642, 998618, 1270384, 1434181, 1327173, -476179, 277997, 970261, 1740063, -524569, 873407, 'Up']
[2415190, 2688228, -509006, -778947, 1621693, 1658542, 1000546, 1271361, 1429108, 1321316, -381809, 427354, 1064569, 1752538, -527704, 955701, 'Up']
[2426197, 2686401, -487427, -776332, 1644711, 1666580, 998383, 1271180, 1434946, 1327927, -484611, 279289, 967421, 1738776, -526204, 875538, 'Up']
[2416672, 2688067, -504752, -778489, 1625841, 1660715, 1000013, 1270985, 1429535, 1321087, -374249, 422765, 1066039, 1753742, -527163, 951844, 'Up']
[2425591, 2687837, -491585, -775355, 1640797, 1665279, 1000166, 1272191, 1435681, 1329159, -488513, 286090, 968213, 1738862, -526592, 880255, 'Up']
[2417729, 2687304, -500387, -778346, 1630528, 1662745, 999219, 1270100, 1429840, 1321417, -370765, 413995, 1064012, 1754594, -525773, 945582, 'Up']
[2423199, 2687437, -497154, -775954, 1635694, 1662626, 999792, 1271420, 1434761, 1328243, -489823, 297892, 971993, 1738626, -527690, 888132, 'Up']
[2418818, 2686132, -496051, -778217, 1634799, 1664567, 997812, 1269579, 1429056, 1320358, -372734, 401188, 1058574, 1753677, -525195, 938359, 'Up']
[2421668, 2688066, -502229, -776092, 1631251, 1660972, 1000589, 1273533, 1434509, 1328350, -486816, 312757, 978795, 1739601, -527817, 897537, 'Up']
[2420582, 2685633, -491804, -777988, 1639743, 1666878, 997767, 1270247, 1429394, 1320840, -378325, 384399, 1049893, 1753127, -524061, 928684, 'Up']
[2420250, 2688606, -507439, -776381, 1626524, 1658873, 1001963, 1273287, 1434208, 1328272, -480045, 330725, 988318, 1740916, -528121, 907833, 'Up']
[2421715, 2684364, -488139, -778262, 1643558, 1668139, 996264, 1268264, 1429565, 1320599, -387594, 365394, 1039088, 1751371, -523991, 917879, 'Up']
[2418435, 2689056, -511291, -776458, 1623098, 1657172, 1002428, 1273953, 1433473, 1327199, -469687, 349728, 999785, 1741402, -528766, 918678, 'Up']
[2423297, 2684119, -484457, -778203, 1647311, 1669371, 995421, 1268376, 1430442, 1321459, -399530, 345289, 1027166, 1749450, -523468, 906774, 'Up']
[2416924, 2689611, -514231, -777007, 1619208, 1655772, 1002673, 1273454, 1432750, 1326181, -456665, 369347, 1012770, 1743012, -529678, 929319, 'Up']
[2424691, 2684230, -481655, -777625, 1649534, 1670573, 995281, 1267703, 1431517, 1322447, -413696, 325585, 1014245, 1747136, -523469, 895743, 'Up']
[2415964, 2690021, -515478, -776740, 1617054, 1656282, 1002363, 1273116, 1432603, 1325519, -441251, 386804, 1025447, 1744577, -529629, 937683, 'Up']
[2425445, 2683883, -479328, -776877, 1651408, 1671885, 995417, 1268180, 1432309, 1323379, -428371, 308355, 1001530, 1745268, -523521, 886675, 'Up']
[2414608, 2689787, -516127, -777057, 1616191, 1656352, 1001760, 1273702, 1431496, 1324173, -425501, 403712, 1038042, 1747008, -529588, 946938, 'Up']
[2426243, 2684504, -479628, -776300, 1651956, 1672385, 995236, 1269441, 1433129, 1324848, -444551, 294075, 989534, 1743505, -523631, 879967, 'Up']
[2413758, 2689151, -516004, -777735, 1616113, 1656640, 1001229, 1272618, 1430341, 1322988, -410471, 416006, 1048778, 1748597, -529485, 952713, 'Up']
[2426425, 2684560, -480590, -775813, 1651042, 1671337, 996827, 1269901, 1433646, 1325338, -459200, 284186, 979554, 1740720, -523915, 876097, 'Up']
[2413878, 2688672, -513902, -777696, 1617915, 1658089, 1001301, 1272607, 1430039, 1322017, -396440, 424070, 1057459, 1749840, -528114, 956367, 'Up']
[2426066, 2684728, -483108, -775905, 1649003, 1670122, 996987, 1270525, 1434035, 1326172, -471757, 278763, 972554, 1739270, -524345, 874695, 'Up']
[2414469, 2688159, -510685, -777721, 1620759, 1659072, 1000422, 1272388, 1429729, 1321147, -384758, 427039, 1062983, 1750971, -527305, 957087, 'Up']
[2425457, 2685491, -486277, -775765, 1646126, 1668418, 997778, 1270699, 1434535, 1326972, -481279, 277838, 967880, 1737764, -525257, 875277, 'Up']
[2415279, 2687835, -506733, -778020, 1624198, 1661215, 998881, 1271125, 1429370, 1320667, -376298, 424795, 1065634, 1752117, -527068, 954498, 'Up']
[2424999, 2686616, -489758, -775186, 1642083, 1667024, 998400, 1271481, 1435150, 1327865, -487390, 282855, 967306, 1737812, -526399, 879317, 'Up']
[2416286, 2686833, -501717, -777807, 1627995, 1663171, 998524, 1270936, 1429302, 1320119, -371290, 417642, 1065337, 1752975, -526244, 949705, 'Up']
[2423702, 2687269, -494420, -775018, 1636847, 1665013, 998468, 1271534, 1434972, 1327992, -489651, 292472, 970275, 1737741, -526971, 886372, 'Up']
[2418495, 2686863, -497035, -777260, 1632039, 1665460, 997012, 1269344, 1430019, 1320411, -370872, 405853, 1060783, 1753041, -525311, 942485, 'Up']
[2422678, 2688275, -499251, -774747, 1631912, 1663178, 999416, 1272901, 1435962, 1328699, -487277, 305858, 975804, 1738457, -527433, 893970, 'Up']
[2420085, 2686070, -492002, -777128, 1636889, 1667810, 996708, 1269696, 1430567, 1320777, -374403, 390284, 1053544, 1752723, -524420, 932741, 'Up']
[2421276, 2689194, -503864, -774850, 1627786, 1662040, 1000780, 1272942, 1435495, 1328376, -481874, 322853, 984563, 1739392, -528300, 904079, 'Up']
[2421816, 2685582, -488002, -777011, 1642002, 1670546, 996282, 1269592, 1430983, 1320984, -382402, 371980, 1043608, 1751545, -523802, 922226, 'Up']
[2419252, 2689525, -508959, -775614, 1624429, 1660555, 1001645, 1273839, 1434778, 1327848, -472869, 341609, 995331, 1740523, -529050, 914779, 'Up']
[2422241, 2684089, -485371, -778163, 1645804, 1671632, 995268, 1267926, 1430583, 1320922, -393856, 351740, 1031633, 1749619, -524495, 910918, 'Up']
[2417022, 2689251, -512763, -776771, 1620456, 1659062, 1002745, 1273474, 1433380, 1325982, -461035, 360785, 1007848, 1741890, -530599, 925471, 'Up']
[2423389, 2683815, -482041, -778141, 1648512, 1673347, 996567, 1267671, 1431237, 1321362, -407444, 331518, 1019127, 1747673, -524445, 899679, 'Up']
[2415346, 2689530, -514918, -777198, 1617510, 1658699, 1003296, 1273648, 1432331, 1324703, -446516, 379100, 1021032, 1744008, -531003, 934940, 'Up']
[2424510, 2683873, -479496, -777386, 1650430, 1674457, 996123, 1268350, 1431569, 1322160, -421810, 313713, 1006499, 1746308, -524956, 890797, 'Up']
[2414845, 2690048, -514904, -776633, 1616425, 1658752, 1004142, 1274313, 1431607, 1324156, -429880, 396897, 1033791, 1746461, -531328, 945035, 'Up']
[2426380, 2684771, -477358, -775698, 1651865, 1674613, 997351, 1270392, 1433035, 1324342, -436364, 298349, 994281, 1744989, -525137, 883759, 'Up']
[2414991, 2690234, -513465, -776154, 1616533, 1659115, 1003992, 1274177, 1431526, 1324309, -413400, 410482, 1045006, 1749321, -530910, 951252, 'Up']
[2426678, 2684503, -477725, -775759, 1651701, 1673722, 997161, 1269387, 1433592, 1325267, -451090, 286561, 983421, 1743075, -526381, 877724, 'Up']
[2414208, 2688900, -512255, -777482, 1617238, 1658838, 1002533, 1271841, 1430763, 1322284, -399167, 420813, 1054465, 1750230, -531735, 955843, 'Up']
[2426685, 2684648, -479566, -775763, 1649588, 1672105, 997431, 1270029, 1434536, 1325843, -464788, 278878, 974529, 1740467, -527669, 874623, 'Up']
[2414461, 2688216, -509859, -778092, 1618842, 1659780, 1001483, 1271082, 1430172, 1321293, -386754, 425392, 1061065, 1751266, -531756, 957153, 'Up']
[2425835, 2684835, -483130, -776041, 1646676, 1669979, 997863, 1270179, 1434543, 1326341, -475838, 276670, 968999, 1738833, -529185, 874922, 'Up']
[2415004, 2687387, -506634, -778231, 1622413, 1660713, 1000312, 1270505, 1429416, 1320089, -377335, 424684, 1064541, 1751745, -531392, 955376, 'Up']
[2424998, 2685189, -487071, -775637, 1643481, 1668134, 998374, 1271113, 1434814, 1326991, -483786, 278404, 966661, 1737879, -529393, 876482, 'Up']
[2415115, 2685699, -502827, -778322, 1626355, 1662741, 999063, 1270316, 1428749, 1319540, -371553, 419005, 1065218, 1752607, -529953, 950667, 'Up']
[2422695, 2685019, -492174, -775165, 1638731, 1665971, 999998, 1272055, 1434024, 1326953, -487992, 286613, 968227, 1737527, -529833, 882524, 'Up']
[2415589, 2683954, -498503, -778002, 1630314, 1664575, 998315, 1270256, 1428461, 1318784, -369647, 408581, 1062336, 1752683, -528414, 944295, 'Up']
[2420869, 2685075, -497239, -775081, 1633718, 1663555, 1001363, 1273093, 1433804, 1326456, -488129, 298554, 972850, 1737732, -530276, 891021, 'Up']
[2416959, 2683029, -493796, -777576, 1635223, 1666834, 998829, 1270098, 1428416, 1318883, -372328, 393763, 1055945, 1752338, -527027, 935895, 'Up']
[2418272, 2684651, -502805, -775810, 1628792, 1661513, 1001306, 1272543, 1432867, 1325939, -484347, 313760, 980381, 1738056, -530875, 900164, 'Up']
[2417662, 2681539, -490096, -777924, 1639154, 1668467, 996947, 1269151, 1427785, 1318355, -379680, 376366, 1046642, 1751128, -527148, 925831, 'Up']
[2416904, 2685394, -507434, -775702, 1624597, 1659997, 1002736, 1273490, 1432388, 1325553, -477191, 331678, 990016, 1739796, -531642, 910025, 'Up']
[2418992, 2680467, -486056, -778073, 1643381, 1670080, 996458, 1268467, 1428550, 1318734, -389451, 356709, 1035167, 1750154, -526637, 913816, 'Up']
[2414728, 2685166, -511387, -776705, 1620458, 1658221, 1001998, 1273772, 1431479, 1324257, -465913, 351765, 1002013, 1740725, -532795, 921081, 'Up']
[2420262, 2679739, -482758, -778234, 1646707, 1670913, 995259, 1268017, 1428802, 1318759, -402503, 337458, 1022727, 1747683, -527398, 903699, 'Up']
[2413206, 2685053, -513804, -777192, 1617551, 1656882, 1002123, 1273382, 1430865, 1323143, -452781, 370717, 1014735, 1742118, -533328, 931196, 'Up']
[2421205, 2679177, -480136, -777727, 1649520, 1671882, 996058, 1269320, 1429644, 1319509, -417408, 318409, 1009969, 1745150, -527165, 893522, 'Up']
[2411827, 2684880, -515364, -777490, 1615857, 1656243, 1002603, 1274072, 1430042, 1322035, -437909, 388888, 1028073, 1743583, -533357, 940669, 'Up']
[2421953, 2679067, -479059, -777093, 1650717, 1672323, 995964, 1268543, 1430390, 1320749, -433195, 301275, 997253, 1742777, -527298, 884467, 'Up']
[2410541, 2684302, -515815, -777466, 1615198, 1656895, 1001888, 1273821, 1429272, 1321161, -422162, 403562, 1039856, 1745994, -532734, 947463, 'Up']
[2422396, 2679053, -479758, -776461, 1650683, 1672587, 995878, 1269400, 1430920, 1321875, -448878, 287795, 985833, 1741740, -527267, 877851, 'Up']
[2409828, 2683554, -515680, -777829, 1615232, 1657705, 1001522, 1272881, 1428081, 1319675, -407794, 414374, 1050131, 1748241, -532400, 952284, 'Up']
[2422047, 2679156, -481586, -776244, 1649226, 1671935, 996414, 1270636, 1431200, 1322401, -463669, 278435, 976691, 1739611, -527644, 873895, 'Up']
[2410161, 2683723, -513523, -777818, 1617126, 1659116, 1001992, 1273535, 1427078, 1318716, -394302, 421734, 1058611, 1749526, -531537, 955425, 'Up']
[2422407, 2679979, -484325, -776110, 1646655, 1670122, 996903, 1270957, 1432175, 1323731, -475388, 274172, 970315, 1738139, -527874, 872458, 'Up']
[2411246, 2683347, -510509, -778234, 1619569, 1659611, 999371, 1272183, 1427067, 1317946, -383594, 423450, 1063712, 1750699, -531263, 954845, 'Up']
[2422703, 2681608, -487779, -775747, 1643591, 1667993, 998217, 1271902, 1432538, 1324675, -484159, 275888, 967430, 1737241, -529071, 874964, 'Up']
[2412835, 2683171, -506177, -778500, 1623640, 1661279, 999683, 1271336, 1427498, 1318228, -375733, 419862, 1065468, 1751871, -530008, 951310, 'Up']
[2421837, 2682792, -491816, -775298, 1639256, 1666363, 998993, 1272867, 1433040, 1325388, -489171, 282187, 967587, 1736854, -529774, 879526, 'Up']
[2413927, 2682800, -501413, -778045, 1627742, 1664078, 998228, 1270767, 1427411, 1318119, -372059, 412381, 1063920, 1752199, -529269, 946404, 'Up']
[2420177, 2683138, -496722, -775549, 1634718, 1664494, 998912, 1272806, 1432767, 1325719, -490811, 293351, 970996, 1736919, -530838, 887072, 'Up']
[2415384, 2682003, -496607, -778144, 1632388, 1665846, 997288, 1270129, 1427187, 1317353, -372882, 400303, 1059263, 1751589, -528869, 939591, 'Up']
[2419045, 2684366, -501098, -775280, 1630185, 1662711, 999990, 1273588, 1433248, 1325800, -487707, 308447, 978000, 1736930, -531181, 896652, 'Up']
[2417050, 2681533, -491424, -777616, 1637465, 1668581, 996392, 1269512, 1427786, 1317909, -377699, 384112, 1051047, 1750810, -527752, 930324, 'Up']
[2417516, 2684890, -505335, -775400, 1626004, 1661256, 1001394, 1274759, 1432601, 1325397, -481301, 326125, 986928, 1738318, -531856, 907288, 'Up']
[2419222, 2681190, -486649, -777606, 1642271, 1670352, 996119, 1270078, 1428460, 1318342, -385804, 365471, 1040483, 1749692, -527058, 919759, 'Up']
[2416441, 2685805, -509277, -775872, 1622078, 1659467, 1001333, 1274342, 1432776, 1324917, -470476, 344901, 998201, 1739384, -532316, 917535, 'Up']
[2420937, 2680977, -483300, -777217, 1645566, 1671713, 994066, 1269015, 1429607, 1319103, -397573, 345120, 1028269, 1747510, -527059, 907963, 'Up']
[2415115, 2686448, -512149, -775635, 1618440, 1658781, 1001687, 1274363, 1432181, 1324288, -457464, 364963, 1010923, 1740762, -532822, 928373, 'Up']
[2422985, 2681469, -479763, -775823, 1648465, 1673676, 994946, 1269722, 1430700, 1320568, -411082, 326380, 1015535, 1746269, -526054, 897938, 'Up']
[2414718, 2687344, -513764, -775052, 1615697, 1658293, 1000758, 1274203, 1431831, 1323978, -442179, 383992, 1024230, 1743349, -532302, 938303, 'Up']
[2424997, 2682221, -477555, -774608, 1650327, 1674091, 994542, 1270121, 1432033, 1322233, -425653, 309273, 1003011, 1744597, -525695, 888942, 'Up']
[2414401, 2687528, -513962, -775081, 1615131, 1658238, 1000977, 1274467, 1431928, 1323415, -425800, 400681, 1037256, 1745675, -531237, 946527, 'Up']
[2425601, 2681922, -477230, -774527, 1650555, 1673905, 993838, 1270575, 1432810, 1322985, -441158, 294963, 991656, 1742575, -525626, 882011, 'Up']
[2413644, 2687084, -513720, -775371, 1615551, 1658715, 1001203, 1274019, 1430577, 1321994, -410836, 414064, 1048391, 1747788, -530913, 953444, 'Up']
[2425701, 2682032, -478654, -774030, 1650502, 1673591, 995001, 1271320, 1433575, 1324046, -456404, 284405, 981403, 1740625, -525802, 877416, 'Up']
[2412959, 2686101, -512551, -776245, 1616556, 1659491, 999580, 1273255, 1429798, 1320564, -397078, 422526, 1057180, 1749093, -530757, 957053, 'Up']
[2425044, 2681924, -481661, -774697, 1647785, 1671896, 994137, 1270455, 1433835, 1324631, -469712, 277996, 973339, 1738484, -527189, 875113, 'Up']
[2413180, 2685462, -510204, -776367, 1619224, 1660574, 998967, 1272083, 1429356, 1319659, -385868, 425246, 1062679, 1749797, -530438, 957108, 'Up']
[2424403, 2682475, -484886, -773825, 1645357, 1671014, 995615, 1272263, 1434216, 1325522, -480186, 275943, 968543, 1737095, -527714, 874680, 'Up']
[2413674, 2684552, -506455, -776246, 1622471, 1663223, 997945, 1272731, 1428659, 1318774, -377148, 423651, 1066094, 1750973, -529912, 954988, 'Up']
[2423567, 2683304, -489032, -773723, 1641256, 1669251, 996223, 1272527, 1434348, 1326021, -487020, 280653, 967851, 1736495, -528908, 879042, 'Up']
[2415358, 2684601, -501740, -776398, 1626413, 1664705, 996683, 1271625, 1429053, 1318630, -371711, 417729, 1065854, 1751479, -529329, 950814, 'Up']
[2423156, 2685018, -493225, -773545, 1636566, 1666749, 996888, 1272608, 1435070, 1326916, -489179, 290640, 970341, 1736031, -529854, 885675, 'Up']
[2417318, 2684607, -496768, -776075, 1631098, 1667153, 995969, 1270338, 1429448, 1318988, -370565, 406869, 1062090, 1751334, -528382, 943516, 'Up']
[2422256, 2686359, -497998, -773269, 1631583, 1664951, 997712, 1273523, 1435196, 1327472, -487911, 304186, 975766, 1736705, -530402, 893685, 'Up']
[2419161, 2683953, -491877, -775805, 1635169, 1669001, 995122, 1270162, 1429527, 1319361, -374123, 391931, 1054844, 1751093, -527574, 934207, 'Up']
[2420402, 2686417, -502874, -773760, 1626730, 1662578, 998617, 1273733, 1434768, 1326999, -482953, 320433, 983690, 1737228, -531029, 903090, 'Up']
[2419947, 2682309, -487930, -776316, 1639254, 1670490, 993012, 1269189, 1429641, 1319138, -381700, 373559, 1045143, 1749305, -527150, 923703, 'Up']
[2417907, 2686030, -507984, -774623, 1622442, 1660808, 999655, 1273369, 1433445, 1325625, -474613, 339229, 994490, 1738106, -532266, 914455, 'Up']
[2421043, 2681300, -484302, -776427, 1643590, 1672171, 993679, 1269539, 1430180, 1319090, -392928, 353830, 1033440, 1747923, -526561, 913183, 'Up']
[2416337, 2686471, -511274, -774947, 1618987, 1659627, 999369, 1274652, 1433178, 1324881, -462899, 358180, 1006532, 1739279, -532182, 924928, 'Up']
[2422240, 2680591, -481594, -776791, 1646673, 1673158, 992418, 1268780, 1430486, 1319701, -406505, 332881, 1020428, 1745147, -526714, 901100, 'Up']
[2414196, 2685766, -514366, -776298, 1616113, 1658215, 998698, 1273772, 1432010, 1323111, -449276, 376466, 1019432, 1740689, -533245, 934131, 'Up']
[2423132, 2680336, -479722, -776363, 1648916, 1673453, 992495, 1268527, 1430989, 1320009, -421924, 314971, 1007898, 1743056, -527173, 892244, 'Up']
[2413339, 2686401, -515813, -776128, 1614527, 1657573, 999349, 1273609, 1431292, 1322178, -433521, 394910, 1032786, 1742932, -533121, 944325, 'Up']
[2424162, 2680777, -479206, -775763, 1649894, 1673918, 992641, 1269068, 1432110, 1321700, -437366, 299063, 995249, 1741065, -526948, 883991, 'Up']
[2413048, 2686447, -515963, -776340, 1614087, 1658531, 998721, 1273729, 1430479, 1321403, -417690, 408849, 1044068, 1745098, -532880, 950778, 'Up']
[2425356, 2681660, -479707, -774811, 1649582, 1673866, 993337, 1270036, 1433102, 1323185, -451967, 287171, 984459, 1739606, -527269, 878655, 'Up']
[2412782, 2686231, -514664, -776275, 1614905, 1659311, 997917, 1272158, 1430431, 1321194, -402439, 419251, 1053663, 1747218, -532163, 955266, 'Up']
[2424908, 2681771, -481591, -774473, 1647879, 1672708, 992933, 1269939, 1433418, 1324178, -465614, 279472, 975524, 1737778, -528038, 875361, 'Up']
[2412324, 2685152, -512460, -776750, 1616956, 1659949, 996895, 1272351, 1429229, 1319594, -389731, 425044, 1060856, 1748004, -531779, 957583, 'Up']
[2424517, 2681985, -484355, -774248, 1645844, 1670725, 993992, 1270544, 1434181, 1324745, -477052, 276115, 969747, 1735381, -528427, 874830, 'Up']
[2412818, 2684030, -508744, -776941, 1620491, 1661417, 996463, 1271524, 1428848, 1318380, -379750, 424641, 1064891, 1748440, -530845, 955792, 'Up']
[2423664, 2682464, -487990, -774142, 1642142, 1668737, 994318, 1270711, 1434109, 1325007, -485290, 278453, 967260, 1734592, -529195, 877146, 'Up']
[2414691, 2684455, -503369, -775804, 1624838, 1663887, 996483, 1270448, 1429149, 1318271, -373234, 420286, 1065780, 1750100, -529571, 952123, 'Up']
[2423033, 2683978, -491455, -772762, 1638109, 1667925, 995922, 1272182, 1434928, 1326290, -488707, 286631, 968619, 1735643, -529326, 882902, 'Up']
[2415712, 2683520, -498623, -775670, 1628819, 1666524, 994587, 1269741, 1429145, 1318225, -370328, 411539, 1063764, 1751544, -528633, 946751, 'Up']
[2421854, 2685042, -496554, -772940, 1633233, 1665979, 996127, 1271935, 1435101, 1326253, -489033, 298776, 973219, 1736296, -530407, 891097, 'Up']
[2417712, 2683445, -493622, -775379, 1633713, 1668921, 994557, 1270228, 1429880, 1318386, -372270, 397339, 1058099, 1751345, -527732, 938363, 'Up']
[2419806, 2685468, -501368, -773633, 1628083, 1663912, 996703, 1272564, 1434926, 1325979, -485258, 314345, 981156, 1737032, -531311, 900793, 'Up']
[2419042, 2682593, -489624, -776101, 1637402, 1670402, 992865, 1268527, 1429721, 1318162, -378625, 380404, 1049307, 1749965, -528017, 928766, 'Up']
[2418663, 2686572, -505955, -773707, 1623440, 1662156, 997785, 1273729, 1434220, 1325848, -477786, 332136, 990504, 1737883, -532346, 910609, 'Up']
[2420645, 2682241, -485015, -775441, 1641638, 1672576, 992238, 1269036, 1430597, 1319305, -387746, 361067, 1038169, 1749470, -526892, 917292, 'Up']
[2416232, 2686335, -510030, -774138, 1619519, 1660827, 998687, 1273482, 1433807, 1325190, -466645, 351621, 1002440, 1739929, -532041, 921585, 'Up']
[2421078, 2680914, -482678, -775690, 1644774, 1673477, 991486, 1268064, 1430325, 1319243, -400852, 340903, 1025293, 1746803, -526721, 906469, 'Up']
[2414528, 2686462, -513434, -774416, 1616266, 1659675, 999155, 1273510, 1432310, 1323852, -453101, 371197, 1014932, 1741075, -532471, 932634, 'Up']
[2422683, 2681106, -480353, -774940, 1647634, 1674578, 991437, 1268865, 1431016, 1320562, -414994, 322790, 1012373, 1745070, -526342, 897303, 'Up']
[2413577, 2686622, -515338, -774639, 1614406, 1659147, 998059, 1274246, 1431676, 1323139, -438113, 389545, 1027609, 1743344, -532524, 942218, 'Up']
[2423596, 2680826, -479221, -774599, 1649196, 1675013, 992064, 1269075, 1431777, 1321601, -430784, 305375, 999329, 1742934, -526439, 887908, 'Up']
[2412352, 2686480, -515947, -775018, 1613903, 1659208, 998508, 1273418, 1431070, 1322055, -422326, 405437, 1039883, 1745221, -532189, 949878, 'Up']
[2423682, 2680919, -479853, -774613, 1649029, 1675037, 992333, 1269013, 1432438, 1322720, -446233, 292409, 987917, 1740921, -526819, 881505, 'Up']
[2411608, 2686149, -515905, -775767, 1613666, 1660210, 998838, 1272986, 1429843, 1320971, -407184, 417281, 1050274, 1746989, -532294, 955131, 'Up']
[2424208, 2681957, -481439, -774233, 1647999, 1674849, 993817, 1269792, 1432759, 1323642, -460722, 282807, 978134, 1739063, -527548, 877135, 'Up']
[2412349, 2686845, -513559, -775906, 1615685, 1661905, 999411, 1272141, 1429162, 1320217, -393117, 424580, 1058318, 1749152, -532275, 957772, 'Up']
[2424993, 2683792, -483187, -773738, 1645959, 1674077, 995777, 1270156, 1433904, 1325211, -471553, 278301, 971529, 1738799, -528719, 875653, 'Up']
[2413264, 2686916, -509512, -775739, 1618206, 1663052, 999101, 1271601, 1429214, 1319923, -380681, 427145, 1063962, 1751067, -531857, 957892, 'Up']
[2424279, 2684087, -485770, -773459, 1642618, 1671435, 996147, 1271277, 1434476, 1325973, -479762, 279309, 968015, 1737291, -529806, 877098, 'Up']
[2413940, 2685554, -504772, -776200, 1622223, 1663961, 997697, 1270193, 1429095, 1318880, -372313, 424785, 1065869, 1751386, -531542, 955267, 'Up']
[2423182, 2684701, -489142, -772870, 1639055, 1669160, 997113, 1271395, 1434885, 1326298, -485457, 285215, 967656, 1736337, -531122, 881810, 'Up']
[2415084, 2684806, -499070, -775363, 1626733, 1666294, 996675, 1270008, 1429260, 1318693, -368451, 416415, 1064495, 1751688, -530697, 949045, 'Up']
[2421813, 2685211, -492958, -772185, 1634520, 1667881, 997679, 1272460, 1435090, 1326587, -486636, 295236, 970866, 1736379, -532022, 887778, 'Up']
[2416617, 2684059, -493497, -774556, 1631596, 1669370, 996310, 1269621, 1429464, 1318574, -368185, 404129, 1059848, 1751584, -530101, 941154, 'Up']
[2419989, 2685750, -497104, -771879, 1629767, 1666437, 998254, 1272822, 1434780, 1326506, -483674, 309860, 977491, 1736989, -532874, 896496, 'Up']
[2417591, 2682954, -488367, -774348, 1635965, 1672109, 994443, 1268964, 1429333, 1318416, -372433, 389090, 1052274, 1751129, -529667, 932401, 'Up']
[2418315, 2686384, -501505, -771725, 1625013, 1665422, 998761, 1272975, 1434643, 1326338, -477251, 328231, 986479, 1738265, -533849, 907988, 'Up']
[2419176, 2682091, -484128, -774122, 1639855, 1674052, 994783, 1268626, 1430173, 1319319, -380685, 370562, 1041801, 1750238, -529295, 921933, 'Up']
[2416821, 2686638, -505698, -772201, 1620237, 1663206, 999913, 1273451, 1433949, 1325660, -467498, 347186, 997693, 1739621, -534415, 918713, 'Up']
[2421210, 2682043, -480645, -773595, 1643349, 1675101, 993758, 1267256, 1431018, 1320107, -392043, 350947, 1029923, 1748321, -528938, 911130, 'Up']
[2415248, 2686837, -509526, -772629, 1617199, 1661803, 1000096, 1273182, 1433636, 1325394, -454793, 365990, 1009952, 1741068, -534376, 928526, 'Up']
[2422629, 2681775, -478309, -773159, 1646855, 1676343, 993727, 1268401, 1431279, 1320959, -406282, 331327, 1016795, 1746016, -528036, 900429, 'Up']
[2414310, 2687215, -512121, -772398, 1614867, 1661222, 1001066, 1273541, 1432839, 1324451, -440385, 384829, 1022850, 1742880, -533690, 938324, 'Up']
[2423556, 2681077, -477282, -772851, 1648054, 1676671, 993894, 1267805, 1432181, 1322038, -421514, 313087, 1003858, 1743883, -527109, 890485, 'Up']
[2412434, 2686219, -514119, -773443, 1612568, 1660648, 999716, 1271981, 1431256, 1322651, -425532, 400997, 1034953, 1744067, -533735, 946444, 'Up']
[2423666, 2680678, -477440, -772644, 1648217, 1676610, 992871, 1267676, 1432285, 1322238, -438222, 297671, 991376, 1741296, -528074, 882946, 'Up']
[2411683, 2685813, -513744, -773466, 1612678, 1661204, 1000194, 1271761, 1430567, 1321441, -410201, 413858, 1046037, 1746073, -533351, 952993, 'Up']
[2423727, 2680899, -478395, -772089, 1647493, 1676267, 994922, 1269168, 1432943, 1322924, -453123, 286098, 981282, 1739012, -528233, 878077, 'Up']
[2411421, 2685524, -512250, -773840, 1613768, 1662173, 999670, 1271191, 1430140, 1320476, -396067, 422552, 1055470, 1747463, -533120, 956525, 'Up']
[2423729, 2681205, -480721, -772446, 1645630, 1674780, 994224, 1268564, 1433775, 1324182, -466196, 279802, 973618, 1737311, -529737, 875562, 'Up']
[2411372, 2684178, -509941, -775287, 1615667, 1662522, 998031, 1269977, 1429556, 1318718, -384375, 426803, 1061995, 1748075, -533772, 957637, 'Up']
[2423358, 2681583, -483748, -772862, 1642266, 1672751, 994219, 1268965, 1434503, 1324484, -477241, 277608, 968539, 1734976, -531293, 875369, 'Up']
[2412310, 2683728, -506216, -775414, 1618667, 1664245, 996925, 1269480, 1429412, 1318160, -375459, 425869, 1065413, 1748993, -533547, 955992, 'Up']
[2422244, 2681985, -488062, -772779, 1637960, 1670921, 995211, 1269391, 1434632, 1325091, -484633, 281867, 966997, 1734481, -532328, 879370, 'Up']
[2413462, 2682900, -501996, -774965, 1622729, 1666347, 996374, 1268666, 1429031, 1317804, -370922, 419527, 1064757, 1749769, -532243, 951484, 'Up']
[2421039, 2682859, -492612, -771554, 1633875, 1669223, 997138, 1270828, 1434562, 1325491, -488521, 289789, 968484, 1734805, -532282, 884624, 'Up']
[2414338, 2681868, -497178, -773947, 1627480, 1669186, 995731, 1269481, 1428314, 1317265, -369770, 408657, 1061666, 1750434, -530637, 944544, 'Up']
[2419161, 2683330, -497459, -770762, 1629478, 1668095, 997821, 1271895, 1434031, 1325279, -487449, 303288, 974186, 1735222, -532452, 893763, 'Up']
[2415823, 2681190, -492262, -773299, 1632144, 1671859, 994533, 1268690, 1428908, 1317462, -372515, 393775, 1054766, 1749705, -529589, 935980, 'Up']
[2417732, 2684247, -502211, -770819, 1624745, 1666539, 998928, 1273167, 1433492, 1325188, -482732, 319422, 982136, 1736100, -533417, 903480, 'Up']
[2417652, 2680858, -488031, -773417, 1637111, 1674353, 995097, 1268713, 1429411, 1318499, -379213, 376157, 1045423, 1749200, -528595, 925536, 'Up']
[2415540, 2684006, -507301, -772333, 1620525, 1664623, 999063, 1272853, 1432948, 1324627, -473996, 338364, 992675, 1737378, -534242, 914569, 'Up']
[2419044, 2679718, -484619, -773947, 1640208, 1675431, 993234, 1267999, 1429465, 1317912, -390145, 356494, 1033866, 1746700, -529259, 915423, 'Up']
[2414413, 2684685, -510744, -772626, 1616001, 1663006, 999154, 1273175, 1433156, 1324180, -462235, 356177, 1004336, 1738953, -534766, 924188, 'Up']
[2420711, 2679593, -481495, -773907, 1642723, 1676179, 992299, 1267085, 1430418, 1318775, -402425, 336013, 1021148, 1745434, -529375, 904105, 'Up']
[2413198, 2684821, -513279, -773279, 1613112, 1661534, 999821, 1272857, 1432441, 1322788, -447669, 375761, 1017187, 1740576, -535376, 934945, 'Up']
[2422279, 2679679, -478771, -773003, 1645634, 1677133, 992456, 1267907, 1431481, 1319876, -417014, 318236, 1008355, 1743318, -528668, 895114, 'Up']
[2411931, 2684849, -514301, -773058, 1611662, 1661116, 999414, 1272620, 1431572, 1322087, -432117, 394137, 1030385, 1742550, -534537, 944851, 'Up']
[2422645, 2679156, -477575, -772200, 1647005, 1677035, 992345, 1267579, 1432158, 1320967, -432805, 301885, 995881, 1740654, -527943, 886636, 'Up']
[2411348, 2684980, -513833, -772305, 1611598, 1661606, 1000197, 1272480, 1430633, 1320869, -416735, 408642, 1042441, 1744187, -533592, 952065, 'Up']
[2422998, 2679605, -477853, -771501, 1647157, 1677047, 993376, 1268727, 1433187, 1322182, -447847, 289151, 985157, 1739422, -527663, 880606, 'Up']
[2410769, 2684297, -513178, -772931, 1612589, 1662516, 999454, 1272887, 1430351, 1320080, -401457, 418860, 1052294, 1746226, -532914, 956309, 'Up']
[2422961, 2679643, -480391, -771912, 1645432, 1676009, 993256, 1268871, 1433338, 1322719, -461947, 280762, 976090, 1737308, -529019, 877133, 'Up']
[2410922, 2683820, -511702, -773780, 1613938, 1663612, 997849, 1270496, 1429377, 1318537, -388590, 425283, 1059633, 1747422, -533238, 958978, 'Up']
[2422878, 2680439, -483468, -771682, 1642451, 1674932, 993334, 1269213, 1433852, 1323711, -473757, 277307, 969694, 1735969, -530196, 876308, 'Up']
[2411551, 2683043, -508248, -774088, 1616398, 1665116, 996452, 1270311, 1429216, 1317943, -378413, 426097, 1064172, 1749141, -532671, 957624, 'Up']
[2421981, 2680632, -486699, -771642, 1638851, 1672707, 994144, 1269003, 1434344, 1324196, -482646, 278958, 967064, 1734792, -531229, 878118, 'Up']
[2411863, 2681890, -503777, -774315, 1619964, 1666421, 995152, 1268238, 1428545, 1316836, -372232, 422051, 1065870, 1749510, -532191, 954350, 'Up']
[2420482, 2681377, -490736, -771137, 1635003, 1670546, 995825, 1270271, 1434306, 1324714, -487780, 285965, 968231, 1734448, -531634, 883439, 'Up']
[2413327, 2681222, -498922, -773735, 1624868, 1668698, 995436, 1268947, 1429049, 1316786, -369573, 412927, 1063666, 1749767, -530574, 948137, 'Up']
[2419386, 2682148, -495725, -770837, 1630323, 1668945, 996396, 1271095, 1434680, 1324793, -488493, 297293, 972116, 1734584, -532036, 890564, 'Up']
[2414506, 2680339, -494371, -773647, 1629298, 1671427, 994036, 1268169, 1429076, 1316866, -371178, 398904, 1057865, 1749664, -529557, 939123, 'Up']
[2416833, 2681945, -501096, -771743, 1625003, 1667381, 996365, 1271505, 1433843, 1324432, -485586, 312020, 978850, 1735521, -532685, 899212, 'Up']
[2415423, 2678947, -490466, -774070, 1633717, 1673461, 992771, 1267165, 1428368, 1316009, -377289, 382976, 1049546, 1748251, -529695, 930666, 'Up']
[2415396, 2682724, -506000, -772001, 1620874, 1665529, 997936, 1272132, 1433386, 1323620, -478410, 330591, 988493, 1735999, -533736, 910638, 'Up']
[2417049, 2678473, -486372, -773974, 1637991, 1675330, 992343, 1266999, 1429371, 1316832, -386164, 363898, 1038628, 1747038, -528785, 919500, 'Up']
[2413473, 2683107, -510093, -772077, 1616664, 1664347, 998056, 1272066, 1432679, 1323089, -468103, 349799, 1000150, 1737464, -534305, 920948, 'Up']
[2418246, 2677823, -483018, -773667, 1641224, 1677204, 991395, 1266764, 1429552, 1317322, -398934, 343813, 1026126, 1745040, -528830, 907917, 'Up']
[2412084, 2683231, -513043, -772532, 1612888, 1663051, 998104, 1272136, 1431768, 1322003, -454931, 369329, 1012594, 1738964, -534707, 931263, 'Up']
[2420084, 2677888, -480173, -772947, 1643150, 1677699, 991195, 1266727, 1430312, 1318176, -412883, 325424, 1013434, 1743134, -528776, 898279, 'Up']
[2411236, 2683604, -514293, -772381, 1610118, 1662256, 997952, 1271155, 1431592, 1321195, -439333, 388592, 1026019, 1741298, -534938, 941999, 'Up']
[2421035, 2677950, -478328, -772204, 1644362, 1677864, 990737, 1267176, 1431528, 1319390, -428192, 308574, 1000676, 1741508, -528621, 890221, 'Up']
[2409771, 2683174, -514922, -772939, 1609388, 1662010, 997409, 1270794, 1431095, 1320013, -423704, 404360, 1038165, 1743639, -534595, 949923, 'Up']
[2421897, 2678740, -477935, -771359, 1645575, 1678208, 992084, 1267881, 1432484, 1320401, -443570, 294980, 989590, 1739861, -528690, 883936, 'Up']
[2409685, 2683574, -514145, -772761, 1610177, 1662831, 997741, 1271424, 1430667, 1319609, -408084, 416584, 1049298, 1745838, -533601, 955686, 'Up']
[2421939, 2678570, -479601, -771769, 1643874, 1677226, 991208, 1267719, 1433067, 1321327, -458585, 284078, 979273, 1737493, -529407, 878517, 'Up']
[2409609, 2683112, -512387, -773538, 1610629, 1663342, 996943, 1269450, 1429519, 1318098, -394956, 424521, 1057428, 1746519, -534016, 959006, 'Up']
[2421584, 2679066, -481907, -771560, 1641466, 1675974, 992132, 1267738, 1433605, 1322385, -471487, 278736, 972097, 1735718, -530103, 876778, 'Up']
[2409580, 2682211, -509054, -773637, 1613064, 1665215, 995817, 1270231, 1428835, 1316909, -383715, 427506, 1063344, 1747735, -533467, 959708, 'Up']
[2420848, 2679726, -484967, -770825, 1637942, 1675055, 992672, 1268005, 1434068, 1323197, -481352, 278114, 968026, 1734529, -530772, 877758, 'Up']
[2410293, 2681547, -505476, -773217, 1616312, 1667746, 995013, 1268553, 1428780, 1316418, -375496, 424552, 1065528, 1748681, -532521, 956457, 'Up']
[2419672, 2680464, -488980, -770359, 1634250, 1673801, 994307, 1270204, 1434413, 1323779, -487632, 283150, 967395, 1733661, -531417, 881494, 'Up']
[2410857, 2680580, -500849, -773182, 1620762, 1670462, 994477, 1268823, 1428422, 1316063, -371148, 417105, 1064922, 1748749, -530863, 951050, 'Up']
[2418147, 2680889, -494099, -770533, 1629608, 1671992, 995405, 1270268, 1434037, 1323916, -490156, 292721, 970191, 1733004, -531748, 887850, 'Up']
[2412822, 2679976, -496768, -773475, 1624997, 1672694, 993380, 1267377, 1428536, 1315884, -371067, 405269, 1060567, 1748279, -530217, 943626, 'Up']
[2416585, 2681343, -500247, -771698, 1623870, 1669838, 995254, 1270619, 1433712, 1323696, -488250, 306585, 975841, 1733207, -533303, 896511, 'Up']
[2414392, 2679412, -493011, -773703, 1628899, 1674430, 992184, 1267220, 1428582, 1315957, -375503, 390137, 1052739, 1747497, -530140, 934921, 'Up']
[2414851, 2682009, -505447, -771489, 1618930, 1667636, 995535, 1271154, 1433531, 1323634, -482688, 323267, 984167, 1734304, -533954, 905996, 'Up']
[2415000, 2677856, -489201, -773773, 1632946, 1676115, 991011, 1265784, 1428584, 1315756, -383510, 371116, 1042437, 1746402, -529762, 923407, 'Up']
[2412913, 2682336, -509864, -771459, 1614795, 1666358, 996593, 1271333, 1432246, 1322367, -473450, 342976, 995164, 1735725, -535048, 917520, 'Up']
[2417011, 2678024, -485066, -772657, 1636898, 1678420, 990829, 1266799, 1429567, 1316898, -394469, 352042, 1030692, 1745083, -529190, 912636, 'Up']
[2411712, 2683035, -512872, -771363, 1611305, 1665386, 997367, 1271411, 1432214, 1322262, -460757, 362212, 1007458, 1737536, -534993, 927134, 'Up']
[2418344, 2677488, -482117, -772314, 1639952, 1679429, 990331, 1266685, 1430050, 1317523, -407998, 332207, 1017901, 1743368, -529122, 901252, 'Up']
[2410314, 2682980, -515174, -771504, 1608771, 1664668, 997333, 1272073, 1431495, 1321074, -446095, 381192, 1020573, 1739728, -535458, 937257, 'Up']
[2419552, 2677318, -480332, -771643, 1641873, 1680465, 990403, 1267087, 1430898, 1318321, -423110, 314345, 1005178, 1741496, -529342, 892500, 'Up']
[2409756, 2683355, -516199, -771562, 1607899, 1665011, 997940, 1272457, 1431081, 1320170, -430188, 397830, 1033494, 1742214, -534927, 946275, 'Up']
[2420569, 2677509, -479861, -771604, 1642865, 1680418, 991036, 1267368, 1432107, 1319433, -438485, 298080, 993245, 1739527, -529071, 884213, 'Up']
[2408843, 2682825, -516755, -772673, 1606809, 1664031, 995985, 1270630, 1430091, 1318353, -414805, 411651, 1045273, 1743448, -535499, 953161, 'Up']
[2421161, 2677894, -481144, -771554, 1642226, 1679402, 991150, 1267546, 1432599, 1320097, -453792, 286962, 983116, 1737206, -530456, 879612, 'Up']
[2408496, 2682577, -515784, -773087, 1608001, 1665235, 996444, 1270608, 1429461, 1317585, -400430, 421532, 1055081, 1745045, -535264, 958030, 'Up']
[2421104, 2678731, -483543, -770734, 1640511, 1678503, 991450, 1267903, 1432874, 1321237, -468056, 279134, 974472, 1735202, -531114, 876333, 'Up']
[2408936, 2682382, -513506, -772577, 1610142, 1666515, 994810, 1269706, 1429138, 1317086, -388223, 424619, 1060806, 1746603, -534333, 957400, 'Up']
[2420641, 2679110, -486853, -770136, 1637341, 1677383, 991890, 1268974, 1433471, 1322178, -478469, 276054, 968706, 1734203, -531560, 875114, 'Up']
[2409672, 2681479, -509961, -772208, 1613465, 1668865, 995302, 1269781, 1428475, 1316168, -378404, 424802, 1064939, 1748152, -532920, 956720, 'Up']
[2419645, 2679535, -490699, -769786, 1634118, 1675572, 992898, 1269929, 1433493, 1322915, -486382, 279962, 967256, 1733653, -531543, 879481, 'Up']
[2410341, 2680466, -505855, -772560, 1617431, 1669856, 992943, 1268705, 1428024, 1315791, -373247, 419690, 1065493, 1748518, -531908, 953521, 'Up']
