[247375, 1236764, -1154482, -1459929, 73143, 760990, -128716, -555997, 885384, 237848, -754562, 229174, -346358, 1440440, -1550088, -215661, 'Up']
[260058, 1250727, -1151315, -1461623, 61880, 759909, -119514, -547165, 882763, 234989, -731377, 305989, -353830, 1434966, -1561407, -180130, 'Up']
[248293, 1237324, -1152979, -1458546, 73732, 761220, -129399, -555306, 888293, 242241, -767804, 218339, -351123, 1436605, -1550594, -220876, 'Up']
[259352, 1250026, -1152296, -1461706, 60591, 759319, -121074, -548485, 881530, 236530, -717158, 316325, -348181, 1433205, -1560588, -174999, 'Up']
[249916, 1238986, -1151506, -1457088, 75219, 761958, -126857, -554473, 890825, 246522, -780015, 210813, -355974, 1433787, -1550287, -224038, 'Up']
[258277, 1249072, -1153512, -1462543, 59937, 758405, -122452, -549921, 881187, 239032, -705180, 323100, -342455, 1433030, -1559274, -171758, 'Up']
[250988, 1240028, -1151262, -1457536, 74931, 762210, -126449, -552324, 892430, 249982, -790756, 206310, -360630, 1431284, -1551780, -226546, 'Up']
[256845, 1247617, -1154664, -1463480, 60276, 758598, -123638, -550233, 880534, 240576, -696548, 325114, -337318, 1432811, -1558934, -171282, 'Up']
[252309, 1241525, -1150259, -1457488, 75119, 763126, -124128, -550646, 893448, 252554, -797626, 205483, -364320, 1429878, -1552677, -227134, 'Up']
[254390, 1245134, -1156305, -1464494, 60340, 757942, -124957, -551681, 879751, 241798, -691302, 323227, -333443, 1433169, -1557759, -171718, 'Up']
[254090, 1243434, -1149424, -1457162, 74317, 762968, -122417, -548774, 893862, 254006, -801885, 209026, -368216, 1427701, -1554435, -225395, 'Up']
[252518, 1243073, -1156860, -1464346, 60904, 758266, -127564, -553243, 880274, 243758, -689273, 317771, -330302, 1433165, -1556631, -173953, 'Up']
[255950, 1245530, -1148088, -1456715, 73371, 763197, -121419, -547747, 893955, 255166, -801373, 216898, -369862, 1426622, -1556468, -221266, 'Up']
[250761, 1241119, -1156940, -1463962, 62618, 757800, -128394, -554648, 880877, 245677, -690779, 308675, -327760, 1432616, -1554988, -177811, 'Up']
[257220, 1246988, -1147340, -1456850, 71804, 762907, -120156, -546842, 893446, 255597, -797289, 227513, -369702, 1424123, -1557574, -215882, 'Up']
[249710, 1239848, -1156023, -1462816, 64681, 758430, -129264, -555429, 882417, 248559, -696442, 296697, -327036, 1431555, -1553123, -183189, 'Up']
[258994, 1248649, -1146768, -1457150, 70687, 762393, -118885, -545832, 893474, 256734, -789541, 241315, -368282, 1422765, -1558626, -209623, 'Up']
[248132, 1237794, -1156367, -1462874, 66491, 758191, -131051, -555929, 884098, 250427, -705946, 282652, -327865, 1429544, -1552140, -189900, 'Up']
[259851, 1249929, -1147537, -1458255, 68908, 761869, -118957, -545089, 892187, 255930, -779807, 256362, -365741, 1421097, -1560476, -202742, 'Up']
[247520, 1237123, -1156401, -1462246, 68832, 758861, -130559, -556438, 886570, 253136, -717933, 267157, -330729, 1428870, -1551309, -197525, 'Up']
[260346, 1250684, -1148716, -1459496, 66716, 761358, -118714, -544650, 891642, 255634, -766853, 272318, -362167, 1421626, -1561292, -195692, 'Up']
[246729, 1236168, -1155930, -1461640, 70789, 759241, -131145, -556272, 888742, 255164, -731602, 251896, -334918, 1427675, -1550950, -204917, 'Up']
[260665, 1251199, -1149474, -1460110, 64874, 760986, -119391, -544808, 889818, 254633, -752953, 287402, -357965, 1421365, -1561810, -188580, 'Up']
[246881, 1236039, -1154980, -1460569, 72453, 760179, -130848, -556154, 891382, 257784, -746185, 236907, -339779, 1426471, -1550286, -212094, 'Up']
[260046, 1250703, -1150666, -1461279, 63252, 759948, -118889, -546105, 888294, 253873, -738100, 301091, -352391, 1421920, -1561858, -182174, 'Up']
[247901, 1236733, -1153653, -1459386, 74317, 760746, -129784, -554229, 893338, 259620, -760677, 224112, -345225, 1424743, -1550068, -217760, 'Up']
[259349, 1249887, -1152215, -1462134, 61781, 758869, -120862, -546587, 887385, 253112, -723663, 312253, -346853, 1422991, -1561663, -176436, 'Up']
[248123, 1237156, -1153180, -1458650, 74889, 760798, -128912, -554301, 894903, 260783, -774519, 214787, -351686, 1423335, -1550890, -221555, 'Up']
[258769, 1249454, -1152641, -1462055, 61496, 758643, -120983, -546866, 886440, 253601, -711078, 321160, -341654, 1423681, -1560614, -172043, 'Up']
[249880, 1238955, -1151395, -1457194, 75911, 761748, -127665, -552525, 897081, 263007, -785756, 209048, -356913, 1421978, -1550990, -224321, 'Up']
[257249, 1248019, -1154028, -1462729, 60700, 758223, -124404, -549269, 885513, 253834, -700432, 326164, -336714, 1424182, -1559817, -169685, 'Up']
[251702, 1240653, -1150537, -1456940, 76026, 762523, -126223, -550664, 898364, 264103, -794418, 207068, -361943, 1420578, -1552583, -225704, 'Up']
[255638, 1246072, -1155601, -1463645, 61381, 758437, -124365, -549466, 885699, 253438, -693342, 326421, -331805, 1425103, -1558191, -170021, 'Up']
[253148, 1242148, -1149746, -1457067, 75645, 762742, -123608, -549214, 899314, 264275, -799968, 208696, -365267, 1419455, -1553719, -225349, 'Up']
[253642, 1243884, -1156521, -1464217, 61410, 757565, -127003, -552530, 885527, 253828, -689510, 322852, -328316, 1425261, -1557333, -171989, 'Up']
[254050, 1243213, -1149556, -1457634, 73739, 762065, -123624, -548582, 899400, 264018, -802259, 213883, -368459, 1418427, -1556229, -223352, 'Up']
[250976, 1241056, -1157739, -1464573, 61848, 757576, -129048, -553336, 885549, 253910, -690311, 315008, -327100, 1425271, -1556808, -175472, 'Up']
[256169, 1245450, -1148648, -1457151, 72995, 762673, -121274, -545996, 898904, 263555, -800536, 223176, -370230, 1417307, -1557564, -218238, 'Up']
[250152, 1239946, -1157084, -1463528, 64349, 758035, -129366, -554019, 887114, 255325, -693862, 303847, -326269, 1425746, -1554326, -180184, 'Up']
[257806, 1247232, -1148191, -1457480, 71479, 762552, -121099, -545635, 898864, 263597, -794109, 235350, -369343, 1417630, -1558323, -212664, 'Up']
[248847, 1238323, -1157297, -1462893, 65888, 758255, -130019, -554948, 888178, 256435, -701234, 291018, -327482, 1426069, -1552907, -186172, 'Up']
[259818, 1249424, -1147850, -1457064, 70153, 762645, -118842, -544177, 898243, 263136, -784639, 250113, -368018, 1418099, -1558948, -205885, 'Up']
[247710, 1237022, -1157401, -1462467, 67774, 758404, -131816, -555901, 890700, 258771, -711133, 276319, -329566, 1425920, -1550973, -193128, 'Up']
[260246, 1249883, -1148798, -1458914, 67751, 760917, -119768, -544936, 896502, 261260, -773148, 265865, -365080, 1417209, -1560699, -198490, 'Up']
[247160, 1236151, -1156623, -1461950, 70097, 758512, -131681, -556030, 892615, 259969, -723857, 260417, -333523, 1424503, -1550712, -200938, 'Up']
[260727, 1250576, -1149100, -1459726, 66169, 760676, -118660, -544212, 895184, 260591, -758978, 281245, -360717, 1417866, -1561241, -191727, 'Up']
[247588, 1236277, -1154915, -1460539, 72309, 760042, -130575, -555692, 894754, 262075, -738020, 245393, -338153, 1424304, -1549917, -208251, 'Up']
[261081, 1251093, -1149409, -1460249, 64536, 760615, -119213, -544797, 894466, 259798, -744061, 295571, -355240, 1419699, -1561081, -185510, 'Up']
[247563, 1236275, -1154183, -1459522, 73751, 760958, -130314, -553985, 896843, 263882, -752748, 231293, -343540, 1423344, -1549613, -215241, 'Up']
[259938, 1250239, -1151008, -1461114, 62987, 760325, -119879, -544647, 892510, 258809, -729878, 308161, -350173, 1420591, -1560662, -179386, 'Up']
[247670, 1236370, -1153683, -1458915, 74548, 761103, -129946, -554066, 897982, 264658, -767485, 220516, -349827, 1421825, -1549917, -219660, 'Up']
[259619, 1249745, -1152205, -1461694, 62247, 759065, -120805, -545964, 891083, 257968, -716603, 318351, -344868, 1421382, -1560437, -174225, 'Up']
[249703, 1238126, -1152195, -1457411, 76014, 761481, -128238, -552190, 900371, 266576, -779685, 212319, -355295, 1421201, -1549895, -223682, 'Up']
[257930, 1247986, -1153837, -1462709, 61321, 758541, -122693, -547424, 889930, 257498, -704593, 324712, -339245, 1422526, -1559500, -171109, 'Up']
[251335, 1239761, -1150640, -1456933, 76734, 762217, -125926, -551461, 901332, 267258, -790135, 208036, -360231, 1419691, -1551062, -226064, 'Up']
[257054, 1247148, -1154657, -1463218, 61583, 758127, -123921, -549035, 889610, 257625, -695840, 326665, -334253, 1423653, -1558338, -171173, 'Up']
[252829, 1241306, -1150244, -1456975, 76503, 762423, -124675, -549349, 903057, 268194, -797242, 207463, -364368, 1418946, -1552504, -227070, 'Up']
[255132, 1245161, -1156413, -1463574, 62044, 757665, -125193, -550351, 889601, 257514, -690249, 324935, -330287, 1424715, -1557148, -172102, 'Up']
[254789, 1243620, -1149981, -1456461, 75748, 763183, -122893, -547866, 902935, 268258, -800584, 211036, -367715, 1418725, -1554228, -225554, 'Up']
[252977, 1243167, -1158019, -1463618, 62353, 757993, -126624, -552622, 888980, 257945, -688277, 319350, -327757, 1425383, -1556433, -174330, 'Up']
[256107, 1245451, -1149521, -1456238, 74629, 763259, -120313, -546746, 902139, 267931, -800568, 219023, -370050, 1417682, -1556463, -221393, 'Up']
[251171, 1241268, -1157744, -1463170, 63746, 758309, -127800, -553292, 889392, 258170, -690405, 310473, -326901, 1426131, -1555464, -177954, 'Up']
[257959, 1247510, -1147949, -1456039, 73053, 763498, -118875, -545325, 902311, 267277, -796221, 229935, -370692, 1417917, -1558252, -216201, 'Up']
[250407, 1240192, -1156738, -1461969, 65725, 758765, -128392, -554554, 891068, 259976, -696087, 298042, -327291, 1426334, -1554171, -183576, 'Up']
[260016, 1249859, -1147104, -1455733, 71505, 763485, -117619, -544477, 901465, 267121, -788454, 243475, -369426, 1418340, -1559495, -209523, 'Up']
[249259, 1238816, -1156742, -1461578, 67416, 758669, -128344, -555222, 892890, 261781, -705028, 284117, -328934, 1426900, -1552812, -190293, 'Up']
[261158, 1251089, -1147633, -1456857, 69163, 762341, -117276, -544438, 900441, 265688, -778000, 259121, -367040, 1418518, -1560983, -202760, 'Up']
[248860, 1238050, -1156226, -1461058, 69522, 758745, -128882, -556049, 894496, 262763, -717104, 268802, -331967, 1425882, -1552027, -198128, 'Up']
[261421, 1251438, -1148727, -1458392, 67033, 761244, -117034, -544333, 899063, 264230, -765640, 274560, -363079, 1418321, -1561921, -195794, 'Up']
[248298, 1237342, -1155988, -1460493, 70958, 759897, -129383, -555505, 895911, 263914, -731667, 253435, -336786, 1424558, -1551843, -205340, 'Up']
[262217, 1252423, -1149005, -1458878, 65456, 760907, -117116, -543993, 897848, 263162, -751627, 289655, -358657, 1419202, -1562596, -188965, 'Up']
[248500, 1237272, -1154809, -1459333, 73162, 760475, -128916, -555312, 897870, 265409, -745846, 238487, -341491, 1423566, -1551160, -212570, 'Up']
[262108, 1252272, -1150438, -1459536, 63839, 760714, -117744, -544489, 895920, 261885, -736270, 303075, -353099, 1419951, -1562420, -182431, 'Up']
[249451, 1237948, -1153902, -1457804, 75072, 761346, -127685, -554054, 900205, 267254, -759844, 225849, -347107, 1422807, -1550622, -218381, 'Up']
[261042, 1251254, -1152265, -1460386, 62719, 759933, -118178, -545927, 894042, 260921, -721687, 314325, -347770, 1421577, -1561577, -177017, 'Up']
[249641, 1238143, -1153608, -1457195, 75924, 761938, -126695, -552877, 901317, 267853, -773000, 216036, -353174, 1422037, -1550711, -222216, 'Up']
[259886, 1250055, -1153673, -1460724, 62433, 760174, -119665, -546323, 892891, 260082, -708307, 322447, -341827, 1422996, -1560025, -172316, 'Up']
[250345, 1238675, -1153281, -1457050, 76345, 762692, -126081, -551670, 902046, 268394, -784152, 210106, -358934, 1421550, -1551322, -224391, 'Up']
[258144, 1247944, -1155576, -1462123, 61749, 759172, -121854, -548005, 891335, 258725, -698225, 326560, -337277, 1424300, -1559437, -169877, 'Up']
[252482, 1240743, -1151644, -1456338, 76688, 763156, -123338, -550018, 903392, 269123, -792550, 207499, -363705, 1420698, -1552352, -225291, 'Up']
[256718, 1246479, -1155958, -1462501, 62074, 758465, -122863, -549347, 891061, 259106, -690123, 326800, -332660, 1425425, -1557962, -169340, 'Up']
[254412, 1242832, -1150170, -1455720, 76296, 763233, -122771, -549015, 904412, 269485, -797316, 209263, -367503, 1419925, -1553857, -224413, 'Up']
[254736, 1244447, -1156826, -1462750, 62310, 758470, -125385, -551611, 890580, 259133, -686044, 323127, -329433, 1426364, -1557261, -170877, 'Up']
[256266, 1244952, -1148820, -1455510, 75508, 763508, -120300, -546833, 904533, 269421, -798174, 215577, -369891, 1418985, -1555559, -221551, 'Up']
[253431, 1242861, -1156577, -1462647, 63751, 758083, -126748, -553438, 891375, 259739, -685528, 316283, -327259, 1426620, -1555898, -174189, 'Up']
[258040, 1246732, -1147687, -1455688, 74342, 763127, -119883, -546298, 904434, 268665, -795659, 225398, -371053, 1417949, -1557836, -217186, 'Up']
[251529, 1240703, -1156611, -1462413, 65682, 757914, -128282, -554095, 892345, 260703, -689728, 305492, -326855, 1426470, -1554855, -179357, 'Up']
[259841, 1248628, -1146932, -1455747, 73282, 763209, -118389, -544494, 903518, 268417, -789894, 237767, -370510, 1417991, -1559038, -211344, 'Up']
[250281, 1239119, -1156390, -1461629, 67727, 759347, -128114, -554823, 893954, 261891, -697141, 291897, -327774, 1426990, -1552626, -185973, 'Up']
[261083, 1250169, -1147190, -1456069, 71520, 763366, -117022, -543913, 902481, 267452, -780512, 252204, -368615, 1419115, -1559544, -204523, 'Up']
[249541, 1238318, -1156045, -1460437, 70141, 760283, -128679, -554919, 895467, 263794, -708023, 276509, -330424, 1427527, -1551146, -192940, 'Up']
[261236, 1250696, -1148081, -1457319, 69594, 762654, -116305, -543713, 901090, 266395, -768716, 267260, -365568, 1419643, -1560367, -197327, 'Up']
[248182, 1236993, -1156146, -1460454, 71396, 760721, -129742, -555254, 896038, 264313, -721227, 260968, -335133, 1426431, -1551237, -199585, 'Up']
[262212, 1251972, -1148443, -1457960, 67742, 762553, -116748, -543556, 899724, 265218, -755153, 282791, -361671, 1420601, -1561310, -190073, 'Up']
[248130, 1236838, -1155475, -1459522, 73718, 760621, -129483, -555305, 898481, 266508, -735477, 245787, -339367, 1426133, -1550281, -207338, 'Up']
[261976, 1251851, -1150215, -1459057, 66043, 761201, -116854, -543956, 897293, 263699, -740927, 297402, -356422, 1420837, -1561483, -183773, 'Up']
[248608, 1236807, -1154787, -1458263, 75070, 761254, -128452, -554745, 900369, 267803, -750441, 232027, -345069, 1424215, -1549571, -214234, 'Up']
[261322, 1251003, -1151711, -1459959, 63714, 759945, -118418, -545285, 895874, 262279, -726165, 309995, -351036, 1420689, -1561247, -178022, 'Up']
[249605, 1237677, -1153726, -1457308, 76252, 761454, -127417, -553571, 902003, 268618, -764338, 221170, -351005, 1422000, -1550048, -219570, 'Up']
[260799, 1250582, -1152158, -1460293, 63246, 759660, -119341, -546268, 894609, 261596, -712314, 319884, -345035, 1421316, -1560551, -173933, 'Up']
[250938, 1239172, -1151376, -1455867, 77556, 762535, -125573, -552424, 903824, 270148, -776397, 213259, -356763, 1421208, -1550363, -223616, 'Up']
[258694, 1248515, -1153704, -1461821, 61911, 758770, -121704, -548164, 893459, 260877, -700443, 326358, -339728, 1423007, -1559975, -170430, 'Up']
[252140, 1240348, -1150170, -1455607, 77606, 762745, -124350, -550683, 904414, 270336, -787021, 209213, -362578, 1420048, -1552059, -224920, 'Up']
[257679, 1247541, -1154090, -1461747, 62907, 758585, -121585, -549298, 893064, 260543, -691863, 328305, -334928, 1424420, -1558501, -169690, 'Up']
[253607, 1241901, -1149648, -1455566, 77460, 763044, -122960, -549515, 905260, 271010, -794239, 208685, -366113, 1419612, -1552861, -225824, 'Up']
[255065, 1244578, -1156061, -1463107, 62446, 757890, -125070, -551137, 891834, 260203, -687180, 326562, -330834, 1425355, -1557596, -170418, 'Up']
[254835, 1242950, -1149301, -1456189, 76087, 762599, -122260, -548715, 904900, 270073, -798175, 212949, -369892, 1417524, -1555231, -223507, 'Up']
[253541, 1242754, -1156685, -1463265, 63428, 757760, -126047, -552875, 891831, 259990, -685550, 320131, -328606, 1424529, -1556370, -173416, 'Up']
[256689, 1244860, -1148570, -1456003, 75269, 762917, -120861, -546884, 905141, 270039, -797705, 219577, -371349, 1417055, -1556221, -220797, 'Up']
[251792, 1240865, -1157120, -1462974, 64872, 757841, -128155, -553940, 892156, 260843, -687936, 310351, -327612, 1425459, -1554885, -177900, 'Up']
[258250, 1246648, -1148365, -1456539, 73534, 762076, -119945, -546221, 904526, 269209, -793340, 230588, -371966, 1417078, -1557696, -215638, 'Up']
[251020, 1239784, -1156995, -1461802, 66522, 758063, -129087, -554014, 893319, 261990, -693055, 297874, -327946, 1425480, -1553000, -183914, 'Up']
[260558, 1249306, -1147699, -1455844, 72418, 762541, -117757, -544156, 903927, 269138, -784693, 243987, -370332, 1417452, -1558084, -209441, 'Up']
[249341, 1238158, -1157370, -1461429, 67944, 758450, -129952, -555387, 894602, 263696, -701806, 283818, -329240, 1425733, -1551402, -190185, 'Up']
[261274, 1250306, -1148164, -1456802, 70044, 761795, -117717, -543764, 902648, 268165, -773985, 259764, -367694, 1417718, -1559395, -201840, 'Up']
[248816, 1237310, -1156537, -1460597, 70201, 758555, -130275, -555935, 896350, 264799, -713414, 268754, -332686, 1425786, -1550330, -197340, 'Up']
[262079, 1251261, -1148421, -1457664, 68058, 761355, -118558, -543946, 900884, 266837, -760610, 275277, -363767, 1418343, -1560104, -194902, 'Up']
[248477, 1236555, -1155605, -1459887, 72256, 759246, -130416, -556017, 898735, 266517, -726877, 252748, -337357, 1425100, -1549287, -205043, 'Up']
[262015, 1251153, -1149526, -1458864, 66127, 760248, -118171, -544325, 899144, 265004, -746417, 290345, -359212, 1419491, -1560545, -187521, 'Up']
[249018, 1236795, -1154385, -1458596, 74412, 759801, -130143, -554168, 900366, 267614, -741899, 238512, -342473, 1423825, -1548859, -211282, 'Up']
[261972, 1251191, -1150103, -1459416, 64722, 759834, -119699, -544566, 898071, 264236, -731769, 303776, -353569, 1420597, -1560415, -181111, 'Up']
[249104, 1236983, -1152997, -1457638, 76066, 760807, -128790, -553839, 901952, 269085, -756481, 225915, -348524, 1423288, -1549023, -217080, 'Up']
[260734, 1250317, -1151053, -1460431, 63877, 759087, -120050, -545570, 895910, 262888, -717997, 315268, -348278, 1421292, -1560302, -175579, 'Up']
[249248, 1237158, -1152191, -1457376, 76673, 761125, -128625, -553056, 903215, 269916, -770678, 216346, -354665, 1421819, -1549934, -221596, 'Up']
[259612, 1249046, -1152214, -1461385, 62736, 758683, -121207, -547280, 894290, 261769, -705750, 323154, -342835, 1422800, -1560119, -171638, 'Up']
[250460, 1238356, -1151272, -1456843, 77161, 761486, -127050, -551176, 904514, 270865, -781676, 210310, -360142, 1421289, -1551016, -223995, 'Up']
[257929, 1247352, -1153819, -1462119, 62427, 758001, -123277, -548197, 892951, 261248, -695456, 327479, -337979, 1423577, -1559635, -169027, 'Up']
[252384, 1240321, -1150064, -1456099, 77500, 762388, -125554, -549679, 905216, 271356, -790487, 208108, -365315, 1420128, -1552677, -224817, 'Up']
[256656, 1246246, -1154692, -1462163, 62800, 758529, -124551, -549009, 892988, 261787, -688405, 327008, -333455, 1425193, -1557951, -169469, 'Up']
[254662, 1242916, -1148845, -1455346, 77153, 762960, -123357, -548188, 906319, 272462, -795854, 209443, -368832, 1419328, -1553304, -224703, 'Up']
[254407, 1243913, -1156044, -1463057, 63358, 757625, -126148, -551151, 892694, 262066, -684728, 323223, -330052, 1425526, -1556177, -171397, 'Up']
[256326, 1244606, -1148284, -1455577, 76603, 763206, -121760, -546270, 906187, 272255, -797402, 215249, -371665, 1418747, -1554621, -222319, 'Up']
[252675, 1241778, -1156944, -1462831, 64552, 757781, -127810, -552828, 893008, 261993, -685091, 314545, -328095, 1426476, -1554301, -175463, 'Up']
[257217, 1245642, -1148909, -1456557, 74716, 762283, -120329, -546140, 905389, 270777, -795128, 224448, -373264, 1418064, -1556194, -217727, 'Up']
[251137, 1240061, -1157377, -1462486, 66204, 757700, -129178, -553200, 893511, 262713, -689409, 303576, -328862, 1426363, -1553116, -180440, 'Up']
[259362, 1247849, -1147810, -1456308, 73117, 762382, -119120, -544166, 904964, 270350, -788565, 237028, -372665, 1418605, -1557435, -211746, 'Up']
[249787, 1238286, -1157058, -1461975, 67614, 757631, -130334, -554314, 894810, 264144, -697110, 290537, -329905, 1427304, -1551543, -186251, 'Up']
[260039, 1248735, -1147969, -1457142, 71162, 760974, -118785, -543844, 903676, 269014, -779766, 251565, -370560, 1418440, -1558753, -204984, 'Up']
[248690, 1237187, -1156827, -1461421, 69710, 757579, -131228, -555333, 895944, 265014, -708643, 275224, -332666, 1426707, -1550709, -193570, 'Up']
[261042, 1249946, -1148313, -1457674, 69347, 760085, -118507, -543992, 902253, 268291, -768062, 267144, -367657, 1419699, -1559432, -198041, 'Up']
[248429, 1236580, -1156081, -1460361, 71741, 757878, -131292, -555111, 898251, 266981, -721563, 259655, -336865, 1427062, -1549120, -201425, 'Up']
[261899, 1251081, -1149222, -1458529, 67579, 759722, -118609, -543571, 900539, 267341, -754396, 282943, -363505, 1421461, -1559787, -190611, 'Up']
[248399, 1236273, -1155598, -1459867, 73925, 758655, -130987, -555431, 899981, 268758, -735722, 244649, -341840, 1427437, -1548594, -208307, 'Up']
[261624, 1250888, -1150613, -1460251, 65651, 759106, -119486, -544535, 898672, 265758, -739814, 297089, -358010, 1422653, -1560305, -184091, 'Up']
[248968, 1236476, -1154438, -1459102, 75337, 759332, -129666, -553897, 901770, 270194, -750526, 231043, -346960, 1425984, -1548953, -214210, 'Up']
[261987, 1251090, -1150677, -1460446, 64463, 758734, -119300, -544720, 897690, 264692, -724702, 309752, -352397, 1424094, -1560181, -177466, 'Up']
[249742, 1237370, -1152976, -1457629, 76967, 760043, -128246, -552733, 903603, 271617, -763985, 220105, -352792, 1426477, -1548727, -218835, 'Up']
[260625, 1249821, -1152261, -1461354, 63902, 757663, -120121, -545797, 895999, 264314, -711765, 319032, -346288, 1424903, -1559209, -172653, 'Up']
[250496, 1238129, -1152119, -1456921, 78058, 760575, -127188, -551862, 905171, 272454, -777064, 211851, -358553, 1424223, -1549372, -222568, 'Up']
[258320, 1247724, -1154195, -1462332, 63122, 757938, -121979, -546737, 893936, 262948, -700441, 325006, -340942, 1426715, -1558882, -169431, 'Up']
[251497, 1239367, -1151056, -1456171, 78450, 761575, -125135, -550450, 905425, 273334, -787121, 208167, -364079, 1424110, -1550395, -224029, 'Up']
[256551, 1246128, -1155344, -1462219, 62992, 757391, -123577, -548158, 893105, 262888, -691864, 327330, -336512, 1428356, -1557191, -168576, 'Up']
[253257, 1241492, -1150133, -1455168, 78356, 762019, -123034, -547693, 905938, 273708, -794423, 207811, -368490, 1423642, -1551134, -224707, 'Up']
[254715, 1244316, -1156772, -1462512, 63122, 756464, -125186, -549666, 892687, 263126, -686400, 324826, -332626, 1429051, -1555512, -169710, 'Up']
[254856, 1243107, -1149761, -1455586, 76922, 761267, -122465, -547166, 906431, 273736, -797265, 212123, -371965, 1423300, -1552623, -222443, 'Up']
[253500, 1242902, -1157446, -1462534, 64362, 756424, -126800, -551480, 892560, 264006, -684730, 319225, -330504, 1430724, -1554248, -172564, 'Up']
[257282, 1245580, -1148803, -1455143, 76143, 762085, -121048, -544725, 906405, 274147, -796298, 220173, -373729, 1423609, -1554074, -218941, 'Up']
[252173, 1241173, -1157471, -1462219, 65863, 756597, -128184, -552087, 893751, 264595, -686828, 309808, -329515, 1431703, -1552609, -177006, 'Up']
[258531, 1246983, -1148550, -1456075, 74183, 761218, -120039, -544614, 905597, 273312, -792336, 231419, -373895, 1422699, -1555804, -214030, 'Up']
[250031, 1238908, -1157884, -1462404, 67275, 756375, -129355, -553581, 894284, 265553, -693296, 297565, -329943, 1431406, -1551461, -182804, 'Up']
[260100, 1248974, -1148287, -1456090, 73159, 761349, -117846, -543307, 904422, 272038, -784556, 244978, -372615, 1423386, -1556999, -207852, 'Up']
[248679, 1237491, -1158162, -1461272, 69398, 757454, -129077, -553810, 895849, 266725, -702571, 282877, -331659, 1431127, -1550135, -189750, 'Up']
[260613, 1249868, -1148980, -1456539, 71121, 761445, -116227, -542411, 902948, 270678, -773645, 259532, -370228, 1423367, -1558504, -201297, 'Up']
[247799, 1236435, -1157123, -1460152, 71307, 758850, -128236, -554609, 897252, 268111, -714324, 266814, -335523, 1430584, -1549951, -197650, 'Up']
[260131, 1249562, -1149407, -1457484, 68243, 761169, -116441, -543389, 900706, 269304, -760641, 275226, -366176, 1424308, -1560379, -193538, 'Up']
[246701, 1235014, -1155926, -1459187, 72876, 759816, -129108, -554613, 898436, 268752, -728509, 251620, -340348, 1429902, -1550705, -204044, 'Up']
[260229, 1249706, -1149366, -1458119, 66799, 760948, -116713, -544305, 899411, 267236, -746464, 290029, -361850, 1424327, -1561883, -186752, 'Up']
[245719, 1233966, -1155200, -1458822, 74087, 759874, -129042, -554460, 899939, 269715, -743273, 236685, -345679, 1428765, -1550870, -211544, 'Up']
[259383, 1249095, -1150316, -1459086, 64723, 760151, -117108, -544542, 896955, 265807, -732417, 303802, -356663, 1425073, -1562442, -180225, 'Up']
[246506, 1234664, -1153294, -1457237, 75974, 760632, -127268, -553822, 901518, 271476, -758385, 224707, -351735, 1427770, -1550968, -216855, 'Up']
[258183, 1247651, -1151147, -1459956, 63829, 758870, -118385, -545713, 895781, 264506, -718744, 314008, -350042, 1425707, -1561795, -175555, 'Up']
[246545, 1234409, -1152705, -1457240, 76840, 760522, -127144, -553246, 902980, 271589, -772268, 214533, -357221, 1426193, -1551939, -221815, 'Up']
[256831, 1246391, -1152799, -1461006, 63208, 758543, -119562, -547280, 893883, 263257, -707840, 321769, -344528, 1426413, -1562027, -171707, 'Up']
[248119, 1236001, -1151408, -1455986, 78076, 761751, -124555, -551096, 904845, 272575, -784122, 208642, -361999, 1425121, -1552214, -224739, 'Up']
[254289, 1243753, -1154928, -1462174, 62365, 757458, -122108, -548886, 892350, 262170, -698112, 325687, -339855, 1427149, -1561131, -170043, 'Up']
[248851, 1236640, -1151139, -1456111, 77846, 761625, -123782, -550237, 904906, 272151, -794366, 206174, -367708, 1423331, -1553982, -226140, 'Up']
[252132, 1241306, -1156465, -1462899, 62818, 756964, -122926, -550471, 891216, 261148, -693014, 325097, -335216, 1427581, -1559721, -170447, 'Up']
[250296, 1237961, -1150532, -1455787, 77761, 761966, -121444, -548399, 904967, 271556, -800606, 208118, -371103, 1421850, -1554811, -225148, 'Up']
[250128, 1239023, -1157599, -1462595, 63897, 757342, -124480, -550850, 891349, 261516, -690194, 320602, -331595, 1428649, -1557276, -172657, 'Up']
[251189, 1238922, -1150430, -1455841, 76354, 761839, -119962, -547336, 904576, 271090, -802571, 213810, -373732, 1421540, -1555675, -222286, 'Up']
[248102, 1236707, -1158647, -1462679, 65126, 756939, -125610, -552440, 891024, 261570, -691413, 312313, -330576, 1429101, -1555230, -176058, 'Up']
[253092, 1240749, -1150315, -1456097, 75308, 761838, -118857, -545713, 903773, 270551, -800334, 222665, -374783, 1421041, -1556507, -218346, 'Up']
[245773, 1234124, -1159766, -1463136, 66503, 757283, -127497, -554030, 891463, 261683, -695331, 300995, -330307, 1428805, -1553859, -181181, 'Up']
[254248, 1242378, -1150219, -1457029, 73726, 761478, -117460, -544215, 902401, 269239, -793909, 235134, -374381, 1421140, -1558427, -211996, 'Up']
[244803, 1233138, -1159394, -1462190, 68982, 757510, -127680, -554374, 893032, 263993, -702625, 286826, -331629, 1429287, -1552073, -187789, 'Up']
[255007, 1243293, -1150618, -1457767, 71673, 760960, -116793, -543524, 901246, 268238, -784016, 249320, -372306, 1421005, -1559640, -205558, 'Up']
[242993, 1230918, -1159750, -1462344, 70058, 757722, -129024, -555055, 893352, 264213, -713582, 271620, -335202, 1429385, -1551574, -194820, 'Up']
[255813, 1244307, -1150878, -1458458, 69765, 760389, -116541, -543185, 899122, 266459, -772471, 265076, -369956, 1421898, -1560959, -198171, 'Up']
[242948, 1230550, -1158433, -1461221, 72681, 758266, -128965, -554596, 895625, 266198, -726223, 256173, -338704, 1428587, -1550265, -202004, 'Up']
[256533, 1245081, -1151249, -1459260, 68089, 759741, -116750, -542700, 898018, 265487, -757654, 280449, -364544, 1422201, -1561280, -190794, 'Up']
[242612, 1230207, -1157531, -1460348, 74461, 758845, -128843, -554256, 897842, 267689, -739594, 241058, -343193, 1428189, -1549412, -208798, 'Up']
[256657, 1245478, -1151967, -1459843, 66713, 759492, -116787, -543626, 896368, 264588, -742233, 295085, -358804, 1423252, -1560793, -183646, 'Up']
[243170, 1230493, -1156777, -1459181, 76013, 759018, -127594, -553971, 899559, 268852, -753679, 227950, -349114, 1426974, -1549003, -214713, 'Up']
[255443, 1244441, -1154314, -1461560, 64213, 758094, -118638, -545467, 894096, 263098, -727639, 307665, -354076, 1423849, -1561003, -177785, 'Up']
[243971, 1231601, -1155836, -1458638, 76870, 759909, -127008, -552420, 900808, 269715, -767913, 217030, -355869, 1426020, -1550055, -219955, 'Up']
[255070, 1244366, -1154773, -1461705, 63456, 757844, -118907, -545665, 893124, 262571, -714365, 316738, -348067, 1425709, -1560346, -173763, 'Up']
[245209, 1232866, -1154548, -1457852, 77268, 760667, -125989, -551451, 902310, 270833, -780310, 209629, -360852, 1424898, -1550951, -223274, 'Up']
[253739, 1243073, -1155816, -1462674, 62875, 756982, -120316, -546961, 891289, 261345, -703007, 323455, -342620, 1426068, -1560107, -169979, 'Up']
[246916, 1234678, -1152961, -1457253, 77753, 761091, -124444, -550028, 903854, 271649, -789795, 205884, -366119, 1423759, -1551769, -224905, 'Up']
[252186, 1241530, -1157130, -1463408, 62720, 756304, -122234, -548541, 890994, 260881, -694150, 324944, -338211, 1426819, -1559240, -169141, 'Up']
[249315, 1237054, -1151296, -1456397, 78323, 761592, -121941, -548410, 904367, 271873, -796618, 206194, -370365, 1422157, -1552981, -224351, 'Up']
[250809, 1240046, -1157348, -1463202, 64083, 757126, -123213, -549370, 891601, 262140, -688749, 322599, -333463, 1427997, -1556390, -169901, 'Up']
[250981, 1238880, -1150535, -1456060, 77277, 761524, -121130, -546812, 904564, 271348, -799720, 210447, -373447, 1421700, -1554082, -222008, 'Up']
[249501, 1238650, -1158084, -1463025, 64714, 756689, -124665, -550691, 891554, 262165, -687401, 316649, -331373, 1428049, -1555097, -172329, 'Up']
[253125, 1241322, -1149774, -1455769, 76368, 761280, -118921, -545502, 904820, 272053, -798800, 218436, -375040, 1421025, -1555396, -218449, 'Up']
[248083, 1237029, -1158530, -1462649, 66367, 756365, -126042, -551834, 892319, 262788, -689599, 307229, -330330, 1428626, -1553794, -176848, 'Up']
[254828, 1243115, -1149438, -1456545, 74971, 761069, -118125, -544459, 904283, 271282, -794357, 229584, -375123, 1420138, -1556739, -213550, 'Up']
[246568, 1235062, -1159160, -1463028, 67737, 756187, -128045, -553643, 892834, 263403, -695997, 294561, -331043, 1428034, -1552567, -182994, 'Up']
[256604, 1245054, -1149913, -1456970, 72999, 760649, -117288, -543767, 903010, 269734, -786261, 243526, -373734, 1420057, -1558371, -207515, 'Up']
[246205, 1234509, -1158739, -1462002, 70173, 756913, -128209, -553837, 894667, 265335, -705134, 280310, -332873, 1427993, -1550566, -190379, 'Up']
[257956, 1246756, -1149843, -1457193, 71490, 760179, -116507, -542863, 902189, 269114, -775508, 258479, -370618, 1420916, -1558310, -201222, 'Up']
[245653, 1233938, -1157922, -1460456, 72218, 758224, -128782, -554316, 896598, 266889, -717472, 264651, -336406, 1427121, -1549087, -198077, 'Up']
[258317, 1247321, -1150935, -1458548, 68944, 760191, -116587, -542466, 900246, 267618, -762366, 274359, -366731, 1421288, -1559023, -193553, 'Up']
[245263, 1233304, -1157965, -1460013, 73516, 758167, -128882, -553834, 897902, 267943, -731064, 249785, -341278, 1427206, -1548737, -204382, 'Up']
[259081, 1248317, -1151723, -1459289, 67061, 758807, -117142, -543609, 898501, 266249, -747808, 289711, -362237, 1421739, -1560060, -186344, 'Up']
[245918, 1233965, -1156663, -1458981, 75523, 758049, -128758, -553569, 900132, 268940, -745384, 235682, -346556, 1426460, -1548518, -211377, 'Up']
[258761, 1248285, -1152869, -1460312, 65648, 758044, -118689, -544057, 897099, 265544, -732899, 303313, -356298, 1423286, -1559913, -180245, 'Up']
[246099, 1234093, -1156043, -1458570, 76949, 758938, -127748, -553249, 901630, 270190, -759922, 223815, -352712, 1424789, -1549023, -216872, 'Up']
[258315, 1247854, -1153833, -1461068, 65018, 757896, -118302, -544568, 895512, 264343, -719305, 314293, -350578, 1423791, -1559251, -175091, 'Up']
[247539, 1235337, -1154599, -1457747, 78218, 760201, -126606, -551709, 903293, 271535, -773636, 214317, -358363, 1424212, -1549003, -221327, 'Up']
[257646, 1247172, -1154497, -1461499, 64435, 758106, -119093, -545107, 894365, 263149, -707604, 321548, -344845, 1424515, -1558486, -171548, 'Up']
[249293, 1237260, -1152814, -1456500, 79128, 761401, -124377, -549913, 904880, 272905, -784908, 208409, -363142, 1423632, -1549458, -224030, 'Up']
[256542, 1246194, -1155082, -1461698, 64354, 758251, -121046, -546611, 893656, 263329, -697264, 325654, -339239, 1426500, -1557569, -169089, 'Up']
[251448, 1239397, -1150868, -1455738, 78939, 761559, -123500, -548730, 906221, 273533, -792690, 207225, -368022, 1423486, -1551030, -223894, 'Up']
[255913, 1245195, -1155594, -1462047, 64530, 756998, -123284, -548430, 894031, 263566, -689764, 325780, -335269, 1427658, -1556874, -168984, 'Up']
[253806, 1241823, -1149907, -1455548, 78858, 761444, -121842, -547892, 907246, 274489, -797150, 209237, -371371, 1422592, -1552629, -224031, 'Up']
[252807, 1242237, -1157597, -1463087, 64511, 755548, -125869, -550916, 892622, 262986, -686622, 321682, -332223, 1427292, -1556350, -171359, 'Up']
[255213, 1243481, -1149301, -1455581, 77893, 761121, -120164, -545774, 906384, 273387, -798967, 215729, -374593, 1420252, -1554724, -221139, 'Up']
[251678, 1240943, -1157500, -1462478, 66752, 756206, -125419, -551411, 893155, 263715, -687694, 313823, -330775, 1427283, -1554007, -175250, 'Up']
[257046, 1245481, -1148286, -1455425, 77244, 761549, -117936, -544411, 906590, 273018, -796122, 225398, -374968, 1420028, -1555107, -216829, 'Up']
[250131, 1238975, -1157261, -1462076, 68540, 756832, -127050, -552351, 894552, 264433, -691354, 302494, -330738, 1427981, -1551804, -180496, 'Up']
[258118, 1246832, -1148239, -1455992, 75307, 761457, -117645, -542867, 905264, 271966, -789490, 238060, -374706, 1419617, -1556033, -210607, 'Up']
[248823, 1237569, -1157364, -1461071, 70399, 757815, -128087, -552534, 895297, 265781, -699468, 289167, -332314, 1427675, -1550175, -185598, 'Up']
[259300, 1248052, -1148514, -1456381, 73360, 761115, -116781, -542270, 904158, 270640, -780210, 252866, -372656, 1420108, -1557507, -202820, 'Up']
[247353, 1235800, -1157576, -1460923, 71752, 757360, -129653, -553405, 896585, 266729, -711028, 274304, -335205, 1427315, -1549796, -192510, 'Up']
[260646, 1249461, -1148564, -1457095, 71642, 760000, -116318, -541631, 902407, 269185, -768400, 268848, -369211, 1420157, -1558959, -195997, 'Up']
[247655, 1235884, -1156019, -1459580, 74087, 757854, -128565, -553403, 898953, 268414, -723470, 258521, -338413, 1427148, -1548149, -200845, 'Up']
[261072, 1250237, -1149135, -1458122, 69445, 759272, -116933, -542525, 901401, 268837, -753937, 283992, -364252, 1421345, -1558895, -189803, 'Up']
[247584, 1235575, -1155321, -1459217, 75655, 757704, -129756, -553649, 900512, 269295, -737820, 243619, -344016, 1425961, -1548496, -208477, 'Up']
[261424, 1250756, -1149731, -1459025, 67614, 757875, -117513, -543390, 899406, 267180, -739218, 298286, -359253, 1421482, -1559829, -183869, 'Up']
[248185, 1236164, -1153700, -1457907, 77685, 758729, -127541, -552412, 902616, 271551, -751778, 230641, -349500, 1425025, -1547614, -215150, 'Up']
[260266, 1249910, -1151205, -1459954, 66239, 757562, -118034, -543521, 897670, 265951, -724654, 311132, -353403, 1422297, -1558702, -177752, 'Up']
[248514, 1236472, -1153350, -1457275, 78532, 759056, -127588, -551678, 903550, 272362, -766331, 219906, -355532, 1423373, -1548033, -220104, 'Up']
[259621, 1249205, -1152502, -1460677, 65342, 756995, -120156, -544527, 895965, 264677, -711941, 320011, -348033, 1422770, -1558717, -173568, 'Up']
[249770, 1237656, -1152013, -1456597, 79230, 759609, -126410, -550628, 905284, 272909, -778584, 212137, -361365, 1422848, -1549090, -223675, 'Up']
[258357, 1247964, -1153328, -1461330, 65073, 756600, -120912, -546310, 894913, 264107, -700281, 325573, -342247, 1424566, -1558083, -170957, 'Up']
[251688, 1239547, -1150172, -1455826, 80201, 760432, -124157, -549074, 906827, 274160, -787768, 208149, -366079, 1422326, -1550028, -225811, 'Up']
[256096, 1245600, -1154778, -1462330, 64784, 756382, -122979, -547786, 894223, 263582, -691687, 326979, -337101, 1426006, -1557068, -170154, 'Up']
[252559, 1240590, -1149551, -1455792, 79410, 761023, -122368, -547216, 906427, 273517, -794954, 208788, -370688, 1421107, -1552162, -224953, 'Up']
[255144, 1244478, -1154756, -1461852, 65655, 756971, -124016, -548424, 893883, 263527, -687056, 324701, -333866, 1426639, -1555542, -170644, 'Up']
