[307337, 1268042, -1066311, -1333356, 136357, 597051, -376883, -427447, 772294, 184473, -656567, 345264, -362203, 1188342, -1346288, -290770, 'Up']
[313947, 1277082, -1069087, -1339663, 116812, 593740, -372891, -423040, 763624, 177804, -589531, 444520, -342828, 1192864, -1353195, -248039, 'Up']
[309131, 1269657, -1064623, -1332666, 136236, 597574, -375369, -425754, 773596, 185215, -666605, 340539, -368040, 1187312, -1347248, -293798, 'Up']
[313581, 1276159, -1069000, -1339690, 117669, 593583, -374277, -424360, 763708, 178154, -580077, 448078, -338062, 1193709, -1350863, -246204, 'Up']
[310799, 1271098, -1063467, -1332483, 135630, 597078, -374187, -424389, 774488, 185389, -674097, 339365, -372335, 1185982, -1348567, -295290, 'Up']
[312618, 1274692, -1068959, -1339488, 119088, 593301, -375787, -426069, 763636, 178113, -574914, 447302, -334197, 1194020, -1348742, -247041, 'Up']
[312290, 1272780, -1062364, -1332434, 134359, 597346, -373049, -422554, 775139, 185795, -677825, 342096, -374944, 1185686, -1349529, -295212, 'Up']
[310217, 1272108, -1070395, -1340073, 120469, 591999, -377752, -427294, 763592, 177901, -572610, 443073, -330817, 1194265, -1346766, -248337, 'Up']
[313252, 1274044, -1062916, -1333064, 131744, 596707, -372303, -422379, 774368, 184711, -678851, 348358, -376333, 1184722, -1351549, -292867, 'Up']
[308858, 1270765, -1071460, -1339368, 122448, 592828, -378681, -428505, 763583, 178509, -574594, 435204, -330544, 1194089, -1345145, -251347, 'Up']
[314316, 1275722, -1063226, -1333231, 129688, 597165, -370563, -420657, 773483, 184293, -675572, 357622, -376560, 1185240, -1352444, -289139, 'Up']
[307479, 1269393, -1071733, -1338265, 124762, 593820, -379255, -428344, 763820, 179871, -579573, 424541, -331395, 1194858, -1343318, -255726, 'Up']
[316287, 1277892, -1063591, -1333521, 126816, 596991, -369955, -419864, 772477, 183371, -667863, 370186, -375162, 1185667, -1353393, -283767, 'Up']
[307072, 1268356, -1071946, -1337648, 127111, 594013, -380551, -429700, 765875, 181287, -587115, 411586, -333359, 1194377, -1341750, -261785, 'Up']
[316769, 1278554, -1064599, -1335090, 124033, 595880, -370289, -419688, 771107, 182121, -657745, 383756, -372440, 1186197, -1354383, -278220, 'Up']
[306628, 1267511, -1070851, -1336626, 130252, 594207, -380660, -429219, 767038, 181967, -598514, 397132, -337738, 1192778, -1341718, -268537, 'Up']
[317737, 1279707, -1063888, -1335333, 122704, 595907, -369336, -419467, 770317, 181549, -645422, 398094, -367101, 1187166, -1355305, -272083, 'Up']
[305811, 1266564, -1069330, -1335670, 132504, 595371, -380646, -430013, 768364, 182922, -611199, 382870, -341860, 1192073, -1342828, -274808, 'Up']
[316948, 1279449, -1063881, -1336884, 120656, 596120, -369314, -420057, 768190, 179736, -631758, 412623, -362154, 1188268, -1357870, -264725, 'Up']
[305573, 1266198, -1067003, -1335150, 134929, 596663, -379101, -429015, 769923, 183190, -625506, 368944, -347993, 1190877, -1345497, -280290, 'Up']
[316601, 1279163, -1063877, -1337827, 119288, 596130, -369431, -420409, 766910, 178644, -618365, 424801, -356698, 1189707, -1358954, -258307, 'Up']
[306549, 1266689, -1065491, -1334275, 136421, 597532, -377877, -427996, 771910, 183687, -639605, 357044, -354268, 1189921, -1347392, -285359, 'Up']
[316036, 1278404, -1065670, -1339098, 118029, 595250, -370958, -421400, 765862, 178167, -604534, 435395, -350192, 1191322, -1358524, -253135, 'Up']
[307180, 1267202, -1065230, -1333890, 136566, 597308, -377465, -427486, 772974, 184480, -652553, 347244, -360430, 1188761, -1348496, -290773, 'Up']
[315001, 1277198, -1067626, -1339893, 117335, 593317, -372689, -423071, 764617, 176954, -592427, 442968, -344564, 1191683, -1356609, -249792, 'Up']
[308250, 1268103, -1065131, -1333582, 136437, 596380, -376433, -426247, 773556, 184327, -663790, 341532, -366138, 1186443, -1349238, -294479, 'Up']
[313602, 1275898, -1069247, -1339945, 117698, 593025, -373955, -424060, 763731, 177094, -582914, 447089, -339160, 1192370, -1353464, -248214, 'Up']
[309896, 1270037, -1064602, -1332642, 136350, 597095, -374785, -424106, 774347, 184768, -672232, 338538, -370729, 1185841, -1348874, -296829, 'Up']
[311686, 1274009, -1070827, -1340048, 118889, 592842, -375490, -424922, 763163, 177006, -576151, 447028, -334746, 1193536, -1349586, -247626, 'Up']
[311115, 1271742, -1064601, -1332373, 134733, 597560, -374092, -422722, 773918, 184993, -677485, 339567, -374507, 1185430, -1349320, -296736, 'Up']
[309573, 1271901, -1073168, -1340588, 119745, 592249, -377825, -426613, 762779, 177977, -573040, 443288, -332497, 1193977, -1347296, -248959, 'Up']
[311813, 1272785, -1065692, -1333723, 132536, 596341, -373188, -421918, 773228, 183849, -679534, 344479, -377421, 1184016, -1351378, -295373, 'Up']
[308085, 1270200, -1074049, -1340465, 121840, 592329, -379431, -427549, 762470, 177674, -573788, 436323, -331649, 1193865, -1345763, -251994, 'Up']
[313225, 1274301, -1066075, -1334551, 130278, 595934, -372669, -421411, 772901, 183469, -676964, 352804, -377710, 1184521, -1352908, -292523, 'Up']
[306889, 1268653, -1074082, -1340059, 124045, 592151, -380647, -428568, 763190, 178339, -577776, 425876, -331557, 1194019, -1344749, -256780, 'Up']
[314409, 1275867, -1065802, -1335065, 127289, 595675, -372299, -420915, 771793, 182160, -671143, 364322, -376982, 1184262, -1354861, -287538, 'Up']
[306112, 1267677, -1073313, -1338721, 126251, 592973, -381922, -429602, 764459, 179369, -585171, 414056, -333931, 1193145, -1344440, -261793, 'Up']
[315563, 1277527, -1065329, -1335422, 124837, 595622, -371338, -420078, 770902, 181711, -661618, 377976, -374267, 1185382, -1356402, -281375, 'Up']
[305236, 1266267, -1072114, -1337968, 128720, 593121, -382103, -430349, 765983, 180502, -595291, 400207, -337641, 1192722, -1343962, -267085, 'Up']
[315795, 1277849, -1065030, -1336777, 122201, 594171, -371223, -420563, 769019, 179834, -649975, 392717, -371024, 1185388, -1357778, -274027, 'Up']
[304087, 1265060, -1070866, -1337533, 130995, 593769, -382252, -430608, 766729, 180620, -608043, 386447, -342724, 1191119, -1344225, -273023, 'Up']
[316353, 1278692, -1064506, -1337118, 120696, 595088, -370502, -419756, 767766, 178926, -636749, 407944, -365977, 1186924, -1357827, -267460, 'Up']
[305551, 1266214, -1067799, -1335236, 134086, 595547, -380697, -428820, 769645, 182460, -621089, 373114, -347437, 1190511, -1343360, -279291, 'Up']
[316662, 1279251, -1064743, -1337667, 119168, 594976, -370849, -420075, 767120, 178697, -621972, 421560, -359275, 1188625, -1356788, -260619, 'Up']
[305814, 1266293, -1066961, -1334603, 135586, 596037, -379773, -427697, 771067, 183386, -634858, 361147, -353385, 1189603, -1344258, -284167, 'Up']
[316166, 1278842, -1065615, -1338394, 118167, 594434, -372183, -420651, 765809, 178017, -608160, 432977, -353243, 1189714, -1355839, -254438, 'Up']
[306564, 1267066, -1065875, -1333569, 136882, 596747, -378329, -426582, 772368, 184355, -648138, 350912, -358896, 1188176, -1344923, -288579, 'Up']
[314650, 1277351, -1066938, -1339425, 117625, 593601, -372988, -421966, 764967, 177530, -595147, 441735, -346996, 1190735, -1353958, -249450, 'Up']
[307223, 1267491, -1065069, -1333588, 136652, 596229, -377915, -426135, 773206, 183983, -660086, 343795, -365282, 1186204, -1346215, -292013, 'Up']
[313347, 1275875, -1068281, -1339940, 117733, 593325, -374619, -423296, 763598, 176894, -585004, 446694, -341233, 1191345, -1351418, -247066, 'Up']
[308797, 1269132, -1064205, -1332640, 136537, 597299, -376479, -423849, 773851, 184362, -669478, 340315, -370063, 1185316, -1346525, -294357, 'Up']
[311824, 1274249, -1070033, -1340246, 118361, 592891, -376653, -424541, 762879, 176890, -577440, 448166, -336734, 1192120, -1348725, -246451, 'Up']
[310092, 1270587, -1064463, -1333175, 135140, 596814, -375930, -424156, 774007, 184586, -675961, 339915, -374096, 1184102, -1347863, -295780, 'Up']
[310290, 1272632, -1071469, -1340561, 119592, 592198, -378704, -425815, 762499, 177330, -573324, 445536, -333669, 1192566, -1347448, -247894, 'Up']
[311296, 1272036, -1064305, -1333814, 133514, 596689, -374642, -422441, 774054, 184228, -678857, 343483, -376634, 1183147, -1350364, -295401, 'Up']
[308402, 1270323, -1071923, -1340744, 121612, 592355, -379557, -427455, 762401, 177075, -572878, 439380, -331478, 1192387, -1346661, -250243, 'Up']
[313257, 1274147, -1063606, -1333672, 131662, 596811, -373207, -421138, 773340, 183046, -677703, 350877, -377550, 1182867, -1352996, -291805, 'Up']
[307831, 1269729, -1071442, -1339536, 124156, 593123, -380521, -427940, 763818, 178479, -575201, 430248, -331034, 1193376, -1345635, -253144, 'Up']
[314141, 1275338, -1063407, -1334670, 129143, 596412, -372545, -421359, 772758, 182715, -672327, 361369, -376708, 1183776, -1355112, -286990, 'Up']
[306420, 1267758, -1070692, -1339038, 126456, 593284, -381617, -429190, 764560, 178735, -581602, 418741, -332871, 1192309, -1345231, -257819, 'Up']
[315074, 1276459, -1062996, -1335301, 126734, 596817, -371384, -419763, 771446, 181257, -664011, 374519, -374702, 1183854, -1356618, -280947, 'Up']
[305193, 1266127, -1070265, -1338052, 129542, 594827, -381487, -429561, 765555, 179499, -590949, 405495, -335366, 1192387, -1343808, -262844, 'Up']
[316014, 1277797, -1062862, -1335642, 124773, 596605, -370790, -419477, 770353, 180101, -653067, 388868, -370810, 1185130, -1356647, -274126, 'Up']
[304561, 1265336, -1069626, -1337101, 131668, 594490, -382014, -429922, 767202, 180854, -603136, 391219, -339448, 1191167, -1342972, -269032, 'Up']
[316260, 1278213, -1063729, -1336893, 122250, 595956, -371009, -419271, 768793, 179544, -640224, 403331, -366006, 1185995, -1356319, -267392, 'Up']
[304582, 1264957, -1069166, -1336509, 133741, 595217, -381777, -429329, 768672, 181762, -616581, 376974, -344550, 1189937, -1342737, -275390, 'Up']
[315804, 1278088, -1065539, -1338483, 119681, 594683, -371876, -420550, 767264, 178134, -626210, 416902, -361118, 1186990, -1356543, -261317, 'Up']
[305004, 1265411, -1068178, -1335423, 135225, 595850, -381153, -429126, 769981, 182409, -630569, 363683, -351278, 1189007, -1343815, -282063, 'Up']
[315198, 1277803, -1066857, -1339122, 118349, 594428, -373061, -421129, 765746, 177597, -612025, 428888, -354682, 1188481, -1355940, -255798, 'Up']
[305996, 1266381, -1066915, -1334129, 136527, 596383, -380313, -427995, 771564, 183533, -644530, 352986, -357340, 1187513, -1344939, -286935, 'Up']
[314477, 1277143, -1067623, -1339919, 117493, 593112, -373879, -422116, 764550, 177407, -599074, 438822, -348672, 1190088, -1354921, -250550, 'Up']
[307119, 1267475, -1065793, -1333522, 137156, 597282, -378866, -426420, 772759, 184391, -656844, 344835, -363187, 1187009, -1346006, -290887, 'Up']
[313731, 1276394, -1068611, -1339940, 118094, 593762, -374898, -423342, 763726, 177316, -587574, 445175, -342690, 1191233, -1352712, -247167, 'Up']
[307725, 1268275, -1065362, -1333628, 136904, 596559, -378386, -425764, 773551, 184519, -666770, 340041, -368223, 1185359, -1347017, -293658, 'Up']
[311542, 1274105, -1069911, -1340701, 118350, 592852, -377295, -424556, 762611, 176591, -579426, 447591, -337923, 1191514, -1350801, -245823, 'Up']
[308825, 1269405, -1064310, -1333122, 136423, 597553, -376105, -423799, 773533, 183728, -674463, 338651, -372756, 1184661, -1348072, -294474, 'Up']
[310709, 1273141, -1069630, -1339814, 120453, 593728, -377185, -424947, 762545, 177016, -573760, 446377, -334124, 1193207, -1347852, -245234, 'Up']
[310940, 1271709, -1062802, -1332710, 135365, 598103, -374756, -422218, 774642, 185046, -677674, 341481, -375086, 1184773, -1348784, -293474, 'Up']
[308808, 1270943, -1070763, -1340329, 121564, 592954, -379795, -426761, 762465, 177539, -571548, 441886, -331750, 1193807, -1346407, -246724, 'Up']
[311903, 1272673, -1063154, -1333732, 132323, 596645, -374613, -421747, 773353, 183648, -677942, 348347, -377598, 1183723, -1351781, -291093, 'Up']
[307491, 1269410, -1071155, -1339304, 123635, 593566, -380588, -427537, 762998, 178068, -573556, 434110, -331471, 1193986, -1345254, -250250, 'Up']
[313337, 1274740, -1062976, -1333492, 130521, 597308, -372609, -420411, 772928, 183297, -673879, 358021, -377271, 1185137, -1352884, -287112, 'Up']
[305239, 1267019, -1072025, -1338921, 125984, 592803, -381707, -428961, 763804, 178584, -578724, 422890, -332014, 1193940, -1343638, -254640, 'Up']
[313209, 1275023, -1064107, -1334831, 127649, 596065, -371766, -420155, 771048, 181551, -667010, 369953, -375914, 1184060, -1354671, -282269, 'Up']
[303588, 1265257, -1072036, -1338624, 128095, 593467, -382043, -430454, 763919, 179065, -587901, 409309, -334846, 1192416, -1343235, -261021, 'Up']
[313864, 1276175, -1063909, -1335774, 125001, 596243, -370984, -419912, 769224, 180539, -656997, 383454, -373135, 1185099, -1356298, -276697, 'Up']
[302990, 1264208, -1070223, -1337654, 131085, 594401, -381137, -429895, 764844, 179778, -599517, 394901, -339153, 1192265, -1343098, -267492, 'Up']
[313784, 1276111, -1063637, -1336728, 123084, 595603, -369990, -419622, 767738, 179060, -644851, 398013, -368846, 1186365, -1356497, -270095, 'Up']
[301874, 1262704, -1069145, -1336638, 133557, 594688, -380419, -429661, 766549, 180411, -613104, 380400, -344044, 1190608, -1342816, -274130, 'Up']
[312869, 1275359, -1064700, -1337637, 120946, 595551, -370450, -420183, 765665, 177610, -632353, 411566, -363395, 1186960, -1356438, -263680, 'Up']
[301881, 1262312, -1068389, -1335359, 135071, 596064, -380088, -429111, 767698, 181518, -628180, 366634, -349801, 1189896, -1343501, -280183, 'Up']
[312740, 1275350, -1065954, -1338257, 119210, 594726, -370456, -420752, 764103, 177396, -619074, 424259, -357329, 1188858, -1356237, -257725, 'Up']
[302106, 1262447, -1067664, -1334580, 136127, 596247, -379002, -428544, 768824, 182186, -642512, 355012, -356086, 1188758, -1344854, -285884, 'Up']
[311253, 1273912, -1067701, -1339397, 117482, 593695, -372309, -422440, 762655, 175818, -606130, 434432, -351955, 1190483, -1356045, -253143, 'Up']
[303275, 1263414, -1066403, -1333291, 136440, 596697, -378454, -428125, 770058, 182525, -655868, 345778, -362687, 1187125, -1346530, -290817, 'Up']
[309852, 1272468, -1068776, -1339707, 116912, 593176, -374045, -423968, 762038, 175833, -594539, 441921, -346190, 1191201, -1354178, -249269, 'Up']
[303686, 1263931, -1066079, -1333419, 136125, 596160, -377516, -426944, 770131, 182545, -667391, 339969, -368566, 1185999, -1347880, -293717, 'Up']
[308665, 1270990, -1070440, -1340548, 117370, 592143, -374932, -424388, 760434, 175018, -585332, 445954, -341110, 1192367, -1352518, -246954, 'Up']
[305321, 1265513, -1065901, -1333401, 135714, 595880, -375848, -425235, 771246, 182832, -675532, 337545, -372874, 1184991, -1349472, -295544, 'Up']
[307823, 1270035, -1071514, -1340460, 118560, 592388, -376513, -425760, 760443, 175012, -578866, 445800, -336461, 1192962, -1350644, -246632, 'Up']
[307546, 1267923, -1065049, -1333003, 134786, 597123, -373876, -423326, 771884, 183006, -680225, 338774, -375775, 1184960, -1350848, -295275, 'Up']
[306592, 1268417, -1072353, -1340405, 120548, 592298, -377704, -427330, 760837, 176288, -574968, 441857, -332726, 1194188, -1348315, -247634, 'Up']
[308472, 1268948, -1065085, -1334084, 132652, 596507, -373447, -422937, 771661, 182323, -680671, 344398, -377991, 1184523, -1352409, -293146, 'Up']
[304955, 1266474, -1072761, -1340658, 122391, 592068, -379487, -428729, 760659, 176038, -575753, 434960, -332417, 1193203, -1347071, -249994, 'Up']
[310078, 1270923, -1064446, -1334610, 130893, 596114, -372567, -421697, 771286, 181437, -678245, 352456, -378460, 1183953, -1353912, -289859, 'Up']
[303801, 1265108, -1072387, -1339837, 125113, 591941, -380075, -429192, 761668, 176729, -579516, 424435, -332139, 1193568, -1344887, -254597, 'Up']
[311593, 1272773, -1064145, -1334991, 128164, 595401, -371532, -421064, 770502, 180800, -671637, 364235, -376878, 1184251, -1354477, -284971, 'Up']
[302952, 1263989, -1072174, -1338972, 127365, 592647, -381347, -430553, 763116, 178190, -586937, 412154, -334287, 1193329, -1343506, -259905, 'Up']
[312432, 1273684, -1064539, -1336056, 125389, 595481, -371570, -420391, 769027, 179676, -662055, 378007, -374362, 1184829, -1356170, -278804, 'Up']
[302368, 1262811, -1071207, -1338301, 129888, 593432, -381805, -430320, 764541, 179079, -597281, 398206, -337725, 1192568, -1343328, -265888, 'Up']
[313526, 1275023, -1064525, -1337116, 123146, 594703, -371271, -420557, 768456, 179038, -650373, 392295, -369947, 1185838, -1356896, -272430, 'Up']
[302604, 1262818, -1070305, -1337210, 132485, 593801, -382048, -430123, 766458, 180418, -609953, 383484, -341992, 1191403, -1343084, -272492, 'Up']
[314103, 1275864, -1065636, -1337811, 121288, 594613, -371393, -420887, 767189, 178327, -636636, 406473, -364717, 1187147, -1356653, -265716, 'Up']
[302194, 1262538, -1070193, -1336550, 134229, 594509, -381984, -430108, 768002, 181477, -623563, 369691, -347665, 1190500, -1343014, -278473, 'Up']
[313650, 1276050, -1066959, -1338579, 119226, 594094, -372253, -421207, 765109, 177272, -622844, 420170, -359054, 1188338, -1356280, -259152, 'Up']
[303407, 1263699, -1068332, -1334730, 135964, 595950, -380364, -429074, 769610, 182617, -637370, 357959, -353660, 1189881, -1343671, -283885, 'Up']
[313797, 1276269, -1067139, -1338819, 118402, 593670, -372181, -421501, 764619, 177386, -608020, 431769, -352525, 1190684, -1354572, -253686, 'Up']
[304496, 1264605, -1067146, -1333959, 136673, 596208, -379755, -428005, 771258, 183291, -650151, 348011, -359310, 1189037, -1344082, -288856, 'Up']
[312561, 1274980, -1068438, -1339818, 117430, 592746, -374301, -423283, 763484, 176795, -595491, 440459, -346553, 1191684, -1353284, -249364, 'Up']
[305995, 1266274, -1065850, -1333201, 136897, 596210, -378405, -426587, 772322, 184032, -661684, 341932, -365070, 1187154, -1345542, -291904, 'Up']
[311930, 1274333, -1069726, -1339885, 117746, 592408, -375075, -423943, 763129, 177063, -584921, 446239, -340994, 1192605, -1351155, -246249, 'Up']
[307394, 1267688, -1065696, -1333230, 136098, 596220, -377221, -425263, 772978, 184413, -670846, 338726, -370566, 1186433, -1347228, -294143, 'Up']
[310757, 1273124, -1070821, -1340357, 118438, 592388, -376907, -425312, 762421, 176794, -577442, 447135, -337031, 1193930, -1349876, -245875, 'Up']
[309102, 1269782, -1064926, -1333123, 134804, 597039, -375654, -424367, 773220, 184711, -676471, 339130, -374727, 1186101, -1349536, -294770, 'Up']
[309608, 1272143, -1071003, -1339652, 120212, 592539, -377792, -426227, 762036, 177835, -573348, 444811, -333425, 1194868, -1347958, -246320, 'Up']
[311114, 1271924, -1063731, -1332636, 133409, 596486, -374330, -422945, 773948, 184668, -678491, 343847, -376629, 1185985, -1350904, -293289, 'Up']
[308173, 1270389, -1071159, -1339075, 122077, 592833, -379284, -427781, 763078, 178147, -572349, 439106, -331069, 1195159, -1345636, -248702, 'Up']
[312346, 1273431, -1063213, -1332909, 131351, 596792, -373392, -421723, 772900, 183803, -677233, 351722, -377339, 1185670, -1352078, -290082, 'Up']
[306310, 1267825, -1071566, -1339175, 124048, 592864, -381023, -428790, 763337, 178317, -575707, 429621, -331089, 1195305, -1343991, -252117, 'Up']
[313422, 1274518, -1063225, -1334107, 128802, 596451, -372699, -420660, 772087, 182767, -672170, 362601, -376862, 1185709, -1353381, -285179, 'Up']
[305542, 1266707, -1071016, -1338337, 127063, 593731, -381304, -428851, 764402, 179490, -583096, 417375, -332945, 1194833, -1342423, -257441, 'Up']
[314179, 1275577, -1063414, -1335099, 126442, 596757, -371660, -419747, 771304, 181693, -664039, 374992, -374440, 1186159, -1354152, -280046, 'Up']
[304079, 1265167, -1070906, -1338011, 129460, 594509, -382034, -429329, 765553, 180129, -593056, 403462, -335752, 1194668, -1342127, -263568, 'Up']
[314948, 1276834, -1063484, -1335827, 124505, 596192, -371013, -418978, 769704, 181102, -653118, 389057, -370599, 1187467, -1355166, -274082, 'Up']
[303460, 1264306, -1070113, -1337032, 131911, 594033, -382611, -429915, 767043, 181172, -605272, 388847, -339771, 1193364, -1342150, -270155, 'Up']
[315273, 1277327, -1064281, -1336770, 121980, 594929, -372070, -420192, 768691, 180159, -639984, 403840, -365561, 1188447, -1355819, -267239, 'Up']
[304008, 1264590, -1068624, -1335483, 134381, 595477, -382332, -429802, 769266, 182708, -618750, 374896, -345260, 1192399, -1342135, -276562, 'Up']
[315000, 1277487, -1065324, -1337564, 120074, 594462, -372969, -420826, 767230, 178951, -625777, 417625, -360048, 1189668, -1355366, -260923, 'Up']
[304097, 1264818, -1067964, -1334225, 135928, 596072, -382053, -428719, 770258, 183697, -632772, 362079, -351482, 1191187, -1342402, -282774, 'Up']
[314214, 1277117, -1066413, -1338421, 118803, 594307, -373649, -420808, 765291, 178490, -612057, 429652, -353998, 1191247, -1354184, -255270, 'Up']
[304842, 1265252, -1066757, -1333542, 137244, 596720, -381114, -427144, 771812, 184328, -646335, 351341, -357426, 1189866, -1342734, -287276, 'Up']
[313566, 1276205, -1067654, -1339425, 118089, 593319, -375108, -422267, 764633, 178046, -598674, 438815, -347446, 1191825, -1352697, -250457, 'Up']
[305702, 1266115, -1066168, -1333789, 137108, 596383, -380696, -426619, 772245, 184352, -658600, 343613, -364022, 1187888, -1344739, -291670, 'Up']
[312181, 1274878, -1068774, -1340396, 117881, 592604, -376514, -423656, 763029, 177279, -588063, 444867, -342751, 1192958, -1351747, -248204, 'Up']
[306977, 1267276, -1065091, -1333602, 136884, 596726, -379264, -425724, 773211, 184617, -668581, 339023, -368992, 1186748, -1346535, -295333, 'Up']
[310807, 1273350, -1069673, -1340359, 118808, 593082, -377936, -424743, 763137, 177212, -579185, 447114, -337356, 1194240, -1349748, -247074, 'Up']
[308264, 1268877, -1064017, -1333191, 135905, 596919, -378078, -424474, 773679, 184156, -675172, 338777, -373137, 1186244, -1348620, -295805, 'Up']
[309667, 1272024, -1069656, -1339828, 120236, 592912, -379744, -426080, 762706, 177601, -573713, 446118, -333864, 1194898, -1348447, -246846, 'Up']
[310408, 1271090, -1062377, -1332467, 134661, 597160, -376027, -422975, 773684, 184598, -677788, 342610, -376344, 1186089, -1350281, -294415, 'Up']
[308463, 1270466, -1069486, -1339300, 122047, 592916, -380617, -426684, 763337, 178266, -571498, 441349, -332023, 1195685, -1346131, -248394, 'Up']
[311232, 1272062, -1062295, -1333143, 132402, 596608, -375558, -422120, 773366, 183467, -677161, 349526, -377707, 1185717, -1351993, -291456, 'Up']
[306447, 1268246, -1070254, -1338940, 124219, 593162, -382223, -427977, 762788, 177313, -574085, 433159, -332087, 1194940, -1345289, -251205, 'Up']
[312937, 1274147, -1061861, -1333413, 130668, 597148, -373998, -420669, 772878, 183030, -673210, 359606, -377705, 1186097, -1353323, -287392, 'Up']
[305246, 1266847, -1070484, -1338850, 126814, 593296, -383129, -429129, 763926, 179123, -579804, 421692, -332944, 1194809, -1343294, -256358, 'Up']
[313485, 1275362, -1062801, -1335032, 127524, 595872, -374048, -419990, 771310, 181801, -666067, 371639, -375696, 1185754, -1354488, -282610, 'Up']
[304363, 1265843, -1070336, -1338067, 129366, 593405, -383800, -429513, 764912, 179832, -589064, 408405, -335492, 1194203, -1342407, -262171, 'Up']
[314770, 1276946, -1062965, -1335619, 125181, 595405, -373650, -419964, 770425, 180844, -654952, 385767, -372054, 1186579, -1354964, -276401, 'Up']
[304098, 1265318, -1069579, -1336655, 131528, 594229, -384456, -429430, 767090, 181330, -600076, 393800, -338630, 1193411, -1341277, -269211, 'Up']
[315267, 1277745, -1063845, -1336011, 122607, 595090, -374096, -419920, 769009, 180435, -642501, 400639, -367429, 1187753, -1355050, -269915, 'Up']
[304215, 1265298, -1068611, -1335110, 134004, 595171, -384822, -429524, 768474, 182391, -613419, 379835, -343967, 1192223, -1341251, -275225, 'Up']
[315465, 1278051, -1064362, -1336608, 121275, 594798, -374473, -420316, 768109, 180083, -628194, 414401, -361505, 1189457, -1353863, -263384, 'Up']
[303951, 1264743, -1068052, -1334607, 135923, 594849, -383414, -428308, 769969, 183077, -627363, 366535, -349486, 1191311, -1340989, -281239, 'Up']
[314482, 1277394, -1066037, -1338033, 119106, 593144, -375136, -420935, 765964, 178607, -614558, 426927, -355948, 1190156, -1353592, -257325, 'Up']
[304638, 1265289, -1066993, -1333900, 136931, 595327, -383201, -428407, 771177, 183825, -641831, 354666, -356083, 1189421, -1342124, -287267, 'Up']
[314074, 1277018, -1066657, -1338611, 118410, 593601, -376079, -421703, 765254, 178411, -601593, 436699, -349580, 1191934, -1352615, -253282, 'Up']
[305463, 1266001, -1066080, -1333693, 136950, 595695, -382695, -427466, 772474, 184486, -654429, 346112, -362110, 1188873, -1344113, -292016, 'Up']
[312081, 1275134, -1068471, -1340092, 117554, 592076, -378047, -423570, 763494, 177650, -590056, 443861, -344244, 1193007, -1352188, -249865, 'Up']
[306029, 1266689, -1065267, -1333332, 137015, 595979, -381145, -426128, 772711, 184589, -665535, 340405, -367453, 1187630, -1346332, -295135, 'Up']
[310630, 1273720, -1068929, -1339809, 118523, 592723, -378915, -424221, 762470, 176962, -581071, 447059, -339029, 1194147, -1350722, -247758, 'Up']
[307007, 1268038, -1064046, -1332591, 136309, 596763, -379600, -424674, 773227, 184977, -673271, 338531, -372678, 1187151, -1347771, -295758, 'Up']
[308629, 1271446, -1069938, -1340149, 119243, 592231, -380519, -425427, 761455, 176640, -575098, 446741, -335587, 1194857, -1349166, -246309, 'Up']
[308410, 1269436, -1063400, -1332707, 135057, 596720, -377885, -422843, 773550, 184363, -677893, 340802, -375857, 1186185, -1349352, -294516, 'Up']
[307427, 1270141, -1070245, -1339145, 121249, 592641, -381994, -426639, 761699, 177498, -572651, 443020, -333152, 1195063, -1346530, -246949, 'Up']
[309754, 1271287, -1062808, -1332384, 133249, 597464, -376730, -421235, 773016, 184159, -678666, 347029, -377605, 1186326, -1350336, -291785, 'Up']
[305404, 1267996, -1070938, -1338887, 123375, 592713, -383291, -426867, 762185, 177817, -573731, 435768, -331910, 1194893, -1343964, -249619, 'Up']
[311103, 1272865, -1062714, -1332972, 131163, 596975, -375635, -420017, 772002, 183473, -675679, 356452, -377963, 1185441, -1351273, -288104, 'Up']
[304054, 1266122, -1071136, -1338720, 125679, 592709, -384769, -428431, 763016, 178960, -578739, 425114, -332062, 1195011, -1342369, -254498, 'Up']
[312376, 1274141, -1062690, -1334141, 128387, 595903, -375559, -419886, 771385, 182427, -669345, 368344, -376449, 1185694, -1353308, -283615, 'Up']
[303451, 1264958, -1070234, -1338073, 128388, 593125, -385377, -428751, 764267, 179606, -587248, 412354, -334449, 1194258, -1341914, -260640, 'Up']
[312940, 1274847, -1062689, -1334892, 125865, 595911, -375440, -419486, 770301, 181232, -659744, 381789, -373010, 1186158, -1353947, -278180, 'Up']
[301918, 1263148, -1070487, -1337250, 130753, 593411, -385654, -429297, 765360, 180115, -598507, 397919, -337828, 1192663, -1341024, -267023, 'Up']
[312971, 1275177, -1064393, -1336172, 123125, 594382, -375233, -419408, 768108, 179649, -648313, 395723, -369475, 1186145, -1354277, -272227, 'Up']
[301595, 1262603, -1070502, -1336001, 133099, 594069, -385294, -429410, 766705, 181053, -611515, 382968, -342621, 1191042, -1340404, -274123, 'Up']
[312804, 1275609, -1065990, -1337112, 121090, 594479, -374666, -419967, 766141, 178594, -634466, 409878, -363795, 1187336, -1354121, -265528, 'Up']
[301524, 1262554, -1069737, -1335414, 134950, 595081, -384428, -429055, 767542, 181734, -625556, 369151, -348837, 1190694, -1341089, -279937, 'Up']
[312556, 1275643, -1066881, -1338030, 119443, 594176, -374996, -420520, 764753, 177591, -620465, 422342, -358099, 1188790, -1354261, -259470, 'Up']
[302594, 1263519, -1068237, -1334105, 136299, 595748, -383304, -428366, 768880, 182934, -639446, 357147, -354814, 1189103, -1342689, -285646, 'Up']
[312601, 1275739, -1067263, -1338381, 118645, 594433, -374630, -420960, 763571, 177500, -606554, 433409, -351869, 1190225, -1353595, -254234, 'Up']
[303401, 1264074, -1067198, -1333779, 136813, 596347, -381955, -427963, 770505, 183773, -652190, 347882, -360675, 1187778, -1344233, -290313, 'Up']
[311257, 1274274, -1068546, -1339573, 118159, 593410, -375990, -422934, 762408, 176678, -594813, 441203, -346631, 1190819, -1353057, -250870, 'Up']
[304461, 1265127, -1065705, -1333313, 137534, 596705, -379983, -426576, 771252, 183630, -663987, 340845, -367029, 1186474, -1346010, -294247, 'Up']
[309862, 1272836, -1069288, -1340084, 118283, 593172, -377252, -424454, 761488, 176562, -585142, 445661, -341359, 1191931, -1351632, -247986, 'Up']
[305985, 1266927, -1064441, -1332918, 136720, 597170, -378410, -425534, 771746, 183939, -672769, 338343, -372088, 1185674, -1348026, -295867, 'Up']
[308823, 1271798, -1069686, -1339483, 119277, 593359, -378623, -425471, 761384, 176912, -577915, 446566, -337010, 1193560, -1349677, -247221, 'Up']
[307762, 1268971, -1063080, -1331988, 135579, 597669, -376868, -423295, 772368, 184377, -678056, 339826, -375309, 1185350, -1349666, -295625, 'Up']
[307447, 1270356, -1069821, -1339062, 120681, 593165, -379891, -426602, 761143, 177432, -574683, 443969, -334200, 1193971, -1347640, -247737, 'Up']
[309201, 1270436, -1062586, -1332315, 133658, 597333, -376113, -422748, 772538, 184108, -680127, 344784, -378123, 1184784, -1351113, -293737, 'Up']
[305697, 1268027, -1070502, -1339369, 122608, 592285, -381967, -428493, 761224, 177091, -574921, 437952, -332588, 1193858, -1346119, -249892, 'Up']
[311231, 1272847, -1061714, -1332127, 132185, 597431, -374407, -421048, 772231, 183606, -678297, 353079, -378209, 1184679, -1351974, -290651, 'Up']
[304894, 1267115, -1070526, -1337787, 125719, 593328, -382110, -428228, 762553, 179014, -578610, 428167, -331691, 1194900, -1343219, -253905, 'Up']
[312186, 1273929, -1062493, -1332953, 129846, 596544, -373738, -420552, 771313, 182905, -672931, 364264, -376674, 1185440, -1352722, -285634, 'Up']
[303446, 1265160, -1071219, -1337568, 128101, 592824, -383696, -429459, 763834, 179165, -585896, 415697, -332766, 1193542, -1341921, -259139, 'Up']
[312916, 1274670, -1063488, -1334209, 126634, 595800, -374292, -420197, 770267, 181425, -664097, 377293, -374245, 1185352, -1354192, -279883, 'Up']
[303059, 1264475, -1070615, -1336588, 130421, 593475, -384250, -429879, 764709, 179890, -595824, 401776, -337061, 1192963, -1341573, -264811, 'Up']
[313770, 1276198, -1063873, -1334860, 124311, 595198, -373334, -419781, 768919, 181112, -652338, 391283, -370716, 1186431, -1354426, -273580, 'Up']
[302408, 1263578, -1070307, -1335575, 132382, 593775, -384217, -429892, 766004, 181367, -607727, 387443, -341785, 1192104, -1341100, -271364, 'Up']
[313549, 1276083, -1065128, -1336043, 121763, 594905, -374005, -420321, 767118, 179651, -639272, 405669, -366001, 1187499, -1354705, -266960, 'Up']
[302009, 1262778, -1069483, -1335183, 134474, 594532, -384143, -430044, 767589, 181956, -621648, 373286, -347176, 1191191, -1341308, -277550, 'Up']
[313463, 1276171, -1065365, -1337080, 120483, 594295, -374216, -420424, 765863, 178467, -625356, 418834, -359771, 1188277, -1354257, -260802, 'Up']
[302500, 1263131, -1067973, -1334018, 136694, 595242, -383258, -428226, 769120, 182748, -635638, 360686, -352459, 1189564, -1341591, -283405, 'Up']
[313014, 1275643, -1066460, -1337795, 119727, 593975, -374931, -420673, 764272, 177436, -611226, 430573, -353552, 1189983, -1353065, -254818, 'Up']
[304304, 1264709, -1066301, -1332804, 138360, 596250, -381770, -427167, 771089, 184114, -648079, 350230, -358325, 1188604, -1342037, -288145, 'Up']
[312347, 1275066, -1067918, -1338515, 119108, 592938, -375842, -421814, 764127, 177882, -597199, 439278, -346440, 1192068, -1351240, -250913, 'Up']
[305050, 1265618, -1065780, -1332224, 138467, 596817, -380607, -426629, 771810, 184430, -659816, 342879, -363864, 1187722, -1343506, -292656, 'Up']
[311105, 1273943, -1069045, -1338683, 118869, 593861, -377354, -423513, 762714, 177549, -586491, 445211, -341135, 1193360, -1349846, -248026, 'Up']
[306436, 1266934, -1064995, -1331732, 137447, 597017, -379479, -425400, 772295, 184775, -669079, 339616, -369289, 1186934, -1345402, -294400, 'Up']
[310137, 1272685, -1069592, -1338718, 119439, 592834, -378503, -424621, 762071, 177489, -578102, 447702, -336788, 1193766, -1348105, -246660, 'Up']
[308152, 1268659, -1063739, -1331351, 136474, 597057, -377612, -423875, 773243, 184872, -675204, 339682, -373429, 1185862, -1346883, -295428, 'Up']
[308429, 1270802, -1070146, -1338773, 120837, 592453, -379820, -425859, 761659, 177088, -573365, 445949, -332879, 1194641, -1346076, -246891, 'Up']
[309331, 1270205, -1063117, -1331759, 135054, 596405, -376655, -422971, 773241, 184605, -678364, 343266, -376104, 1184932, -1348637, -294091, 'Up']
[306419, 1268655, -1071191, -1338893, 122722, 592456, -381614, -427720, 761997, 177565, -572410, 440227, -331423, 1194067, -1344953, -249096, 'Up']
[310240, 1271455, -1063116, -1332331, 132692, 597099, -375765, -421927, 772404, 183466, -677468, 350512, -377291, 1184769, -1350869, -291290, 'Up']
[304857, 1266896, -1071070, -1338425, 124837, 592632, -382868, -428373, 762190, 177790, -575165, 431569, -331160, 1194156, -1343782, -252097, 'Up']
[311976, 1273551, -1062234, -1332514, 131162, 596838, -373940, -420426, 772010, 182920, -672772, 360696, -376987, 1185017, -1352222, -286834, 'Up']
[303804, 1265580, -1070668, -1337838, 127676, 593358, -383260, -429470, 763526, 178857, -581317, 419910, -332071, 1194416, -1341924, -256651, 'Up']
[312993, 1274778, -1062445, -1333467, 128290, 596366, -373259, -419842, 771025, 181749, -664803, 373499, -375073, 1185762, -1353340, -281117, 'Up']
[303430, 1264586, -1070209, -1336766, 130507, 593655, -383784, -429199, 765177, 180255, -590457, 406575, -335319, 1193781, -1340969, -262526, 'Up']
[313669, 1275517, -1063283, -1334748, 125617, 595876, -373914, -419586, 769767, 181154, -654402, 387485, -371334, 1186570, -1353996, -274887, 'Up']
[303204, 1264101, -1069336, -1335755, 133247, 594728, -383818, -429351, 766524, 181504, -602417, 392082, -339219, 1193318, -1340578, -269369, 'Up']
[314016, 1276067, -1063848, -1335572, 123833, 595486, -373496, -419382, 768377, 180228, -641730, 401707, -365945, 1187605, -1353722, -269025, 'Up']
[302439, 1262674, -1068924, -1335407, 134708, 594809, -384637, -429206, 767793, 181566, -616449, 377864, -344243, 1191123, -1340879, -275556, 'Up']
[314409, 1276403, -1064132, -1336294, 122004, 595368, -373641, -419343, 766921, 178658, -628839, 415339, -360796, 1188035, -1353859, -262372, 'Up']
[303431, 1263601, -1067355, -1333681, 137247, 595962, -383155, -427668, 770072, 183426, -630286, 364439, -349815, 1190596, -1340623, -281609, 'Up']
[313482, 1275632, -1065863, -1337884, 120015, 593542, -375237, -420816, 765474, 178319, -614231, 427747, -354589, 1189528, -1353150, -256552, 'Up']
[303701, 1263746, -1066684, -1333523, 137732, 596276, -382978, -427989, 770408, 183343, -644365, 353154, -356955, 1188547, -1342585, -287522, 'Up']
[312601, 1275169, -1067099, -1338458, 119213, 594326, -376527, -421877, 764011, 177805, -600956, 437130, -349454, 1191207, -1352279, -252038, 'Up']
[304457, 1264511, -1066076, -1333069, 137900, 596353, -382057, -427105, 771604, 183697, -656517, 344746, -362852, 1187833, -1343849, -291197, 'Up']
[311295, 1273738, -1068270, -1339407, 118759, 592824, -378150, -423243, 763221, 177017, -589740, 443890, -343243, 1192047, -1351166, -248580, 'Up']
[305806, 1266125, -1064365, -1332396, 138450, 596778, -380312, -425655, 772900, 184316, -666979, 339829, -367915, 1186527, -1345141, -294355, 'Up']
[310233, 1272737, -1068758, -1339299, 119755, 593172, -378969, -423898, 762064, 176737, -580841, 446939, -338160, 1193048, -1349191, -246734, 'Up']
[307788, 1268281, -1062914, -1331423, 137888, 597908, -378672, -423340, 773678, 185025, -674002, 338774, -372143, 1186432, -1346270, -295028, 'Up']
[308735, 1271047, -1069357, -1339269, 121027, 593209, -380407, -424808, 762366, 177038, -574518, 446470, -333978, 1194515, -1346368, -246000, 'Up']
[308823, 1269223, -1062911, -1331988, 136297, 596973, -377334, -422404, 773607, 184182, -677851, 341193, -374858, 1185303, -1347765, -293790, 'Up']
[307412, 1269334, -1070432, -1339039, 122633, 592985, -381843, -426239, 762692, 177467, -572124, 441998, -331446, 1193744, -1344523, -246921, 'Up']
[310780, 1271524, -1062445, -1332074, 133969, 597753, -376919, -421509, 773690, 184099, -678072, 347553, -376663, 1184773, -1349464, -291692, 'Up']
[306664, 1268266, -1070300, -1338158, 124786, 593086, -383203, -427472, 763137, 178075, -573697, 434380, -330472, 1194083, -1343010, -250701, 'Up']
[312424, 1273405, -1061889, -1332408, 131922, 597546, -375424, -420429, 773585, 183696, -674193, 356991, -376145, 1184866, -1350483, -288588, 'Up']
[304840, 1266314, -1070901, -1338156, 126833, 593161, -384776, -429371, 763802, 178527, -578538, 423695, -331317, 1193697, -1341810, -255451, 'Up']
[313020, 1274236, -1062791, -1334010, 128962, 595788, -375514, -420425, 771664, 182224, -667209, 369741, -375522, 1184171, -1352820, -283447, 'Up']
[304192, 1265238, -1070222, -1337346, 129847, 592915, -385039, -429160, 764805, 179581, -587238, 410629, -333806, 1192329, -1340960, -261852, 'Up']
