[1191473, 1333689, -1809312, -1490115, -214297, 797344, 264905, -200642, 1051530, 195823, -1080032, 294810, 755180, 1443871, 5241, -97110, 'Up']
[1177368, 1317258, -1818464, -1502563, -183583, 807195, 249512, -211119, 1043266, 184183, -1066776, 310601, 798530, 1460525, 48590, -94095, 'Up']
[1192396, 1335267, -1809595, -1489380, -219350, 796062, 266555, -200865, 1049412, 193405, -1081038, 310018, 765092, 1446663, 7012, -88514, 'Up']
[1177278, 1316477, -1816786, -1502273, -179438, 808183, 248757, -210748, 1045600, 186606, -1065712, 296078, 788561, 1457460, 45827, -102078, 'Up']
[1192236, 1335536, -1811037, -1489570, -223423, 795109, 265096, -202721, 1047059, 191117, -1081076, 324656, 775473, 1449434, 11346, -80685, 'Up']
[1176921, 1315431, -1815881, -1501827, -176624, 808531, 248339, -209970, 1047194, 188647, -1065955, 282206, 777289, 1454661, 41278, -108849, 'Up']
[1192059, 1335678, -1812202, -1489652, -224524, 795108, 265491, -202909, 1044817, 189070, -1081103, 337635, 785456, 1453496, 15686, -73511, 'Up']
[1177252, 1315128, -1814784, -1501805, -174851, 808529, 249585, -208071, 1049563, 191475, -1066430, 269436, 766231, 1450825, 35944, -115504, 'Up']
[1190776, 1334634, -1814234, -1491344, -225090, 794794, 264052, -204588, 1042462, 186018, -1080902, 348691, 795549, 1455631, 21169, -67596, 'Up']
[1178689, 1316747, -1813182, -1500493, -175358, 808253, 251069, -206474, 1051087, 193343, -1067503, 259409, 756241, 1446989, 30072, -120191, 'Up']
[1189921, 1334230, -1815305, -1492160, -223531, 795999, 262542, -205716, 1041211, 184181, -1079137, 356433, 805133, 1459232, 27545, -64247, 'Up']
[1180970, 1319226, -1811015, -1498159, -177258, 808025, 252719, -204906, 1053148, 195951, -1068254, 252462, 748837, 1444348, 23904, -123727, 'Up']
[1188704, 1332686, -1816057, -1493165, -220094, 797269, 261363, -206594, 1040251, 182576, -1077028, 361630, 813561, 1461867, 33458, -62286, 'Up']
[1182760, 1320908, -1809525, -1496434, -180945, 806735, 255137, -203282, 1054839, 197683, -1069375, 249922, 743002, 1442651, 18637, -124482, 'Up']
[1185791, 1329089, -1818126, -1495709, -216752, 797473, 257781, -209172, 1038224, 180239, -1075902, 363459, 818449, 1463745, 39178, -61515, 'Up']
[1184358, 1322881, -1808744, -1494948, -186410, 804238, 256609, -202773, 1054156, 197656, -1072432, 251554, 738748, 1440198, 12500, -121915, 'Up']
[1184755, 1327533, -1818202, -1496338, -210707, 799263, 256815, -210064, 1038480, 180230, -1073364, 360848, 820513, 1465320, 43686, -63823, 'Up']
[1187010, 1326130, -1807553, -1492322, -191905, 802954, 259207, -201415, 1055200, 199453, -1073402, 256347, 737464, 1440328, 8663, -119249, 'Up']
[1183019, 1325305, -1818474, -1497276, -204240, 801408, 254044, -210392, 1038751, 180501, -1071195, 354608, 819643, 1465968, 47366, -68317, 'Up']
[1188443, 1328417, -1807522, -1491256, -198324, 801357, 261064, -200427, 1054682, 199254, -1075273, 264263, 739268, 1440662, 6021, -114567, 'Up']
[1180734, 1322451, -1818843, -1499450, -198007, 803268, 251690, -211784, 1039168, 180502, -1069564, 344939, 816517, 1465038, 49568, -73740, 'Up']
[1190748, 1331642, -1806744, -1489513, -204852, 800150, 263137, -200028, 1053306, 198210, -1077252, 275561, 743441, 1440493, 4261, -107259, 'Up']
[1179594, 1320313, -1817964, -1500281, -191205, 805584, 250536, -211031, 1041138, 182697, -1066835, 332445, 810480, 1464060, 51443, -81518, 'Up']
[1190926, 1332258, -1807938, -1489840, -211420, 797966, 263808, -200678, 1051742, 196250, -1078883, 288708, 750344, 1442883, 4461, -99898, 'Up']
[1177941, 1317616, -1817960, -1501866, -186238, 805974, 248378, -212143, 1041590, 183006, -1066712, 318900, 802143, 1461162, 49823, -88304, 'Up']
[1192238, 1334127, -1808365, -1489035, -216960, 796179, 265262, -200517, 1049776, 194576, -1079835, 303274, 758700, 1444704, 6588, -91234, 'Up']
[1177391, 1316120, -1816965, -1502050, -181237, 807445, 247617, -210814, 1044199, 185703, -1065284, 303833, 792284, 1459061, 48309, -96795, 'Up']
[1193141, 1335509, -1808904, -1488290, -220680, 796026, 266726, -200795, 1047821, 192491, -1080341, 317874, 769139, 1447867, 9639, -83380, 'Up']
[1177811, 1315853, -1815128, -1501287, -177128, 808625, 248422, -210138, 1046152, 187919, -1064835, 289705, 782670, 1455542, 44202, -104232, 'Up']
[1193272, 1335778, -1810127, -1488548, -223606, 794962, 265416, -202363, 1045997, 190409, -1079955, 332014, 780582, 1450850, 13997, -75825, 'Up']
[1178143, 1315292, -1813578, -1500525, -174897, 809013, 249523, -208114, 1048776, 190483, -1064635, 276123, 772054, 1451945, 39723, -111753, 'Up']
[1192096, 1334964, -1811626, -1489256, -224977, 795506, 264443, -203174, 1043484, 187492, -1079889, 344294, 791074, 1454515, 19726, -69691, 'Up']
[1178270, 1315146, -1812708, -1500474, -175052, 808730, 249197, -207571, 1050007, 192097, -1066106, 265251, 761284, 1449217, 33679, -117015, 'Up']
[1190493, 1333496, -1813641, -1491353, -224468, 795099, 262888, -204997, 1040888, 184203, -1079554, 354030, 800315, 1456893, 24906, -64485, 'Up']
[1180219, 1317061, -1810643, -1498824, -175626, 808412, 251791, -205370, 1051950, 194571, -1066952, 256169, 751639, 1445063, 27493, -121418, 'Up']
[1189036, 1331932, -1815029, -1492834, -221925, 796349, 261470, -206299, 1039599, 182571, -1077813, 360029, 809151, 1459916, 30706, -61959, 'Up']
[1181246, 1318321, -1809906, -1497717, -179037, 806846, 252784, -204404, 1052962, 195845, -1068564, 251116, 745097, 1443008, 20874, -123132, 'Up']
[1187487, 1330416, -1816094, -1493802, -218239, 797538, 258946, -207805, 1038422, 181089, -1075928, 363006, 815651, 1462679, 36130, -60928, 'Up']
[1183364, 1321136, -1808329, -1495303, -183271, 806174, 255439, -202416, 1054059, 197803, -1069904, 250352, 740021, 1441508, 15154, -123077, 'Up']
[1185433, 1328049, -1816837, -1495154, -213304, 799367, 257480, -208723, 1037842, 180388, -1073744, 362972, 819626, 1465383, 41493, -61491, 'Up']
[1185469, 1323467, -1807295, -1493520, -189003, 804394, 256410, -202102, 1054386, 198464, -1072010, 253650, 737436, 1440555, 10189, -120150, 'Up']
[1184156, 1325800, -1816541, -1495957, -207059, 801269, 254767, -210385, 1038186, 180121, -1071009, 357704, 819937, 1465474, 45701, -64903, 'Up']
[1188166, 1326672, -1805444, -1490907, -194524, 803255, 260378, -200181, 1054902, 199222, -1072762, 259224, 738090, 1440541, 6821, -116438, 'Up']
[1181969, 1322802, -1817040, -1497992, -200593, 803312, 252736, -211179, 1038783, 180522, -1068665, 349551, 818902, 1466227, 48943, -69947, 'Up']
[1190047, 1329105, -1805343, -1490134, -200927, 801580, 261840, -200001, 1053999, 198933, -1074643, 269129, 741515, 1441681, 4201, -110013, 'Up']
[1180615, 1320516, -1817079, -1499727, -193936, 805088, 250490, -211268, 1039812, 181296, -1066949, 338183, 813780, 1465381, 49751, -76451, 'Up']
[1191266, 1331055, -1806146, -1489824, -207692, 799432, 263220, -200225, 1052614, 197536, -1076571, 281071, 746744, 1442605, 2686, -102935, 'Up']
[1178977, 1318091, -1816978, -1501191, -187969, 806369, 248991, -211818, 1041078, 182344, -1065701, 324687, 806727, 1463162, 48703, -84264, 'Up']
[1192473, 1333147, -1806499, -1488700, -213333, 798557, 263962, -199953, 1051127, 195969, -1077747, 294588, 754971, 1444782, 3426, -95758, 'Up']
[1178321, 1316807, -1815915, -1501178, -182343, 808175, 249050, -211108, 1042937, 184369, -1064569, 310236, 798428, 1460923, 47165, -92586, 'Up']
[1192926, 1334402, -1807685, -1488337, -218382, 797062, 264443, -200967, 1049232, 193843, -1078335, 309453, 764591, 1446679, 5523, -87390, 'Up']
[1177452, 1315401, -1815157, -1501345, -178543, 808981, 246837, -210549, 1045042, 186703, -1063659, 295615, 787362, 1457342, 42833, -100471, 'Up']
[1193022, 1335293, -1808789, -1488119, -222204, 795928, 265108, -202125, 1046148, 190868, -1079307, 324591, 774229, 1449304, 8222, -78799, 'Up']
[1177969, 1315345, -1813154, -1500405, -175172, 809335, 247888, -209381, 1047551, 189500, -1062900, 282140, 776324, 1453914, 39153, -107944, 'Up']
[1192295, 1334952, -1810165, -1489057, -224448, 795491, 263491, -203869, 1044065, 188293, -1078790, 338527, 785230, 1452491, 12865, -71707, 'Up']
[1178757, 1315837, -1811436, -1500018, -173952, 809411, 248271, -208332, 1049360, 191564, -1063516, 270361, 765740, 1450324, 32676, -113755, 'Up']
[1191485, 1334526, -1811207, -1490321, -223925, 795727, 263192, -204808, 1042685, 186426, -1077440, 349514, 795974, 1455607, 18655, -66313, 'Up']
[1179024, 1315876, -1810973, -1500173, -174678, 808556, 248950, -207902, 1050880, 193114, -1064909, 260287, 756059, 1446281, 26610, -118615, 'Up']
[1189793, 1332825, -1813310, -1492197, -222891, 796125, 261868, -206616, 1040118, 183421, -1077164, 357161, 804764, 1458328, 23917, -62174, 'Up']
[1180200, 1317137, -1809832, -1498984, -177095, 808094, 250951, -205828, 1052153, 194938, -1066795, 253195, 747814, 1443493, 20516, -121378, 'Up']
[1188020, 1330833, -1814880, -1493728, -220103, 797475, 258746, -208072, 1038756, 181635, -1075759, 361534, 812120, 1461051, 30515, -60264, 'Up']
[1182204, 1319334, -1808382, -1496792, -181007, 807016, 252593, -204888, 1053050, 196536, -1068409, 249993, 741627, 1441922, 14921, -122178, 'Up']
[1186700, 1329184, -1815341, -1494367, -215235, 799294, 257373, -208563, 1037930, 180565, -1073673, 362725, 817248, 1463601, 36350, -60126, 'Up']
[1184980, 1322602, -1806309, -1493986, -185573, 806253, 255718, -202537, 1054133, 198172, -1069651, 251130, 738445, 1440915, 10450, -120759, 'Up']
[1185536, 1327427, -1815385, -1495097, -209609, 801225, 255277, -209814, 1038384, 180609, -1070685, 360118, 820443, 1465580, 42258, -62225, 'Up']
[1186889, 1325063, -1805634, -1492317, -191382, 804542, 257188, -201347, 1054773, 199288, -1070904, 256235, 738100, 1440486, 7147, -117223, 'Up']
[1183542, 1324818, -1816026, -1497136, -203880, 802620, 251768, -211605, 1038031, 180192, -1068922, 354835, 819848, 1465739, 45584, -65407, 'Up']
[1190055, 1328872, -1804217, -1490304, -197675, 802294, 260414, -201373, 1054752, 199744, -1072340, 264841, 739256, 1440664, 3527, -111824, 'Up']
[1182014, 1322277, -1815972, -1498939, -197014, 804265, 250712, -212483, 1039993, 181584, -1066079, 344817, 816721, 1466282, 48272, -72201, 'Up']
[1191174, 1330727, -1804892, -1489840, -204302, 800732, 261671, -201080, 1053322, 198201, -1074629, 276036, 743996, 1442216, 1877, -105392, 'Up']
[1180281, 1319836, -1816196, -1500323, -190587, 806334, 249211, -212606, 1040507, 182134, -1064991, 332710, 810484, 1465207, 48372, -79395, 'Up']
[1192347, 1332864, -1805418, -1488633, -210258, 800011, 263628, -200524, 1051971, 196868, -1075871, 288846, 750418, 1444164, 1632, -98439, 'Up']
[1178804, 1317832, -1815722, -1500840, -184746, 808435, 248054, -212015, 1042001, 183569, -1063850, 318457, 802444, 1463469, 46418, -87521, 'Up']
[1192467, 1333941, -1806413, -1488443, -216056, 798273, 263638, -201292, 1049780, 194828, -1077376, 303454, 760099, 1447056, 2143, -90291, 'Up']
[1176916, 1315560, -1815411, -1501949, -180632, 808778, 246888, -211890, 1043207, 184812, -1063795, 303755, 793413, 1460346, 43318, -95555, 'Up']
[1192213, 1334458, -1807841, -1488505, -220636, 797040, 264809, -201834, 1046850, 191797, -1078692, 318415, 770368, 1449745, 5300, -81429, 'Up']
[1177018, 1315030, -1813778, -1501249, -176975, 809930, 247638, -210570, 1045375, 187170, -1063432, 289639, 782825, 1457609, 39842, -102255, 'Up']
[1192991, 1335650, -1808342, -1488205, -223412, 797015, 263672, -202769, 1045333, 190129, -1078149, 332142, 780986, 1453733, 9878, -73787, 'Up']
[1178493, 1315750, -1811676, -1500457, -174427, 810826, 248471, -209230, 1048365, 190315, -1062685, 275967, 771932, 1454972, 34918, -109922, 'Up']
[1192396, 1335344, -1810150, -1489906, -224668, 796914, 262637, -205033, 1043673, 187642, -1077254, 344856, 792129, 1457401, 15052, -67588, 'Up']
[1179188, 1316371, -1810689, -1500284, -174612, 810602, 248210, -208613, 1050182, 192733, -1063533, 265750, 762018, 1451295, 28672, -114996, 'Up']
[1190883, 1334299, -1811915, -1491323, -224339, 797063, 261163, -207010, 1041013, 184789, -1077201, 355158, 802104, 1460097, 20047, -62533, 'Up']
[1180203, 1317590, -1809141, -1498911, -175544, 810050, 250534, -206951, 1051910, 194838, -1064885, 257202, 753085, 1448322, 22293, -119639, 'Up']
[1189514, 1332973, -1812751, -1492265, -221103, 798350, 260728, -207272, 1039881, 183207, -1075310, 360918, 810753, 1463391, 26837, -60532, 'Up']
[1181352, 1318721, -1807794, -1497673, -178709, 809034, 251291, -205499, 1053338, 196401, -1066130, 252095, 746262, 1445795, 17412, -121847, 'Up']
[1186599, 1329239, -1814696, -1495081, -218286, 798892, 256688, -210274, 1037997, 180330, -1074183, 364139, 816693, 1464961, 32642, -58715, 'Up']
[1183921, 1321059, -1805904, -1495434, -182795, 807471, 254432, -204709, 1053650, 197073, -1068277, 251195, 741097, 1442692, 11468, -120465, 'Up']
[1185618, 1327481, -1814671, -1495710, -212464, 800652, 255480, -210945, 1037951, 180157, -1071521, 362857, 820937, 1466776, 38962, -59975, 'Up']
[1186366, 1324109, -1804522, -1493160, -187761, 806058, 256577, -202961, 1054370, 199095, -1069909, 253567, 739243, 1442195, 7338, -118814, 'Up']
[1183609, 1325252, -1815706, -1497460, -206675, 802380, 253263, -212504, 1037785, 180054, -1070045, 357944, 821846, 1467667, 43281, -63415, 'Up']
[1187582, 1326483, -1805174, -1492617, -195111, 803981, 257947, -202672, 1053889, 198966, -1072759, 260154, 739283, 1441704, 3519, -114449, 'Up']
[1182013, 1323658, -1816345, -1498834, -200487, 804632, 251117, -212546, 1038078, 180188, -1068594, 349706, 819978, 1467059, 45842, -68685, 'Up']
[1189703, 1330091, -1805130, -1490784, -201498, 802709, 260355, -201524, 1053242, 198518, -1074593, 270542, 743906, 1442498, 1773, -108371, 'Up']
[1180139, 1321562, -1816648, -1500215, -194163, 806049, 249635, -213142, 1039047, 180747, -1066938, 339182, 817076, 1466238, 47772, -75137, 'Up']
[1191729, 1333159, -1804905, -1489119, -207589, 801360, 263030, -201057, 1051985, 196943, -1076470, 282968, 751331, 1443510, 1528, -101339, 'Up']
[1178928, 1319493, -1816135, -1501038, -187941, 808143, 247527, -213472, 1040763, 181980, -1065507, 325946, 811221, 1464442, 48623, -83075, 'Up']
[1192286, 1334184, -1805898, -1488843, -213690, 799703, 262635, -202484, 1050601, 195209, -1077931, 296884, 759770, 1445219, 3787, -93560, 'Up']
[1177461, 1316621, -1815664, -1501983, -182487, 809037, 247357, -213301, 1042065, 183331, -1065307, 311791, 802460, 1461246, 47636, -90623, 'Up']
[1193366, 1335203, -1806271, -1487985, -218215, 798247, 264504, -202385, 1048517, 192565, -1079571, 311880, 769199, 1448170, 6531, -84706, 'Up']
[1177721, 1315699, -1813721, -1501357, -177643, 810157, 247365, -212033, 1045478, 186636, -1063867, 296559, 791960, 1459186, 45231, -99011, 'Up']
[1192581, 1334926, -1808230, -1489100, -222142, 796572, 262936, -204722, 1046221, 190396, -1079982, 326202, 779953, 1450826, 10486, -76745, 'Up']
[1177323, 1314841, -1813199, -1502177, -175535, 809469, 246539, -211487, 1046571, 187931, -1065134, 282814, 781294, 1453944, 39658, -105562, 'Up']
[1193661, 1336447, -1808640, -1489195, -223528, 796119, 264260, -204443, 1044145, 188124, -1079952, 339153, 790585, 1452926, 14807, -69733, 'Up']
[1180039, 1317073, -1810093, -1500098, -173309, 810352, 248806, -209276, 1050336, 192098, -1063897, 269815, 770882, 1451558, 35906, -113436, 'Up']
[1193296, 1336267, -1809574, -1489654, -223526, 796937, 263691, -205678, 1043406, 186793, -1077804, 349999, 801831, 1458256, 22410, -65615, 'Up']
[1181031, 1318034, -1808865, -1498699, -174347, 809979, 249363, -207869, 1051975, 194368, -1064873, 260767, 761164, 1449545, 30944, -118270, 'Up']
[1191319, 1334497, -1811880, -1490912, -222576, 797823, 260409, -207059, 1041077, 184601, -1076852, 358624, 810348, 1461713, 28405, -61557, 'Up']
[1181894, 1319177, -1808106, -1496935, -176612, 809948, 251735, -205589, 1052431, 196298, -1066755, 254775, 752836, 1447475, 24561, -120402, 'Up']
[1189421, 1332615, -1813410, -1491949, -219441, 799311, 259634, -208487, 1038962, 182764, -1075745, 363644, 817443, 1465503, 34972, -58761, 'Up']
[1183323, 1321065, -1806905, -1495216, -180545, 808910, 253193, -204839, 1053630, 198177, -1068323, 251716, 746266, 1445738, 19517, -121128, 'Up']
[1186204, 1329362, -1815254, -1494288, -215370, 800417, 256506, -210467, 1037421, 181039, -1074557, 364174, 822202, 1467017, 40532, -59007, 'Up']
[1184114, 1322498, -1806230, -1493940, -185702, 807266, 255729, -203118, 1053471, 198449, -1071267, 252285, 742724, 1443134, 14046, -119487, 'Up']
[1184074, 1326544, -1815616, -1495917, -209653, 802166, 254241, -211203, 1037120, 179888, -1072646, 360247, 824259, 1467355, 46016, -61408, 'Up']
[1187029, 1325732, -1804672, -1491638, -191209, 805894, 258207, -202017, 1053942, 198817, -1072911, 256151, 741586, 1442550, 9448, -116515, 'Up']
[1182767, 1324376, -1815640, -1497037, -202600, 804504, 253000, -211546, 1038313, 180676, -1069521, 353227, 824009, 1468909, 49271, -66050, 'Up']
[1189161, 1328469, -1804176, -1490285, -197492, 803796, 259832, -201677, 1053488, 198717, -1074340, 264186, 743867, 1442963, 6288, -111285, 'Up']
[1181286, 1322000, -1815346, -1498516, -196216, 805504, 250709, -212726, 1038872, 180949, -1067387, 343485, 821002, 1467799, 51239, -71942, 'Up']
[1191277, 1331116, -1803377, -1488620, -204049, 802125, 261395, -200987, 1052914, 198345, -1075341, 276002, 749014, 1444255, 4797, -104449, 'Up']
[1180583, 1320125, -1814261, -1499000, -189755, 807748, 248949, -212499, 1040939, 182622, -1064920, 331707, 815303, 1467136, 51969, -78936, 'Up']
[1192555, 1332811, -1803891, -1488086, -210405, 800569, 262921, -201653, 1051954, 197148, -1076152, 289204, 756288, 1446106, 5175, -96937, 'Up']
[1178843, 1317610, -1814451, -1500437, -184744, 809144, 246661, -213122, 1041975, 183941, -1064056, 317698, 807402, 1464128, 49804, -86307, 'Up']
[1193161, 1334546, -1805018, -1487313, -216202, 799680, 263606, -201663, 1049148, 194785, -1078055, 303635, 765090, 1447940, 5310, -88142, 'Up']
[1178001, 1316468, -1813684, -1500407, -179845, 810879, 246805, -212072, 1043715, 185719, -1063424, 302680, 797473, 1461401, 46474, -94522, 'Up']
[1192567, 1334900, -1806958, -1487729, -220307, 798849, 264022, -202964, 1046938, 192017, -1078702, 318057, 774996, 1450906, 9022, -80410, 'Up']
[1177102, 1315125, -1813143, -1500501, -176250, 811811, 246926, -211142, 1044772, 187167, -1064114, 288325, 786289, 1458167, 42979, -101738, 'Up']
[1192763, 1335546, -1808138, -1487669, -223227, 798724, 263463, -203895, 1044078, 189341, -1079338, 332131, 785467, 1454498, 13314, -72074, 'Up']
[1179149, 1316380, -1810352, -1498769, -173672, 812881, 248172, -208989, 1048034, 190896, -1062995, 274960, 775699, 1455691, 38618, -108846, 'Up']
[1192677, 1335535, -1809063, -1488217, -223670, 798629, 263287, -204148, 1042780, 187727, -1077730, 344282, 796960, 1458478, 19658, -66175, 'Up']
[1179526, 1316412, -1809606, -1498584, -174068, 811755, 247408, -208855, 1049841, 192862, -1063820, 264111, 765900, 1452250, 32850, -114252, 'Up']
[1191728, 1334699, -1810154, -1489143, -222978, 798952, 262921, -206410, 1041081, 185307, -1076568, 353950, 806540, 1461201, 25304, -61490, 'Up']
[1181088, 1318013, -1807417, -1496805, -174887, 811738, 250242, -207046, 1051993, 195490, -1064368, 256078, 757339, 1449664, 27635, -118469, 'Up']
[1189598, 1332583, -1811941, -1491059, -221124, 800039, 259417, -208777, 1039625, 183058, -1075110, 360514, 815008, 1464938, 31648, -58721, 'Up']
[1182184, 1319370, -1806540, -1495720, -178629, 810905, 251802, -205921, 1052887, 196564, -1066440, 251457, 749793, 1446818, 21404, -119719, 'Up']
[1187790, 1330647, -1813115, -1492387, -217177, 801616, 257571, -209673, 1038142, 181337, -1073811, 362730, 821002, 1466625, 37677, -57780, 'Up']
[1184171, 1321803, -1805074, -1493653, -182316, 809923, 254646, -204359, 1053899, 198270, -1068240, 249933, 744848, 1445172, 15916, -120030, 'Up']
[1185344, 1327662, -1814496, -1494322, -211956, 802994, 254998, -211318, 1037067, 180131, -1072268, 361501, 823773, 1468625, 42194, -59269, 'Up']
[1185841, 1323935, -1804612, -1492065, -188106, 808003, 256248, -203253, 1053405, 198492, -1070744, 253000, 741765, 1443818, 10250, -117330, 'Up']
[1183695, 1325201, -1814998, -1495856, -205633, 804895, 253434, -212024, 1037187, 179936, -1070033, 356611, 824410, 1468963, 46567, -62680, 'Up']
[1188050, 1326655, -1803930, -1490342, -194285, 806664, 258342, -202225, 1053174, 198469, -1072884, 259711, 742313, 1443159, 6612, -112955, 'Up']
[1182067, 1322873, -1814816, -1496918, -198861, 807054, 251489, -212557, 1037933, 180779, -1067661, 348284, 822088, 1469197, 49003, -68001, 'Up']
[1189965, 1329040, -1803399, -1488786, -200375, 804774, 260931, -202318, 1052470, 198398, -1074392, 269802, 745328, 1443890, 4364, -107056, 'Up']
[1180619, 1320182, -1814569, -1498144, -192404, 808805, 249512, -213438, 1038832, 181447, -1065919, 337189, 816919, 1467603, 49748, -74600, 'Up']
[1191956, 1331526, -1803058, -1487247, -206772, 803641, 262342, -201322, 1051376, 197449, -1075616, 282012, 750955, 1444919, 2772, -99906, 'Up']
[1179841, 1318704, -1813372, -1498550, -185935, 811003, 248488, -212161, 1040537, 183193, -1063838, 323969, 809749, 1465695, 49629, -82175, 'Up']
[1192477, 1333126, -1803991, -1487226, -212737, 802080, 262816, -201344, 1049704, 195732, -1076569, 296389, 759133, 1447408, 4381, -91723, 'Up']
[1177676, 1315974, -1813895, -1500216, -181532, 811667, 245713, -213070, 1041506, 184279, -1063438, 309758, 800206, 1462320, 47193, -89735, 'Up']
[1192315, 1333936, -1805471, -1487035, -218089, 800587, 263220, -202735, 1046900, 193020, -1078071, 310929, 767406, 1448889, 5826, -83213, 'Up']
[1177396, 1315307, -1812354, -1499716, -177255, 812728, 245817, -211897, 1043292, 186253, -1063134, 294831, 789506, 1459488, 43640, -97737, 'Up']
[1193149, 1335442, -1805443, -1486236, -220629, 800632, 264883, -202553, 1045532, 191393, -1077321, 325228, 778561, 1452511, 10260, -75875, 'Up']
[1177259, 1314506, -1810754, -1499623, -174112, 813797, 247202, -210596, 1046008, 189240, -1062126, 281090, 779131, 1456373, 40162, -105367, 'Up']
[1192038, 1334298, -1807713, -1487956, -223466, 799949, 263121, -204623, 1042323, 187877, -1077891, 338679, 788973, 1455585, 15311, -68355, 'Up']
[1178236, 1314640, -1809247, -1498817, -173301, 813782, 247784, -209253, 1047713, 191110, -1062890, 268777, 768179, 1452641, 34717, -111311, 'Up']
[1191323, 1333611, -1808736, -1488641, -223412, 800043, 262225, -205954, 1040708, 185689, -1076753, 349239, 799128, 1458722, 21168, -63031, 'Up']
[1180264, 1316341, -1806784, -1497119, -173432, 813281, 249415, -207265, 1049789, 193836, -1063542, 259157, 758079, 1449528, 28882, -116380, 'Up']
[1190560, 1332644, -1809323, -1489773, -221405, 800689, 261132, -206703, 1039582, 184079, -1074747, 357344, 808021, 1462141, 27743, -59734, 'Up']
[1181644, 1317580, -1805257, -1495909, -176019, 812109, 250761, -206522, 1051335, 195517, -1064500, 253194, 750073, 1446982, 22954, -118820, 'Up']
[1188979, 1330719, -1810586, -1491374, -218348, 801336, 258352, -209541, 1038282, 182143, -1072930, 361964, 815364, 1464324, 32468, -57546, 'Up']
[1183184, 1319372, -1804141, -1494620, -179802, 810776, 253298, -205108, 1052602, 197099, -1066043, 250446, 744118, 1444058, 15772, -119671, 'Up']
[1187375, 1328922, -1811515, -1492525, -214073, 802808, 257138, -210135, 1036950, 180596, -1071542, 362765, 820220, 1465920, 37336, -57625, 'Up']
[1186029, 1322775, -1802159, -1491692, -184304, 809973, 256588, -203529, 1053810, 198765, -1067178, 251339, 740854, 1442427, 10765, -118708, 'Up']
[1185043, 1326009, -1812442, -1494425, -208171, 804857, 254957, -211887, 1036837, 179872, -1069064, 359966, 822740, 1467202, 42942, -60394, 'Up']
[1187708, 1325096, -1801873, -1490446, -190670, 808252, 258078, -202912, 1053297, 198653, -1069620, 256579, 739888, 1441948, 6286, -115024, 'Up']
[1182523, 1322832, -1813695, -1496698, -202450, 806150, 252406, -213510, 1036882, 179652, -1067252, 353139, 821705, 1468101, 45493, -64884, 'Up']
[1188773, 1326698, -1802630, -1489958, -197791, 805471, 259193, -203829, 1052128, 197468, -1072464, 264986, 741263, 1442366, 2469, -109624, 'Up']
[1181278, 1320758, -1813438, -1497552, -195216, 808274, 251035, -213323, 1037540, 179916, -1065776, 343246, 817571, 1467315, 47263, -70773, 'Up']
[1191004, 1329950, -1801923, -1487803, -203283, 804544, 262189, -201612, 1051740, 197623, -1073557, 276243, 746016, 1444195, 2137, -103336, 'Up']
[1179637, 1318462, -1813464, -1498576, -188905, 810196, 249092, -213533, 1039000, 181498, -1063803, 331103, 811902, 1467101, 48592, -78107, 'Up']
[1191494, 1331305, -1802711, -1486990, -209602, 803060, 263210, -202524, 1049923, 195630, -1075018, 289961, 752943, 1446191, 1903, -95186, 'Up']
[1179304, 1317508, -1811619, -1497920, -182538, 812215, 248934, -212743, 1040934, 183819, -1062141, 317731, 803239, 1464891, 46986, -85386, 'Up']
[1193075, 1333610, -1802912, -1485856, -214444, 802024, 264860, -204150, 1048564, 194934, -1075425, 304758, 761990, 1448952, 4135, -87124, 'Up']
[1178531, 1315938, -1811185, -1498744, -177701, 813192, 247843, -215537, 1043235, 185850, -1061061, 303210, 793943, 1461949, 44875, -93639, 'Up']
[1193160, 1334345, -1804638, -1486340, -218948, 800680, 263463, -205657, 1046254, 192419, -1076305, 319702, 772187, 1452194, 7020, -79010, 'Up']
[1177944, 1314902, -1810373, -1498920, -174226, 813873, 249088, -213727, 1044698, 188012, -1061400, 288829, 782790, 1458549, 40692, -101465, 'Up']
[1192846, 1334697, -1806088, -1486882, -221356, 800494, 265137, -206418, 1043811, 189757, -1076838, 333554, 782436, 1454393, 11382, -71651, 'Up']
[1177575, 1314100, -1809940, -1499742, -173183, 813817, 247523, -213653, 1046362, 189908, -1062160, 275681, 771854, 1453973, 35600, -108352, 'Up']
[1192166, 1334446, -1807694, -1488158, -223188, 799926, 262849, -208212, 1041058, 186599, -1077069, 345539, 792251, 1457024, 16319, -65329, 'Up']
[1179083, 1315460, -1807877, -1498073, -172597, 814208, 249282, -212585, 1048648, 192486, -1062694, 264567, 760780, 1451200, 29975, -114369, 'Up']
[1190708, 1333221, -1809419, -1489359, -222563, 800770, 261282, -211242, 1039282, 184431, -1076036, 355309, 801846, 1460813, 22347, -60768, 'Up']
[1180645, 1317072, -1806238, -1496299, -174560, 813229, 250093, -211717, 1050163, 194562, -1064001, 256710, 751332, 1447948, 23462, -117866, 'Up']
[1189704, 1332111, -1810037, -1489802, -220101, 801590, 259626, -211958, 1037955, 182843, -1074288, 361381, 809369, 1463637, 28388, -58047, 'Up']
[1183220, 1319874, -1803635, -1493424, -176991, 812737, 252981, -207936, 1052367, 197418, -1064513, 252166, 744205, 1446153, 18407, -119626, 'Up']
[1188203, 1330482, -1810660, -1490744, -215762, 802991, 258060, -212431, 1037682, 182129, -1071625, 364486, 816004, 1466565, 35527, -57192, 'Up']
[1184329, 1321402, -1803248, -1492387, -182204, 811074, 253827, -206819, 1053181, 198516, -1066547, 251862, 739659, 1444435, 12574, -119324, 'Up']
[1186088, 1327833, -1812186, -1493157, -211051, 804622, 256501, -213186, 1036620, 180425, -1070489, 363032, 819468, 1467727, 39195, -58684, 'Up']
[1186040, 1323338, -1803078, -1492055, -187957, 809601, 256560, -205704, 1052999, 198614, -1069024, 254284, 737560, 1442232, 7110, -117234, 'Up']
[1183699, 1324497, -1813785, -1496185, -206016, 805880, 252797, -214744, 1036103, 179080, -1069121, 357884, 820134, 1466760, 42345, -62009, 'Up']
[1188495, 1326438, -1802110, -1490149, -194203, 807604, 258793, -204493, 1052729, 198478, -1071153, 260855, 737280, 1441610, 2485, -113003, 'Up']
[1181393, 1321573, -1813826, -1497542, -198953, 808098, 250762, -214872, 1036785, 179689, -1066694, 349041, 817321, 1467972, 45899, -67847, 'Up']
[1188849, 1327505, -1802568, -1489585, -200821, 805777, 260006, -204412, 1051477, 197387, -1073439, 271053, 740779, 1442743, 1058, -106518, 'Up']
[1179552, 1318841, -1813401, -1498735, -192406, 809560, 248866, -215941, 1037108, 179710, -1065656, 338580, 812344, 1466449, 46324, -73134, 'Up']
[1191356, 1330617, -1801503, -1487414, -206607, 803945, 262166, -204427, 1050691, 196533, -1074575, 284117, 746757, 1444267, 215, -98513, 'Up']
[1179801, 1318212, -1811335, -1498008, -185396, 811785, 248996, -215446, 1040222, 182716, -1062586, 325117, 804988, 1465922, 47696, -81715, 'Up']
[1192759, 1333046, -1801963, -1486202, -212678, 803044, 263129, -204493, 1049210, 195359, -1075301, 298430, 754802, 1448093, 2221, -91117, 'Up']
[1178467, 1316428, -1811287, -1498830, -180531, 813541, 246969, -214759, 1041899, 185037, -1061576, 311361, 795762, 1463895, 45961, -89779, 'Up']
[1192666, 1334009, -1803843, -1486664, -217841, 802132, 263662, -205596, 1046580, 193072, -1076627, 313786, 764329, 1450253, 3803, -82753, 'Up']
[1177484, 1315181, -1811299, -1499805, -176629, 814171, 246952, -215033, 1042951, 186427, -1062051, 296943, 785540, 1459852, 40970, -97309, 'Up']
[1193208, 1335112, -1805012, -1486878, -220787, 801406, 263627, -206244, 1044343, 190636, -1077027, 328172, 774865, 1452428, 7383, -74713, 'Up']
[1178427, 1314863, -1809538, -1499784, -173549, 814647, 246666, -213538, 1045928, 189323, -1061174, 282853, 774810, 1456330, 37348, -105125, 'Up']
[1192818, 1334398, -1806496, -1488150, -222613, 800491, 263007, -207935, 1042249, 187936, -1076535, 341067, 785207, 1455698, 12838, -68081, 'Up']
[1179073, 1314994, -1807905, -1498872, -172306, 814614, 248426, -212453, 1047741, 191275, -1061943, 270571, 763317, 1452845, 31658, -111105, 'Up']
[1191897, 1333842, -1807688, -1488741, -222343, 800842, 262714, -209447, 1040526, 185761, -1075844, 351546, 794550, 1459132, 18740, -62570, 'Up']
[1179832, 1315971, -1806649, -1497396, -172695, 814445, 249521, -210314, 1050043, 193987, -1062646, 260461, 752959, 1449710, 26286, -116244, 'Up']
[1189764, 1332491, -1809835, -1489785, -220948, 802184, 260951, -210553, 1038775, 183826, -1074971, 359343, 803314, 1462524, 24584, -59065, 'Up']
[1180416, 1317569, -1806041, -1495854, -175516, 814063, 251312, -209185, 1050379, 195577, -1065105, 255215, 745214, 1447136, 19454, -118153, 'Up']
[1187638, 1330568, -1811832, -1491572, -218319, 803310, 257626, -212596, 1036493, 181334, -1074091, 364949, 811158, 1465443, 30137, -56025, 'Up']
[1183521, 1320842, -1804331, -1493746, -179313, 813135, 253661, -207465, 1051686, 197162, -1066726, 253197, 739327, 1445772, 12691, -118374, 'Up']
[1187061, 1329470, -1812059, -1492792, -212967, 805105, 257489, -212746, 1036895, 181196, -1071561, 365532, 816254, 1468928, 36652, -57051, 'Up']
[1184981, 1322547, -1803657, -1493062, -184622, 811633, 255295, -206351, 1052366, 197821, -1069115, 254492, 736268, 1444754, 8274, -117382, 'Up']
[1185305, 1326857, -1812723, -1494888, -207859, 806701, 254073, -214358, 1036203, 179694, -1070249, 362678, 818111, 1469008, 40753, -59226, 'Up']
[1187959, 1325672, -1802068, -1491128, -190382, 809972, 257515, -205035, 1052995, 198735, -1070682, 259453, 735474, 1443698, 4542, -114407, 'Up']
[1182693, 1323231, -1813624, -1497367, -201421, 807943, 253499, -216407, 1036639, 179281, -1068328, 356019, 817352, 1469529, 45099, -63760, 'Up']
[1189977, 1328368, -1801463, -1489292, -196376, 807557, 261345, -208230, 1052140, 198202, -1073101, 268116, 737238, 1443613, 2007, -108571, 'Up']
[1182022, 1321837, -1812725, -1497329, -194122, 810365, 251476, -219703, 1038248, 181323, -1065961, 345667, 813548, 1469600, 47863, -70321, 'Up']
[1191875, 1331026, -1801332, -1487549, -202807, 806690, 262511, -208324, 1051933, 198338, -1074325, 279302, 741821, 1446186, 2172, -102380, 'Up']
[1180477, 1319430, -1812770, -1498375, -188067, 812103, 249624, -219842, 1039465, 182642, -1064162, 333437, 806988, 1468984, 49138, -77570, 'Up']
[1192173, 1332213, -1802797, -1487271, -209623, 804236, 263723, -209250, 1049695, 196293, -1076221, 292789, 748503, 1447457, 2580, -94603, 'Up']
[1179122, 1317668, -1812615, -1498825, -182607, 813278, 248725, -218986, 1040567, 183907, -1063566, 318842, 798558, 1465242, 47986, -85638, 'Up']
[1192558, 1333731, -1804312, -1486878, -215082, 803100, 263751, -209196, 1047767, 194779, -1077378, 306640, 757865, 1449667, 4119, -86721, 'Up']
[1177043, 1315191, -1813421, -1500398, -178283, 813856, 247569, -219509, 1041363, 185137, -1064043, 304052, 788900, 1462540, 44816, -93173, 'Up']
[1192675, 1334907, -1805775, -1486923, -219227, 802042, 264484, -210087, 1044742, 191715, -1078962, 320869, 767618, 1452632, 7409, -78036, 'Up']
[1177499, 1315275, -1811302, -1499620, -174377, 815062, 247815, -218167, 1044123, 188121, -1062894, 288785, 778151, 1460119, 41942, -101369, 'Up']
[1192453, 1335070, -1806644, -1487365, -221537, 801451, 264264, -211496, 1042678, 189326, -1078497, 334242, 778520, 1456317, 12799, -71023, 'Up']
[1177604, 1314714, -1809800, -1499398, -172151, 815526, 248440, -215959, 1046202, 190403, -1062877, 275610, 767400, 1456748, 37166, -108418, 'Up']
[1191878, 1334486, -1807908, -1488180, -222214, 801725, 263785, -210754, 1040808, 187011, -1077910, 346399, 788814, 1459354, 18618, -64590, 'Up']
[1179574, 1316235, -1807499, -1497518, -171501, 815584, 250139, -213043, 1048664, 193406, -1063441, 264803, 756367, 1453162, 31648, -113518, 'Up']
[1190706, 1333476, -1809225, -1489117, -221463, 802040, 261756, -211706, 1038957, 185132, -1076492, 356015, 797961, 1463105, 24499, -60040, 'Up']
[1180702, 1317348, -1806040, -1496122, -173485, 814640, 251232, -211725, 1050067, 195239, -1064460, 257215, 746814, 1450204, 24680, -117260, 'Up']
[1189841, 1332408, -1809874, -1489678, -218826, 803588, 261061, -212271, 1037773, 183263, -1074437, 362240, 805273, 1465232, 30029, -57568, 'Up']
[1181972, 1318541, -1804726, -1494887, -176673, 814128, 253295, -209930, 1051487, 197255, -1065642, 252823, 739460, 1447722, 18840, -119309, 'Up']
[1186813, 1328789, -1811854, -1492611, -215476, 804028, 258808, -214684, 1035893, 180845, -1073629, 364816, 810790, 1467789, 34892, -56443, 'Up']
[1184262, 1320863, -1803078, -1493002, -181372, 812344, 255692, -208866, 1051344, 197297, -1068416, 251975, 733939, 1445110, 12206, -118352, 'Up']
[1185722, 1327072, -1811791, -1493599, -210009, 806305, 256449, -215801, 1036116, 180624, -1070572, 363029, 814102, 1468855, 40760, -58206, 'Up']
[1185796, 1323078, -1802350, -1491751, -187147, 811151, 257404, -208074, 1052275, 198543, -1069583, 255002, 731819, 1444073, 7984, -116025, 'Up']
[1183316, 1324364, -1812886, -1495270, -204177, 808446, 253707, -216725, 1035405, 179711, -1069027, 357998, 813997, 1469471, 44596, -61378, 'Up']
[1187863, 1326129, -1801844, -1489598, -193238, 809902, 260292, -206258, 1051959, 198818, -1071536, 262013, 732336, 1443858, 4952, -111628, 'Up']
[1181293, 1321915, -1813428, -1496734, -197770, 810400, 252236, -217184, 1035979, 179951, -1067129, 349656, 812548, 1469742, 48068, -66899, 'Up']
[1189701, 1329035, -1801789, -1488041, -200151, 808620, 261604, -205418, 1051033, 198216, -1073365, 272062, 736335, 1445271, 3021, -105802, 'Up']
[1179565, 1319350, -1813740, -1498088, -191685, 812268, 250081, -217625, 1037001, 180898, -1065196, 338357, 807367, 1468953, 48956, -73802, 'Up']
[1190618, 1330492, -1802791, -1487422, -206906, 806306, 262683, -206209, 1049178, 196584, -1075525, 284750, 741844, 1446655, 1666, -98061, 'Up']
[1179301, 1318128, -1812518, -1498052, -184856, 813952, 249374, -216515, 1038440, 182586, -1064015, 325270, 799826, 1467667, 48253, -80805, 'Up']
[1192697, 1333276, -1802481, -1485902, -211701, 805363, 265441, -205511, 1047964, 195682, -1076186, 298871, 750029, 1449548, 3706, -90318, 'Up']
[1177531, 1315631, -1812175, -1499086, -179570, 815812, 247943, -216213, 1040941, 185024, -1062361, 310593, 790649, 1465159, 47395, -89871, 'Up']
[1191669, 1333042, -1804693, -1486709, -217128, 804217, 264553, -207305, 1044768, 192278, -1078215, 313895, 759494, 1451181, 5636, -81648, 'Up']
[1176983, 1314502, -1811251, -1499394, -175558, 816780, 248175, -215797, 1042024, 186512, -1062817, 295800, 779638, 1461195, 42967, -97141, 'Up']
[1192378, 1334257, -1804883, -1486579, -220044, 803792, 265711, -207764, 1043281, 190431, -1077933, 328030, 769601, 1453898, 9403, -73796, 'Up']
[1177605, 1314449, -1809232, -1498936, -172489, 817383, 249261, -214694, 1044496, 188878, -1062231, 282039, 768864, 1457493, 38798, -104361, 'Up']
[1192365, 1334515, -1805910, -1486995, -221532, 803773, 264784, -208275, 1041595, 188219, -1077008, 340807, 780454, 1457854, 15097, -67378, 'Up']
[1178337, 1314788, -1807702, -1497975, -171705, 817445, 249494, -213080, 1046512, 191096, -1062597, 269947, 758252, 1454455, 33777, -110865, 'Up']
[1191344, 1333621, -1807526, -1487883, -221945, 803926, 263605, -210157, 1039323, 185776, -1076250, 351969, 790401, 1460989, 20853, -61905, 'Up']
[1179443, 1315712, -1806321, -1496781, -172250, 816916, 250871, -212156, 1048573, 193788, -1063350, 260844, 748445, 1451033, 28170, -115452, 'Up']
