[2249155, 2088071, -674424, -503755, 354762, 811765, 259810, 379595, 1408620, 950986, 522910, 1204624, 1435508, 1861890, -1090157, 630563, 'Up']
[2252927, 2084969, -662340, -498942, 370873, 816373, 258753, 384414, 1420315, 965205, 471476, 1107544, 1425252, 1865911, -1092102, 565280, 'Up']
[2249979, 2087072, -671233, -502929, 356846, 812739, 258484, 379560, 1410212, 953387, 527006, 1199965, 1437920, 1863388, -1087996, 626091, 'Up']
[2253510, 2087943, -665119, -497622, 369854, 816747, 261635, 385762, 1421723, 968437, 469283, 1114380, 1423740, 1867746, -1093498, 571110, 'Up']
[2250392, 2085724, -668070, -502385, 358975, 814693, 256857, 379482, 1411732, 956514, 529320, 1192806, 1439766, 1865752, -1085771, 619576, 'Up']
[2253398, 2089854, -668778, -497675, 367296, 816112, 262237, 386161, 1421782, 970200, 468526, 1123864, 1421933, 1868091, -1095548, 578976, 'Up']
[2250726, 2084084, -665166, -502322, 361035, 815747, 256239, 379793, 1412879, 958939, 528761, 1182509, 1439945, 1866839, -1084702, 611156, 'Up']
[2251898, 2090641, -672673, -498590, 364265, 814871, 263610, 386207, 1420751, 970694, 469239, 1135351, 1420472, 1868345, -1097083, 587820, 'Up']
[2250540, 2082143, -662202, -502543, 362868, 816130, 254438, 379069, 1413867, 960669, 525741, 1170988, 1439603, 1867198, -1084116, 603261, 'Up']
[2251929, 2092635, -674770, -498654, 361904, 813814, 263586, 385414, 1420217, 970964, 472351, 1148322, 1420167, 1867731, -1098050, 598119, 'Up']
[2251272, 2081244, -658447, -501586, 365914, 817215, 254365, 380125, 1416222, 964116, 522309, 1157862, 1439981, 1868550, -1082605, 593539, 'Up']
[2251436, 2093413, -676306, -498996, 360019, 812732, 265513, 385918, 1419660, 970881, 477666, 1160905, 1421478, 1867560, -1097277, 607022, 'Up']
[2251789, 2080448, -655496, -500981, 368573, 817673, 253316, 380338, 1418098, 966360, 516681, 1144305, 1439390, 1868799, -1081883, 584114, 'Up']
[2251271, 2094266, -677367, -499142, 358402, 812424, 264539, 385625, 1419420, 970952, 484687, 1173392, 1423472, 1868140, -1096282, 615164, 'Up']
[2251755, 2079517, -654509, -500853, 370216, 817825, 252891, 380235, 1419878, 968963, 509680, 1131850, 1438270, 1870197, -1082271, 575504, 'Up']
[2250529, 2094232, -679327, -499989, 356477, 811783, 266559, 384992, 1417986, 969712, 491289, 1185071, 1424700, 1867543, -1096347, 622966, 'Up']
[2252122, 2079795, -654946, -500289, 371370, 818514, 252944, 381415, 1421695, 971863, 501718, 1120825, 1435947, 1870204, -1084002, 568476, 'Up']
[2249918, 2093389, -680369, -501012, 354516, 811758, 264457, 383700, 1417022, 969084, 498705, 1194363, 1426378, 1867030, -1096716, 628065, 'Up']
[2251820, 2079559, -656129, -500329, 371744, 818258, 253154, 381622, 1422594, 974042, 493519, 1112889, 1432678, 1870491, -1086588, 564104, 'Up']
[2249396, 2092212, -680215, -501696, 353482, 811410, 262872, 382963, 1415497, 967888, 506059, 1201626, 1427891, 1866918, -1096167, 632721, 'Up']
[2252292, 2080634, -657033, -499592, 371982, 818050, 253964, 382922, 1423828, 976117, 485650, 1106805, 1430229, 1871235, -1088529, 561282, 'Up']
[2249387, 2090988, -678122, -502014, 353580, 811424, 262357, 382259, 1415469, 967910, 513496, 1205237, 1430428, 1867410, -1094110, 633679, 'Up']
[2252850, 2082224, -657856, -498582, 372397, 817626, 256451, 383769, 1425190, 978473, 479377, 1104399, 1427389, 1871472, -1089554, 560709, 'Up']
[2249011, 2088831, -675558, -502843, 354110, 811579, 260142, 380829, 1415099, 967427, 519970, 1205696, 1432984, 1867726, -1091353, 632244, 'Up']
[2252316, 2083372, -659976, -498925, 371096, 816543, 256829, 384076, 1425290, 979546, 473632, 1105952, 1424737, 1871442, -1091076, 563667, 'Up']
[2249553, 2087675, -672128, -502831, 355550, 811740, 258718, 380076, 1414919, 967460, 524557, 1203513, 1434919, 1867868, -1089164, 629994, 'Up']
[2252588, 2085532, -663064, -498747, 369601, 815652, 258531, 385078, 1425823, 980862, 470185, 1110574, 1423214, 1871327, -1093015, 568081, 'Up']
[2249918, 2086384, -669694, -502857, 356933, 812758, 257671, 379389, 1416078, 968378, 527990, 1197945, 1437312, 1868744, -1087510, 624593, 'Up']
[2252618, 2087960, -667186, -498331, 367374, 815160, 260062, 385190, 1425968, 981901, 468264, 1117964, 1421111, 1872013, -1095222, 574372, 'Up']
[2249380, 2083935, -667475, -503348, 358002, 813559, 254226, 378751, 1416251, 969243, 528509, 1188181, 1438070, 1869874, -1086144, 616428, 'Up']
[2251344, 2088853, -671185, -498904, 364524, 813540, 261019, 384545, 1424655, 981242, 467396, 1127144, 1419615, 1871313, -1097219, 582220, 'Up']
[2249146, 2081675, -664662, -503302, 360261, 813862, 253544, 378821, 1416668, 969741, 526447, 1176253, 1438492, 1869725, -1084930, 607487, 'Up']
[2251062, 2090454, -674145, -499314, 361988, 812442, 261478, 385150, 1423682, 980550, 469304, 1138578, 1418909, 1870576, -1098015, 591407, 'Up']
[2249529, 2080211, -661764, -503216, 362401, 814323, 251406, 378317, 1418064, 971358, 523822, 1163186, 1438579, 1870296, -1084207, 597733, 'Up']
[2250111, 2090996, -677134, -500177, 359195, 810969, 262068, 384416, 1422146, 979348, 473057, 1151027, 1418631, 1869696, -1098868, 600264, 'Up']
[2249200, 2078096, -659615, -503629, 364630, 814181, 250817, 377867, 1418974, 972446, 518467, 1150123, 1437672, 1870093, -1083956, 588651, 'Up']
[2249132, 2091010, -679794, -501537, 356753, 809364, 262435, 383555, 1420697, 977705, 478182, 1163617, 1419311, 1868913, -1099377, 609258, 'Up']
[2249495, 2077257, -658034, -503431, 366616, 814687, 250229, 378502, 1420222, 973893, 511832, 1136350, 1436004, 1870326, -1084948, 578990, 'Up']
[2248503, 2091329, -681374, -502279, 354668, 808927, 262675, 382246, 1419563, 976512, 485112, 1175878, 1420688, 1868305, -1099839, 617294, 'Up']
[2250051, 2077230, -656937, -502637, 368683, 815834, 250452, 379569, 1421774, 976348, 504685, 1125047, 1434119, 1871027, -1086091, 571986, 'Up']
[2248355, 2091441, -681830, -502495, 353750, 809305, 262594, 381176, 1418743, 975635, 492937, 1187299, 1422849, 1868878, -1098821, 624746, 'Up']
[2250660, 2077605, -656178, -501439, 370781, 816435, 251478, 379907, 1423317, 978735, 497127, 1115686, 1432421, 1872219, -1086691, 566063, 'Up']
[2248019, 2090764, -681058, -502576, 353164, 809382, 262520, 381438, 1417873, 974546, 501039, 1196328, 1425309, 1869056, -1096799, 629866, 'Up']
[2251021, 2078463, -656280, -500668, 371731, 816848, 252800, 381385, 1424703, 980862, 489296, 1108006, 1430266, 1872690, -1087197, 561522, 'Up']
[2247762, 2089837, -679799, -503190, 352828, 809682, 261777, 380188, 1416863, 973413, 508561, 1202090, 1428206, 1869156, -1094933, 632723, 'Up']
[2251098, 2079502, -657588, -500331, 371810, 816436, 253491, 381587, 1425743, 982674, 482048, 1104208, 1427906, 1872880, -1088703, 560476, 'Up']
[2247669, 2088401, -677860, -503636, 352871, 809881, 258719, 379623, 1416271, 972614, 515401, 1204795, 1430673, 1868886, -1093051, 633274, 'Up']
[2251036, 2081125, -659884, -500053, 371068, 815729, 256060, 381850, 1425770, 983526, 475449, 1103464, 1425300, 1872449, -1090804, 561360, 'Up']
[2247919, 2087276, -675450, -503885, 353671, 810452, 258760, 378169, 1416084, 972432, 521064, 1203805, 1433185, 1869040, -1090781, 630841, 'Up']
[2251601, 2083478, -662645, -499550, 369740, 815394, 257153, 383225, 1426695, 985263, 471241, 1105897, 1422947, 1872778, -1092146, 564037, 'Up']
[2248060, 2085442, -673165, -504586, 354366, 810646, 255874, 377276, 1416311, 972567, 525305, 1199785, 1434865, 1869218, -1089076, 626402, 'Up']
[2251127, 2084970, -666293, -499948, 367426, 813848, 257612, 382493, 1426116, 985374, 467760, 1111456, 1420368, 1871971, -1095138, 569146, 'Up']
[2248048, 2083681, -669964, -504160, 356555, 811757, 255104, 378181, 1416337, 972698, 527287, 1192161, 1436297, 1869662, -1087263, 619675, 'Up']
[2250751, 2086788, -669163, -499268, 365825, 813579, 260239, 384439, 1425583, 985648, 466580, 1119767, 1419121, 1872311, -1095906, 576196, 'Up']
[2247782, 2081218, -666531, -504133, 358568, 812621, 253053, 377171, 1417001, 973465, 527331, 1182243, 1437240, 1870647, -1085293, 611871, 'Up']
[2249737, 2087889, -672640, -499867, 363239, 811963, 260736, 383885, 1424107, 984739, 467053, 1130974, 1417803, 1871637, -1097522, 585630, 'Up']
[2247714, 2079096, -663764, -504504, 360559, 812662, 251126, 376585, 1417694, 974382, 524925, 1170286, 1437461, 1870657, -1084293, 603194, 'Up']
[2248855, 2088966, -675631, -500554, 360585, 810691, 260642, 382789, 1423044, 983510, 469415, 1142708, 1417433, 1870297, -1098887, 594214, 'Up']
[2247561, 2077499, -661108, -504210, 362752, 813325, 250676, 376227, 1418455, 975581, 520782, 1157500, 1436942, 1870716, -1084170, 593594, 'Up']
[2248364, 2089706, -678344, -501184, 357708, 809385, 262310, 382951, 1421754, 982652, 474143, 1156179, 1417827, 1869772, -1099481, 603937, 'Up']
[2248235, 2076379, -658945, -504400, 364463, 813433, 249401, 376710, 1419760, 976761, 515098, 1144211, 1436155, 1870511, -1084521, 584369, 'Up']
[2248466, 2090772, -679805, -501950, 355446, 808629, 262345, 382855, 1420655, 981220, 480463, 1168818, 1419110, 1869211, -1099480, 612374, 'Up']
[2249330, 2076722, -656850, -503372, 367023, 814492, 249284, 377553, 1421311, 978782, 508821, 1131794, 1434683, 1870828, -1084521, 575476, 'Up']
[2247769, 2090942, -681167, -502454, 353545, 808406, 261949, 381661, 1419208, 979695, 487836, 1181035, 1420372, 1868441, -1098963, 620117, 'Up']
[2249244, 2076687, -656272, -502509, 368667, 815112, 249737, 378761, 1422438, 980890, 500914, 1120814, 1432389, 1871678, -1085379, 568327, 'Up']
[2246612, 2089992, -681509, -502883, 352001, 808374, 261348, 381265, 1417819, 978330, 495250, 1190916, 1422514, 1868751, -1097623, 625975, 'Up']
[2248857, 2076414, -656299, -501769, 369860, 815329, 250218, 379162, 1423241, 982083, 492940, 1112347, 1429873, 1871934, -1086716, 563853, 'Up']
[2246472, 2089419, -680458, -502807, 352252, 808587, 261021, 380884, 1417045, 976920, 503405, 1198627, 1425083, 1868803, -1096073, 630784, 'Up']
[2248878, 2076828, -657182, -501277, 370770, 815207, 250981, 380830, 1424674, 984334, 485515, 1105458, 1427925, 1872705, -1087735, 559957, 'Up']
[2245063, 2086735, -679611, -503950, 352123, 808139, 259773, 379527, 1415858, 975336, 510178, 1202505, 1427607, 1868220, -1094623, 632027, 'Up']
[2247269, 2076298, -659672, -501771, 370100, 814010, 252820, 380440, 1424349, 984861, 477665, 1101841, 1425481, 1872062, -1090062, 558815, 'Up']
[2243583, 2083838, -678221, -505459, 351627, 807878, 257516, 378170, 1414463, 973666, 515985, 1203224, 1429335, 1868255, -1092915, 631223, 'Up']
[2246738, 2077441, -662511, -501694, 368965, 813470, 253529, 381525, 1424202, 985155, 471489, 1102416, 1421750, 1871813, -1092125, 561084, 'Up']
[2242105, 2080881, -676978, -506657, 351710, 807981, 254422, 376170, 1413673, 972693, 520597, 1200612, 1430965, 1868223, -1091206, 628096, 'Up']
[2244957, 2078096, -666963, -502196, 366808, 812447, 254308, 381091, 1423012, 984885, 466371, 1105581, 1418735, 1870757, -1095247, 564753, 'Up']
[2241555, 2078864, -674540, -506616, 353477, 809633, 254209, 377016, 1412991, 972097, 523324, 1194830, 1432541, 1868182, -1089858, 622800, 'Up']
[2244239, 2079526, -670313, -502278, 365052, 812286, 257103, 382920, 1422658, 984916, 463970, 1112401, 1417010, 1870967, -1096706, 571010, 'Up']
[2241285, 2076140, -671316, -507250, 355522, 810428, 251641, 376164, 1413064, 971797, 523995, 1186026, 1433972, 1868555, -1088581, 615941, 'Up']
[2244404, 2081573, -672950, -502240, 363416, 811350, 258456, 382525, 1421477, 984228, 463263, 1121692, 1415756, 1870472, -1099362, 579204, 'Up']
[2242866, 2075851, -667317, -506541, 358915, 811492, 252612, 376875, 1414531, 973343, 523979, 1174859, 1435203, 1869533, -1086993, 606959, 'Up']
[2244630, 2083712, -675805, -502646, 361267, 810147, 260112, 382806, 1421617, 984502, 466001, 1132406, 1415694, 1870330, -1100140, 586227, 'Up']
[2243729, 2074784, -664203, -506550, 361208, 812078, 251136, 375754, 1415653, 974568, 521581, 1162487, 1434936, 1869680, -1086476, 597510, 'Up']
[2244754, 2085411, -678783, -503432, 358684, 809324, 260640, 382434, 1420807, 983623, 470184, 1145616, 1415726, 1869691, -1100595, 596725, 'Up']
[2244825, 2074526, -661601, -505992, 364035, 812982, 250267, 376128, 1417237, 976209, 517559, 1149743, 1434654, 1869861, -1085722, 588967, 'Up']
[2245486, 2087944, -680500, -503039, 357023, 809325, 262013, 382529, 1420421, 983339, 476414, 1158804, 1417048, 1869775, -1099832, 606167, 'Up']
[2246558, 2075169, -659122, -504660, 366596, 814741, 250117, 377656, 1419508, 979137, 512775, 1137036, 1434076, 1871275, -1084628, 579859, 'Up']
[2245754, 2089262, -681747, -502899, 355106, 809119, 262554, 382263, 1419681, 982573, 483817, 1171749, 1418461, 1869592, -1098989, 614573, 'Up']
[2247143, 2075257, -657516, -503385, 368512, 815520, 250453, 378733, 1421473, 981629, 506279, 1125109, 1432778, 1872061, -1084342, 571507, 'Up']
[2245606, 2089466, -682340, -502927, 353899, 808978, 262629, 381720, 1418490, 981534, 491499, 1183361, 1420559, 1869519, -1097509, 621818, 'Up']
[2247418, 2074978, -657364, -502886, 369468, 815489, 250438, 379392, 1422733, 983613, 498632, 1115331, 1430739, 1872277, -1084962, 565501, 'Up']
[2245580, 2089176, -682496, -503205, 352461, 808832, 261492, 381535, 1417304, 979767, 499190, 1192931, 1422592, 1869079, -1096424, 628199, 'Up']
[2248610, 2076613, -657884, -501652, 370598, 815798, 251477, 380328, 1424293, 986018, 490776, 1106960, 1428684, 1873154, -1086080, 560974, 'Up']
[2245420, 2088396, -681843, -504228, 351551, 808358, 260911, 379580, 1416582, 978966, 506969, 1198504, 1425136, 1869366, -1094549, 630247, 'Up']
[2248822, 2078079, -659122, -501761, 370190, 814892, 251625, 380312, 1424892, 987337, 483326, 1102440, 1425586, 1872752, -1088446, 558850, 'Up']
[2245627, 2087823, -679971, -504973, 351565, 808231, 259202, 378859, 1416186, 977968, 514080, 1202190, 1427684, 1869120, -1093523, 631263, 'Up']
[2248376, 2079000, -661759, -502403, 369182, 813724, 252165, 380031, 1425250, 987870, 476432, 1100885, 1422841, 1872172, -1091132, 559042, 'Up']
[2245121, 2085532, -678203, -505794, 351956, 808288, 257055, 377826, 1415327, 976669, 519362, 1202314, 1429722, 1868347, -1092173, 630390, 'Up']
[2248677, 2080739, -663850, -501451, 369055, 813464, 254848, 381519, 1425790, 989004, 471083, 1102772, 1420674, 1871863, -1093058, 562358, 'Up']
[2245598, 2083893, -674435, -505581, 354204, 809423, 255683, 377532, 1416036, 976890, 524300, 1198446, 1432618, 1869001, -1089712, 626374, 'Up']
[2249169, 2082790, -666034, -500954, 368136, 812915, 256716, 382905, 1425924, 989691, 468091, 1107973, 1419248, 1872029, -1094630, 567283, 'Up']
[2246258, 2082089, -670799, -505570, 356395, 809937, 255139, 377135, 1416709, 977104, 527177, 1191904, 1434742, 1869246, -1087476, 620315, 'Up']
[2248959, 2084593, -669237, -500940, 366057, 812137, 258359, 382560, 1425984, 989906, 466805, 1115890, 1418095, 1871707, -1095815, 573711, 'Up']
[2246398, 2080435, -667639, -505345, 357921, 811422, 251932, 376224, 1416917, 977693, 527384, 1182526, 1435738, 1870375, -1086156, 612530, 'Up']
[2249111, 2087217, -672169, -500432, 363709, 811963, 259711, 383439, 1425082, 989646, 467123, 1126864, 1416636, 1871622, -1097418, 582788, 'Up']
[2247010, 2079351, -664547, -504984, 359990, 812718, 250346, 375710, 1418064, 978690, 526136, 1171540, 1436094, 1870492, -1084839, 604126, 'Up']
[2248595, 2088819, -675300, -500765, 360755, 811245, 261119, 383394, 1424336, 988901, 469992, 1139340, 1416248, 1871250, -1098707, 592114, 'Up']
[2247606, 2078421, -661369, -504405, 362715, 813310, 251164, 376511, 1419411, 980013, 522575, 1158988, 1435882, 1871086, -1084158, 595249, 'Up']
[2248269, 2090030, -677713, -501291, 358621, 809781, 261443, 382956, 1423274, 987852, 474600, 1152290, 1416640, 1870927, -1098761, 601492, 'Up']
[2247868, 2076811, -659362, -504577, 364898, 813535, 249203, 376862, 1420428, 981355, 517509, 1145429, 1434841, 1871378, -1084184, 585412, 'Up']
[2247666, 2090122, -680165, -502369, 356411, 808753, 261765, 382096, 1421762, 986075, 480222, 1164991, 1417563, 1869758, -1099111, 610169, 'Up']
[2247929, 2075598, -657975, -504344, 367180, 814154, 248453, 376760, 1421553, 982846, 510765, 1132250, 1433702, 1871740, -1084369, 576340, 'Up']
[2246755, 2089778, -681868, -503167, 354239, 807763, 261576, 381614, 1419918, 984174, 486728, 1177260, 1419052, 1869206, -1099018, 618557, 'Up']
[2248374, 2075479, -657011, -503705, 368860, 813581, 249857, 378248, 1422734, 984433, 503148, 1121089, 1431838, 1871642, -1085173, 569449, 'Up']
[2246716, 2089912, -681960, -503624, 352872, 807093, 261106, 381088, 1419048, 982942, 494694, 1187308, 1421116, 1868951, -1097968, 624357, 'Up']
[2248644, 2075891, -656892, -503084, 369543, 813757, 249750, 378428, 1423775, 986417, 495511, 1111711, 1429174, 1872200, -1086603, 563739, 'Up']
[2246098, 2089127, -681703, -504194, 351688, 806503, 260238, 379838, 1417392, 980977, 502390, 1195692, 1422955, 1868463, -1096981, 629657, 'Up']
[2249290, 2077435, -657333, -501840, 370691, 813321, 251531, 379225, 1424951, 988108, 487555, 1104865, 1426745, 1872426, -1087785, 560222, 'Up']
[2246089, 2088408, -680145, -504362, 351458, 806616, 258643, 379291, 1416919, 980199, 510137, 1200486, 1425672, 1868752, -1094632, 631286, 'Up']
[2248614, 2077752, -659261, -502286, 369932, 812880, 252265, 380025, 1425069, 988997, 480290, 1101422, 1424037, 1871806, -1089673, 558813, 'Up']
[2245506, 2086668, -678432, -505427, 351606, 806661, 257768, 377446, 1415489, 978213, 516097, 1202664, 1427394, 1867437, -1093292, 632049, 'Up']
[2249052, 2080056, -661279, -501677, 369469, 812592, 252816, 380739, 1425787, 990289, 474553, 1101397, 1421277, 1871742, -1091473, 560916, 'Up']
[2245668, 2085038, -675841, -505892, 352527, 807451, 256259, 377055, 1415589, 978050, 521762, 1201213, 1430016, 1868244, -1091125, 629793, 'Up']
[2248821, 2081360, -664605, -501830, 367992, 811845, 254241, 381424, 1425884, 990571, 469690, 1104425, 1418991, 1871793, -1093334, 564702, 'Up']
[2245063, 2082245, -673790, -506790, 353750, 807537, 253840, 375999, 1415492, 977231, 524919, 1195474, 1431720, 1868140, -1089224, 624344, 'Up']
[2248064, 2082634, -668276, -501951, 366217, 810448, 256619, 381955, 1425213, 990236, 466341, 1109585, 1416767, 1870434, -1095217, 569290, 'Up']
[2244536, 2079756, -671020, -507179, 355196, 807897, 251740, 375088, 1415525, 977321, 526184, 1186860, 1433086, 1868149, -1087418, 616368, 'Up']
[2247052, 2083636, -672311, -502836, 363098, 808657, 256167, 380402, 1423834, 989446, 465037, 1118656, 1414858, 1869381, -1097695, 576706, 'Up']
[2244454, 2077435, -668281, -507456, 356958, 808105, 249503, 373808, 1415883, 977139, 525188, 1175848, 1433427, 1867590, -1087085, 607964, 'Up']
[2246821, 2085298, -675046, -502523, 361185, 808109, 258657, 381938, 1423032, 988513, 465922, 1129478, 1414274, 1869046, -1098955, 585423, 'Up']
[2244934, 2075974, -664692, -507129, 359557, 809084, 247927, 373998, 1416772, 978093, 522733, 1163880, 1433834, 1868448, -1085744, 599446, 'Up']
[2246585, 2087001, -677648, -503121, 358838, 806973, 259286, 381074, 1421788, 987275, 469201, 1141701, 1414092, 1868343, -1100067, 594871, 'Up']
[2245546, 2075115, -661609, -507022, 362102, 809929, 246739, 373938, 1418227, 979710, 518868, 1150484, 1433806, 1868656, -1085184, 589686, 'Up']
[2246365, 2088285, -679596, -503806, 356829, 806378, 260643, 380779, 1420956, 986068, 474388, 1155112, 1414862, 1867509, -1100529, 604644, 'Up']
[2246565, 2074971, -658914, -506097, 365179, 811016, 247616, 374745, 1419990, 981861, 513498, 1138298, 1433080, 1869424, -1084704, 581405, 'Up']
[2245867, 2088647, -681268, -504483, 354484, 805641, 259984, 379565, 1419951, 984942, 481234, 1168144, 1416662, 1867426, -1100465, 613191, 'Up']
[2246973, 2074367, -657780, -505498, 366755, 811476, 248214, 375982, 1421028, 983182, 506288, 1126087, 1431343, 1869456, -1085766, 573296, 'Up']
[2245583, 2088896, -682065, -504531, 352716, 805517, 260478, 379581, 1418885, 983929, 488565, 1179375, 1418385, 1867451, -1099394, 620155, 'Up']
[2246853, 2074051, -657478, -504868, 367931, 811899, 247545, 376381, 1422289, 985104, 498633, 1114836, 1429237, 1870071, -1086746, 565412, 'Up']
[2244852, 2088007, -682542, -505088, 351252, 805094, 258960, 378896, 1417254, 981877, 496271, 1189016, 1420152, 1866894, -1098624, 625729, 'Up']
[2247312, 2074774, -657236, -503440, 369256, 812299, 248834, 377695, 1423511, 987024, 490794, 1106784, 1427258, 1870678, -1087756, 560807, 'Up']
[2244414, 2086887, -681409, -505203, 350517, 805239, 258062, 377734, 1416340, 980687, 504136, 1196296, 1423035, 1867415, -1096708, 629491, 'Up']
[2247526, 2075792, -658377, -502788, 369747, 811952, 249942, 378527, 1424004, 988146, 482978, 1102150, 1424469, 1870919, -1089344, 559375, 'Up']
[2244116, 2085690, -680213, -505900, 350599, 805293, 257016, 377144, 1415494, 979464, 511135, 1200456, 1425495, 1867306, -1094578, 631451, 'Up']
[2247290, 2076897, -660990, -503060, 368906, 811032, 250051, 378909, 1424538, 989553, 476146, 1099931, 1421769, 1870793, -1091189, 559270, 'Up']
[2243753, 2083964, -678441, -507185, 350993, 804938, 256180, 375770, 1414480, 977997, 516909, 1200977, 1427687, 1866591, -1092934, 630539, 'Up']
[2247740, 2079204, -663163, -502844, 368243, 810626, 253004, 379313, 1424787, 990279, 470518, 1100624, 1419492, 1870209, -1092674, 561303, 'Up']
[2244114, 2082777, -675674, -507586, 351978, 805965, 253005, 375075, 1414789, 978035, 521975, 1197649, 1430149, 1866925, -1090789, 626704, 'Up']
[2247396, 2080842, -666346, -503081, 366297, 809755, 254076, 380399, 1424630, 990864, 466758, 1105151, 1417300, 1869911, -1095438, 565613, 'Up']
[2243939, 2080550, -672549, -508015, 353547, 806174, 251686, 374725, 1414346, 977544, 524480, 1192002, 1431547, 1866958, -1089703, 621481, 'Up']
[2247116, 2082418, -669174, -502962, 364790, 808415, 255067, 380353, 1424308, 990693, 464688, 1112719, 1415657, 1869247, -1097090, 572143, 'Up']
[2243860, 2078114, -669178, -507632, 355800, 807030, 250400, 374720, 1414975, 977764, 525461, 1182826, 1432842, 1866997, -1087730, 613724, 'Up']
[2245991, 2083199, -672711, -502892, 362365, 807637, 256962, 381196, 1422909, 989505, 464362, 1122664, 1413997, 1868678, -1098508, 580371, 'Up']
[2243520, 2075438, -666470, -507643, 357849, 807520, 247804, 373572, 1415240, 977846, 523858, 1171418, 1432928, 1867493, -1086483, 605099, 'Up']
[2244894, 2084155, -676290, -503468, 359721, 806265, 257454, 380583, 1421123, 987909, 465954, 1134130, 1412915, 1867852, -1099916, 589401, 'Up']
[2244180, 2074776, -663287, -506807, 360889, 809085, 248185, 374512, 1416250, 979105, 520413, 1158363, 1433151, 1868148, -1085299, 595522, 'Up']
[2244965, 2085862, -678626, -503892, 357211, 806234, 259149, 380701, 1420779, 987487, 470439, 1146701, 1413895, 1868212, -1099791, 597947, 'Up']
[2244259, 2073396, -661033, -507530, 362350, 809672, 246393, 374401, 1417319, 980288, 515317, 1145651, 1432056, 1868582, -1085582, 586268, 'Up']
[2244086, 2086656, -681143, -505503, 354368, 804728, 258464, 379197, 1419051, 985647, 475489, 1159916, 1413976, 1867163, -1101181, 607315, 'Up']
[2244538, 2072802, -659793, -507756, 363757, 809669, 244748, 373922, 1418536, 981809, 508935, 1132576, 1430403, 1868757, -1086775, 577077, 'Up']
[2243832, 2086993, -682867, -506370, 351762, 803525, 258468, 378302, 1417687, 983829, 482374, 1172447, 1415025, 1866583, -1101667, 615427, 'Up']
[2245057, 2072531, -658786, -507093, 365638, 809472, 246354, 374572, 1419635, 983286, 501712, 1121045, 1428440, 1868799, -1087332, 569748, 'Up']
[2243069, 2086492, -683678, -506835, 350215, 802708, 257493, 377510, 1416259, 982019, 489981, 1183114, 1417107, 1865964, -1100317, 622575, 'Up']
[2244674, 2072045, -658700, -506531, 366752, 809396, 245865, 374620, 1420761, 984667, 493607, 1110791, 1426380, 1868942, -1088356, 563378, 'Up']
[2242294, 2085404, -683553, -507241, 349446, 802608, 256988, 376377, 1414765, 979860, 497478, 1191210, 1418972, 1865049, -1098955, 627142, 'Up']
[2244974, 2072667, -659589, -505761, 367790, 809518, 246835, 376047, 1421779, 986076, 485773, 1102910, 1423864, 1868922, -1088966, 558783, 'Up']
[2241694, 2083645, -683276, -508446, 348462, 802285, 254385, 375428, 1413600, 978255, 504595, 1196127, 1421303, 1864758, -1097212, 628829, 'Up']
[2245066, 2073460, -661304, -505601, 367703, 809502, 248758, 377821, 1422695, 987182, 478184, 1098442, 1421299, 1868528, -1090562, 556675, 'Up']
[2241322, 2081978, -682057, -509446, 348413, 802473, 254291, 374582, 1412884, 976949, 511427, 1198743, 1423947, 1864626, -1094990, 629123, 'Up']
[2245003, 2075177, -663797, -505560, 367104, 808885, 250670, 378112, 1422802, 988119, 471634, 1097632, 1418566, 1868281, -1092681, 557265, 'Up']
[2241542, 2081265, -679564, -509684, 349088, 803618, 252686, 374264, 1412671, 976500, 517121, 1198056, 1426346, 1864979, -1093130, 626895, 'Up']
[2245336, 2077938, -666184, -505091, 365118, 808661, 250697, 378484, 1422849, 989288, 467116, 1100692, 1415981, 1868434, -1095042, 560590, 'Up']
[2242432, 2080909, -676100, -509201, 350272, 804705, 250645, 373232, 1412923, 976859, 521803, 1194581, 1428283, 1865740, -1091298, 622956, 'Up']
[2245498, 2080887, -669026, -504196, 363619, 808235, 252201, 378526, 1423015, 990052, 464621, 1107303, 1414182, 1868846, -1096514, 566707, 'Up']
[2242379, 2079614, -672605, -508497, 352758, 806093, 249271, 373441, 1413524, 976896, 524202, 1187667, 1430139, 1866619, -1088984, 616927, 'Up']
[2244864, 2082457, -672182, -503982, 361661, 807993, 254036, 380127, 1422662, 989630, 463713, 1115813, 1413074, 1869032, -1097805, 573660, 'Up']
[2242909, 2077521, -669599, -508265, 354948, 807065, 247931, 373466, 1413863, 977089, 524062, 1178590, 1430889, 1866819, -1087790, 610020, 'Up']
[2245195, 2083996, -675278, -503770, 360190, 807210, 255779, 380643, 1422040, 989249, 464673, 1127047, 1412419, 1868673, -1098912, 582694, 'Up']
[2243222, 2074921, -666747, -508770, 357609, 807262, 247237, 373290, 1415502, 978500, 522420, 1166323, 1432153, 1867631, -1086021, 600276, 'Up']
[2244119, 2084019, -679257, -505598, 356899, 804595, 255554, 379336, 1420590, 987412, 467098, 1138836, 1411916, 1867183, -1100450, 591462, 'Up']
[2243197, 2073024, -664729, -509134, 359641, 807272, 246506, 372933, 1416021, 979012, 517868, 1153344, 1431176, 1867308, -1086298, 590875, 'Up']
[2244066, 2085530, -681735, -505866, 354909, 803919, 257747, 379372, 1419582, 986661, 471433, 1151841, 1412389, 1867117, -1100862, 600606, 'Up']
[2243760, 2072271, -662503, -509080, 361690, 807718, 244597, 372625, 1417644, 980658, 512298, 1139969, 1430871, 1868077, -1086096, 580834, 'Up']
[2243540, 2086461, -683695, -506703, 352146, 802684, 257520, 378385, 1418429, 984982, 477634, 1164569, 1413860, 1866037, -1101200, 608576, 'Up']
[2243858, 2071854, -661128, -508523, 363174, 807602, 243865, 373060, 1418767, 982424, 505790, 1127787, 1429336, 1868098, -1086651, 572077, 'Up']
[2242334, 2086296, -685477, -507321, 349498, 801402, 255851, 376895, 1416197, 982659, 484275, 1177064, 1414829, 1865059, -1101590, 616831, 'Up']
[2244105, 2071851, -660276, -507235, 365274, 808479, 245025, 374084, 1419819, 984054, 498216, 1116656, 1426871, 1868439, -1087627, 564706, 'Up']
[2241561, 2085231, -685816, -507904, 348432, 801555, 256860, 376995, 1414909, 980676, 492374, 1186613, 1416562, 1864803, -1100246, 622462, 'Up']
[2243496, 2071316, -660996, -507383, 365401, 808157, 244680, 374074, 1419852, 984474, 489631, 1107195, 1423716, 1867899, -1089909, 559536, 'Up']
[2240635, 2084060, -685487, -509153, 347273, 800890, 255250, 374373, 1413127, 978798, 499698, 1194078, 1418567, 1864459, -1099957, 626931, 'Up']
[2243722, 2072285, -661850, -507378, 366093, 808001, 246112, 375304, 1420888, 986052, 481911, 1101420, 1421455, 1868053, -1092131, 556772, 'Up']
[2240751, 2083065, -684039, -510283, 347433, 801388, 254738, 373965, 1412419, 977237, 506966, 1198588, 1420985, 1863863, -1098965, 628845, 'Up']
[2244461, 2073830, -663099, -507163, 366455, 808075, 248289, 376293, 1422119, 987422, 475725, 1097990, 1419116, 1867977, -1093991, 555802, 'Up']
[2241273, 2081946, -681440, -510705, 348269, 801797, 253024, 373174, 1412513, 976554, 514260, 1199414, 1424133, 1864204, -1096796, 627932, 'Up']
[2245008, 2076382, -665156, -506292, 365804, 807420, 248960, 376979, 1422776, 988666, 470334, 1098088, 1417000, 1867879, -1095994, 557026, 'Up']
[2241533, 2080986, -678392, -510184, 349459, 802831, 252517, 374205, 1412484, 976543, 519738, 1197131, 1426665, 1864783, -1094245, 624186, 'Up']
[2245173, 2078704, -667602, -505428, 364535, 807205, 251228, 378256, 1423095, 989688, 466780, 1102715, 1415025, 1868569, -1096877, 561425, 'Up']
[2242017, 2079562, -675474, -509958, 350803, 803129, 249380, 372487, 1412869, 976688, 523360, 1192461, 1428788, 1865485, -1091904, 619968, 'Up']
[2245200, 2080864, -670672, -504789, 362937, 806218, 254052, 378941, 1422946, 989882, 464395, 1109564, 1413541, 1868154, -1098271, 567911, 'Up']
[2241958, 2077685, -672189, -509503, 353275, 804329, 248998, 372820, 1413788, 977312, 524931, 1184065, 1430811, 1866088, -1089011, 613189, 'Up']
[2243711, 2081650, -674751, -505387, 360468, 805040, 255238, 379014, 1422043, 989501, 463627, 1119039, 1412392, 1867466, -1099160, 576066, 'Up']
[2241127, 2074592, -669936, -510276, 354885, 804999, 246989, 372426, 1413554, 977074, 523113, 1172859, 1430758, 1865773, -1088069, 604753, 'Up']
[2242664, 2081977, -679096, -506734, 357201, 803846, 254008, 378909, 1420042, 987558, 464081, 1129857, 1411119, 1866276, -1101225, 584954, 'Up']
[2241755, 2072863, -667379, -510658, 357035, 805658, 246263, 372026, 1414003, 977537, 519798, 1160037, 1430534, 1865461, -1088070, 595603, 'Up']
[2243103, 2084111, -681123, -506718, 355318, 803351, 257130, 378935, 1419473, 987155, 468394, 1142253, 1411367, 1866017, -1101591, 593859, 'Up']
[2242085, 2071527, -664488, -510420, 359180, 806154, 243989, 372049, 1415673, 979210, 515858, 1146432, 1430328, 1866323, -1087100, 585434, 'Up']
[2241558, 2083708, -683653, -508077, 352173, 801667, 256063, 378526, 1417336, 984394, 472984, 1155023, 1411479, 1864713, -1102819, 602761, 'Up']
[2242346, 2070541, -661919, -509836, 361958, 806627, 245215, 372925, 1416573, 980263, 509287, 1133235, 1429084, 1866217, -1087413, 576560, 'Up']
[2241670, 2084817, -684596, -508129, 350438, 800899, 256700, 377307, 1416243, 983147, 479751, 1168085, 1413050, 1864490, -1102470, 611744, 'Up']
[2243250, 2070648, -659945, -508706, 363689, 806986, 243972, 373060, 1418444, 982316, 502547, 1121129, 1427513, 1867020, -1088300, 568345, 'Up']
[2242062, 2085263, -684575, -507930, 348886, 800347, 256516, 376472, 1415692, 982133, 487857, 1179585, 1415134, 1864768, -1101770, 618737, 'Up']
[2243942, 2070943, -659445, -507843, 364984, 807262, 244077, 373998, 1420150, 984310, 495313, 1111413, 1425802, 1867728, -1088992, 562640, 'Up']
[2240860, 2084071, -685299, -509175, 347086, 800017, 254690, 375472, 1414268, 980456, 495590, 1188635, 1417360, 1864182, -1100670, 624486, 'Up']
[2243365, 2071187, -661032, -507919, 365647, 807041, 245726, 374710, 1420292, 985202, 486550, 1103129, 1422844, 1867341, -1090935, 558477, 'Up']
[2239883, 2082911, -685480, -510351, 346612, 800443, 253391, 374700, 1413102, 978830, 502611, 1194617, 1419824, 1864266, -1098966, 627733, 'Up']
[2242998, 2072143, -663116, -508027, 365625, 807143, 246969, 375463, 1420722, 986561, 478455, 1097559, 1419838, 1867652, -1092921, 555915, 'Up']
[2239938, 2082002, -683965, -510874, 346908, 800857, 253872, 374256, 1411927, 977476, 509228, 1197599, 1421987, 1864219, -1097302, 628562, 'Up']
[2243287, 2073700, -664736, -507510, 365276, 806897, 247738, 377397, 1421761, 988031, 472151, 1095457, 1418015, 1867890, -1094365, 555508, 'Up']
[2239832, 2080063, -681325, -511628, 347186, 800720, 250903, 373555, 1411426, 975958, 515034, 1197421, 1424238, 1863674, -1096000, 626790, 'Up']
[2243093, 2074993, -667208, -507462, 363721, 805479, 248056, 376880, 1421696, 988330, 466716, 1097327, 1414970, 1867096, -1096704, 558267, 'Up']
[2239482, 2077910, -678457, -511806, 348339, 800696, 249258, 372641, 1411011, 975236, 519183, 1193563, 1425934, 1863383, -1094235, 622784, 'Up']
[2243038, 2076905, -669917, -506870, 362551, 804645, 249946, 377808, 1421324, 988388, 463184, 1102215, 1412770, 1866591, -1098505, 563341, 'Up']
[2240263, 2076322, -674816, -511471, 350464, 801876, 247947, 372241, 1411838, 975623, 522459, 1187131, 1428075, 1864157, -1091804, 616757, 'Up']
[2243058, 2078774, -673279, -506964, 360364, 803560, 251912, 377653, 1421078, 988599, 462221, 1110759, 1411346, 1866262, -1099910, 570129, 'Up']
[2240182, 2074041, -672449, -511984, 352108, 802303, 246658, 371467, 1412126, 975816, 522970, 1177729, 1429128, 1864316, -1090507, 608876, 'Up']
[2242145, 2079951, -677172, -507449, 357944, 802755, 253643, 378439, 1419965, 987597, 462279, 1120867, 1410500, 1865803, -1101680, 578140, 'Up']
[2239576, 2071540, -669982, -512591, 353961, 802625, 244026, 370309, 1412617, 976081, 520802, 1165724, 1429548, 1864640, -1089444, 599473, 'Up']
[2241282, 2081100, -680566, -508274, 355159, 801183, 253665, 377564, 1418345, 985980, 463931, 1132428, 1409302, 1864604, -1103379, 586797, 'Up']
[2240144, 2070443, -666847, -512142, 356547, 803346, 243003, 370898, 1413642, 977305, 517032, 1152429, 1429254, 1864553, -1088567, 589883, 'Up']
[2240835, 2082051, -683104, -509024, 352440, 800083, 253800, 377322, 1417090, 984316, 468020, 1144742, 1409597, 1863992, -1103897, 595554, 'Up']
[2240662, 2069298, -664206, -511465, 359211, 804357, 242590, 371735, 1414841, 978417, 511725, 1138607, 1428491, 1865111, -1088319, 579868, 'Up']
[2240465, 2082897, -684752, -508975, 350533, 799809, 255224, 377588, 1415854, 982908, 473999, 1158142, 1410836, 1863471, -1103332, 604968, 'Up']
[2241121, 2068893, -662272, -510634, 361377, 804985, 242976, 372325, 1416205, 980381, 505391, 1126507, 1427527, 1865839, -1087824, 572131, 'Up']
[2240171, 2083433, -686097, -509492, 348732, 798909, 254596, 376957, 1414353, 981237, 480700, 1170582, 1412127, 1862750, -1102872, 613516, 'Up']
[2241558, 2068886, -661366, -510266, 363002, 805174, 242205, 372930, 1417411, 981755, 497863, 1114946, 1425322, 1865919, -1088655, 564690, 'Up']
[2240055, 2083632, -686443, -510083, 347448, 797987, 255086, 375831, 1413861, 980396, 488781, 1180969, 1414659, 1863411, -1101218, 619774, 'Up']
[2242279, 2069901, -661472, -509581, 364202, 804017, 243142, 373378, 1418646, 983763, 489978, 1105435, 1423101, 1866551, -1089861, 558795, 'Up']
[2239289, 2082748, -686447, -511017, 345927, 797254, 253524, 374979, 1412493, 978727, 496770, 1189432, 1416620, 1863008, -1100468, 624249, 'Up']
[2242081, 2070459, -662150, -509185, 364945, 804024, 244156, 374421, 1419517, 984941, 482208, 1099020, 1420219, 1866380, -1091839, 555483, 'Up']
[2238985, 2081496, -684986, -511495, 346142, 797168, 252171, 373421, 1411621, 977149, 504323, 1194718, 1419162, 1862875, -1098924, 626674, 'Up']
[2242142, 2071295, -663469, -508430, 365099, 803971, 245671, 376230, 1420327, 986543, 475136, 1095421, 1417919, 1866386, -1093228, 554342, 'Up']
[2238603, 2079480, -683000, -511750, 346792, 797667, 251910, 373952, 1410648, 975965, 510577, 1196722, 1421660, 1862541, -1096686, 627036, 'Up']
[2242285, 2072736, -665583, -507536, 364915, 803762, 247182, 377163, 1420740, 987296, 468614, 1094947, 1415654, 1866186, -1094897, 555708, 'Up']
[2239000, 2078307, -680055, -511255, 347892, 798688, 249697, 373713, 1410718, 975557, 516458, 1195470, 1424373, 1863393, -1094278, 624853, 'Up']
[2242234, 2074928, -668222, -507108, 363338, 803228, 248864, 377929, 1421191, 988650, 464661, 1098274, 1413458, 1866878, -1096597, 559270, 'Up']
[2239372, 2076989, -677136, -511590, 349288, 799334, 248618, 373232, 1410537, 975432, 519936, 1191342, 1425987, 1863430, -1092743, 620571, 'Up']
[2243156, 2077788, -670824, -506726, 362208, 802544, 251295, 378978, 1421315, 989251, 462287, 1105200, 1411831, 1866532, -1098426, 565295, 'Up']
[2240292, 2075563, -673253, -511681, 351375, 799912, 247536, 372801, 1412068, 976332, 522805, 1183244, 1428290, 1863973, -1090357, 612866, 'Up']
[2242977, 2079536, -674007, -507154, 359542, 801169, 251768, 378535, 1420881, 988752, 461725, 1113939, 1410284, 1865636, -1100402, 571696, 'Up']
[2239952, 2073207, -670806, -512316, 352811, 800229, 245356, 371987, 1412315, 976571, 522140, 1173259, 1428662, 1863836, -1089727, 604635, 'Up']
[2241089, 2079868, -678364, -508372, 356254, 799169, 252356, 377828, 1418874, 987155, 461879, 1125414, 1408680, 1864488, -1102593, 581128, 'Up']
