[1401479, 2444663, 1392496, 127492, 1642438, 992184, -371560, 458970, 1496845, 1590357, 717222, 1317492, 1943343, 1601955, 1275290, 1276122, 'Up']
[1401855, 2445088, 1388596, 126925, 1642234, 993112, -370183, 460256, 1495908, 1589833, 713634, 1315278, 1945425, 1603803, 1276706, 1279049, 'Up']
[1401336, 2444597, 1391786, 127341, 1642745, 992545, -370470, 460784, 1495919, 1589827, 715384, 1316164, 1942660, 1601470, 1275348, 1277353, 'Up']
[1401752, 2445096, 1388724, 127185, 1642503, 993726, -369259, 461232, 1495812, 1590186, 715106, 1316130, 1947000, 1604071, 1277537, 1279213, 'Up']
[1401072, 2444474, 1391850, 126883, 1643013, 992315, -371370, 459511, 1495732, 1589832, 713518, 1315170, 1941434, 1601427, 1274821, 1277741, 'Up']
[1401300, 2444782, 1388637, 126733, 1641917, 994105, -370943, 461834, 1495111, 1589621, 716705, 1316689, 1948253, 1604072, 1278501, 1279191, 'Up']
[1400600, 2444105, 1391297, 126479, 1642154, 992264, -371607, 459246, 1495135, 1589566, 711809, 1314105, 1940153, 1601511, 1274711, 1278564, 'Up']
[1401719, 2445126, 1388070, 127250, 1642122, 994424, -370058, 460897, 1494796, 1589387, 717409, 1317191, 1948973, 1603618, 1279168, 1278751, 'Up']
[1401199, 2444517, 1390449, 127043, 1642526, 992664, -370950, 461005, 1495483, 1590065, 710479, 1313917, 1938766, 1602104, 1273776, 1278459, 'Up']
[1401819, 2445053, 1388073, 127954, 1641817, 993944, -369340, 461221, 1494662, 1589610, 718867, 1318094, 1949211, 1603658, 1278712, 1277858, 'Up']
[1401529, 2444781, 1390075, 127756, 1642344, 991999, -371608, 460133, 1495369, 1590529, 709422, 1313552, 1938212, 1602080, 1273112, 1278192, 'Up']
[1402077, 2445386, 1389192, 129161, 1642212, 994181, -369931, 461814, 1494938, 1590280, 720066, 1318926, 1949613, 1603695, 1278152, 1276603, 'Up']
[1401687, 2444963, 1390519, 128471, 1642477, 992264, -370725, 460673, 1495437, 1590893, 709499, 1313550, 1938345, 1602785, 1272502, 1278153, 'Up']
[1401748, 2445140, 1389589, 129847, 1641889, 994121, -370443, 460335, 1494635, 1590220, 721129, 1319440, 1949809, 1603649, 1277846, 1276186, 'Up']
[1401372, 2444858, 1389526, 128508, 1642167, 992398, -370376, 459710, 1494651, 1590616, 709451, 1313416, 1939322, 1603367, 1273248, 1279092, 'Up']
[1401073, 2444628, 1389663, 129239, 1641529, 993760, -371269, 459139, 1494230, 1589934, 720815, 1319293, 1949706, 1603067, 1278038, 1276243, 'Up']
[1401090, 2444619, 1388919, 127820, 1643049, 992585, -368530, 457576, 1494487, 1590033, 708747, 1312753, 1940107, 1602956, 1273567, 1279111, 'Up']
[1400548, 2444084, 1390173, 128897, 1642241, 994176, -370779, 459391, 1494446, 1589400, 720250, 1318258, 1948362, 1602259, 1277198, 1275753, 'Up']
[1400763, 2444470, 1389016, 128023, 1642093, 993326, -370615, 459671, 1494376, 1589537, 709007, 1312475, 1940327, 1603419, 1273445, 1279034, 'Up']
[1400800, 2444625, 1391040, 129650, 1641838, 994523, -369968, 460743, 1494391, 1589505, 719705, 1318167, 1947193, 1602472, 1276578, 1276239, 'Up']
[1401269, 2444946, 1388466, 128510, 1642277, 994045, -368487, 460693, 1495011, 1590280, 710296, 1313746, 1941181, 1603921, 1273852, 1279243, 'Up']
[1400341, 2443815, 1391416, 129032, 1641825, 994293, -369771, 461030, 1494690, 1589418, 718925, 1318060, 1945439, 1602231, 1275728, 1276153, 'Up']
[1400966, 2444206, 1388330, 127939, 1641572, 993772, -369293, 461314, 1494668, 1589627, 711386, 1314121, 1943237, 1603953, 1275049, 1279753, 'Up']
[1400748, 2443863, 1391652, 128700, 1641635, 993289, -369536, 461077, 1494800, 1589390, 717555, 1317449, 1944748, 1601807, 1275299, 1276717, 'Up']
[1402022, 2445416, 1388146, 128501, 1641997, 993742, -370034, 460961, 1495523, 1590380, 712921, 1315539, 1944466, 1604151, 1274962, 1278824, 'Up']
[1401194, 2444794, 1392193, 129116, 1642317, 992861, -369305, 460659, 1495805, 1590291, 716628, 1317592, 1942660, 1601982, 1273597, 1275902, 'Up']
[1401453, 2445260, 1388817, 128602, 1641559, 993342, -370156, 460698, 1495463, 1590161, 715116, 1316571, 1945936, 1604339, 1275744, 1278203, 'Up']
[1400890, 2444619, 1391977, 128915, 1641813, 992006, -371248, 460840, 1495888, 1590058, 715334, 1316341, 1941662, 1601829, 1273570, 1276553, 'Up']
[1401265, 2445130, 1388547, 128982, 1641334, 993804, -369854, 462415, 1495284, 1589746, 716640, 1316789, 1947608, 1604412, 1276648, 1278181, 'Up']
[1401072, 2444728, 1391372, 128957, 1642322, 992598, -371176, 461152, 1495798, 1589989, 713645, 1315438, 1940988, 1601919, 1273723, 1277790, 'Up']
[1401064, 2444621, 1388498, 128956, 1641641, 994543, -369065, 462441, 1495322, 1589640, 717903, 1317867, 1948487, 1604085, 1276915, 1277821, 'Up']
[1400469, 2443747, 1391679, 128314, 1642027, 992441, -369810, 460286, 1495449, 1589543, 712164, 1314734, 1940078, 1601834, 1273355, 1278268, 'Up']
[1401372, 2444490, 1389308, 128950, 1641577, 994470, -370221, 460977, 1495198, 1589348, 719356, 1318701, 1949739, 1603615, 1277960, 1277812, 'Up']
[1400928, 2443948, 1391940, 128343, 1642456, 993082, -370295, 461233, 1495774, 1590092, 711074, 1314684, 1938808, 1601997, 1272356, 1277670, 'Up']
[1401318, 2444544, 1390662, 128900, 1642126, 994913, -367707, 463300, 1495055, 1589686, 720768, 1319687, 1950319, 1603768, 1278303, 1277267, 'Up']
[1401842, 2445480, 1391565, 128067, 1643006, 992837, -370062, 461907, 1495435, 1590265, 710393, 1314567, 1939465, 1602374, 1273258, 1279087, 'Up']
[1401914, 2446023, 1390512, 129113, 1641955, 994507, -371255, 460317, 1495257, 1590043, 721608, 1320422, 1949818, 1604009, 1277302, 1276372, 'Up']
[1401976, 2446374, 1391044, 128472, 1643223, 993503, -368954, 462612, 1495919, 1590515, 710273, 1314370, 1939058, 1602907, 1272421, 1278879, 'Up']
[1401573, 2446285, 1390536, 128488, 1641660, 994103, -368867, 461912, 1495009, 1589281, 721891, 1319961, 1950434, 1603293, 1278438, 1277138, 'Up']
[1402003, 2446913, 1389973, 127537, 1642142, 992609, -369967, 461077, 1496046, 1590290, 708997, 1313501, 1939748, 1603014, 1273399, 1279419, 'Up']
[1401566, 2446450, 1391275, 128265, 1641369, 993617, -370534, 461782, 1495140, 1589270, 721120, 1319424, 1949427, 1602804, 1277828, 1276637, 'Up']
[1401756, 2446477, 1390168, 127219, 1642028, 992461, -369652, 460958, 1495913, 1590326, 709153, 1313686, 1940177, 1603258, 1273411, 1279255, 'Up']
[1401232, 2445766, 1391906, 128187, 1641565, 993487, -371411, 462568, 1495209, 1589252, 720297, 1319204, 1948262, 1602375, 1276987, 1276343, 'Up']
[1402062, 2446260, 1389744, 127169, 1642285, 993032, -370185, 461948, 1495610, 1589834, 709767, 1314066, 1941554, 1603421, 1273852, 1279596, 'Up']
[1401184, 2445124, 1392077, 128319, 1641827, 993510, -370702, 462306, 1495274, 1589393, 719281, 1319240, 1946639, 1602347, 1275909, 1275940, 'Up']
[1401549, 2445462, 1388980, 127241, 1642187, 992648, -369711, 461582, 1495023, 1589684, 710585, 1314860, 1942399, 1603847, 1274176, 1279055, 'Up']
[1400603, 2444532, 1392211, 127856, 1641797, 992319, -370992, 460480, 1494669, 1589008, 717960, 1318504, 1945047, 1601353, 1274944, 1275668, 'Up']
[1401434, 2445578, 1389173, 127763, 1642098, 993114, -370162, 461994, 1494821, 1589535, 711912, 1315716, 1943678, 1603252, 1274477, 1278691, 'Up']
[1400556, 2444833, 1393170, 128514, 1642024, 992629, -369422, 461284, 1494790, 1589325, 716783, 1318520, 1943830, 1601554, 1274367, 1276379, 'Up']
[1401450, 2445852, 1389893, 128410, 1641688, 993534, -368659, 461295, 1494709, 1589481, 713753, 1316826, 1945624, 1603760, 1275709, 1279085, 'Up']
[1400594, 2444911, 1392933, 128355, 1641566, 992174, -370823, 460144, 1494860, 1589530, 715370, 1317484, 1942422, 1601306, 1273655, 1276648, 'Up']
[1401174, 2445517, 1388869, 128225, 1640818, 993462, -371192, 461781, 1494297, 1589532, 715059, 1317281, 1946778, 1603525, 1275868, 1278493, 'Up']
[1400357, 2444595, 1392643, 128727, 1641420, 992079, -370560, 460477, 1494651, 1589798, 713658, 1316375, 1940782, 1601319, 1272631, 1276882, 'Up']
[1400249, 2444427, 1389252, 128277, 1640785, 992996, -368978, 460236, 1493506, 1588985, 716849, 1317906, 1948460, 1603855, 1276848, 1278591, 'Up']
[1400094, 2444093, 1391818, 128031, 1641628, 991626, -369484, 459983, 1494095, 1589429, 711678, 1315300, 1940280, 1600946, 1272587, 1277783, 'Up']
[1400485, 2444483, 1388596, 128301, 1640722, 993310, -368989, 461957, 1493722, 1589263, 717767, 1318387, 1948862, 1603127, 1276393, 1277418, 'Up']
[1399529, 2443428, 1391120, 127338, 1641496, 991664, -370661, 459923, 1493977, 1589540, 710161, 1314572, 1938340, 1600976, 1270850, 1277049, 'Up']
[1399061, 2443074, 1389014, 127808, 1640392, 993295, -369994, 460585, 1492714, 1588462, 718572, 1318424, 1948853, 1602573, 1275986, 1276468, 'Up']
[1398227, 2442297, 1390728, 127049, 1640856, 991530, -369253, 459704, 1492869, 1588617, 708514, 1313361, 1938222, 1600936, 1270978, 1277835, 'Up']
[1397948, 2442296, 1388783, 127692, 1640263, 993261, -369395, 461465, 1491651, 1587607, 718739, 1318346, 1950000, 1602303, 1277002, 1277065, 'Up']
[1397643, 2442193, 1389919, 127269, 1641286, 991927, -369718, 458927, 1492350, 1588528, 707246, 1312437, 1938104, 1601189, 1270856, 1278046, 'Up']
[1397331, 2441950, 1389785, 128665, 1640356, 994348, -368813, 460316, 1491749, 1587875, 719101, 1318500, 1949049, 1602432, 1275857, 1275757, 'Up']
[1396865, 2441362, 1389890, 127654, 1640794, 992775, -369102, 460365, 1492252, 1588375, 706795, 1312383, 1937628, 1601952, 1270263, 1277774, 'Up']
[1396211, 2440776, 1390573, 128890, 1639661, 994119, -370182, 461012, 1491223, 1587329, 718832, 1318416, 1948087, 1602042, 1275310, 1275531, 'Up']
[1396464, 2440854, 1389792, 127615, 1640095, 992607, -369678, 459500, 1491622, 1587989, 706810, 1312037, 1938417, 1602252, 1270680, 1278388, 'Up']
[1395604, 2439890, 1391021, 128323, 1638972, 993128, -370449, 459661, 1490953, 1587006, 718358, 1317718, 1947080, 1601953, 1274584, 1275134, 'Up']
[1395560, 2439575, 1388832, 126795, 1639930, 991787, -370211, 459390, 1491345, 1587412, 706862, 1312029, 1939013, 1601806, 1270782, 1277945, 'Up']
[1394241, 2438136, 1390985, 127002, 1639498, 991908, -368983, 460342, 1490308, 1585934, 717125, 1316681, 1945867, 1600037, 1273902, 1274638, 'Up']
[1394826, 2438745, 1387776, 125666, 1639391, 991204, -369355, 459643, 1490473, 1586189, 707381, 1311297, 1940276, 1600956, 1271596, 1277605, 'Up']
[1393565, 2437832, 1390233, 126873, 1639008, 991877, -371718, 459243, 1490074, 1585782, 715715, 1315619, 1943758, 1599441, 1272506, 1273709, 'Up']
[1394749, 2439247, 1387237, 126854, 1639619, 992727, -368046, 460491, 1489942, 1586506, 708188, 1312187, 1941364, 1601747, 1271925, 1277187, 'Up']
[1394117, 2438839, 1390991, 128246, 1639351, 992871, -369496, 460266, 1490232, 1586829, 714298, 1315577, 1942372, 1600380, 1271991, 1274076, 'Up']
[1394598, 2439456, 1388129, 127584, 1638975, 993407, -368847, 460527, 1490364, 1587268, 710101, 1313582, 1942732, 1602996, 1272550, 1277065, 'Up']
[1394301, 2439059, 1391868, 128490, 1639175, 992609, -370454, 460012, 1490127, 1586609, 713607, 1315035, 1941773, 1600640, 1272487, 1275457, 'Up']
[1395735, 2440305, 1389272, 128915, 1639764, 994008, -366653, 460634, 1490848, 1587597, 712358, 1314840, 1944741, 1603670, 1274218, 1277615, 'Up']
[1395412, 2439634, 1393106, 128967, 1639811, 992552, -369833, 460217, 1491268, 1587714, 712545, 1315079, 1939963, 1600926, 1271859, 1275785, 'Up']
[1396239, 2440428, 1390071, 129244, 1639437, 993648, -368086, 462017, 1490968, 1587778, 714566, 1316104, 1945981, 1603460, 1274997, 1277476, 'Up']
[1396156, 2440248, 1393103, 128990, 1639911, 991975, -370000, 460314, 1491549, 1588031, 711839, 1314750, 1939574, 1600958, 1272215, 1276939, 'Up']
[1396933, 2440987, 1389717, 129229, 1639671, 993313, -367476, 460211, 1491404, 1587803, 716476, 1317213, 1947923, 1602901, 1276021, 1277333, 'Up']
[1396811, 2440869, 1392674, 128844, 1639881, 991747, -368565, 460010, 1492101, 1588315, 710466, 1314115, 1938667, 1600719, 1271415, 1277017, 'Up']
[1397912, 2442031, 1389837, 129424, 1638836, 993859, -369568, 461461, 1491800, 1588511, 718131, 1318197, 1948364, 1603157, 1276225, 1276846, 'Up']
[1397795, 2441771, 1391874, 128619, 1639652, 991866, -368268, 460007, 1492735, 1589392, 709745, 1314023, 1937466, 1601758, 1270441, 1277044, 'Up']
[1398045, 2441865, 1390139, 129072, 1638899, 993940, -368952, 460788, 1492181, 1588636, 719733, 1318797, 1948428, 1602709, 1275796, 1275930, 'Up']
[1397762, 2441323, 1391752, 128123, 1639345, 992392, -369493, 459810, 1492666, 1589082, 709458, 1313539, 1937435, 1601291, 1270503, 1277172, 'Up']
[1398120, 2441671, 1390794, 129077, 1638819, 994459, -369193, 460959, 1492081, 1588533, 720431, 1319115, 1949054, 1602419, 1276116, 1275759, 'Up']
[1398212, 2441598, 1391485, 128282, 1639729, 993313, -368351, 461312, 1492680, 1589423, 708648, 1313560, 1937830, 1601915, 1270843, 1278236, 'Up']
[1397791, 2441102, 1391185, 129044, 1638903, 994833, -369765, 462458, 1491919, 1588644, 720614, 1319435, 1948600, 1602254, 1275949, 1276140, 'Up']
[1398014, 2441336, 1390686, 128134, 1640041, 993207, -369115, 461481, 1492338, 1589104, 708185, 1312896, 1938230, 1601869, 1270977, 1278885, 'Up']
[1397539, 2440884, 1391559, 129399, 1639531, 994329, -368177, 461983, 1491837, 1588343, 720165, 1319052, 1948144, 1601859, 1275646, 1276247, 'Up']
[1398310, 2441593, 1390378, 128909, 1639754, 993621, -368882, 462408, 1492311, 1589189, 708554, 1313208, 1939520, 1602622, 1271904, 1279613, 'Up']
[1398527, 2441925, 1392036, 130331, 1639303, 994917, -369210, 462435, 1492161, 1588960, 719792, 1318969, 1947277, 1602294, 1275246, 1276527, 'Up']
[1399196, 2442476, 1389794, 129160, 1639261, 993673, -369387, 461512, 1492921, 1590265, 709494, 1314017, 1939934, 1603287, 1271181, 1278908, 'Up']
[1398359, 2441427, 1392298, 129703, 1638478, 994237, -369100, 462138, 1492177, 1589038, 719134, 1318619, 1945477, 1601585, 1273382, 1275502, 'Up']
[1399210, 2441977, 1389065, 128387, 1638962, 993819, -370427, 462843, 1492292, 1589440, 710592, 1314332, 1941758, 1603143, 1272134, 1278968, 'Up']
[1398881, 2441535, 1391922, 129007, 1639292, 993359, -368500, 461700, 1492271, 1589169, 717775, 1318277, 1944056, 1601329, 1272649, 1275265, 'Up']
[1399378, 2442125, 1389328, 128319, 1639029, 993632, -367945, 462327, 1492528, 1589670, 711916, 1315236, 1942439, 1603184, 1271938, 1277477, 'Up']
[1398467, 2441250, 1392830, 128757, 1638773, 992731, -369681, 460474, 1492177, 1588964, 716830, 1317676, 1942725, 1600664, 1271983, 1275080, 'Up']
[1398943, 2441676, 1389583, 128484, 1638756, 993361, -367553, 462023, 1492163, 1588945, 713725, 1316105, 1944577, 1602673, 1273221, 1277545, 'Up']
[1398862, 2441573, 1393049, 129234, 1639386, 992732, -367594, 461504, 1492215, 1588410, 715507, 1316740, 1942153, 1600003, 1272375, 1276236, 'Up']
[1399388, 2442197, 1389613, 129423, 1638390, 994580, -369120, 461896, 1492622, 1589289, 715802, 1317216, 1946312, 1603142, 1274278, 1277825, 'Up']
[1398936, 2441667, 1392811, 129899, 1638903, 993523, -368166, 461552, 1492504, 1589050, 714290, 1316342, 1940595, 1600900, 1271358, 1276704, 'Up']
[1399896, 2442595, 1389750, 130574, 1638947, 995565, -365590, 463039, 1492409, 1589212, 717678, 1318243, 1947762, 1604099, 1275028, 1278103, 'Up']
[1399132, 2441732, 1393060, 130226, 1639228, 994008, -367684, 461254, 1493195, 1589906, 712929, 1316007, 1939211, 1601841, 1270529, 1277219, 'Up']
[1399308, 2441767, 1390310, 129790, 1638148, 995329, -368453, 461732, 1492089, 1589059, 718931, 1318759, 1948640, 1603692, 1275078, 1277675, 'Up']
[1398808, 2441054, 1392831, 128791, 1638697, 993134, -368155, 461204, 1492459, 1589335, 711384, 1314774, 1938757, 1601259, 1270139, 1277686, 'Up']
[1399576, 2441795, 1390583, 129612, 1638534, 994833, -368005, 462466, 1491995, 1588846, 719892, 1319203, 1949277, 1602681, 1275355, 1276945, 'Up']
[1399143, 2441244, 1392561, 128728, 1638847, 992736, -368440, 461129, 1492695, 1589464, 710368, 1314453, 1938033, 1601006, 1269504, 1277308, 'Up']
[1399821, 2441959, 1391054, 129712, 1638188, 994461, -366905, 460978, 1492066, 1588532, 721140, 1319609, 1949385, 1602031, 1275209, 1275878, 'Up']
[1399345, 2441580, 1392269, 128992, 1638496, 992760, -367487, 460886, 1492706, 1589247, 710214, 1314195, 1937809, 1601570, 1269550, 1277236, 'Up']
[1399520, 2441909, 1391891, 130124, 1638337, 994393, -365764, 461814, 1492032, 1588607, 721744, 1320141, 1949360, 1602071, 1275396, 1275730, 'Up']
[1399103, 2441676, 1391760, 128994, 1638761, 992635, -366678, 460305, 1492253, 1589007, 709665, 1313935, 1938412, 1601437, 1270282, 1277655, 'Up']
[1398852, 2441620, 1391867, 130516, 1638311, 994929, -366587, 462002, 1491665, 1588535, 721517, 1319864, 1948728, 1601765, 1275240, 1274820, 'Up']
[1398799, 2441548, 1390098, 129344, 1638203, 993168, -368197, 460378, 1492008, 1589263, 708894, 1313474, 1938538, 1602066, 1270054, 1276917, 'Up']
[1398573, 2441201, 1391505, 130426, 1637810, 994510, -367282, 462492, 1491061, 1588204, 720320, 1319029, 1947356, 1601364, 1274188, 1273831, 'Up']
[1399062, 2441511, 1390214, 129457, 1638395, 993687, -367527, 461723, 1491753, 1589349, 709346, 1313920, 1939796, 1602587, 1270808, 1277168, 'Up']
[1398893, 2441063, 1392284, 130602, 1638174, 994471, -367526, 462529, 1491466, 1588785, 719842, 1319100, 1946337, 1601542, 1273766, 1273959, 'Up']
[1398968, 2440937, 1390086, 129433, 1638333, 993838, -366670, 462492, 1491722, 1589260, 710442, 1314440, 1940579, 1602688, 1271239, 1276950, 'Up']
[1398565, 2440489, 1393153, 130347, 1638356, 994071, -368176, 462077, 1491015, 1588466, 719089, 1318363, 1945303, 1601086, 1273673, 1274618, 'Up']
[1399528, 2441546, 1390204, 129366, 1638396, 994448, -366955, 462142, 1491517, 1589330, 711853, 1314768, 1942971, 1603080, 1272806, 1277647, 'Up']
[1398933, 2441015, 1393583, 129793, 1638789, 993650, -366498, 461439, 1491677, 1588708, 717893, 1317747, 1943916, 1600837, 1273019, 1274567, 'Up']
[1399492, 2441626, 1390311, 128931, 1637878, 994164, -367320, 462831, 1492173, 1589096, 713579, 1315559, 1944110, 1603124, 1273351, 1277091, 'Up']
[1398719, 2440801, 1393601, 128958, 1637956, 992582, -368269, 460412, 1491967, 1588111, 716772, 1316805, 1942736, 1600273, 1272858, 1275178, 'Up']
[1399527, 2441662, 1390046, 128973, 1637949, 993883, -366394, 461881, 1492093, 1588137, 714925, 1315922, 1945694, 1602094, 1274144, 1276706, 'Up']
[1398778, 2440868, 1393598, 129207, 1637963, 993064, -368424, 461529, 1492539, 1588178, 715005, 1316119, 1941397, 1599852, 1272154, 1275460, 'Up']
[1399308, 2441440, 1390098, 129169, 1637457, 994256, -366375, 461682, 1491915, 1587693, 716637, 1316918, 1947528, 1602316, 1275447, 1277333, 'Up']
[1398731, 2440711, 1393336, 129326, 1638061, 993145, -369366, 461747, 1492650, 1588206, 713102, 1315433, 1939476, 1600135, 1271027, 1275657, 'Up']
[1398818, 2440764, 1390500, 129723, 1637560, 994893, -365923, 462894, 1491823, 1587444, 717983, 1317945, 1947857, 1602765, 1275290, 1276732, 'Up']
[1398557, 2440253, 1393216, 129542, 1638361, 993618, -367338, 462334, 1492495, 1588155, 711724, 1314876, 1938631, 1600520, 1270968, 1276629, 'Up']
[1398862, 2440374, 1390575, 130391, 1637450, 995638, -367050, 463980, 1491657, 1587812, 719412, 1318581, 1948473, 1602453, 1275700, 1276422, 'Up']
[1398186, 2439209, 1392834, 129327, 1637646, 993131, -368498, 461185, 1491854, 1588243, 710658, 1314203, 1938185, 1600661, 1270638, 1277077, 'Up']
[1398766, 2439504, 1390893, 129789, 1637033, 995082, -368742, 463029, 1490788, 1587575, 720137, 1318962, 1949628, 1602011, 1276036, 1276181, 'Up']
[1399001, 2439537, 1392557, 129138, 1638252, 993274, -366764, 460928, 1491655, 1588675, 709458, 1313640, 1937871, 1600785, 1269871, 1276867, 'Up']
[1398898, 2439453, 1391802, 130081, 1637734, 995288, -368110, 463000, 1490991, 1588323, 721017, 1319707, 1949116, 1602047, 1275436, 1275195, 'Up']
[1398649, 2439216, 1392114, 128628, 1638081, 992629, -367956, 461315, 1490940, 1588461, 709252, 1313483, 1938168, 1600707, 1270310, 1277352, 'Up']
[1398754, 2439565, 1392541, 129876, 1637900, 993971, -366947, 462122, 1490589, 1587954, 721013, 1319512, 1948391, 1601063, 1274872, 1274297, 'Up']
[1398793, 2439954, 1391741, 128897, 1638257, 992591, -368524, 460743, 1490760, 1588608, 709327, 1313480, 1938195, 1600718, 1270178, 1276799, 'Up']
[1398773, 2440064, 1392378, 130526, 1638263, 994220, -367175, 461406, 1490397, 1588334, 721287, 1319683, 1947738, 1600876, 1274535, 1274028, 'Up']
[1398976, 2440242, 1390994, 129768, 1638323, 993905, -366822, 463564, 1490956, 1589026, 709856, 1314110, 1938765, 1601581, 1270374, 1277037, 'Up']
[1398480, 2439710, 1392551, 130348, 1637404, 994407, -367861, 462116, 1490363, 1588295, 720879, 1319887, 1946451, 1600944, 1273810, 1274307, 'Up']
[1399143, 2440395, 1390633, 129443, 1637992, 993835, -367510, 462940, 1490771, 1588894, 710380, 1314668, 1939779, 1601857, 1270619, 1277278, 'Up']
[1398585, 2440131, 1393087, 130517, 1637606, 994245, -366720, 462349, 1490435, 1588197, 719785, 1319518, 1945262, 1600376, 1273021, 1274128, 'Up']
[1398610, 2440235, 1390266, 129623, 1636960, 994021, -367800, 462122, 1490771, 1588807, 711166, 1315201, 1940917, 1602078, 1271148, 1276893, 'Up']
[1398199, 2439870, 1393121, 130521, 1636885, 993677, -369763, 460464, 1490299, 1587925, 718342, 1318286, 1944161, 1600119, 1272543, 1274271, 'Up']
[1398845, 2440354, 1390138, 130381, 1636928, 994408, -366783, 461940, 1490701, 1588439, 712518, 1315299, 1943058, 1602273, 1272086, 1276706, 'Up']
[1398250, 2439491, 1393501, 130878, 1637040, 993811, -368770, 461547, 1490603, 1587924, 717282, 1317588, 1943221, 1600259, 1272245, 1274652, 'Up']
[1399124, 2440126, 1390105, 130779, 1637190, 994768, -367146, 462499, 1490708, 1588201, 714260, 1316199, 1944744, 1602187, 1272877, 1276792, 'Up']
[1398167, 2439061, 1394206, 131126, 1637866, 994006, -367611, 462686, 1491314, 1588363, 716005, 1317244, 1941256, 1600151, 1270969, 1274737, 'Up']
[1398860, 2439801, 1390788, 130716, 1637620, 995181, -367602, 462345, 1490684, 1587930, 716152, 1317233, 1946200, 1602343, 1273573, 1276568, 'Up']
[1398048, 2439090, 1394181, 130427, 1638083, 993552, -366414, 461214, 1490997, 1588089, 714513, 1316475, 1940086, 1600206, 1270431, 1275070, 'Up']
[1398777, 2440171, 1390624, 130351, 1638138, 995205, -366693, 461959, 1490757, 1587905, 717397, 1317883, 1946873, 1602323, 1273564, 1275496, 'Up']
[1398051, 2439792, 1393458, 129746, 1637825, 993613, -369729, 460548, 1490729, 1587706, 712647, 1315299, 1938667, 1600011, 1269334, 1274890, 'Up']
[1398839, 2441177, 1390403, 130624, 1637440, 995795, -365712, 462106, 1490240, 1587766, 718907, 1318584, 1948009, 1602758, 1274141, 1275634, 'Up']
[1398428, 2441081, 1392744, 130029, 1637836, 994055, -367553, 461760, 1490854, 1588452, 711289, 1315076, 1937763, 1600681, 1269444, 1275894, 'Up']
[1399050, 2441936, 1390715, 130335, 1637083, 995593, -368239, 461652, 1490301, 1587937, 720006, 1319472, 1948348, 1602109, 1274547, 1275440, 'Up']
[1398808, 2441730, 1392645, 129447, 1637361, 993598, -367199, 461394, 1490728, 1588202, 710347, 1314313, 1937305, 1600415, 1269186, 1276425, 'Up']
[1399529, 2442548, 1391614, 130749, 1636735, 995646, -367727, 461812, 1490616, 1588165, 721042, 1320037, 1948772, 1602126, 1274875, 1275303, 'Up']
[1399624, 2442580, 1392567, 129957, 1637359, 993503, -369119, 459836, 1491345, 1589161, 709674, 1314572, 1937220, 1601078, 1268998, 1276725, 'Up']
[1399785, 2442923, 1392437, 131170, 1636857, 995357, -368856, 461108, 1490345, 1588369, 721844, 1320712, 1948654, 1601801, 1274688, 1274932, 'Up']
[1399842, 2442970, 1392670, 130135, 1637597, 994163, -369756, 460180, 1491345, 1589798, 710007, 1315167, 1937653, 1601562, 1269634, 1277300, 'Up']
[1399337, 2442495, 1392920, 130663, 1636955, 994984, -369044, 460426, 1490213, 1588586, 721922, 1321037, 1948186, 1601584, 1274851, 1274982, 'Up']
[1399596, 2442570, 1391726, 129366, 1637581, 993378, -369167, 460181, 1490705, 1589238, 709664, 1315046, 1938529, 1601449, 1270529, 1277803, 'Up']
[1398932, 2441744, 1393498, 130012, 1637405, 994316, -369678, 460905, 1490132, 1588367, 720977, 1320523, 1946849, 1600570, 1274049, 1274463, 'Up']
[1399488, 2442255, 1391757, 128953, 1638214, 993406, -367801, 460358, 1490524, 1588882, 710000, 1314809, 1939466, 1601329, 1270898, 1277660, 'Up']
[1398642, 2441319, 1393422, 129835, 1637737, 993924, -369179, 460802, 1490359, 1588229, 720191, 1320103, 1945859, 1600022, 1273700, 1274314, 'Up']
[1399219, 2441925, 1390949, 129081, 1638106, 993701, -368732, 461390, 1490454, 1588445, 710475, 1315414, 1940511, 1601147, 1271188, 1277309, 'Up']
[1398447, 2441048, 1393865, 130165, 1637394, 993690, -369909, 461139, 1490043, 1587956, 718872, 1319802, 1944482, 1599766, 1272894, 1274364, 'Up']
[1399049, 2441742, 1390776, 129576, 1637687, 993676, -370722, 460671, 1490062, 1588345, 711466, 1316152, 1941970, 1601412, 1271947, 1277278, 'Up']
[1398123, 2440745, 1394144, 130499, 1637241, 993899, -369143, 460682, 1489942, 1588108, 717133, 1319303, 1942878, 1599585, 1272004, 1274405, 'Up']
[1398964, 2441548, 1390859, 130292, 1637348, 994846, -366464, 461686, 1489852, 1588555, 713086, 1317359, 1943408, 1602099, 1272684, 1277591, 'Up']
[1397901, 2440541, 1394843, 130627, 1637000, 993714, -367976, 461557, 1489880, 1588524, 715961, 1318854, 1941147, 1600148, 1271119, 1275077, 'Up']
[1398495, 2441197, 1391362, 130087, 1636823, 994593, -368610, 462644, 1489503, 1588612, 714962, 1318373, 1944922, 1602301, 1273282, 1277630, 'Up']
[1397356, 2439965, 1394314, 129532, 1636599, 992838, -369819, 460947, 1489155, 1588086, 714338, 1317788, 1939979, 1599416, 1270593, 1275806, 'Up']
[1398283, 2440903, 1390982, 129708, 1636228, 994301, -368394, 461638, 1489017, 1588344, 715720, 1318673, 1945438, 1601665, 1273060, 1276558, 'Up']
[1397233, 2439673, 1394159, 129615, 1636612, 992724, -369451, 462051, 1489185, 1588333, 712351, 1317053, 1937837, 1599217, 1269005, 1275245, 'Up']
[1398194, 2440740, 1390618, 129959, 1636480, 993792, -368382, 461073, 1488451, 1587754, 717185, 1319212, 1946982, 1601444, 1273629, 1276370, 'Up']
[1397546, 2440018, 1393319, 129381, 1636609, 991785, -371269, 459338, 1489226, 1588384, 710992, 1316120, 1937424, 1599430, 1268290, 1275369, 'Up']
[1397998, 2440393, 1391017, 130170, 1635816, 994170, -368583, 461626, 1488371, 1587606, 718570, 1320064, 1947578, 1601329, 1273089, 1275286, 'Up']
[1398054, 2440281, 1393098, 129994, 1637022, 992446, -367713, 460623, 1489168, 1588361, 709904, 1315679, 1936980, 1599958, 1268011, 1276121, 'Up']
[1398199, 2440316, 1391279, 130991, 1636442, 994089, -367797, 461011, 1488902, 1587861, 719842, 1320810, 1947457, 1601173, 1273054, 1274578, 'Up']
[1397669, 2439561, 1392612, 129944, 1636691, 992030, -368493, 459873, 1489304, 1588090, 709223, 1315091, 1935727, 1599431, 1267318, 1275547, 'Up']
[1397355, 2439160, 1391762, 130743, 1635755, 993926, -368457, 461857, 1488544, 1587318, 720613, 1320766, 1947077, 1600489, 1272863, 1273797, 'Up']
[1397628, 2439430, 1392151, 129504, 1636394, 992290, -369710, 460784, 1488776, 1587826, 708637, 1315078, 1936352, 1599848, 1268083, 1276476, 'Up']
[1397294, 2439041, 1392118, 130112, 1636160, 993979, -368045, 461737, 1488291, 1587364, 720639, 1321275, 1947048, 1600350, 1272903, 1274059, 'Up']
[1397603, 2439460, 1391614, 129097, 1636498, 992095, -369326, 460296, 1488886, 1587996, 708537, 1314867, 1936692, 1600012, 1267856, 1276515, 'Up']
[1396571, 2438528, 1392717, 129815, 1635881, 993075, -368220, 460524, 1487974, 1586994, 720490, 1320842, 1946178, 1599797, 1272136, 1273447, 'Up']
[1396919, 2439018, 1391218, 128928, 1636767, 992473, -366636, 459995, 1488328, 1587454, 708716, 1314658, 1937807, 1600292, 1268609, 1276737, 'Up']
[1395739, 2438002, 1393074, 130683, 1636072, 993866, -368176, 460270, 1487965, 1587125, 719564, 1320466, 1944843, 1599453, 1271522, 1272930, 'Up']
[1395002, 2437463, 1391024, 129416, 1636256, 993035, -368802, 459184, 1487603, 1587325, 709202, 1315168, 1938313, 1600774, 1268611, 1276263, 'Up']
[1393627, 2436030, 1393104, 130308, 1636065, 993747, -368566, 459916, 1486397, 1585881, 717987, 1319319, 1943734, 1599060, 1270980, 1273339, 'Up']
[1393414, 2435572, 1389704, 129019, 1635954, 993812, -368233, 460600, 1486434, 1585994, 709154, 1314747, 1939529, 1600899, 1269050, 1276287, 'Up']
[1392532, 2434585, 1392443, 129473, 1635905, 994011, -368480, 459371, 1486113, 1585170, 715683, 1317666, 1941523, 1598831, 1269327, 1272760, 'Up']
[1392202, 2434035, 1389228, 128650, 1636176, 994330, -368123, 461246, 1486064, 1585519, 709840, 1314900, 1940326, 1601139, 1268587, 1275394, 'Up']
[1390655, 2432401, 1392409, 128347, 1636423, 992686, -368817, 459292, 1485496, 1584336, 713899, 1316442, 1940200, 1598330, 1268502, 1273034, 'Up']
[1391257, 2433072, 1389226, 127663, 1636220, 993718, -368243, 460365, 1485022, 1584077, 710993, 1314565, 1942587, 1599981, 1270288, 1275711, 'Up']
[1390431, 2432082, 1392990, 127404, 1636428, 991799, -368530, 459262, 1485429, 1583915, 712132, 1315055, 1938986, 1597726, 1268474, 1273570, 'Up']
[1391067, 2432821, 1389661, 127528, 1636337, 993813, -368286, 459787, 1485106, 1583695, 712376, 1315127, 1943513, 1599412, 1270721, 1274638, 'Up']
[1390621, 2432264, 1392966, 127821, 1636707, 993387, -368785, 459284, 1485513, 1584013, 711058, 1314420, 1937802, 1597675, 1268058, 1273690, 'Up']
[1390950, 2432572, 1389677, 128158, 1635787, 994932, -367751, 459599, 1485245, 1584148, 714538, 1316494, 1944874, 1600024, 1271283, 1274211, 'Up']
[1390783, 2432339, 1392608, 128380, 1635688, 993417, -369679, 459008, 1485400, 1584224, 709769, 1313808, 1936419, 1597799, 1267232, 1273812, 'Up']
[1391956, 2433585, 1389822, 129522, 1635463, 995797, -367276, 459798, 1485465, 1585012, 716496, 1317577, 1945325, 1600425, 1271314, 1273670, 'Up']
[1391532, 2433098, 1392482, 129408, 1635960, 994246, -367746, 459684, 1485813, 1585732, 709294, 1314088, 1935060, 1598912, 1266345, 1273834, 'Up']
[1391622, 2433311, 1390694, 129946, 1634941, 995733, -368790, 459951, 1485082, 1585225, 718217, 1318713, 1945889, 1600942, 1271791, 1273371, 'Up']
[1391220, 2432809, 1392843, 129178, 1636137, 993637, -367786, 459656, 1485283, 1585508, 708235, 1313572, 1935336, 1599461, 1266987, 1274705, 'Up']
[1391802, 2433348, 1391263, 129999, 1635829, 995130, -366973, 460384, 1484687, 1584724, 718686, 1318721, 1947011, 1600119, 1273182, 1273638, 'Up']
[1391699, 2433226, 1391966, 128847, 1636389, 993374, -368823, 459607, 1485619, 1585664, 707184, 1312750, 1935207, 1598994, 1267268, 1274869, 'Up']
[1392297, 2433846, 1391801, 130241, 1636385, 995532, -367149, 460952, 1484954, 1584890, 718968, 1318573, 1946364, 1599869, 1272487, 1272684, 'Up']
[1392643, 2434166, 1391706, 129118, 1637039, 993913, -366943, 460165, 1485739, 1585720, 707040, 1312796, 1935514, 1599572, 1267333, 1274853, 'Up']
[1392963, 2434587, 1391912, 130338, 1636452, 995442, -367827, 460283, 1485410, 1585185, 719135, 1319077, 1945714, 1599297, 1272053, 1272119, 'Up']
[1393657, 2435200, 1390814, 129239, 1636789, 994369, -368243, 460239, 1486151, 1586179, 707600, 1313510, 1936231, 1599934, 1267443, 1275102, 'Up']
[1393417, 2435016, 1392425, 130319, 1635650, 994942, -367961, 459746, 1485637, 1585333, 719362, 1319142, 1944926, 1599459, 1271549, 1272274, 'Up']
[1394885, 2436265, 1390586, 129766, 1635926, 994501, -367464, 459607, 1486566, 1586380, 708608, 1314090, 1937346, 1599966, 1268050, 1275511, 'Up']
[1395177, 2436497, 1393396, 131104, 1636168, 995309, -367849, 460109, 1486849, 1586187, 719616, 1319942, 1944040, 1599047, 1271161, 1272815, 'Up']
[1395956, 2437239, 1391943, 130289, 1636044, 994891, -367580, 460174, 1487494, 1587003, 710773, 1315596, 1939118, 1600564, 1268914, 1275960, 'Up']
[1396174, 2437505, 1395196, 131589, 1635720, 994935, -368050, 460156, 1487555, 1587038, 719613, 1320171, 1943502, 1599231, 1271068, 1273839, 'Up']
[1397542, 2438744, 1392377, 131325, 1636179, 995011, -367784, 459819, 1488513, 1588242, 713062, 1317170, 1940875, 1601374, 1269947, 1276625, 'Up']
[1396355, 2437403, 1396003, 131790, 1636080, 994356, -369002, 460222, 1488307, 1587510, 719379, 1320053, 1941711, 1599337, 1270120, 1273722, 'Up']
[1397008, 2437962, 1392311, 131153, 1635917, 994924, -367929, 461138, 1487922, 1587419, 715020, 1317521, 1942867, 1601118, 1271416, 1276872, 'Up']
[1396685, 2437412, 1395643, 131641, 1636762, 994822, -367873, 459881, 1488394, 1587724, 717137, 1318730, 1940150, 1599078, 1269482, 1273952, 'Up']
[1396556, 2437096, 1392032, 130716, 1636071, 995629, -366996, 461148, 1487597, 1587176, 715966, 1317981, 1943744, 1601355, 1271418, 1275927, 'Up']
[1396283, 2436721, 1394933, 130758, 1636903, 994347, -367717, 459903, 1487454, 1586717, 714857, 1316972, 1938825, 1598416, 1268895, 1274362, 'Up']
[1396748, 2437321, 1391641, 130959, 1636234, 995848, -367584, 460696, 1487450, 1587196, 716838, 1318200, 1944048, 1600932, 1271041, 1274846, 'Up']
[1396126, 2436741, 1395169, 130912, 1636132, 994413, -368774, 460735, 1487158, 1587049, 713452, 1316164, 1937000, 1598600, 1267513, 1274264, 'Up']
[1396510, 2437218, 1392554, 131287, 1635968, 995944, -367902, 461659, 1486561, 1586957, 718532, 1318952, 1945644, 1601015, 1271679, 1275176, 'Up']
[1396771, 2437419, 1395423, 131481, 1636939, 995162, -368165, 461023, 1487464, 1587855, 711884, 1315814, 1935976, 1598790, 1266681, 1274688, 'Up']
[1397028, 2437676, 1393526, 131838, 1635766, 996258, -369347, 461613, 1486897, 1587614, 720127, 1320238, 1945997, 1601270, 1271473, 1274210, 'Up']
[1397069, 2437665, 1395601, 131417, 1636502, 994131, -368037, 461328, 1487057, 1588096, 711385, 1315757, 1935740, 1599431, 1266575, 1274937, 'Up']
[1397331, 2437859, 1393673, 132149, 1635932, 995993, -368756, 461773, 1486691, 1587958, 721435, 1321104, 1946807, 1600913, 1271941, 1273826, 'Up']
[1397149, 2437622, 1395163, 131325, 1636841, 993993, -367117, 461431, 1487143, 1588353, 710795, 1315672, 1935529, 1599513, 1266731, 1275422, 'Up']
[1397213, 2437663, 1394256, 132408, 1635410, 995918, -369037, 461769, 1486802, 1587858, 722289, 1321199, 1946905, 1600553, 1272013, 1273562, 'Up']
[1396963, 2437458, 1394446, 130923, 1636110, 993950, -367812, 462099, 1487252, 1588055, 710502, 1315072, 1935923, 1599691, 1266561, 1275610, 'Up']
[1397187, 2437768, 1394322, 131893, 1635561, 995369, -368261, 460980, 1486981, 1587407, 722448, 1321004, 1946459, 1600037, 1271526, 1272994, 'Up']
[1397259, 2437774, 1393814, 131083, 1636554, 994688, -368585, 461865, 1487940, 1588261, 710343, 1314911, 1935528, 1600129, 1265925, 1274820, 'Up']
[1396554, 2437135, 1395152, 132323, 1635785, 995703, -367298, 461826, 1486979, 1587195, 722324, 1320606, 1945412, 1600115, 1270716, 1272489, 'Up']
[1396523, 2437039, 1393030, 130804, 1635687, 994306, -368573, 461387, 1486911, 1587471, 710139, 1314382, 1937040, 1600559, 1266973, 1275612, 'Up']
[1396018, 2436576, 1395107, 132249, 1636025, 995368, -367293, 461596, 1486618, 1587020, 720980, 1319813, 1944204, 1599623, 1269937, 1272204, 'Up']
[1396307, 2436832, 1392826, 131324, 1635989, 994673, -367781, 462139, 1486609, 1587509, 710903, 1314928, 1937943, 1600643, 1267365, 1275629, 'Up']
[1395720, 2436279, 1395414, 132217, 1635602, 994814, -367771, 462217, 1486217, 1586848, 720075, 1319674, 1942882, 1599103, 1269571, 1272602, 'Up']
[1396153, 2436582, 1392936, 131212, 1635462, 994737, -368672, 461340, 1486359, 1587132, 711821, 1315563, 1939139, 1600604, 1267941, 1275488, 'Up']
[1395684, 2436037, 1396245, 132219, 1635884, 994992, -367918, 461857, 1486181, 1586478, 718662, 1318594, 1941709, 1598613, 1268823, 1272770, 'Up']
[1396201, 2436642, 1392855, 131814, 1635803, 995552, -367813, 463375, 1486718, 1587281, 713342, 1316013, 1940595, 1600849, 1268500, 1275215, 'Up']
[1395447, 2435897, 1396376, 132345, 1635497, 994997, -369138, 463698, 1485931, 1586574, 717529, 1318131, 1940537, 1598772, 1268596, 1273342, 'Up']
[1396626, 2436999, 1392924, 132276, 1635503, 995900, -367383, 463626, 1486333, 1587477, 714788, 1316936, 1942340, 1601467, 1269548, 1275295, 'Up']
[1395922, 2436264, 1396970, 132681, 1635744, 995011, -367239, 464143, 1486312, 1587223, 716371, 1317717, 1938833, 1598893, 1267734, 1273445, 'Up']
[1397033, 2437362, 1393290, 132684, 1635009, 996148, -367546, 464377, 1486366, 1587571, 716938, 1318086, 1943767, 1601083, 1270400, 1275045, 'Up']
[1396192, 2436467, 1396273, 132257, 1635482, 994591, -369529, 463200, 1486591, 1587709, 714888, 1317029, 1936900, 1598779, 1266723, 1273209, 'Up']
[1396417, 2436736, 1392833, 132558, 1635360, 996167, -367906, 464245, 1485787, 1587287, 718016, 1318231, 1943754, 1600879, 1269726, 1273413, 'Up']
[1395414, 2435729, 1395754, 132140, 1636045, 994779, -367444, 463884, 1485743, 1587242, 712782, 1315384, 1935277, 1598689, 1265487, 1272863, 'Up']
[1395846, 2436283, 1392559, 132317, 1635230, 996429, -368292, 465666, 1484991, 1586558, 719172, 1318716, 1945148, 1600831, 1270782, 1273514, 'Up']
[1395547, 2435874, 1394859, 131604, 1635382, 994176, -368680, 463546, 1485430, 1586944, 711068, 1314728, 1934942, 1598940, 1265726, 1273772, 'Up']
[1396053, 2436495, 1392994, 132682, 1635196, 996356, -367182, 465529, 1485038, 1586534, 719992, 1319563, 1945437, 1600934, 1271011, 1273084, 'Up']
