2680656,2838203,648158,815371,2834897,3054367,2317803,1442466,1495112,2143106,2555001,1788102,2504461,2818578,1756994,1984518
2680742,2838330,649852,815317,2837531,3055299,2317447,1441879,1495084,2143570,2555346,1788028,2504031,2818737,1757092,1983692
2680233,2837758,651206,814425,2840614,3054639,2318028,1441513,1494559,2142715,2554738,1786448,2501945,2817468,1756815,1982260
2679889,2837437,652308,813680,2842127,3054878,2317006,1441672,1494426,2142436,2554012,1785552,2498999,2816853,1755855,1980436
2679610,2836977,653552,813342,2844192,3054301,2317892,1441365,1494350,2142779,2552967,1784881,2495986,2816146,1754564,1979060
2679219,2836523,654872,813260,2845996,3054699,2317158,1441523,1494681,2143079,2551606,1783523,2492283,2815990,1753218,1978872
2679218,2836337,654873,812632,2846269,3053838,2317066,1440269,1494796,2143174,2549946,1782373,2488011,2815065,1750683,1977497
2679294,2836357,654972,813091,2846410,3054064,2316385,1440002,1495168,2143587,2548404,1781773,2483947,2814793,1748354,1976774
2679380,2836534,654853,813187,2845334,3053938,2317203,1441537,1495235,2143914,2546903,1781288,2479778,2814751,1745887,1977282
2679260,2836395,653602,812880,2844495,3053429,2316296,1440907,1495349,2144153,2545027,1780303,2475980,2814799,1743406,1976578
2679149,2836222,652214,812955,2842712,3053832,2317502,1441545,1495080,2144513,2542971,1779478,2472857,2814711,1741919,1977497
2678988,2836374,650724,813248,2840648,3053740,2317583,1441821,1494854,2144630,2541309,1779417,2470581,2815121,1740418,1978427
2679620,2837246,649376,813394,2838884,3053849,2318072,1441293,1495207,2145491,2540317,1779985,2469623,2815729,1739162,1979152
2679421,2837217,647633,814013,2836311,3053508,2317179,1442733,1494511,2145681,2539674,1780010,2469734,2816018,1738960,1980215
2680177,2838009,646501,814677,2833905,3054062,2318112,1442621,1495626,2146090,2540156,1780476,2471343,2816826,1739042,1981393
2680671,2838327,645671,814908,2831940,3053909,2319107,1442522,1495865,2145793,2540482,1781315,2474167,2818256,1739706,1983005
2681137,2838738,644929,815508,2830038,3053715,2317263,1442842,1495885,2145616,2541831,1782201,2477395,2820208,1741276,1984461
2681246,2839023,644319,816023,2828858,3053744,2318507,1443010,1496360,2145324,2542632,1782703,2481662,2820955,1743403,1985366
2681375,2839208,643724,816230,2828380,3053861,2318622,1443374,1497093,2145562,2544331,1783848,2486191,2822545,1745724,1985928
2681246,2839000,643505,816048,2827629,3053751,2317820,1442867,1496038,2144788,2545243,1783901,2490543,2823310,1747480,1986729
2680720,2838552,643487,816070,2828230,3054338,2318985,1442685,1495345,2144130,2546647,1784021,2494557,2823784,1750290,1987089
2680452,2838320,644065,816099,2829155,3054377,2318283,1442661,1494408,2143604,2547853,1784612,2498739,2824651,1752590,1986410
2680549,2838395,645390,816164,2830941,3054392,2318469,1443031,1494329,2143433,2549177,1784979,2501357,2824336,1754477,1986273
2680660,2838400,647157,816044,2832870,3054227,2317078,1441549,1494527,2143315,2550284,1785423,2503442,2825227,1756047,1985146
2680487,2838084,648615,815740,2835668,3054427,2317562,1443108,1494547,2143041,2551162,1785494,2504611,2825295,1757331,1984600
2679972,2837273,650034,815048,2838170,3054068,2317800,1441333,1493915,2142483,2550985,1784443,2503934,2824040,1757311,1983256
2679745,2836903,651751,815243,2841053,3054559,2318041,1442474,1494348,2142572,2550435,1783211,2502319,2824143,1757076,1982286
2679508,2836696,653815,815409,2843041,3054667,2317784,1441504,1494190,2142947,2549294,1782701,2500569,2823979,1755779,1981377
2679554,2836651,655282,815299,2844946,3054842,2317690,1442109,1494227,2142471,2548159,1781416,2497148,2823076,1754295,1980362
2679216,2836448,655898,815301,2846160,3054320,2316936,1441337,1494041,2143102,2546757,1780933,2493213,2822919,1752323,1979533
2679171,2836312,655996,814912,2847166,3054429,2318000,1442645,1494316,2143627,2545298,1779949,2489099,2822272,1751155,1978337
2678741,2835890,655029,813991,2846414,3054194,2317188,1441590,1494046,2143727,2542782,1778729,2484705,2822423,1748263,1977932
2678475,2835704,654312,813275,2846211,3053537,2316892,1441147,1494315,2143877,2540322,1777822,2480684,2822785,1746124,1977124
2678561,2836103,653701,813699,2844745,3053972,2317328,1442056,1493980,2144514,2539208,1777076,2476527,2822131,1743708,1977300
2678386,2836585,652575,813067,2843375,3053822,2318054,1441200,1494051,2143842,2538504,1775947,2473415,2822426,1741689,1976909
2678917,2837450,651770,812971,2841007,3054694,2317494,1441651,1494514,2145143,2539201,1776544,2471274,2822334,1740302,1978052
2679620,2838273,650455,812693,2839089,3054345,2319172,1442142,1495489,2145493,2539881,1777088,2470517,2822931,1739289,1978814
2680169,2838819,649438,812250,2836723,3053839,2318197,1441716,1495601,2146913,2540508,1777929,2470924,2823125,1738935,1980068
2680428,2839064,647713,812741,2834392,3053575,2317632,1441964,1495383,2145976,2540735,1778279,2472466,2825922,1739036,1980758
2680903,2839568,646241,813649,2832448,3054174,2320013,1442362,1495667,2146886,2542031,1779319,2475757,2825178,1740823,1982721
2680939,2839552,644095,814284,2830431,3053934,2318493,1442831,1495302,2147264,2543115,1779631,2479607,2827065,1741963,1983685
2679630,2838710,641556,812158,2828337,3053417,2318727,1442704,1494174,2145648,2543144,1778423,2483727,2827935,1743257,1984045
2680094,2839211,641224,812877,2827449,3054251,2319010,1443311,1494739,2147746,2545454,1779857,2488294,2829936,1746527,1985602
2681919,2840450,643255,815452,2829156,3054924,2320706,1444188,1496678,2147252,2549002,1783156,2493695,2831715,1750547,1986798
2677922,2836656,639320,810206,2827435,3053102,2317066,1441128,1494649,2146593,2545847,1777781,2499523,2837244,1750574,1985776
2674104,2833470,636727,808154,2827357,3053106,2315972,1441531,1492308,2145059,2541479,1775568,2505769,2836330,1751410,1984257
2685392,2842580,646907,818433,2833784,3056846,2320430,1444504,1505375,2144829,2549155,1785497,2510412,2836045,1755944,1985414
2683548,2842313,648773,818043,2836014,3056672,2320516,1443559,1509926,2122074,2561756,1791748,2510131,2839318,1759300,1986956
2666558,2828717,635690,805260,2833013,3051605,2315306,1437538,1507916,2110988,2550103,1775569,2513280,2846167,1755067,1982397
2677444,2837665,646933,815956,2837665,3054903,2317677,1439116,1512834,2103818,2558408,1784022,2512683,2839554,1756711,1981862
2681972,2840086,651854,813956,2842183,3058041,2318628,1438902,1521348,2103925,2567265,1786889,2512586,2844766,1758783,1982378
2680089,2841657,650561,816177,2843950,3057250,2316827,1437229,1520814,2099531,2570920,1784842,2513189,2847355,1757799,1981345
2679806,2841164,651540,814871,2845580,3057179,2317607,1433835,1524248,2094789,2573481,1786297,2510630,2844144,1756306,1980311
2679068,2840775,654721,815189,2847929,3058350,2318129,1434183,1523138,2096641,2583103,1787105,2508514,2847274,1755899,1980920
2681602,2842033,655292,815628,2848150,3058345,2319454,1434859,1515696,2098095,2579916,1783653,2503642,2845555,1752189,1978547
2679914,2841517,653760,816591,2848451,3057782,2317854,1433636,1511781,2094473,2576421,1781248,2499758,2845215,1748380,1978064
2678539,2839717,653965,814316,2847669,3057070,2317756,1432031,1504144,2096353,2581234,1782852,2495260,2847054,1748034,1978816
2677370,2840715,650666,815125,2846086,3056539,2317134,1432684,1505966,2094703,2572909,1779333,2493583,2847243,1743863,1977647
2677976,2841252,652176,815657,2844840,3057559,2318327,1433977,1498443,2099089,2574579,1779453,2490608,2848647,1743604,1979389
2679841,2840410,650100,814711,2842620,3056926,2319010,1434311,1493713,2093307,2570167,1779439,2488339,2846243,1741626,1978649
2676682,2837827,646640,812144,2839002,3055540,2317553,1433339,1488324,2093434,2568200,1777406,2486901,2845100,1740123,1979370
2678166,2839253,646887,814976,2836998,3055177,2316458,1433054,1489569,2099571,2567158,1777804,2486691,2843751,1739732,1980219
2675848,2837403,642428,813001,2833692,3054433,2315711,1432984,1488244,2096886,2563727,1778682,2488369,2844461,1739146,1980415
2676006,2836443,642695,812441,2830646,3053928,2316097,1432302,1487132,2089411,2563696,1779104,2488502,2844597,1739368,1981115
2678766,2840190,641700,814190,2829422,3054743,2316928,1435412,1496221,2094450,2564015,1779322,2493673,2846025,1741619,1982942
2681766,2842501,643388,817082,2829106,3056351,2318375,1436406,1496881,2098301,2572086,1784517,2496331,2847712,1745393,1985100
2681846,2842921,642593,817438,2829127,3056808,2318632,1436884,1493438,2093414,2571127,1784417,2499536,2845254,1746441,1985517
2680670,2841182,640085,816492,2828018,3056339,2316619,1436241,1492165,2096445,2570676,1785340,2505271,2845624,1748589,1985590
2680000,2839968,641162,815692,2828517,3055413,2316802,1435999,1489860,2094710,2570839,1782675,2508493,2844837,1750274,1984836
2679604,2838948,640789,815092,2829530,3055524,2316703,1435211,1489648,2092785,2571155,1784093,2512105,2842403,1752904,1984576
2679191,2838386,643261,815149,2831217,3055020,2316790,1435025,1486411,2091274,2573556,1785078,2513666,2837945,1754852,1983639
2679873,2838095,644831,814248,2833698,3055426,2315548,1435539,1485400,2093243,2571823,1783025,2516421,2840128,1756201,1982959
2679698,2837626,645924,814669,2835738,3054833,2316049,1434040,1484883,2094354,2572757,1783987,2516387,2837380,1756686,1981870
2679425,2837107,646912,814266,2837440,3054730,2314801,1433948,1482526,2095291,2570001,1782852,2515595,2836022,1756123,1980626
2678992,2836078,648347,814055,2839470,3054544,2314713,1433508,1481324,2097912,2567522,1782450,2514075,2835911,1756055,1979079
2678697,2835254,649371,813680,2841490,3054433,2314525,1434040,1478822,2099892,2562387,1780655,2511223,2832763,1755270,1978459
2678451,2834664,650697,813211,2843894,3054292,2315645,1433713,1476258,2102788,2558633,1779321,2508317,2830586,1754499,1977225
2678525,2834609,651538,813046,2844936,3053652,2315413,1434299,1474399,2106015,2555731,1778168,2504651,2830041,1752594,1976040
2677346,2833816,650497,811178,2844779,3053164,2314176,1432306,1472710,2108312,2553558,1775752,2499054,2828969,1749359,1974740
2677153,2834120,650852,811235,2844918,3053091,2314089,1433334,1474095,2111310,2552638,1776348,2494112,2826330,1746914,1973755
2676915,2833691,651008,811248,2844475,3053447,2315374,1434446,1473173,2113228,2550911,1775931,2489730,2825754,1745240,1973562
2676635,2833311,650346,810412,2843520,3052794,2315194,1434502,1473471,2114661,2549958,1775850,2485866,2824266,1743207,1974290
2675997,2832581,649386,809820,2842015,3052403,2315186,1434558,1474265,2115981,2548708,1775297,2482710,2823621,1741744,1974385
2675719,2832134,647668,809380,2839651,3051332,2315392,1433933,1474216,2116900,2546181,1775919,2479234,2822881,1739756,1974321
2675457,2832240,645733,810296,2837142,3051980,2314745,1435107,1474719,2118459,2545463,1776190,2476448,2823388,1738531,1974976
2674945,2831911,644168,811085,2835001,3052111,2314707,1436227,1475699,2119483,2545786,1776054,2476077,2823422,1738342,1976500
2674993,2832184,642989,811617,2832653,3051881,2316554,1436771,1477062,2121148,2545627,1776501,2476527,2823349,1738995,1977477
2675003,2832011,641147,811633,2830502,3051786,2315174,1436960,1477886,2121642,2545300,1777593,2478133,2823504,1739929,1977918
2676234,2833259,640793,812362,2829212,3052306,2316264,1437256,1479265,2123081,2546393,1778916,2481462,2823881,1741832,1978544
2677341,2834159,639527,813285,2827288,3052495,2316447,1437886,1481325,2124180,2548459,1779852,2485114,2824035,1744099,1980326
2677926,2834455,638585,813605,2826944,3052650,2314875,1438638,1482330,2125102,2549891,1780309,2488641,2823674,1745991,1980838
2679040,2835284,639177,813951,2826792,3052270,2316358,1437478,1483597,2125578,2551410,1780664,2492900,2823914,1747741,1982002
2679896,2836228,640066,814359,2827250,3052561,2316138,1438116,1484700,2126645,2552777,1781936,2496975,2824035,1749748,1981837
2680565,2837049,641063,814977,2828813,3053155,2316267,1437755,1485707,2127318,2555310,1783700,2501057,2824248,1752953,1981768
2680586,2837017,642643,814666,2830617,3053258,2315768,1437987,1486270,2127346,2556210,1783769,2503604,2823813,1754900,1981749
2680552,2836671,643878,814161,2832636,3053307,2315991,1437939,1487183,2127841,2557726,1783188,2505184,2823277,1755987,1980943
2680612,2836509,645193,813943,2834466,3052505,2314537,1437158,1487999,2128516,2558596,1783052,2506393,2822614,1756890,1979620
2680674,2836411,646698,814079,2837025,3052841,2314757,1437828,1488746,2129040,2558591,1782710,2505566,2822283,1756893,1978162
2680309,2835943,648711,814063,2839627,3052716,2314302,1437359,1489418,2129903,2558224,1781921,2504286,2821474,1756319,1977095
2679829,2835515,650717,813959,2842096,3053131,2315668,1437847,1489386,2130117,2557172,1780840,2501775,2820663,1754865,1976254
2679728,2835343,652060,813856,2843704,3053060,2314371,1437282,1490265,2130981,2556265,1780127,2498246,2820600,1753716,1975584
2679922,2835525,653667,814180,2845641,3053408,2315243,1437982,1490599,2131963,2554795,1779472,2494152,2819656,1752625,1975101
2679932,2835456,653664,814352,2846434,3053485,2315533,1436860,1491635,2133173,2553485,1779202,2490281,2819954,1751021,1975074
2679869,2835295,652978,814216,2845554,3053189,2314288,1437769,1491915,2133430,2551271,1778039,2485960,2819187,1748679,1974583
2679896,2835322,652815,814070,2845353,3053074,2315261,1437357,1492729,2134204,2549754,1777182,2482085,2818947,1746357,1973929
2680044,2835611,652230,814224,2844409,3053464,2316452,1438568,1493100,2134951,2547878,1776874,2477895,2819017,1743962,1974566
2680383,2836108,651641,814796,2842712,3053407,2316163,1438281,1493738,2135790,2546420,1776885,2475181,2818751,1741995,1975002
2680111,2835935,649743,814694,2840125,3052935,2315290,1438085,1493737,2136319,2544970,1776361,2472960,2818735,1740686,1975738
2680655,2836582,648464,815562,2838647,3053434,2316111,1439475,1494459,2137242,2544300,1776348,2471997,2818978,1740022,1976772
2680584,2836718,646680,815522,2835447,3053304,2315462,1438703,1494426,2137755,2543750,1776717,2472194,2819663,1739324,1978315
2680956,2837028,645386,815882,2833446,3052674,2315691,1438647,1495036,2138131,2543694,1777034,2473807,2819882,1739439,1979593
2680890,2837068,643621,815699,2831240,3052450,2316712,1438602,1494682,2137669,2543640,1777082,2476226,2819818,1740183,1980375
2681461,2837587,643055,816314,2829329,3052659,2316928,1439669,1494995,2137918,2545070,1777671,2479574,2820006,1741926,1980727
2681676,2838018,641790,816601,2827780,3053166,2316192,1439501,1495375,2138421,2546467,1778686,2483768,2820730,1744184,1982358
2682136,2838748,641403,817382,2826748,3053625,2316219,1440478,1495786,2139017,2548419,1779672,2487897,2821451,1746421,1982179
2681767,2838466,641377,817562,2827313,3052982,2316340,1440252,1495539,2138932,2549835,1780492,2492507,2821944,1749284,1983264
2682279,2838799,642404,818082,2828063,3053433,2317052,1440102,1496005,2138544,2551243,1780780,2496267,2821820,1751344,1983501
2682390,2839126,644115,818993,2829841,3053753,2316581,1440898,1495857,2138458,2552946,1781635,2500044,2822066,1753703,1983815
2682026,2838701,645269,819074,2831499,3054180,2316302,1440117,1495869,2138686,2554363,1782368,2503281,2822501,1756102,1982617
2681558,2838081,645450,818725,2833417,3053678,2315849,1439726,1496203,2138191,2555351,1781543,2504762,2821711,1757209,1982026
2681450,2837983,646957,818585,2835680,3053559,2316283,1439946,1496056,2137946,2555938,1781759,2505167,2820906,1757623,1980813
2681234,2837910,648526,818147,2838326,3053662,2317531,1440281,1496073,2138187,2556222,1781122,2504514,2820583,1758119,1979881
2680822,2837826,649630,817487,2840434,3054285,2316333,1439148,1496756,2138221,2556533,1780041,2503154,2820175,1757810,1978094
2680688,2838040,651437,816649,2842407,3054149,2316551,1439893,1496773,2138231,2557276,1780086,2500328,2819478,1757552,1976956
2680346,2837800,652222,815409,2844508,3053979,2315803,1439017,1496835,2138500,2557857,1780189,2496952,2819228,1755744,1976061
