2679264,2847439,644347,819359,2833669,3055690,2322470,1441971,1496123,2154177,2560303,1773395,2509965,2826867,1761661,1984487
2679197,2847362,645516,818951,2835738,3055498,2321497,1441216,1495662,2153531,2560931,1773276,2512697,2826159,1763253,1984056
2679119,2847100,647427,818913,2837439,3056023,2322030,1441267,1495950,2153280,2561934,1773862,2514236,2826490,1764519,1983520
2679274,2847147,649283,818975,2839483,3056057,2320845,1440480,1495806,2153685,2562380,1774209,2513984,2826599,1764565,1982428
2678707,2846432,650846,818982,2842710,3055495,2320090,1440348,1495447,2153190,2561569,1773242,2512611,2825478,1764479,1981436
2678228,2845718,652213,819217,2845365,3056160,2320215,1441107,1495564,2153068,2560770,1772356,2510438,2825061,1763695,1979799
2678155,2845725,653686,818639,2847306,3056061,2320689,1440434,1495738,2153236,2559890,1771472,2507367,2824605,1762442,1979359
2678214,2845556,655497,818040,2849855,3056198,2320074,1439261,1496319,2153105,2559516,1770971,2504210,2823633,1761005,1978307
2678050,2845325,655777,817547,2850335,3055737,2320824,1440260,1495879,2153057,2557501,1769563,2499690,2822638,1759044,1977315
2677945,2845265,655806,817799,2850350,3055858,2320613,1439858,1496428,2153987,2556266,1768867,2495860,2822611,1756959,1977243
2677801,2845217,655280,817778,2850615,3055540,2320605,1439887,1496704,2154208,2554438,1768043,2492074,2822532,1754738,1976233
2677377,2844666,654590,817463,2848873,3055391,2321097,1439658,1496179,2154163,2551974,1766604,2487661,2822110,1751790,1976560
2677516,2844869,653821,817341,2847862,3055352,2320277,1439312,1496455,2154494,2550222,1766106,2484198,2822046,1749666,1976794
2677657,2844922,652139,817509,2846361,3055284,2321520,1440833,1496383,2154740,2549120,1765469,2481549,2822180,1748200,1977303
2678053,2845386,650698,818045,2843736,3055366,2321027,1440783,1496818,2155306,2548176,1765529,2480143,2822678,1746626,1978483
2678437,2845849,648969,818416,2841058,3054985,2320690,1440447,1496705,2155589,2547479,1766014,2480008,2822871,1746345,1978971
2678943,2846312,647681,818871,2838648,3055110,2320713,1440103,1496971,2155981,2547579,1766659,2481156,2823796,1747033,1980767
2679230,2846794,646348,819381,2836394,3055102,2322043,1441422,1497050,2156134,2547747,1767334,2483604,2824366,1747607,1981108
2679224,2847105,644974,819615,2834657,3055323,2321726,1441737,1496721,2155970,2548322,1767772,2486637,2825258,1748617,1982630
2679685,2847441,644511,820273,2832534,3055460,2321851,1441859,1496852,2155554,2549224,1768652,2490789,2825239,1750247,1983454
2679637,2847528,643703,820397,2831473,3055166,2321991,1441478,1496627,2155631,2550497,1770011,2494960,2826894,1752284,1984720
2679414,2847270,643000,820196,2830312,3055017,2319229,1440984,1496197,2155123,2551111,1770547,2499337,2827964,1754109,1984742
2679502,2847549,643425,820992,2831341,3055084,2321856,1441195,1496394,2155403,2552811,1771607,2504312,2829529,1756807,1985133
2679597,2847585,644632,820239,2832557,3054972,2322306,1441589,1496621,2155348,2554422,1771808,2509092,2830992,1758932,1985025
2680073,2847864,646804,821022,2834573,3055722,2321593,1442158,1497427,2155272,2556121,1772880,2513408,2830915,1761520,1984206
2679410,2847336,647978,820509,2836547,3055794,2321970,1441386,1497922,2155122,2557199,1773157,2516360,2830821,1763805,1984183
2676961,2844669,645912,816944,2837150,3054850,2319446,1440498,1495396,2154500,2555758,1770325,2519010,2834647,1763233,1981938
2677212,2845010,646920,817460,2840035,3054966,2319723,1439457,1494535,2154411,2553604,1768464,2521358,2833401,1762667,1980284
2680501,2846919,654428,820884,2844948,3056285,2322340,1441064,1499825,2158381,2562241,1774781,2518650,2836465,1766060,1981424
2674465,2841898,649151,812759,2844756,3054579,2319189,1439087,1496574,2153019,2555768,1766510,2517995,2842718,1762103,1978049
2676326,2845825,654459,820766,2848938,3057028,2322063,1440353,1505094,2140582,2555628,1768812,2518366,2841425,1761478,1977500
2678860,2849556,655451,823862,2850934,3058672,2322978,1440508,1509676,2124734,2560999,1774845,2512994,2845314,1761091,1977921
2677507,2845842,655516,821561,2851307,3057411,2322285,1438549,1521073,2111911,2570192,1775936,2511153,2850260,1760638,1979368
2672594,2842934,651164,813516,2850563,3055447,2319570,1435265,1517013,2113721,2562518,1762191,2508405,2855380,1753126,1974912
2680192,2849186,656308,823721,2851577,3058018,2321435,1436843,1523396,2103427,2575867,1776453,2504633,2850988,1756248,1977631
2674738,2845204,650946,819378,2848326,3056004,2319455,1433181,1525280,2106970,2570855,1771497,2502405,2857137,1751926,1976863
2674822,2845692,650075,818131,2847365,3055839,2320158,1433403,1515818,2108445,2570777,1768013,2499747,2863916,1750286,1976909
2680410,2849875,653891,823222,2846629,3057210,2321927,1435055,1514122,2105979,2572743,1770553,2498965,2868914,1749188,1977259
2678643,2849184,649106,820863,2844210,3056595,2321404,1434279,1515077,2106355,2573796,1769345,2498023,2870706,1748465,1979862
2677194,2848799,647332,820535,2842199,3057131,2322154,1433041,1513214,2105642,2573351,1768975,2497085,2869148,1747047,1979958
2677122,2849987,646233,820487,2839262,3058103,2322064,1433337,1508498,2106886,2577486,1770259,2496079,2868273,1747194,1981249
2677708,2849865,644877,819169,2836955,3057638,2321392,1431589,1506765,2106015,2579956,1771305,2497431,2867011,1747685,1982740
2677911,2851110,643398,819752,2834688,3057127,2321649,1431409,1506293,2104847,2577502,1769432,2500674,2865226,1747401,1982242
2677647,2849740,641952,818118,2833358,3056679,2321760,1431894,1504552,2103366,2580196,1771699,2504455,2866674,1750320,1983913
2678270,2849737,641028,818538,2831486,3056541,2321122,1432457,1498910,2103668,2579037,1771253,2507533,2861517,1751003,1983437
2677346,2849008,641022,819176,2831224,3056809,2321094,1431955,1497449,2103845,2583759,1773041,2512161,2861228,1755098,1984600
2674572,2846530,637148,816766,2829973,3055332,2319410,1432171,1495496,2102950,2579973,1770010,2517086,2860842,1755887,1983941
2677200,2848885,641341,819308,2832230,3056781,2320327,1432078,1492232,2102490,2585290,1774525,2518768,2859496,1759731,1985071
2677167,2848141,641329,818666,2832761,3056304,2319864,1432711,1492428,2100671,2582504,1773585,2522388,2856897,1760518,1983179
2675875,2847049,642628,817584,2834635,3055131,2318666,1431327,1489377,2101215,2582970,1772506,2524104,2856435,1761493,1982308
2677875,2847428,645530,818392,2838093,3055778,2319295,1430902,1490583,2102216,2584496,1774114,2525789,2856761,1763929,1982494
2677318,2847097,647492,818664,2840731,3056079,2319407,1432321,1490980,2103632,2583811,1774373,2526083,2854037,1764597,1981923
2676201,2845614,648363,817815,2842379,3055507,2317882,1430237,1491747,2104997,2580773,1772964,2524140,2847442,1763603,1980075
2677757,2846095,650598,818558,2844850,3056219,2318240,1430423,1490019,2108609,2579387,1772319,2521842,2844181,1763055,1978367
2676442,2845166,651279,818237,2847164,3056008,2318656,1431031,1488478,2111162,2575685,1771736,2519610,2841597,1761839,1977529
2676170,2844802,652850,817728,2849078,3056402,2318697,1431759,1488517,2115252,2574572,1771522,2514912,2839648,1761202,1976969
2675210,2844018,652535,817224,2849303,3055631,2318103,1431445,1487425,2116972,2571639,1770470,2510592,2837128,1758647,1975910
2675449,2843722,652283,816960,2850135,3055540,2318589,1431356,1485683,2119736,2568977,1769048,2505856,2836123,1756627,1974745
2675469,2843364,652093,817112,2849244,3055327,2317620,1430698,1484193,2121759,2566724,1768072,2500679,2834908,1754248,1974567
2675413,2843302,651905,817321,2848937,3055018,2319884,1431560,1482717,2123667,2564341,1767052,2497521,2833852,1752171,1975380
2675625,2843202,650732,816811,2846654,3054556,2319191,1432353,1480820,2125677,2561518,1766140,2493961,2832984,1749457,1974933
2676321,2843888,650111,817325,2845233,3054678,2318891,1432509,1479628,2127281,2558807,1766372,2491292,2832708,1747322,1974713
2676879,2843939,648181,817651,2841853,3054090,2318834,1432536,1476848,2128347,2555395,1765568,2489772,2832407,1745734,1975921
2676658,2844061,645771,817941,2839572,3054147,2318069,1433017,1475843,2129817,2553208,1766135,2489263,2834002,1745900,1976801
2677135,2844825,644726,818899,2837176,3054369,2320545,1433958,1474701,2130865,2551763,1767029,2488398,2833799,1746476,1978017
2677881,2845226,644355,819293,2835220,3054314,2319573,1433404,1475580,2132446,2551501,1769058,2489740,2835144,1747374,1978905
2678699,2845940,643304,819541,2833132,3053740,2320143,1434921,1476693,2133857,2551140,1770342,2491827,2835183,1748468,1980020
2678831,2845995,641864,819631,2831926,3054205,2319556,1434582,1477376,2134470,2551214,1771021,2494309,2834945,1749461,1980204
2678737,2845764,640386,819821,2830237,3053595,2319349,1433751,1477924,2135631,2552392,1771596,2497494,2835128,1751602,1981236
2679256,2846376,640581,821207,2829895,3054137,2319837,1435439,1479325,2136831,2553866,1773076,2500879,2835857,1754471,1981697
2679870,2846893,641901,822068,2830703,3054419,2319590,1435395,1480682,2137530,2554959,1775132,2504451,2836238,1756767,1982528
2679845,2846750,642648,821694,2831962,3054225,2319627,1434439,1481536,2138146,2555875,1776302,2508019,2836197,1758767,1982581
2679372,2846265,643970,821492,2833691,3054563,2320034,1435921,1482100,2138508,2556883,1775953,2511744,2835959,1761081,1981815
2679262,2846092,644595,821292,2835264,3054138,2319899,1434962,1482773,2139080,2558081,1775655,2514320,2835695,1762599,1980920
2679342,2845972,645685,821329,2836864,3053825,2318556,1435076,1483646,2139994,2559285,1775901,2515063,2835009,1763079,1979436
2679578,2846023,647437,821575,2839560,3053929,2319397,1435227,1484616,2140263,2559647,1775320,2514703,2834354,1763540,1978247
2679282,2845541,649324,821368,2842085,3054493,2318985,1435336,1485279,2140688,2559205,1775201,2513724,2834451,1764006,1977888
2678257,2844701,650396,820675,2844847,3054627,2318160,1435291,1485240,2141055,2557721,1773930,2511051,2833585,1763384,1976556
2677663,2843727,651887,820274,2847117,3054246,2318653,1435512,1486125,2141130,2556799,1772317,2508067,2832793,1761981,1975138
2677087,2843141,653072,820350,2848692,3054806,2318752,1435349,1486678,2141655,2555410,1770912,2504547,2831666,1760500,1974763
2675757,2842023,653256,820114,2849406,3054587,2318919,1435675,1486523,2141993,2553264,1769739,2499922,2831567,1758321,1974051
2674771,2841065,653584,819893,2849315,3054257,2318465,1435740,1486978,2142433,2551192,1768832,2495626,2831080,1755978,1973827
2673674,2840000,653229,819693,2849026,3054286,2318817,1435128,1486611,2142624,2549244,1767698,2490898,2831075,1753916,1973304
2672995,2839224,652328,819813,2848264,3053857,2319798,1435796,1487357,2143003,2547432,1766365,2486901,2830790,1751185,1973830
2672004,2838182,651663,819217,2847077,3053151,2318971,1435753,1487247,2143191,2545226,1765085,2483477,2830443,1749261,1973150
2671752,2838394,650678,819688,2845655,3053729,2320415,1436302,1487855,2144046,2544107,1764859,2481127,2830652,1748637,1973333
2671826,2839203,648509,820059,2842955,3054434,2320579,1436695,1487787,2144812,2543967,1764777,2479585,2831721,1747623,1974787
2671573,2839471,646227,818915,2840225,3054014,2320577,1436719,1487848,2145000,2544705,1765253,2479230,2831964,1746659,1976383
2672494,2840745,645195,818725,2837885,3054577,2321746,1437028,1488746,2146040,2547396,1767106,2479997,2832734,1746676,1977543
2673565,2841979,644113,818375,2835914,3053961,2321267,1437219,1489284,2146605,2549585,1769477,2482498,2833315,1747490,1978315
2674822,2842948,643573,818735,2833373,3053534,2320866,1437139,1489931,2146964,2551392,1770519,2485986,2833861,1749185,1979005
2675894,2843801,643309,819544,2832632,3053791,2321890,1437821,1490941,2147610,2553220,1772246,2489884,2834663,1751855,1979927
2677081,2844676,642369,819960,2831004,3053791,2320448,1437341,1491742,2147874,2555106,1773175,2494400,2835034,1753889,1981719
2678335,2845790,641840,820337,2830683,3053798,2319985,1437058,1492269,2148060,2557190,1774123,2498765,2835243,1755148,1982855
2678745,2846014,641929,819670,2831100,3053778,2321231,1437362,1492504,2148040,2558769,1774721,2503043,2835611,1757513,1982859
2679274,2846337,642959,820124,2832392,3054019,2320459,1437602,1493293,2148697,2560760,1775230,2507583,2835354,1759875,1982855
2679222,2846226,643902,820148,2833330,3054190,2319996,1437042,1493379,2148515,2562443,1775535,2511042,2835210,1762468,1982090
2678946,2845978,644867,820297,2835349,3054383,2318882,1437703,1493482,2148889,2563865,1775788,2513688,2835334,1764390,1981533
2679175,2845832,646648,820239,2838672,3054136,2320967,1435826,1494066,2149057,2564245,1775990,2515273,2835054,1765875,1981075
2679615,2845939,648373,820063,2840807,3054715,2319666,1437307,1494588,2148979,2564458,1775391,2514741,2834037,1765397,1979985
2679875,2846261,650268,819934,2842748,3054665,2318913,1436030,1494956,2149195,2564258,1775111,2513879,2833912,1765079,1978716
2679224,2845565,651158,819325,2844739,3055107,2319348,1436160,1494934,2149177,2563447,1774531,2511287,2833196,1763949,1977385
2679158,2845459,652942,819065,2846882,3054800,2318870,1435827,1495409,2149341,2563048,1773600,2508438,2832916,1762697,1976266
2678643,2844892,653932,818681,2848992,3055204,2318900,1435324,1495407,2149912,2561636,1772342,2505062,2832171,1761976,1975004
2678587,2844719,654727,818525,2850100,3054455,2319372,1435781,1495654,2149896,2559876,1770874,2501107,2831787,1760072,1974635
2679100,2845136,654881,818668,2850588,3054745,2318572,1435181,1496354,2151072,2558581,1770724,2497236,2831949,1757902,1974462
2678967,2844942,654753,818533,2850030,3054800,2318705,1435571,1496726,2151244,2556647,1769703,2492842,2831435,1754987,1973870
2678999,2844931,654107,818435,2849103,3054573,2319149,1435370,1497104,2151681,2554793,1768717,2489274,2831357,1752295,1974032
2678587,2844476,652709,818031,2847384,3054164,2317993,1435796,1496986,2151827,2552675,1767902,2485870,2831075,1750172,1973908
2679077,2845125,651501,818693,2845821,3054474,2319477,1436148,1497380,2152969,2551251,1767488,2483311,2831862,1748851,1975337
2679342,2845388,650128,818858,2843624,3054288,2319395,1436576,1497635,2153433,2549928,1767901,2482059,2832380,1748086,1976030
2679889,2846143,648430,819095,2841390,3054067,2320109,1436292,1497776,2153681,2549236,1768075,2482048,2832902,1747280,1977708
2679424,2846051,646670,819385,2839065,3053613,2319184,1436926,1497653,2153940,2548887,1768910,2483033,2832812,1747359,1977915
2679800,2846481,645421,820140,2836726,3053794,2320244,1436903,1497837,2154224,2549455,1769395,2485070,2833783,1748072,1979192
2679466,2846406,643949,820547,2834599,3053767,2320443,1437951,1497413,2153673,2549722,1769536,2487994,2834165,1749431,1980285
2680116,2846879,643125,821033,2833044,3054156,2319877,1437624,1498136,2154278,2551090,1770958,2491892,2835118,1751264,1980903
2680493,2847334,642849,821362,2831786,3053838,2320211,1437552,1497788,2153872,2552083,1771781,2495882,2835233,1752787,1981640
2680219,2846961,642729,821493,2831135,3053452,2320748,1437924,1497380,2153348,2553056,1772197,2500367,2835128,1754489,1981516
2680430,2847174,643644,822065,2832112,3054266,2321632,1437811,1497958,2153331,2555230,1773348,2505265,2835821,1757844,1983187
2680341,2846839,644280,821910,2832846,3053676,2319712,1436530,1498260,2153093,2556725,1773934,2509369,2835400,1760204,1983144
2680527,2846943,645375,822104,2834398,3054536,2320137,1438235,1498049,2152543,2558268,1774492,2512645,2835481,1762360,1983272
2680438,2846872,646158,821794,2835859,3054145,2318186,1436906,1498201,2152494,2559456,1774896,2514927,2835142,1763523,1981820
2679821,2846120,647455,821542,2838030,3054054,2319378,1437142,1497797,2151688,2559586,1774262,2516194,2834580,1764647,1980939
2679472,2845883,649065,821717,2840598,3054600,2319350,1436791,1497539,2151847,2559999,1774104,2516301,2834195,1765553,1979829
2679486,2846131,651157,822396,2843268,3055330,2319861,1436638,1497822,2152458,2560177,1774456,2515198,2834026,1766055,1979327
