2555148,2527301,1471430,882959,3093931,3078885,2299793,2316212,1807331,2106831,2035674,1625726,1871472,3116165,1465904,2083618
2555796,2527896,1471928,884724,3093104,3080711,2299699,2316304,1807354,2107608,2034996,1624814,1868511,3116755,1463503,2083643
2555897,2528015,1472303,886418,3092077,3083043,2300548,2317101,1807299,2107991,2033792,1623101,1866279,3116973,1461572,2083667
2555499,2527539,1471819,887209,3090291,3084557,2299804,2317493,1806503,2107219,2031883,1620102,1864357,3115675,1459343,2082264
2555521,2527671,1471542,888418,3089172,3086425,2300490,2318224,1806032,2106518,2030731,1617255,1863650,3113480,1458182,2080807
2555429,2527406,1470997,888999,3087221,3087116,2300450,2317793,1805880,2105417,2029744,1614079,1863342,3110785,1457334,2079074
2555726,2527863,1470430,889978,3085029,3088199,2300374,2318582,1805812,2104592,2029377,1611433,1863597,3107930,1456817,2077512
2555883,2528349,1470321,890667,3083333,3088131,2300431,2318628,1805533,2103876,2029334,1609015,1864292,3104504,1456658,2075736
2556362,2528977,1469519,890980,3081538,3088196,2300018,2318788,1805805,2103343,2029848,1607781,1866216,3102145,1457771,2074838
2556230,2528887,1468607,890512,3080300,3087299,2300378,2318578,1805289,2102155,2029942,1606150,1867646,3099630,1458848,2073564
2555633,2528210,1467328,888813,3079367,3085565,2299801,2318439,1805302,2100691,2030504,1605224,1869828,3096650,1460086,2072015
2555345,2527883,1466804,887669,3079448,3083685,2300101,2317252,1805469,2099435,2031748,1605013,1873224,3094716,1461972,2070693
2555164,2527746,1466823,886425,3079764,3082224,2300096,2318079,1805569,2098455,2032743,1605495,1875628,3093059,1463979,2070686
2555240,2528067,1466945,885213,3080254,3080483,2299861,2317070,1806153,2098443,2034697,1607328,1878209,3093014,1466215,2070997
2555308,2528108,1466976,883479,3081144,3078337,2299509,2316335,1806540,2098765,2036173,1609552,1879835,3093394,1467423,2071256
2554844,2527715,1467396,882220,3082517,3076655,2299327,2316584,1806941,2099009,2037402,1612031,1881522,3094660,1469083,2072540
2554539,2527013,1467871,880424,3084189,3074652,2299899,2315867,1806883,2098760,2037999,1613866,1882115,3095937,1469824,2073172
2554664,2527067,1468526,879318,3086321,3073985,2299957,2315727,1807262,2099533,2038861,1616708,1882407,3098299,1470596,2074894
2554881,2526889,1469716,879009,3088527,3073607,2299612,2315362,1807725,2100816,2040004,1620225,1882438,3101582,1471279,2077171
2554465,2526421,1469899,878315,3090588,3073182,2299729,2315591,1807342,2101729,2039522,1622324,1881123,3104529,1470776,2078660
2554875,2526687,1470496,877941,3092076,3073501,2299841,2315692,1807480,2102922,2039177,1624526,1879909,3107482,1469612,2079833
2554930,2527139,1470358,878295,3092561,3074164,2299771,2315092,1807822,2104322,2039188,1626114,1878116,3110282,1468655,2080733
2554767,2527353,1470272,879190,3092674,3075780,2299913,2316005,1807387,2105220,2037644,1626572,1875219,3113008,1467670,2081624
2554406,2527602,1470293,880670,3092855,3077382,2299654,2315818,1807081,2105953,2035899,1626089,1872954,3114673,1466825,2082561
2554785,2528070,1470714,882147,3093669,3079721,2300921,2316825,1807175,2106632,2034912,1625235,1870835,3115586,1466254,2083097
2555345,2528672,1471153,883723,3093548,3081514,2300825,2316501,1807033,2107137,2033790,1623141,1868437,3116135,1464997,2082718
2555401,2528912,1471490,885523,3091714,3083760,2300624,2316467,1806333,2107825,2032429,1621227,1865916,3115509,1462964,2082340
2555640,2529113,1471313,887346,3089373,3085669,2299977,2316956,1806107,2107542,2031497,1619095,1863928,3114423,1460755,2081416
2556218,2529317,1471830,889306,3087987,3087550,2300352,2317340,1806390,2107564,2031312,1616682,1862966,3112956,1459861,2080857
2556358,2529083,1471620,890556,3086491,3088791,2301089,2318520,1806083,2106392,2030603,1613566,1862768,3110669,1459919,2079621
2556069,2528634,1469916,890602,3085444,3088997,2300886,2318376,1805465,2104951,2029560,1610232,1863846,3107231,1460385,2078164
2555855,2528523,1468806,890432,3082633,3088586,2300389,2318245,1805303,2103688,2029143,1607531,1864808,3103786,1460077,2075734
2556067,2528857,1468078,890330,3080613,3087553,2299743,2318001,1805066,2102455,2029508,1605680,1866373,3100249,1459797,2073408
2557054,2529429,1468142,889946,3079221,3086542,2299789,2317497,1805873,2101812,2030962,1604888,1868443,3097664,1460674,2072624
2557160,2529358,1468279,888998,3079108,3085358,2299713,2316697,1806328,2100810,2032219,1604751,1871092,3095626,1462117,2071791
2556402,2528643,1468017,888070,3079537,3084312,2300317,2317633,1806240,2099833,2032975,1604931,1873446,3093750,1464646,2071766
2555188,2527822,1467015,886129,3080073,3082545,2300315,2316988,1805837,2098479,2033432,1604902,1876277,3092625,1466971,2071576
2554391,2527140,1465805,883302,3080800,3079972,2299541,2316026,1805567,2097161,2033679,1605133,1878520,3090984,1468031,2070467
2555084,2527928,1466070,882247,3081219,3078238,2299466,2315764,1806214,2097767,2035472,1607858,1880242,3091492,1469321,2070901
2555056,2528380,1466731,881532,3082243,3076394,2299746,2314977,1806502,2098646,2037277,1611034,1881335,3093421,1470547,2071687
2554938,2528036,1467149,880536,3084360,3074961,2299299,2314673,1806650,2099207,2038272,1613957,1881964,3095169,1471749,2073129
2554769,2527782,1467484,879648,3085982,3073998,2299299,2314302,1806951,2100180,2038748,1616661,1881465,3097291,1472260,2074657
2554314,2527173,1467648,879047,3088158,3073825,2299228,2314382,1806618,2101290,2039060,1619255,1881411,3100870,1472727,2076694
2553684,2526373,1467832,878187,3089709,3074099,2299520,2314676,1806180,2101760,2038343,1620469,1879993,3103738,1471569,2078451
2553921,2526550,1469145,877964,3091491,3073743,2299375,2314122,1806394,2103131,2038457,1622665,1878551,3106710,1470757,2079237
2554629,2526946,1470469,879433,3093062,3074658,2299596,2315261,1806478,2104903,2038540,1624780,1876502,3110078,1469862,2081068
2555180,2527625,1471125,881146,3093950,3076096,2300421,2315476,1807036,2106526,2038312,1626452,1874489,3113088,1469165,2082268
2554908,2527421,1470943,882257,3093711,3077489,2299469,2314984,1806888,2107695,2036933,1626507,1871628,3115161,1466770,2082688
2554548,2527097,1470442,883057,3093122,3079559,2299061,2315708,1806022,2107823,2034761,1624515,1868870,3116312,1463673,2082583
2554659,2527131,1470796,884090,3092763,3081796,2299511,2317028,1805539,2108098,2033325,1622770,1866433,3116685,1461661,2082320
2554545,2526770,1471078,884965,3091243,3083379,2299889,2316157,1805218,2107870,2031834,1620591,1864770,3115562,1460067,2081420
2555147,2527078,1471088,886663,3089967,3085010,2299867,2317084,1805127,2107547,2030881,1618164,1863327,3114457,1458505,2080079
2555756,2527604,1470787,888171,3087545,3086424,2299882,2317853,1805140,2107265,2030370,1615855,1862783,3112835,1457026,2079031
2555262,2527367,1469575,888607,3085419,3087234,2298848,2317397,1804823,2106517,2029382,1612682,1862017,3109944,1455580,2077216
2555183,2527550,1468693,889272,3083752,3087914,2299710,2318242,1804347,2105522,2028633,1609996,1862927,3107106,1455975,2075875
2554626,2527230,1467597,888691,3081710,3087621,2299318,2317699,1803582,2103982,2027880,1607242,1863471,3104093,1455997,2073568
2554535,2526986,1466941,888366,3079832,3087368,2298896,2318100,1803361,2102361,2027839,1605132,1864870,3100578,1456931,2071577
2554748,2527250,1466583,888084,3078981,3086264,2299139,2317778,1803551,2101402,2028854,1604366,1867388,3097962,1458282,2070847
2555045,2527794,1466250,887449,3078562,3084936,2299630,2317835,1803895,2100798,2030384,1604388,1869817,3095676,1459997,2070100
2554808,2527628,1465637,886260,3078055,3082863,2299052,2317173,1804222,2100018,2031681,1604901,1872470,3093916,1461707,2069233
2554021,2526975,1464827,884192,3078226,3080741,2298809,2316696,1803641,2099052,2032271,1605400,1874473,3092336,1463452,2068507
2553709,2526734,1464845,882270,3079196,3078856,2299234,2316303,1803969,2098470,2033611,1606916,1877006,3091866,1465286,2068791
2553484,2526487,1465324,880616,3079854,3077116,2298831,2315553,1804148,2098191,2034690,1608572,1878484,3092185,1466206,2068738
2553367,2525988,1465625,879091,3081878,3075120,2298845,2315358,1804627,2098979,2036018,1611399,1879518,3093699,1467382,2070347
2553797,2526130,1466312,878366,3083420,3073525,2298744,2314614,1805310,2099562,2037576,1614395,1880071,3096068,1468583,2072210
2553961,2526399,1467009,877978,3085824,3073033,2299081,2315107,1805503,2100491,2038304,1617442,1880553,3098879,1469233,2073605
2553562,2525752,1467916,876806,3087481,3072304,2298797,2314904,1805477,2101491,2038614,1619906,1880088,3101502,1469898,2075299
2552803,2524767,1468399,875828,3089052,3071621,2298636,2313625,1805093,2102048,2038452,1621652,1878640,3104343,1469203,2076160
2552441,2524193,1468592,875695,3090602,3071898,2298612,2313762,1804856,2102753,2037724,1623153,1877017,3107570,1468144,2077721
2551519,2523841,1469288,876694,3091792,3073682,2298766,2314444,1804424,2103845,2036837,1624436,1874808,3110700,1466837,2079092
2550912,2523360,1469446,877481,3091838,3074926,2298825,2315082,1803948,2104311,2035239,1624479,1872155,3112857,1464613,2079713
2550163,2522834,1469457,878840,3091763,3077232,2299204,2315514,1803307,2105106,2033534,1623963,1869340,3114645,1463131,2080494
2549269,2522418,1469044,879563,3091500,3079172,2299401,2315916,1802377,2104852,2031186,1621851,1866592,3114953,1461492,2080368
2548933,2522427,1469279,881047,3090671,3081380,2299306,2315683,1801913,2104791,2029592,1619941,1864806,3115150,1460115,2080146
2548709,2522483,1468655,882619,3088943,3082877,2299332,2315548,1800712,2104559,2027803,1617113,1862626,3114252,1458396,2079314
2549393,2523086,1468374,884678,3087628,3084900,2299512,2315924,1800628,2104737,2026802,1614593,1861330,3113098,1457806,2078855
2550547,2523833,1468082,886523,3085925,3086333,2299254,2316976,1800814,2104821,2026347,1612124,1860631,3111297,1457373,2077834
2551320,2524330,1467491,887555,3083832,3086786,2298720,2316594,1800914,2103873,2026156,1609868,1860607,3108473,1456911,2076159
2551890,2524582,1467101,888196,3082501,3087189,2299169,2317374,1801075,2102722,2026326,1607324,1861564,3105308,1457100,2074255
2552100,2525036,1466140,888555,3080667,3087223,2299703,2317357,1800700,2101701,2025966,1605111,1862982,3101911,1457325,2072537
2552260,2525361,1465539,888385,3078943,3086302,2298896,2317245,1800822,2100653,2026677,1603488,1864747,3098856,1458076,2071409
2552797,2525686,1465669,888088,3078315,3085521,2299389,2317196,1801255,2099893,2027849,1602814,1867190,3096326,1459297,2070408
2553209,2525971,1465718,886863,3077828,3084014,2299018,2316745,1801685,2098916,2029023,1602413,1869945,3093860,1460484,2069323
2553533,2526545,1465561,885831,3077999,3082599,2299437,2316425,1802547,2099021,2031188,1603770,1872653,3093103,1462509,2068945
2553181,2526373,1464684,884351,3078303,3080754,2298913,2316381,1802583,2098331,2032005,1604679,1874948,3092007,1463833,2068682
2553272,2526612,1464653,882751,3079221,3078960,2299142,2315442,1803027,2098250,2033363,1606130,1877442,3091731,1466160,2068611
2553384,2526842,1464891,881349,3080602,3077121,2299154,2315756,1803285,2098497,2034610,1608326,1878889,3092649,1468048,2069556
2553349,2526816,1465517,879934,3082442,3075846,2299659,2315113,1803884,2099070,2036029,1610905,1879993,3093982,1469249,2071167
2553322,2526735,1465641,878614,3084313,3074601,2298932,2314721,1804005,2099592,2036644,1613767,1880598,3096452,1469472,2072692
2553471,2526975,1466417,878153,3086461,3073887,2299121,2314831,1804214,2100717,2037430,1616895,1880275,3099149,1469916,2074344
2553296,2526681,1467321,877965,3088121,3073105,2299424,2314491,1804627,2101881,2037903,1619704,1879824,3102043,1470126,2075646
2553003,2526058,1467547,877199,3089736,3073238,2298895,2314714,1804342,2102777,2037681,1621843,1878513,3104969,1469914,2077312
2553015,2525957,1467993,877291,3090884,3073983,2298989,2314309,1804070,2103796,2036950,1623404,1876410,3108189,1468812,2078524
2552645,2525465,1468314,877986,3091856,3074785,2298851,2314920,1803929,2105016,2036417,1624303,1874321,3111475,1467641,2079646
2553554,2525952,1469423,879586,3092597,3076455,2299703,2315386,1803882,2106062,2035602,1624811,1871761,3113618,1466099,2080270
2553736,2525914,1469937,880955,3092285,3078171,2299191,2315581,1803728,2107008,2034693,1624639,1869002,3115222,1464287,2080822
2553515,2525771,1470152,882286,3092207,3079950,2299109,2315769,1803421,2107667,2033239,1623671,1866863,3116351,1462646,2081440
2553789,2525810,1470216,883165,3090923,3081919,2299389,2316610,1802953,2107314,2031339,1621434,1864704,3115799,1460129,2080259
2554053,2526139,1470379,884719,3089771,3083796,2299425,2316778,1802802,2107363,2030431,1619272,1862738,3115495,1458265,2079542
2554095,2526287,1469904,886061,3087855,3085114,2299269,2316979,1802760,2107135,2029514,1616975,1861752,3113822,1456374,2078623
2554322,2526675,1469765,887450,3085866,3086771,2299496,2318266,1802563,2106834,2028517,1614140,1861099,3111780,1455323,2077181
2554158,2526514,1469294,887707,3084052,3087108,2299366,2317597,1802128,2105496,2027923,1610853,1861112,3108336,1454900,2075194
2554363,2526608,1469025,888608,3082427,3087840,2299528,2318920,1802019,2104226,2027642,1608409,1862061,3105393,1454871,2073717
2554364,2526758,1468243,888439,3081076,3087767,2299228,2318155,1802109,2103229,2027936,1606294,1863603,3102636,1455753,2072546
2554067,2526546,1467127,887876,3078951,3086517,2298993,2317947,1801938,2101984,2028029,1604502,1865524,3099236,1456240,2070949
2554001,2526592,1466291,887055,3078563,3085184,2299255,2317338,1801822,2100599,2028321,1603289,1867457,3096357,1457600,2069530
2554099,2526555,1465473,885868,3077711,3083219,2298757,2317131,1802068,2099700,2029398,1603294,1869985,3094253,1459494,2068679
2553964,2526649,1465255,884597,3077612,3081868,2299196,2316926,1802433,2099241,2030880,1603827,1872671,3092753,1461161,2068096
2553991,2526533,1465214,883016,3078143,3079573,2298691,2316635,1802630,2098703,2032180,1605209,1874633,3091421,1462620,2068119
2553553,2526075,1464957,881440,3079660,3077926,2299213,2316493,1802680,2098345,2033324,1607248,1876989,3091714,1464825,2068656
2553131,2525910,1464682,879755,3080820,3075817,2298805,2315108,1802780,2098546,2034406,1609359,1878080,3092734,1466481,2069683
2553182,2525927,1465487,878652,3082494,3074900,2299250,2316112,1803237,2099190,2035578,1612377,1879185,3094599,1467699,2071103
2553106,2525516,1465958,877429,3085031,3073419,2299052,2315321,1803443,2099613,2036354,1614814,1879740,3096831,1468412,2072190
2552889,2525268,1466891,876389,3086961,3072375,2299179,2315272,1803731,2100548,2036822,1617632,1879697,3099356,1468808,2073684
2553087,2525278,1467526,875538,3088846,3072145,2298857,2314793,1804093,2101795,2037278,1620081,1878559,3102426,1468362,2074927
2553483,2525917,1468338,875771,3090259,3072374,2299043,2314057,1804780,2103628,2037990,1622806,1877568,3105757,1467921,2076188
2553219,2526104,1468592,876188,3091471,3073407,2299098,2315260,1804603,2104582,2037228,1624600,1876077,3109039,1467509,2077909
2553580,2526671,1469408,877102,3092185,3075372,2299443,2315214,1804532,2105435,2036206,1625130,1873564,3111511,1466550,2079436
2553417,2526704,1469419,878061,3092590,3076758,2299542,2315718,1804393,2106135,2035046,1624875,1871065,3112995,1465542,2080503
2553782,2527205,1469327,879488,3091896,3078728,2299426,2315598,1804198,2106991,2033869,1624665,1868365,3114530,1463603,2080798
2553975,2527554,1470217,881631,3092310,3080417,2299832,2315456,1803943,2107559,2032821,1623563,1866131,3115511,1462749,2081240
2554045,2527301,1470163,883179,3090523,3082461,2299220,2316001,1803373,2107644,2031267,1621173,1863613,3114590,1460615,2080211
2554276,2527203,1469745,884815,3089427,3084285,2299548,2316767,1803156,2107725,2029915,1618690,1861897,3113989,1459087,2079736
2553954,2526753,1468866,886231,3088020,3086296,2299815,2317990,1802351,2106977,2028304,1615617,1860757,3112413,1457979,2078379
2553916,2526778,1467834,886908,3085997,3087287,2299528,2317317,1801843,2106062,2027278,1612777,1860487,3110246,1456985,2076538
