2732985,2661516,1631844,1038143,3268269,3134979,2459635,2500573,2127136,2195407,2344734,1790093,1976435,3128545,1601125,2362562
2732885,2661295,1633567,1038870,3269536,3136286,2460485,2500651,2127139,2196534,2344091,1791046,1975020,3131017,1600210,2363832
2732965,2661241,1634113,1039527,3269930,3137500,2461135,2501808,2127048,2197266,2342867,1791122,1972546,3132400,1598112,2364783
2733516,2661589,1634676,1040258,3269778,3139124,2460276,2502199,2127471,2198188,2342092,1790812,1971116,3133813,1596324,2365066
2733469,2661868,1634305,1041308,3269093,3140692,2461127,2502161,2127237,2198217,2340393,1789524,1969383,3133728,1594611,2363911
2733175,2662284,1632495,1042880,3267186,3142223,2459535,2501852,2126407,2197842,2338243,1787263,1967282,3132982,1592769,2362853
2733285,2663191,1631394,1044841,3265793,3144012,2461323,2502448,2126146,2197566,2336971,1785387,1966061,3131702,1592555,2362462
2733780,2663554,1630613,1046381,3263996,3145784,2461309,2503746,2126021,2197653,2336150,1783542,1965302,3130146,1592882,2362330
2733775,2663133,1630124,1046753,3262972,3146460,2461749,2503668,2126167,2196490,2335570,1780877,1965044,3127376,1592892,2361176
2733155,2662653,1629371,1046745,3261304,3146464,2459693,2502581,2125700,2194730,2334832,1777704,1965330,3123384,1592445,2359441
2733396,2662842,1629687,1047591,3260011,3146799,2462096,2502891,2125590,2193520,2334757,1775561,1965963,3120092,1592926,2358064
2733545,2663242,1629669,1048317,3258756,3147274,2461296,2503362,2125585,2192829,2335600,1774658,1966876,3117474,1593149,2357418
2733815,2663306,1629694,1048067,3257835,3146641,2461952,2503460,2125541,2191674,2336546,1773604,1969107,3114732,1594523,2356821
2733683,2663246,1629623,1047347,3256910,3145369,2461608,2503381,2125654,2190874,2337661,1773197,1971319,3112332,1596133,2355367
2733188,2662388,1628445,1045970,3256627,3143821,2460907,2503236,2125387,2189795,2338647,1772793,1973243,3110253,1597890,2354451
2732999,2662226,1627474,1044556,3257234,3142334,2460695,2502469,2125462,2189138,2339472,1773081,1975294,3109242,1599336,2353706
2732666,2661818,1627515,1043266,3257962,3140265,2460701,2501917,2125473,2189033,2340827,1774067,1977415,3109565,1600885,2353654
2732415,2661628,1626890,1042032,3259036,3138409,2461367,2501812,2125485,2188867,2341674,1775461,1978682,3109601,1602511,2353320
2732363,2661492,1626845,1040931,3259969,3137447,2460252,2501385,2125822,2189348,2342770,1777716,1979842,3111709,1604144,2354781
2732219,2661691,1627531,1039673,3261391,3136370,2460576,2500544,2125990,2189766,2343740,1780021,1980108,3113753,1604962,2355935
2732278,2661677,1628887,1038677,3263130,3135567,2460423,2500085,2126283,2190596,2344483,1782222,1980161,3116082,1605053,2357005
2732252,2661642,1630114,1038382,3265078,3135353,2460596,2500161,2126284,2191820,2344999,1784385,1980046,3119374,1604954,2358401
2732094,2661551,1630843,1038548,3266730,3135735,2461273,2500505,2126436,2193125,2345134,1786564,1979082,3123090,1604993,2360413
2731911,2661343,1631397,1039076,3267656,3136004,2460671,2500860,2126240,2194326,2344589,1788346,1977442,3126558,1603575,2361586
2732036,2660984,1631611,1039425,3268315,3136515,2460021,2500775,2126422,2195453,2344256,1789722,1976094,3129281,1602719,2362962
2732177,2660910,1632451,1040091,3269247,3137248,2460911,2501439,2126190,2196261,2343244,1790369,1974346,3131513,1601390,2363420
2732262,2660890,1632712,1040852,3269899,3138492,2461621,2501869,2125985,2197166,2342110,1790331,1972543,3133053,1600132,2363482
2732002,2660511,1632332,1041540,3269291,3139332,2460535,2501288,2125633,2197515,2340415,1789493,1970427,3133934,1598164,2363175
2732491,2660960,1632438,1042783,3267996,3140363,2460531,2501105,2125239,2197770,2338808,1788289,1968191,3133512,1595608,2362318
2732519,2660986,1632736,1044184,3267066,3142111,2460313,2502001,2125119,2197677,2337788,1786631,1967138,3132951,1594201,2362093
2732674,2661231,1633073,1045473,3265635,3143804,2461272,2502665,2124969,2197267,2336631,1784364,1965611,3131585,1592216,2361694
2732995,2661580,1633281,1046441,3264408,3145125,2461344,2502681,2125120,2197036,2336136,1782443,1964494,3129765,1590699,2361068
2732791,2661195,1632517,1046925,3262583,3145942,2460520,2502852,2124793,2196080,2335214,1779810,1963872,3127012,1589466,2359861
2732416,2660701,1630774,1047405,3260898,3146581,2460546,2503634,2124155,2194507,2333796,1776851,1963579,3123441,1588913,2357833
2732492,2660689,1628983,1047915,3259505,3147130,2460752,2505059,2124072,2193854,2333231,1775604,1964769,3121013,1590717,2357730
2732578,2660859,1628072,1047415,3258399,3146326,2461419,2504490,2123769,2192471,2333542,1773647,1966172,3117393,1591596,2355862
2732850,2661191,1627898,1046698,3257408,3145276,2460258,2503986,2124063,2191554,2334963,1772890,1968036,3114623,1593404,2354502
2732630,2661341,1628357,1045393,3257639,3143912,2460846,2503177,2124357,2190324,2336443,1772663,1970296,3112381,1595344,2353782
2732551,2662120,1628352,1044327,3257073,3143029,2461087,2502587,2124690,2189384,2337947,1772382,1972712,3110750,1596645,2352586
2732218,2662474,1627150,1043557,3256852,3141941,2460660,2501976,2124608,2188477,2338869,1772684,1974326,3109548,1598426,2351950
2732150,2662836,1627133,1043056,3256874,3141366,2461906,2502169,2124874,2188495,2340137,1773937,1975884,3109868,1601100,2353572
2732195,2662843,1628273,1042322,3258840,3140034,2461889,2501426,2124633,2188288,2341226,1775129,1977475,3110203,1603118,2354524
2732248,2662690,1629215,1041212,3260243,3138649,2461375,2500969,2125323,2188903,2343046,1777498,1978708,3111745,1604410,2355516
2731775,2662087,1629202,1039988,3261936,3137086,2461382,2500150,2125218,2189408,2343457,1779361,1978628,3113572,1605029,2356202
2731613,2661294,1629281,1039467,3263512,3136531,2460031,2501109,2125472,2190295,2343916,1781791,1979002,3116322,1605843,2357709
2731721,2661065,1628992,1039337,3265074,3135985,2462105,2500962,2125569,2191357,2344148,1784260,1978991,3119238,1606819,2359402
2731802,2660864,1628741,1039158,3266425,3134969,2460433,2500314,2125403,2192463,2344101,1786342,1978316,3122463,1606786,2360431
2732134,2661100,1629907,1039666,3268026,3135265,2460767,2500231,2125744,2193879,2344362,1788285,1977629,3126103,1606780,2361592
2732030,2660799,1630690,1039907,3268990,3135570,2461119,2499735,2125487,2194545,2343554,1789048,1976056,3128404,1605127,2361985
2732040,2660891,1631749,1040574,3269518,3137362,2462764,2501036,2125426,2195233,2342918,1789989,1974255,3131214,1603811,2363336
2732163,2661002,1633327,1041242,3269759,3138307,2460557,2500358,2125300,2196040,2341912,1789926,1972132,3132611,1601014,2363356
2731835,2660747,1633814,1042406,3269498,3139655,2461880,2500962,2125134,2196533,2340563,1789419,1969959,3133654,1598964,2363600
2732111,2661067,1633744,1044051,3268195,3141455,2461725,2501011,2124911,2196510,2339062,1788323,1967880,3133585,1597098,2363149
2732372,2661377,1633817,1045464,3267509,3143135,2462143,2501794,2124813,2196625,2337717,1786777,1966782,3132821,1596112,2362498
2732488,2661370,1633488,1046434,3266010,3144494,2461645,2502215,2124714,2196175,2336829,1784658,1965477,3130971,1594907,2361315
2732582,2661390,1632332,1047186,3264383,3145209,2461380,2502012,2124375,2195416,2335527,1782327,1964658,3128303,1593529,2359142
2732759,2661220,1631558,1048083,3262362,3145667,2460438,2501962,2124146,2194581,2334932,1780216,1964569,3125496,1593037,2358147
2732717,2661191,1630857,1048807,3261355,3146169,2462092,2503051,2123883,2193320,2334421,1777756,1964911,3122271,1593272,2356907
2732164,2660974,1630020,1048506,3259282,3146099,2460418,2502558,2123439,2191831,2334120,1775559,1965566,3118639,1593343,2355179
2732066,2661057,1629826,1048347,3258141,3145708,2460612,2502264,2123495,2191002,2334834,1774307,1966802,3115677,1594377,2354535
2732278,2661125,1629385,1047705,3257449,3144959,2461739,2502105,2123531,2189904,2335687,1773343,1968588,3112770,1595165,2352744
2732173,2660889,1628636,1046577,3257159,3143496,2461168,2501618,2123590,2188783,2336593,1772462,1970524,3110502,1596336,2351645
2732062,2660627,1627832,1045961,3256592,3142226,2460668,2501976,2123424,2188208,2337513,1772432,1972331,3109208,1597707,2350697
2731797,2660340,1627263,1044964,3257106,3140774,2461237,2502296,2123566,2187859,2338546,1773171,1974517,3108733,1599916,2351053
2731605,2660343,1627068,1043557,3257674,3139016,2460987,2501468,2123604,2187514,2339812,1774210,1976663,3108796,1601660,2351514
2731422,2660066,1627001,1041936,3258591,3137293,2461196,2500570,2123523,2187367,2340950,1775744,1977828,3109678,1602703,2351853
2731548,2660242,1627950,1040772,3260203,3136049,2460578,2499985,2123880,2187717,2342232,1778228,1978659,3111020,1604177,2352770
2731332,2660086,1628254,1039639,3261563,3134898,2460764,2499838,2124112,2188624,2342980,1780510,1979143,3113573,1604162,2353934
2731174,2659927,1629715,1039077,3263215,3134224,2460685,2499239,2124474,2189726,2343822,1783121,1979210,3116556,1604051,2355226
2731098,2659532,1630871,1038473,3264774,3133803,2460832,2499556,2124561,2190492,2343699,1784987,1978476,3119472,1603277,2356654
2730811,2659130,1631497,1038547,3266643,3133908,2460416,2499411,2124586,2191711,2343605,1786991,1977734,3122582,1603123,2358453
2730594,2658963,1631688,1038486,3267909,3134612,2461699,2499860,2124456,2192744,2343019,1788666,1976359,3126005,1602609,2360031
2730576,2658873,1632346,1038618,3268154,3135177,2461187,2500293,2123902,2193298,2342225,1789513,1974486,3128581,1601034,2360751
2731082,2659047,1632931,1039480,3268701,3135945,2461452,2500557,2124074,2194735,2341616,1790008,1972730,3130951,1599454,2360957
2730892,2658620,1633191,1040061,3269101,3136597,2460778,2500357,2123783,2195055,2340201,1789800,1970764,3132196,1597803,2360823
2731435,2659467,1633631,1041596,3268778,3138107,2460962,2500734,2124014,2195958,2339416,1789364,1969271,3133179,1596171,2360716
2731678,2660416,1632863,1043651,3268373,3140542,2461787,2501629,2124102,2196465,2338233,1788557,1967886,3133806,1595820,2360779
2731415,2660987,1631686,1044929,3266781,3142418,2461730,2501627,2123609,2195711,2336146,1786258,1965888,3132710,1594487,2360108
2731684,2661349,1631729,1045986,3265270,3144223,2461011,2501898,2123520,2195366,2335271,1783799,1965118,3131030,1594060,2359797
2732351,2662028,1632071,1047428,3263473,3145256,2460925,2501844,2123527,2194902,2334837,1781565,1964344,3128356,1593147,2358201
2732618,2662349,1632044,1048509,3261877,3145695,2461825,2501248,2123841,2194302,2334945,1779626,1964108,3125468,1592711,2356846
2732217,2661802,1631504,1048686,3259751,3145938,2460539,2500898,2123362,2192909,2334420,1776812,1964123,3122034,1591994,2355499
2731784,2661213,1630977,1049319,3259169,3146780,2461551,2502144,2123079,2191477,2334153,1774333,1965192,3118685,1592539,2354493
2731746,2660766,1629859,1049278,3258124,3146595,2462384,2503012,2122704,2190244,2333991,1772688,1966402,3115847,1593296,2353852
2731590,2660599,1628835,1048216,3257072,3145844,2460957,2502348,2122544,2189196,2334634,1771749,1968431,3113054,1594791,2352646
2731811,2660703,1628238,1047128,3256501,3143857,2460545,2501418,2122781,2188330,2336059,1771307,1970727,3110230,1595990,2350549
2732082,2661095,1627935,1046616,3256203,3142390,2460570,2501040,2123096,2188170,2337671,1772316,1972977,3109171,1598150,2350070
2731581,2660350,1627778,1045004,3256933,3140349,2460422,2500785,2123032,2187454,2338824,1772728,1974713,3107986,1599536,2349641
2731180,2659750,1627613,1043674,3257776,3139169,2459735,2500683,2123279,2187299,2339707,1774007,1976633,3108448,1601400,2350300
2730814,2659658,1627423,1042343,3259099,3137953,2460653,2500111,2123222,2187289,2340500,1775462,1977756,3109483,1603224,2351513
2730271,2659366,1627527,1040571,3260538,3137010,2461371,2500070,2123057,2186979,2340879,1776815,1978352,3110917,1603707,2352303
2730740,2659717,1628182,1039647,3261879,3135835,2459934,2499229,2123439,2187854,2341909,1779228,1978686,3113368,1603795,2352885
2731218,2660053,1629780,1039592,3263787,3135218,2460149,2499365,2123821,2189133,2343207,1782079,1978956,3116686,1604636,2354820
2731011,2659888,1630657,1039740,3265240,3134390,2460199,2499043,2124120,2190400,2343839,1784563,1978336,3119807,1604580,2356641
2730964,2659618,1631088,1039872,3266810,3134574,2461358,2499003,2124114,2191633,2343820,1786565,1977354,3123283,1604478,2358703
2730723,2659131,1631233,1039419,3267399,3134862,2459889,2498836,2123739,2192360,2342844,1787579,1975814,3125808,1602911,2359424
2730624,2658575,1631644,1039473,3267951,3135191,2459600,2499079,2123610,2192925,2341940,1788094,1973884,3128243,1601666,2359774
2730735,2658710,1632254,1040446,3268733,3136302,2460905,2499610,2123512,2193813,2340862,1788518,1972194,3130272,1600033,2360095
2730918,2658775,1632656,1041629,3268574,3137709,2459865,2499755,2123453,2194772,2339753,1788644,1970448,3131756,1598325,2360299
2731317,2659081,1633009,1043073,3268211,3139006,2460397,2500661,2123228,2195337,2338635,1787971,1968450,3133091,1596283,2360097
2731368,2659408,1633208,1044263,3267673,3140332,2459399,2500032,2123038,2195545,2337489,1786576,1966485,3132587,1594164,2359683
2731179,2658854,1632997,1044983,3266535,3142090,2460325,2501340,2122750,2195304,2336200,1784758,1965358,3131545,1593119,2359388
2731136,2658751,1632617,1045701,3264792,3143138,2461134,2501503,2122270,2194432,2334801,1782066,1963954,3129346,1591803,2357506
2731334,2658976,1632424,1046366,3263111,3143690,2459875,2500917,2121945,2193406,2333858,1779546,1963522,3126448,1590369,2355609
2731637,2659542,1632050,1047442,3261396,3144669,2460049,2501302,2122104,2192729,2333810,1777923,1963947,3123809,1590365,2354468
2731673,2659624,1632014,1047996,3259903,3145316,2460738,2501809,2121932,2191713,2333512,1775637,1964145,3120416,1590508,2353557
2731864,2659873,1631564,1048305,3258178,3145408,2460587,2501667,2122020,2190734,2333871,1774074,1965047,3117827,1591050,2352522
2731801,2659904,1630975,1047952,3256917,3145172,2460840,2502266,2121808,2189790,2334240,1772595,1966586,3114766,1591894,2351557
2731426,2659356,1630091,1046820,3256236,3143833,2460792,2501394,2121558,2188250,2334881,1771292,1968375,3111698,1593253,2350431
2730950,2658936,1629515,1045560,3255830,3142778,2460080,2501329,2121508,2187011,2335658,1770549,1970119,3109457,1594491,2349354
2731193,2659200,1629919,1044940,3255830,3141395,2460184,2501137,2121840,2186894,2337424,1771278,1972626,3108535,1596683,2349471
2731123,2658913,1629201,1043456,3256279,3139468,2459859,2501010,2121832,2186001,2338383,1771948,1974419,3107902,1598015,2348975
2731566,2659519,1629713,1042589,3257267,3138124,2459538,2500049,2122402,2186363,2340064,1773780,1976180,3108505,1599553,2349454
2731533,2659167,1630207,1041650,3258592,3137150,2460150,2500291,2122694,2187091,2341701,1775961,1977878,3110072,1601136,2351055
2730639,2658118,1629821,1039453,3260220,3135022,2459481,2499673,2122308,2186778,2341693,1776677,1978259,3111087,1602028,2351652
2730762,2658494,1630877,1038489,3262529,3134259,2460796,2499869,2122732,2187577,2342247,1778872,1979133,3113444,1602912,2352263
2730118,2658247,1630309,1037608,3263602,3133417,2459664,2499139,2122592,2187939,2342411,1780841,1978647,3116113,1603232,2353356
2730415,2659066,1630731,1037956,3264830,3133713,2460458,2499253,2123031,2189302,2342810,1783264,1978502,3119992,1604038,2355350
2730661,2659646,1631168,1038327,3266035,3134045,2460190,2498802,2123361,2190746,2342965,1785249,1977540,3123019,1603843,2356883
2731396,2660350,1632307,1039268,3267141,3134662,2460238,2498821,2123713,2192123,2342889,1786744,1976138,3125977,1603297,2358040
2730814,2659573,1632626,1039739,3267721,3135346,2459636,2498965,2123455,2192910,2342090,1787710,1974277,3128628,1602204,2359115
2730694,2659219,1633101,1040455,3268628,3136732,2459646,2498902,2123178,2193693,2340782,1787122,1971917,3130643,1600669,2359694
2730711,2659090,1633417,1041902,3268436,3138229,2460037,2499683,2122942,2194270,2339563,1786978,1969820,3132052,1598858,2359882
2731058,2659082,1633646,1043365,3268192,3139406,2460636,2500077,2122598,2194707,2338097,1786548,1967735,3132625,1597143,2359967
2731382,2659196,1633243,1044726,3266894,3140709,2459206,2500142,2122576,2194792,2337139,1785460,1966155,3132357,1595180,2359257
