[316111, 15064, 1315093, 99806, 1124183, 3196538, 2056120, 1932287, -956882, -840830, 1660269, 803513, 3011995, 2558537, 2357057, 1220409]
[314324, 7131, 1316590, 101643, 1148406, 3181490, 2046748, 1921954, -940667, -824789, 1570921, 785503, 2889534, 2538210, 2259784, 1175001]
[314912, 13203, 1318849, 101219, 1127347, 3201191, 2062534, 1936841, -957867, -841803, 1661521, 805092, 3011165, 2557622, 2354236, 1218193]
[316613, 10040, 1311870, 101083, 1144507, 3177790, 2040966, 1918001, -939422, -823403, 1571774, 784955, 2893257, 2540303, 2264598, 1178879]
[313586, 11288, 1321812, 102760, 1130654, 3204902, 2067932, 1939372, -958219, -841776, 1659579, 806353, 3005389, 2556867, 2347756, 1214024]
[318185, 12492, 1307589, 100177, 1139897, 3175191, 2036060, 1915125, -939512, -823224, 1575574, 784599, 2900755, 2543150, 2272255, 1183759]
[312413, 8994, 1325038, 103800, 1135103, 3207408, 2072158, 1941580, -957757, -841319, 1654827, 806539, 2995959, 2554199, 2338799, 1208517]
[319212, 14639, 1304483, 99266, 1135927, 3173607, 2033228, 1914450, -940366, -823825, 1581885, 784963, 2911933, 2546120, 2282571, 1189720]
[310608, 6970, 1327371, 104433, 1138546, 3208681, 2075819, 1944214, -957752, -840907, 1646938, 805735, 2984806, 2552840, 2328972, 1203862]
[320807, 17742, 1300975, 98949, 1131725, 3171421, 2030364, 1913060, -941057, -824214, 1589997, 786226, 2925162, 2549708, 2294402, 1196301]
[310011, 5607, 1328667, 105582, 1143012, 3207053, 2076228, 1943158, -955762, -838836, 1637051, 804679, 2969432, 2550153, 2315523, 1196497]
[321052, 18930, 1299876, 98416, 1128532, 3170993, 2028582, 1911691, -942842, -825885, 1599736, 787656, 2939302, 2551537, 2305197, 1200718]
[308859, 3696, 1331257, 105545, 1147119, 3207120, 2076573, 1942421, -954851, -838059, 1626036, 802253, 2954250, 2546541, 2302674, 1190009]
[321856, 20581, 1301159, 97631, 1125292, 3173856, 2029609, 1912410, -944778, -828185, 1611236, 789556, 2955785, 2553428, 2318555, 1207345]
[309457, 3306, 1332592, 105526, 1150198, 3205367, 2074573, 1939463, -952013, -835415, 1614658, 799853, 2938273, 2542996, 2290159, 1183982]
[321723, 21280, 1302960, 97537, 1122507, 3176990, 2032000, 1913950, -946751, -830070, 1622996, 792031, 2971059, 2555769, 2330183, 1212151]
[309046, 2748, 1332901, 105192, 1151918, 3202862, 2072785, 1938080, -950160, -833584, 1603432, 796999, 2924362, 2541458, 2279987, 1179957]
[321052, 21549, 1305088, 97724, 1120469, 3180201, 2035805, 1917029, -949044, -832489, 1634446, 794646, 2985798, 2557385, 2341630, 1217367]
[309870, 3530, 1330890, 105185, 1152144, 3197825, 2067516, 1933622, -947411, -830813, 1592578, 794278, 2911069, 2539233, 2270667, 1176370]
[320202, 21352, 1307452, 98675, 1119848, 3184125, 2040405, 1919822, -951550, -834806, 1644032, 797469, 2997343, 2558377, 2349530, 1220093]
[310702, 4228, 1327936, 104676, 1152313, 3193720, 2062446, 1929784, -944942, -828198, 1583432, 791828, 2900484, 2537817, 2263645, 1173872]
[318936, 19853, 1310235, 99477, 1120004, 3188781, 2045764, 1923365, -953851, -836988, 1651791, 799887, 3006014, 2558630, 2354892, 1221545]
[312602, 5899, 1324825, 104521, 1151029, 3189128, 2056516, 1925732, -943129, -826164, 1576238, 789098, 2893210, 2537381, 2259740, 1173270]
[317532, 17921, 1314761, 100493, 1121805, 3193952, 2052241, 1927762, -955476, -838158, 1657733, 802579, 3010924, 2558718, 2356987, 1221384]
[313897, 7420, 1322070, 103484, 1149383, 3184561, 2050767, 1922294, -941564, -824311, 1572178, 786814, 2889975, 2537715, 2259117, 1174627]
[315888, 15431, 1319850, 101224, 1124432, 3197983, 2058178, 1931969, -956915, -839789, 1660825, 804045, 3012039, 2557988, 2356177, 1219865]
[315320, 9028, 1319060, 102405, 1146653, 3180018, 2044394, 1918463, -940388, -823485, 1570460, 784846, 2890369, 2538513, 2261202, 1176474]
[314620, 13585, 1325060, 102768, 1128556, 3202113, 2064027, 1935420, -957908, -840931, 1660852, 805271, 3009266, 2556168, 2352202, 1216727]
[316791, 11256, 1316161, 101517, 1143353, 3176534, 2038618, 1914842, -939185, -822480, 1572382, 784531, 2894768, 2539916, 2266293, 1179845]
[312740, 10589, 1329500, 103396, 1132192, 3205769, 2069321, 1938780, -958395, -841833, 1657984, 805550, 3002590, 2555173, 2345299, 1212607]
[318158, 13316, 1312997, 100045, 1138708, 3174310, 2034711, 1913514, -939685, -823211, 1576980, 783666, 2903988, 2543654, 2275693, 1186140]
[311368, 8476, 1332290, 104084, 1136187, 3207639, 2072996, 1940980, -957992, -841466, 1652008, 805100, 2992542, 2553300, 2336208, 1207727]
[319792, 16114, 1309611, 99484, 1134736, 3172301, 2031094, 1911473, -940231, -823502, 1583732, 784371, 2915341, 2545385, 2286304, 1191940]
[310393, 6548, 1334481, 104974, 1140131, 3208292, 2075195, 1941541, -956775, -839982, 1643317, 804513, 2978527, 2549313, 2324124, 1201009]
[320863, 18316, 1307578, 98963, 1130790, 3172080, 2029259, 1910492, -941472, -824632, 1592719, 785818, 2928656, 2548116, 2297995, 1197990]
[309760, 5183, 1336651, 106018, 1144514, 3208624, 2076660, 1941245, -955021, -838322, 1633120, 803363, 2963205, 2547645, 2311542, 1194757]
[321007, 19722, 1306380, 98432, 1127251, 3173083, 2029096, 1910491, -942938, -826339, 1603403, 787748, 2943815, 2552082, 2310490, 1204116]
[308764, 3643, 1337102, 105994, 1148009, 3206840, 2075830, 1939857, -953676, -837173, 1621841, 800697, 2947401, 2544959, 2298706, 1188696]
[321292, 20609, 1306274, 98140, 1124008, 3174644, 2029733, 1911174, -944967, -828500, 1614806, 789651, 2958896, 2553748, 2322073, 1209434]
[309070, 2882, 1336695, 105912, 1150516, 3204601, 2073802, 1937781, -951504, -835097, 1610723, 798219, 2932106, 2542592, 2287012, 1184100]
[320994, 20756, 1306850, 97874, 1121240, 3178351, 2033006, 1914188, -947461, -831288, 1626672, 791962, 2974394, 2556186, 2334365, 1215331]
[309764, 2678, 1334679, 105921, 1152052, 3201530, 2070249, 1935063, -948554, -832389, 1599588, 795302, 2917638, 2540548, 2276640, 1179680]
[320685, 20390, 1307219, 98302, 1119929, 3181890, 2036743, 1916911, -949669, -833570, 1637696, 794738, 2988065, 2557798, 2344449, 1219447]
[310158, 2443, 1330772, 105046, 1152297, 3196675, 2065532, 1931871, -946317, -830478, 1589087, 792198, 2905201, 2538192, 2267727, 1176150]
[319727, 19581, 1308274, 98549, 1119195, 3185221, 2041608, 1920790, -952089, -836011, 1646907, 797221, 2998830, 2558385, 2351474, 1221737]
[311530, 4184, 1326969, 104874, 1151992, 3191278, 2060042, 1928420, -944135, -827599, 1580806, 790112, 2895518, 2537356, 2261500, 1174142]
[318854, 18887, 1311988, 99796, 1120767, 3189860, 2047901, 1924996, -954025, -837103, 1654455, 800804, 3006189, 2558695, 2355691, 1222584]
[312749, 5306, 1323856, 103481, 1150327, 3186698, 2054198, 1924083, -942434, -825633, 1574614, 787812, 2889620, 2537040, 2258541, 1174140]
[316234, 15873, 1316360, 100126, 1122258, 3195646, 2054327, 1929443, -956666, -839695, 1658638, 802076, 3009894, 2557671, 2356812, 1221898]
[313816, 6901, 1320311, 102365, 1148355, 3183493, 2048400, 1920945, -941550, -824567, 1570631, 785253, 2887743, 2537005, 2259468, 1176227]
[315433, 14448, 1320353, 101079, 1125214, 3200542, 2060626, 1933735, -958147, -841258, 1660480, 803636, 3010046, 2557103, 2355930, 1220829]
[316149, 9722, 1316432, 101996, 1145349, 3179071, 2042629, 1917288, -939504, -822775, 1570223, 784516, 2889193, 2538625, 2262694, 1178819]
[313979, 12330, 1324704, 102855, 1128986, 3203863, 2066555, 1937294, -958329, -841684, 1659938, 805290, 3006102, 2556436, 2350986, 1217553]
[317981, 12544, 1312964, 101341, 1141601, 3174996, 2037438, 1914058, -938854, -822414, 1573281, 784197, 2895819, 2541085, 2269671, 1183493]
[312954, 10657, 1328192, 104063, 1133213, 3204724, 2069958, 1938219, -957706, -841361, 1656033, 805729, 2997609, 2554106, 2342171, 1211601]
[319723, 15363, 1309752, 100662, 1137306, 3171901, 2032458, 1910866, -938789, -822394, 1578862, 784569, 2905274, 2543636, 2277894, 1187736]
[311638, 8557, 1331246, 105345, 1137826, 3206493, 2073033, 1939418, -956591, -840170, 1649451, 805665, 2986319, 2551371, 2330942, 1204857]
[320360, 16912, 1307187, 99693, 1133444, 3170967, 2030224, 1909985, -940005, -823687, 1586758, 784994, 2918208, 2545484, 2288754, 1193462]
[310068, 5661, 1333756, 105592, 1141968, 3207759, 2076424, 1941616, -955921, -839571, 1640932, 804331, 2973477, 2548010, 2319839, 1199401]
[320901, 18145, 1305141, 98752, 1129177, 3170966, 2029818, 1911141, -941756, -825423, 1596456, 786084, 2933660, 2548604, 2302417, 1200903]
[309402, 4163, 1334214, 105989, 1145460, 3206111, 2077221, 1941963, -954869, -838323, 1630070, 802183, 2958970, 2546547, 2308808, 1194453]
[321216, 19503, 1303365, 98664, 1125717, 3170735, 2029748, 1911799, -943352, -826837, 1607097, 788173, 2948545, 2551678, 2314929, 1206890]
[309019, 2792, 1334181, 106639, 1148950, 3203647, 2076224, 1940990, -952674, -836286, 1618540, 800076, 2942731, 2543166, 2295854, 1188408]
[321638, 20445, 1303305, 98456, 1123042, 3172460, 2031171, 1913328, -945738, -829463, 1618683, 790402, 2964497, 2553527, 2327508, 1212998]
[309261, 2128, 1333333, 106331, 1151549, 3200260, 2073296, 1938244, -950238, -833951, 1606761, 797587, 2927041, 2539886, 2283701, 1182757]
[321261, 20510, 1304401, 98410, 1121109, 3175517, 2034213, 1915933, -948295, -832178, 1629957, 792891, 2978719, 2555027, 2338162, 1217257]
[309552, 2247, 1331716, 106293, 1153042, 3195851, 2069123, 1935024, -947549, -831468, 1595889, 794795, 2912758, 2538085, 2273327, 1178336]
[320188, 19960, 1306634, 98901, 1120353, 3179389, 2039006, 1919585, -950658, -834486, 1640854, 795713, 2991815, 2557847, 2347595, 1221263]
[310294, 2732, 1329034, 105373, 1153103, 3191731, 2064891, 1932302, -945615, -829539, 1586507, 791724, 2901801, 2538093, 2266390, 1176482]
[319582, 19560, 1309283, 99729, 1120905, 3183462, 2044384, 1923083, -952259, -836049, 1649535, 798685, 3001143, 2558966, 2354003, 1223032]
[312213, 4781, 1325652, 105031, 1152648, 3186399, 2058680, 1927222, -942883, -826815, 1578848, 789597, 2893003, 2537895, 2261072, 1174802]
[318208, 18026, 1312650, 100237, 1121522, 3187941, 2050181, 1926673, -954305, -838125, 1656517, 801374, 3007638, 2559295, 2357215, 1223381]
[313848, 6401, 1321595, 103932, 1150249, 3181209, 2052406, 1922973, -941056, -824981, 1573658, 787436, 2888377, 2537390, 2259093, 1175138]
[316721, 15840, 1316115, 100871, 1123396, 3192123, 2056260, 1930638, -955916, -839873, 1660266, 803324, 3010041, 2558192, 2357054, 1221890]
[314965, 7862, 1317564, 102397, 1147552, 3176539, 2046474, 1919275, -939776, -824032, 1571024, 785361, 2887811, 2538559, 2260190, 1177011]
[314958, 13470, 1320072, 101501, 1126518, 3196071, 2061957, 1934358, -957157, -841443, 1661379, 804346, 3008986, 2557482, 2354218, 1219724]
[316712, 10097, 1314064, 101607, 1144428, 3173256, 2041134, 1916775, -938981, -823198, 1571816, 784186, 2891602, 2540301, 2265162, 1181075]
[313612, 11100, 1324075, 102630, 1130397, 3199628, 2067822, 1937877, -957882, -841916, 1659706, 805129, 3004379, 2556323, 2349361, 1216914]
[318887, 13010, 1310462, 101008, 1140993, 3169528, 2036150, 1913195, -938342, -822269, 1575256, 784043, 2898587, 2542189, 2272414, 1185613]
[312234, 8822, 1327265, 103895, 1134788, 3201179, 2071513, 1939197, -957329, -841098, 1654691, 805537, 2994726, 2553796, 2339414, 1210617]
[319558, 14764, 1306894, 99750, 1136788, 3167065, 2032357, 1911157, -939286, -823106, 1581066, 783959, 2909009, 2545009, 2281490, 1190439]
[310767, 6735, 1330114, 104671, 1139521, 3203174, 2075652, 1941530, -957028, -840605, 1647245, 804724, 2983214, 2552756, 2328776, 1205040]
[320467, 16731, 1303843, 98585, 1132445, 3166349, 2030209, 1910543, -940419, -824075, 1589732, 784893, 2923103, 2549468, 2293815, 1197416]
[310149, 5131, 1331000, 105221, 1143637, 3202374, 2076141, 1940907, -955411, -839016, 1637415, 803345, 2968705, 2550112, 2316129, 1198337]
[321380, 18574, 1301753, 98360, 1128424, 3166305, 2029024, 1910238, -941828, -825273, 1599674, 786650, 2937502, 2552843, 2305368, 1202720]
[309421, 3341, 1331707, 105990, 1146425, 3201887, 2076778, 1940821, -954003, -837468, 1626797, 801648, 2953631, 2548734, 2303972, 1192641]
[321775, 19682, 1300874, 98374, 1124991, 3168457, 2030216, 1911528, -943608, -827321, 1611138, 789027, 2953445, 2555199, 2318439, 1208952]
[309407, 2314, 1331574, 106007, 1149617, 3200453, 2075961, 1939918, -951763, -835580, 1615758, 799457, 2938420, 2545192, 2292374, 1187554]
[321769, 20149, 1300780, 97836, 1122397, 3170994, 2032509, 1913774, -946163, -830135, 1623094, 791299, 2969489, 2557018, 2331309, 1215425]
[309602, 1746, 1330124, 105663, 1151794, 3196980, 2072881, 1937520, -949411, -833459, 1604081, 796564, 2923247, 2542803, 2280846, 1182643]
[320999, 19764, 1302126, 97973, 1120446, 3174832, 2036535, 1917287, -948423, -832464, 1634282, 794022, 2983947, 2558831, 2341856, 1219912]
[310451, 2026, 1328053, 105516, 1152973, 3193276, 2069024, 1934563, -946991, -831216, 1593649, 793746, 2910751, 2540649, 2272240, 1179838]
[320645, 19805, 1304514, 99051, 1120856, 3179688, 2041805, 1920994, -950814, -834745, 1644429, 797052, 2996218, 2559753, 2350809, 1223592]
[311369, 3194, 1325092, 105298, 1153409, 3189178, 2063634, 1930677, -944454, -828139, 1584465, 791757, 2900002, 2539429, 2265176, 1177351]
[319737, 18964, 1307047, 99708, 1120796, 3183775, 2046006, 1923582, -952747, -836353, 1652308, 800068, 3004503, 2560052, 2355311, 1224349]
[312665, 4366, 1321821, 104746, 1151957, 3184884, 2057679, 1926906, -942203, -825910, 1577391, 789545, 2892512, 2539171, 2260128, 1175820]
[318302, 17229, 1310794, 100589, 1122008, 3189081, 2052696, 1928647, -954664, -838326, 1658515, 802633, 3010745, 2561166, 2358540, 1225086]
[314471, 6564, 1317620, 103501, 1149566, 3179689, 2051447, 1923107, -940594, -824190, 1573226, 787361, 2889554, 2539821, 2260078, 1177486]
[316751, 15137, 1314232, 101315, 1124399, 3193021, 2058602, 1932504, -955944, -839557, 1661651, 804530, 3011687, 2559933, 2357566, 1223215]
[315711, 8280, 1313082, 102208, 1146336, 3175273, 2045073, 1919256, -939510, -823456, 1571675, 785440, 2890071, 2540445, 2262630, 1179971]
[314851, 12562, 1317648, 101932, 1127576, 3196813, 2064089, 1935934, -957021, -841095, 1661592, 805294, 3008931, 2558014, 2353731, 1219959]
[317355, 10623, 1308687, 101029, 1143485, 3171219, 2039469, 1915462, -938541, -822752, 1572756, 784317, 2894297, 2541000, 2267448, 1182873]
[313384, 10223, 1320820, 102803, 1131970, 3199568, 2069106, 1938161, -957495, -841477, 1658542, 805588, 3002555, 2555538, 2346543, 1215233]
[318499, 12384, 1304918, 99705, 1139355, 3168509, 2035195, 1912962, -939142, -823120, 1576722, 783649, 2902889, 2543029, 2275455, 1187657]
[311825, 7637, 1324349, 103939, 1136335, 3201985, 2073375, 1940516, -957300, -841240, 1652516, 805356, 2992608, 2553293, 2336982, 1209818]
[319701, 14548, 1302319, 99125, 1135446, 3167148, 2032148, 1911865, -939562, -823619, 1583720, 784438, 2914723, 2546341, 2286291, 1194011]
[310783, 5581, 1326951, 104771, 1140355, 3203540, 2076290, 1942347, -956600, -840588, 1644549, 804568, 2980456, 2551515, 2326471, 1204884]
[321042, 16790, 1299824, 98596, 1131321, 3166656, 2030084, 1910808, -940777, -824751, 1592789, 785730, 2928541, 2549229, 2298333, 1200487]
[309858, 3736, 1328551, 105654, 1144817, 3203787, 2077677, 1942209, -955053, -839082, 1634532, 803361, 2965192, 2548150, 2313471, 1198138]
[321407, 18060, 1298638, 98347, 1127915, 3168194, 2030128, 1911529, -942370, -826373, 1603748, 787773, 2944016, 2551235, 2311110, 1206944]
[309385, 2244, 1329229, 106080, 1148700, 3202907, 2078048, 1942219, -953329, -837408, 1624007, 801286, 2950490, 2544930, 2301739, 1193154]
[321788, 19161, 1298049, 98096, 1124877, 3169551, 2031043, 1912740, -944241, -828401, 1615152, 789955, 2959794, 2553350, 2323592, 1212951]
[309386, 1599, 1329146, 106273, 1151434, 3199989, 2075483, 1939701, -950757, -834855, 1612145, 799085, 2934377, 2542288, 2288950, 1187164]
[321324, 19485, 1299168, 97859, 1122320, 3172541, 2033647, 1914880, -946741, -830861, 1626628, 792541, 2975185, 2555550, 2334994, 1218002]
[310005, 1514, 1327635, 105728, 1153159, 3196102, 2071512, 1935989, -948480, -832754, 1600736, 795947, 2920089, 2539546, 2278334, 1182695]
[321111, 19469, 1300426, 98077, 1121159, 3176243, 2037269, 1917169, -949218, -833596, 1637421, 794973, 2988527, 2556706, 2344812, 1221840]
[310213, 1439, 1325140, 105398, 1153735, 3192862, 2067144, 1933061, -945981, -830221, 1590552, 793316, 2907212, 2537950, 2269391, 1179012]
[320248, 18971, 1303020, 99223, 1121012, 3181478, 2042712, 1921455, -951510, -835590, 1647134, 797935, 2999809, 2557899, 2352948, 1225039]
[311883, 2927, 1322081, 105307, 1153451, 3188639, 2061977, 1929422, -943533, -827557, 1582205, 791047, 2898162, 2537286, 2263891, 1177920]
[318988, 17557, 1306211, 99814, 1121388, 3186885, 2049244, 1926318, -953739, -837594, 1654792, 801015, 3008375, 2559150, 2358152, 1226818]
[313294, 4594, 1318161, 104220, 1152321, 3183815, 2056224, 1925807, -941667, -825529, 1575790, 788584, 2892176, 2537397, 2261159, 1178226]
[317289, 15271, 1309731, 100307, 1123590, 3191717, 2055527, 1930833, -955450, -839436, 1659681, 802975, 3012427, 2559025, 2359824, 1226662]
[315091, 6451, 1313825, 103129, 1150032, 3180155, 2050802, 1922822, -940486, -824824, 1572433, 786107, 2891008, 2538210, 2262635, 1181005]
[315946, 13298, 1311582, 100962, 1126093, 3195813, 2061191, 1934048, -956192, -840446, 1661941, 804491, 3012496, 2557623, 2358511, 1225064]
[315829, 7550, 1307542, 101144, 1146122, 3175705, 2044195, 1918812, -939437, -823759, 1571136, 784299, 2891870, 2538413, 2265007, 1182764]
[314321, 11013, 1314492, 101924, 1129441, 3199961, 2066594, 1937692, -957849, -842245, 1660374, 804646, 3008510, 2555390, 2353459, 1221396]
[317530, 10590, 1303709, 100763, 1142909, 3173157, 2039310, 1916221, -938653, -823173, 1573516, 783930, 2897704, 2540334, 2271487, 1187300]
[312843, 9164, 1317722, 103390, 1133528, 3203219, 2071414, 1940730, -957450, -841830, 1656996, 805854, 3001348, 2554544, 2346070, 1217313]
[318469, 12554, 1299497, 99777, 1138064, 3170281, 2034967, 1914254, -939137, -823572, 1578466, 783965, 2907061, 2543497, 2280322, 1192483]
[311137, 6611, 1320125, 104357, 1137843, 3204093, 2074664, 1942332, -957189, -841427, 1650066, 805349, 2989811, 2551978, 2335583, 1211279]
[320367, 15446, 1296789, 99542, 1135045, 3168658, 2032101, 1912845, -939715, -823880, 1586219, 785070, 2918932, 2546461, 2290920, 1198348]
[310648, 5070, 1322390, 105359, 1142423, 3204637, 2076871, 1942944, -955587, -839606, 1641768, 804903, 2975879, 2549628, 2323299, 1204900]
[321360, 17124, 1294231, 98702, 1130261, 3168345, 2029922, 1911864, -940902, -825038, 1595825, 786659, 2932858, 2548371, 2302258, 1203853]
[310121, 3330, 1323486, 105453, 1145486, 3204664, 2077369, 1942950, -954424, -838676, 1631415, 802832, 2961016, 2545731, 2310459, 1198684]
[322176, 18871, 1293197, 97996, 1126546, 3169967, 2030022, 1912776, -942610, -826722, 1607195, 788769, 2948815, 2550574, 2315015, 1210455]
[310086, 2519, 1324033, 105833, 1148713, 3203259, 2076746, 1941937, -952175, -836201, 1620715, 801237, 2945865, 2542922, 2298369, 1193478]
[322411, 19760, 1293092, 97712, 1123031, 3171739, 2031583, 1914399, -944851, -828917, 1618917, 791309, 2964649, 2552909, 2327615, 1216609]
[310470, 2357, 1322945, 105920, 1151296, 3199190, 2073462, 1938659, -949570, -833521, 1608594, 798757, 2929337, 2540126, 2285475, 1187121]
[321774, 20216, 1292948, 97848, 1121501, 3173915, 2033720, 1915478, -947296, -831170, 1629771, 793937, 2978358, 2555199, 2337207, 1219684]
[310150, 2037, 1320299, 105309, 1153045, 3195441, 2069636, 1935332, -947824, -831625, 1597087, 795724, 2915096, 2539144, 2274187, 1181926]
[320403, 19359, 1295248, 97750, 1120589, 3178878, 2039298, 1919687, -950457, -834270, 1640300, 796303, 2991536, 2557515, 2346528, 1223691]
[311183, 2732, 1318763, 104809, 1153531, 3192376, 2065990, 1932815, -946174, -829969, 1587344, 792380, 2904386, 2537766, 2267466, 1180517]
[319716, 18787, 1298869, 98755, 1120499, 3184011, 2044746, 1923380, -952532, -836187, 1648974, 798988, 3002159, 2557793, 2353890, 1226548]
[311978, 3846, 1316332, 104337, 1152063, 3188819, 2060629, 1929285, -944021, -827526, 1579489, 789760, 2896190, 2537322, 2262983, 1179773]
[318724, 18147, 1303047, 100152, 1121348, 3189709, 2051067, 1927586, -954897, -837900, 1655717, 801158, 3009195, 2559016, 2358600, 1228230]
[314322, 6626, 1313658, 104870, 1150924, 3184211, 2054689, 1924956, -941476, -824352, 1574210, 788130, 2890772, 2537673, 2261167, 1180132]
[317627, 16686, 1307841, 101819, 1123842, 3193966, 2057273, 1931306, -955789, -838741, 1660526, 803869, 3011943, 2558803, 2359268, 1227022]
[315345, 8189, 1310347, 103567, 1147986, 3179108, 2048300, 1920537, -940023, -823045, 1571753, 786213, 2889915, 2539170, 2262281, 1181811]
[315555, 14077, 1312435, 102487, 1126867, 3197189, 2062529, 1934354, -957012, -840401, 1661393, 804575, 3011066, 2557470, 2356527, 1224529]
[317044, 10592, 1306689, 102551, 1145408, 3173686, 2041140, 1915487, -939090, -822109, 1571024, 784408, 2892054, 2538455, 2265311, 1183807]
[313587, 11243, 1317091, 103354, 1131159, 3200762, 2067890, 1937239, -957798, -840738, 1659211, 805443, 3005114, 2554193, 2349278, 1219043]
[317950, 12033, 1303986, 100848, 1141080, 3171773, 2037255, 1914177, -939532, -822502, 1574189, 783503, 2899600, 2540346, 2273112, 1188823]
[311979, 8694, 1321493, 104114, 1134623, 3203831, 2072780, 1940655, -958006, -841272, 1654476, 805088, 2996947, 2551926, 2342022, 1215281]
[319397, 14435, 1302164, 100267, 1137114, 3169812, 2033860, 1912619, -939888, -823050, 1580357, 783710, 2909936, 2542510, 2283468, 1195055]
[311490, 7067, 1325852, 105534, 1139716, 3205008, 2075931, 1941889, -956905, -839925, 1647645, 805252, 2984945, 2549461, 2331559, 1209505]
[320596, 16595, 1300700, 99509, 1132910, 3168410, 2030840, 1911045, -940600, -823673, 1588763, 785132, 2922727, 2545684, 2294341, 1200337]
[310153, 4931, 1328704, 105927, 1143359, 3205420, 2077624, 1942531, -955943, -839293, 1638102, 803569, 2970578, 2546863, 2318998, 1202741]
[321384, 18581, 1299570, 98892, 1129091, 3169455, 2030540, 1911572, -942087, -825706, 1599143, 786318, 2937734, 2548236, 2307171, 1206940]
[309811, 4026, 1329491, 106186, 1147219, 3205013, 2078261, 1942049, -953846, -837142, 1627584, 801807, 2955493, 2543945, 2306770, 1196933]
[321150, 19180, 1298477, 97846, 1125705, 3170586, 2030916, 1912143, -944116, -827771, 1610091, 788317, 2953433, 2550801, 2319654, 1212895]
[308314, 1382, 1329592, 105443, 1150274, 3202828, 2076987, 1940988, -952501, -836509, 1615568, 798559, 2939699, 2541242, 2293984, 1191047]
[320946, 19182, 1299149, 97496, 1123007, 3173557, 2033305, 1914947, -946547, -830598, 1621400, 789903, 2969149, 2553290, 2331798, 1218669]
[309250, 1386, 1328801, 105817, 1152422, 3199794, 2073811, 1938702, -949687, -833723, 1603918, 795712, 2924894, 2539344, 2282957, 1186678]
[320485, 19294, 1300915, 98086, 1121625, 3177504, 2037277, 1918578, -948658, -832645, 1632616, 792857, 2983618, 2556137, 2342429, 1223141]
[309551, 1278, 1327178, 105525, 1153289, 3196581, 2070500, 1936938, -947574, -831565, 1593455, 792890, 2912673, 2538847, 2274492, 1183967]
[319933, 19060, 1302904, 98472, 1120275, 3181567, 2041948, 1922397, -951224, -835085, 1642757, 795506, 2996535, 2557606, 2351990, 1227655]
[311203, 2934, 1324135, 105539, 1153740, 3191512, 2064662, 1932435, -944917, -828633, 1583890, 790627, 2901130, 2536937, 2266769, 1181250]
[318763, 18107, 1306025, 99517, 1121181, 3186049, 2047458, 1926099, -953056, -836759, 1651151, 799010, 3005131, 2558502, 2357135, 1228853]
[312489, 4398, 1320561, 104522, 1152791, 3186471, 2058760, 1928151, -942830, -826727, 1576778, 788138, 2893741, 2537041, 2262559, 1180714]
[317991, 17095, 1309249, 100458, 1122840, 3189868, 2052555, 1928510, -954520, -838242, 1656992, 801286, 3009828, 2558639, 2358834, 1228292]
[313262, 5490, 1316560, 103122, 1150691, 3181761, 2052287, 1923358, -941041, -824844, 1572008, 786003, 2889251, 2537658, 2259943, 1180008]
[316389, 15078, 1313153, 101242, 1125397, 3194617, 2058697, 1932091, -956426, -840106, 1660151, 802678, 3011767, 2557926, 2357790, 1226307]
[315505, 8136, 1312837, 102759, 1148089, 3177806, 2046368, 1919601, -939417, -823068, 1570710, 784660, 2890020, 2538799, 2261823, 1182201]
[314969, 12730, 1316927, 102616, 1128920, 3198650, 2064658, 1936092, -957082, -840782, 1661015, 804326, 3009930, 2557173, 2353926, 1223134]
[317221, 10381, 1308773, 101701, 1144928, 3173579, 2040909, 1916653, -938531, -822321, 1572284, 783771, 2894668, 2541178, 2267126, 1185666]
[313147, 10108, 1320570, 103167, 1132417, 3201626, 2069973, 1939483, -957719, -841247, 1658567, 805092, 3004050, 2556513, 2347476, 1218919]
[318475, 12440, 1304565, 100632, 1140531, 3170427, 2036050, 1913679, -938991, -822565, 1575910, 783293, 2902573, 2543656, 2274918, 1190249]
[311901, 7828, 1324045, 104609, 1136615, 3204749, 2074428, 1941917, -957882, -841274, 1652624, 804746, 2993899, 2553855, 2338035, 1213634]
[320033, 14937, 1301971, 100067, 1135933, 3169494, 2032532, 1911807, -939243, -822845, 1582592, 783764, 2913477, 2545489, 2285219, 1196305]
[310787, 5821, 1326731, 105791, 1140530, 3206311, 2076661, 1942434, -956814, -840294, 1644390, 804024, 2980686, 2550006, 2326254, 1207430]
[320562, 16709, 1299899, 99557, 1131625, 3169976, 2031006, 1911456, -940943, -824573, 1591586, 784842, 2927585, 2547455, 2297264, 1202991]
[309884, 4177, 1328764, 106337, 1144865, 3206995, 2078892, 1943552, -955166, -838969, 1634938, 802686, 2966779, 2547600, 2314693, 1202300]
[321677, 18654, 1298783, 98664, 1127918, 3170704, 2030786, 1912560, -942442, -826177, 1602544, 786604, 2943425, 2551627, 2310745, 1210462]
[309708, 3072, 1329216, 106277, 1148423, 3204410, 2077659, 1941665, -952724, -836743, 1623758, 800458, 2950376, 2545784, 2301597, 1196109]
[322504, 20278, 1298189, 98568, 1125000, 3171316, 2030779, 1912050, -943858, -827881, 1613697, 788718, 2957900, 2554344, 2322090, 1215148]
[309869, 2390, 1329562, 106627, 1151327, 3202695, 2075698, 1939682, -950532, -834481, 1612234, 798365, 2934534, 2543630, 2288998, 1189811]
[321860, 20090, 1298998, 98037, 1122523, 3174909, 2033258, 1914303, -946228, -830494, 1625283, 791104, 2973444, 2556354, 2333626, 1220027]
[309922, 1783, 1327786, 106380, 1152894, 3198887, 2071484, 1936059, -948259, -832453, 1600373, 794954, 2919639, 2540386, 2277313, 1184488]
[320817, 19477, 1301197, 98962, 1121411, 3179034, 2037690, 1917931, -949040, -832984, 1636238, 794046, 2987221, 2557992, 2343199, 1223803]
[310366, 1746, 1326025, 106158, 1154150, 3195194, 2068274, 1934092, -946110, -830290, 1590574, 792468, 2908312, 2539462, 2269720, 1182535]
[320158, 18980, 1303057, 99559, 1121175, 3182515, 2042636, 1921402, -951181, -835411, 1645658, 796513, 2999134, 2559194, 2351744, 1227341]
[311516, 2659, 1322595, 105632, 1153611, 3190319, 2062625, 1930157, -943856, -828041, 1581342, 789651, 2898307, 2538223, 2262807, 1179886]
[319490, 18067, 1306293, 100539, 1121835, 3187547, 2048551, 1925429, -953187, -837149, 1653490, 799620, 3007650, 2559584, 2356440, 1228690]
[313569, 4927, 1319001, 105012, 1152198, 3185557, 2056484, 1925662, -941666, -825637, 1575086, 787743, 2892056, 2537480, 2259456, 1179725]
[318606, 17019, 1310370, 101729, 1123629, 3192431, 2054639, 1929268, -954777, -838524, 1658795, 802409, 3011619, 2559056, 2357649, 1227762]
[314755, 6534, 1315776, 103961, 1150087, 3181949, 2051157, 1922504, -939757, -823566, 1571911, 786337, 2889666, 2538738, 2259411, 1180813]
[316400, 14496, 1314410, 102049, 1126154, 3197322, 2061551, 1933959, -956681, -840453, 1661391, 803600, 3012876, 2559089, 2357415, 1227009]
[316405, 8776, 1311230, 102471, 1146470, 3177299, 2045193, 1918800, -939235, -823275, 1570976, 784126, 2891418, 2540170, 2263575, 1184602]
[315135, 12099, 1317714, 103119, 1129402, 3200321, 2066639, 1936681, -956955, -841000, 1660188, 804568, 3007675, 2557727, 2351947, 1223004]
[317697, 10479, 1307208, 101497, 1142358, 3174222, 2040146, 1916123, -938934, -822944, 1572700, 783113, 2896364, 2543159, 2269478, 1188588]
[313159, 9255, 1321867, 104573, 1133467, 3205092, 2072574, 1941372, -957649, -841335, 1656610, 804849, 3000847, 2557172, 2345460, 1219633]
[319149, 12933, 1303865, 100984, 1138773, 3172678, 2036314, 1914838, -939167, -823123, 1577891, 783165, 2906192, 2545786, 2279927, 1195558]
[312065, 7176, 1324108, 105334, 1137937, 3206017, 2075438, 1941996, -956789, -840991, 1650104, 804449, 2989399, 2553851, 2335527, 1214088]
[320308, 14985, 1300677, 100074, 1134531, 3171207, 2033506, 1913201, -939637, -824029, 1585441, 783898, 2917632, 2548410, 2290166, 1200730]
[310733, 4923, 1326215, 105636, 1141313, 3207703, 2078871, 1944085, -956166, -840535, 1641978, 803181, 2976796, 2552536, 2324968, 1209149]
[321580, 17401, 1297771, 99095, 1130229, 3170142, 2031143, 1911455, -940501, -824930, 1595070, 785123, 2931896, 2551299, 2302653, 1207559]
[310196, 3388, 1326901, 106328, 1145700, 3206707, 2078834, 1942761, -954040, -838476, 1631144, 801766, 2960447, 2548618, 2310725, 1201353]
[322299, 19054, 1295960, 99114, 1126691, 3171670, 2031131, 1912056, -942341, -826708, 1606039, 787347, 2947476, 2553933, 2314704, 1213175]
[309917, 2443, 1325592, 106886, 1148929, 3204266, 2076905, 1940114, -951561, -835945, 1619985, 800045, 2944692, 2546307, 2297489, 1194927]
[321695, 18993, 1294450, 98736, 1123463, 3173679, 2032383, 1913289, -944813, -829167, 1617367, 789436, 2962721, 2556177, 2325838, 1217800]
[309658, 1311, 1324137, 106699, 1151211, 3201845, 2075000, 1938548, -949830, -834344, 1608384, 796977, 2930097, 2544068, 2285878, 1189993]
[321616, 19133, 1294641, 98739, 1121729, 3176491, 2035316, 1915757, -946888, -831435, 1628510, 792144, 2977998, 2558730, 2337153, 1222753]
[310234, 882, 1322167, 106361, 1153256, 3198566, 2071786, 1936266, -947698, -832071, 1597105, 794178, 2916402, 2542181, 2275691, 1185807]
[321215, 18953, 1296132, 99008, 1120980, 3180679, 2039982, 1919130, -949502, -833728, 1639234, 794784, 2991721, 2560058, 2346939, 1226742]
[311074, 1227, 1318742, 105446, 1153589, 3193530, 2066344, 1931828, -945319, -829809, 1586840, 791174, 2904516, 2539853, 2267004, 1181854]
[319804, 17699, 1298470, 99667, 1121128, 3184838, 2045025, 1922716, -951981, -836115, 1647945, 797567, 3001578, 2559930, 2353008, 1227899]
[311966, 2266, 1315810, 105109, 1153039, 3189370, 2061063, 1928594, -943574, -827682, 1578979, 788634, 2895842, 2538824, 2261799, 1180611]
[318572, 16389, 1301658, 100246, 1121945, 3189998, 2051138, 1927035, -954514, -838624, 1654983, 799705, 3009038, 2560182, 2357787, 1229467]
[314141, 5154, 1311816, 104808, 1151605, 3184802, 2054677, 1923987, -940866, -824991, 1573483, 786957, 2890321, 2538439, 2259407, 1180310]
[317268, 14806, 1304995, 101160, 1124133, 3194738, 2056885, 1930355, -955481, -839308, 1659389, 802973, 3011375, 2559696, 2357522, 1227334]
[315177, 6296, 1307293, 103200, 1148665, 3180419, 2048334, 1919893, -939960, -824043, 1570370, 784994, 2888878, 2538591, 2259969, 1181607]
[315511, 12441, 1308815, 102206, 1126764, 3199233, 2062930, 1934274, -957181, -841236, 1660513, 803772, 3010591, 2557846, 2355015, 1225090]
[317119, 8889, 1303253, 102401, 1145080, 3176553, 2042329, 1916407, -938910, -823101, 1570639, 783728, 2891924, 2540500, 2264526, 1185163]
[314257, 10554, 1312342, 103573, 1130731, 3201743, 2067024, 1935952, -957184, -841302, 1658744, 804813, 3004736, 2556715, 2348534, 1220310]
[318188, 11082, 1299654, 101801, 1141366, 3173284, 2037082, 1913003, -938814, -823088, 1573664, 783282, 2898212, 2542423, 2270617, 1188545]
[313017, 8590, 1315954, 105255, 1134815, 3204766, 2071608, 1938400, -957084, -841251, 1654531, 805125, 2996578, 2555293, 2340111, 1215184]
[319359, 13033, 1296463, 100804, 1136955, 3171761, 2033742, 1911558, -939200, -823602, 1579769, 783634, 2909202, 2546363, 2280647, 1194298]
[310954, 5455, 1318850, 105445, 1138760, 3206552, 2075033, 1940269, -956823, -841263, 1647015, 804036, 2985482, 2552989, 2330127, 1209765]
[320016, 14689, 1294119, 99441, 1132884, 3171033, 2031166, 1910572, -940594, -825253, 1587698, 783746, 2922616, 2548913, 2292688, 1200920]
[309807, 3223, 1321261, 105681, 1143374, 3207367, 2077221, 1941225, -955729, -840332, 1637801, 802651, 2971997, 2550193, 2318520, 1203911]
[320984, 16448, 1292207, 98780, 1129053, 3170635, 2029552, 1909685, -941485, -826231, 1597408, 785249, 2936976, 2550840, 2304649, 1206629]
[309321, 1659, 1322103, 106324, 1146689, 3206582, 2077735, 1940989, -954017, -838776, 1627118, 800554, 2956498, 2546517, 2305669, 1197545]
[321636, 17821, 1290998, 98878, 1125784, 3172105, 2030168, 1910741, -943150, -827847, 1608835, 787486, 2952552, 2552650, 2317031, 1212532]
[308744, 187, 1321796, 106620, 1149594, 3205072, 2076692, 1940216, -952021, -836740, 1615773, 798412, 2940846, 2543653, 2293105, 1191834]
[322082, 18837, 1290729, 98952, 1123476, 3175265, 2032670, 1913628, -945683, -830317, 1620681, 789955, 2968658, 2555584, 2329786, 1218951]
[310181, 755, 1320464, 107093, 1152567, 3201962, 2073880, 1937690, -949220, -833643, 1604468, 796269, 2925855, 2541851, 2281855, 1187127]
[321963, 19044, 1291751, 99519, 1121497, 3178334, 2036117, 1915589, -947280, -831659, 1632003, 793378, 2982491, 2557127, 2339675, 1222480]
[310457, 770, 1317972, 106576, 1153221, 3197831, 2069584, 1933831, -947176, -831584, 1593764, 793332, 2912530, 2539517, 2272040, 1183074]
[320754, 18270, 1293477, 99680, 1120911, 3182502, 2040727, 1918879, -950286, -834693, 1642201, 795774, 2994904, 2558719, 2348598, 1225833]
[311114, 986, 1314842, 105974, 1153295, 3193275, 2064571, 1930005, -944658, -829278, 1584098, 790265, 2901232, 2538620, 2264549, 1180026]
[319440, 16855, 1295888, 100258, 1120536, 3187474, 2046821, 1923403, -953061, -837557, 1650490, 797965, 3004868, 2559633, 2354984, 1228064]
[312716, 2374, 1311150, 105567, 1152516, 3189003, 2059697, 1927271, -942478, -827104, 1577016, 787905, 2894538, 2538268, 2260914, 1180025]
[317724, 14926, 1298810, 100790, 1122022, 3192112, 2053462, 1928464, -954890, -839689, 1656768, 800343, 3011443, 2560140, 2358514, 1228903]
[314026, 4102, 1305892, 103773, 1150311, 3183265, 2052894, 1922803, -941109, -826151, 1571959, 785160, 2890700, 2538582, 2259911, 1180740]
[316929, 13426, 1301834, 102066, 1125156, 3196176, 2058863, 1931387, -956023, -840930, 1659650, 802419, 3012060, 2559053, 2357162, 1226287]
[316187, 6677, 1302261, 103581, 1147727, 3179800, 2047212, 1919157, -939522, -824397, 1570325, 784210, 2890508, 2539504, 2261646, 1182570]
[315437, 11302, 1305914, 103009, 1128021, 3200801, 2064821, 1935210, -956940, -841713, 1660427, 803957, 3010188, 2557818, 2353883, 1223685]
[317093, 8345, 1297832, 101720, 1144187, 3175869, 2041157, 1915574, -938827, -823989, 1571211, 782735, 2894334, 2540950, 2266438, 1185919]
[313579, 8723, 1309438, 103649, 1132080, 3203195, 2069211, 1937114, -957135, -842263, 1657414, 804001, 3003200, 2555351, 2346318, 1218329]
[318452, 10786, 1294405, 100960, 1140119, 3173198, 2036860, 1913062, -939227, -824257, 1575124, 782231, 2902288, 2542658, 2274363, 1190251]
[312011, 6633, 1312738, 105137, 1136233, 3206243, 2074189, 1940163, -957187, -841945, 1652342, 804181, 2994390, 2553151, 2338160, 1213702]
[319515, 13105, 1290751, 100062, 1135456, 3171581, 2033784, 1911745, -939792, -824490, 1581791, 782954, 2913898, 2544925, 2285216, 1196429]
[310864, 4467, 1314509, 105517, 1139854, 3207075, 2076747, 1941483, -956678, -841361, 1644425, 803351, 2982180, 2549674, 2327535, 1208197]
[321353, 15495, 1287872, 99814, 1131649, 3170291, 2030674, 1910077, -940690, -825337, 1590345, 784041, 2927077, 2547040, 2296665, 1202398]
[310601, 2976, 1316025, 106695, 1144582, 3206493, 2077531, 1940758, -954672, -839047, 1634389, 802381, 2966764, 2547299, 2313956, 1200957]
[322066, 16991, 1286222, 99105, 1127974, 3170777, 2030169, 1910077, -942177, -826470, 1601016, 786157, 2942088, 2550620, 2308484, 1207937]
[310527, 1680, 1316745, 106686, 1148052, 3205552, 2077509, 1939990, -953109, -837402, 1623596, 800241, 2951483, 2544776, 2301165, 1194647]
[322319, 17809, 1285458, 98296, 1124327, 3172748, 2031078, 1911196, -944150, -828704, 1612581, 788223, 2957839, 2552890, 2320652, 1213690]
[310331, 761, 1317096, 106912, 1150560, 3204062, 2076224, 1938840, -950936, -835652, 1612238, 797553, 2936207, 2541948, 2288904, 1189451]
[322741, 19097, 1286973, 99225, 1122199, 3176375, 2034091, 1913802, -946186, -830660, 1624463, 790959, 2973719, 2555276, 2332718, 1219638]
[310542, 526, 1315798, 107177, 1152289, 3200893, 2072866, 1936295, -948348, -832801, 1600788, 795377, 2921650, 2540257, 2277727, 1184808]
[321883, 18846, 1288493, 99380, 1120909, 3179828, 2037972, 1916997, -948582, -833184, 1635144, 793936, 2987830, 2557487, 2342711, 1223857]
[310866, 1097, 1314006, 106178, 1153162, 3196245, 2068478, 1933005, -946251, -831082, 1590272, 792249, 2909459, 2538964, 2268905, 1181756]
[320584, 18302, 1291732, 99497, 1120061, 3183775, 2043060, 1920807, -951283, -836114, 1644888, 796550, 2999398, 2559105, 2350680, 1227007]
[312161, 2524, 1312043, 105880, 1152940, 3191714, 2063400, 1929534, -944098, -828912, 1581516, 789645, 2899578, 2538456, 2262928, 1180205]
[319420, 17284, 1296343, 100531, 1121093, 3189000, 2049079, 1925115, -953356, -837858, 1652532, 799104, 3007577, 2559684, 2356067, 1228541]
[313564, 4232, 1309603, 105350, 1151934, 3187398, 2057106, 1924951, -942107, -826424, 1574698, 787017, 2892937, 2537690, 2259994, 1180132]
[318014, 15607, 1300844, 101719, 1123174, 3194132, 2054913, 1928286, -954879, -839300, 1657519, 801104, 3011252, 2558295, 2357448, 1227533]
[315015, 5961, 1306245, 104046, 1149089, 3183602, 2051470, 1921214, -940992, -825424, 1571115, 784553, 2890443, 2537265, 2260341, 1181671]
[316746, 14032, 1304568, 102551, 1125407, 3197922, 2060274, 1930965, -956312, -840642, 1659547, 802355, 3011397, 2556767, 2355984, 1225452]
[316251, 8059, 1302919, 103821, 1146336, 3179228, 2045640, 1917187, -939590, -823480, 1569595, 783433, 2890804, 2538683, 2262060, 1183077]
[311205, 1396, 1315537, 108193, 1151180, 3202627, 2074496, 1939038, -948992, -833744, 1606496, 796304, 2929605, 2540688, 2283947, 1192084]
[322199, 18962, 1286942, 100236, 1120762, 3178275, 2036061, 1917290, -946760, -831450, 1629967, 792776, 2981237, 2555831, 2337989, 1225934]
[310345, 518, 1314970, 107199, 1151889, 3199090, 2071366, 1937231, -947450, -832086, 1595371, 793441, 2916254, 2539188, 2274173, 1188255]
[321803, 19259, 1290427, 100151, 1119887, 3182100, 2040529, 1920801, -950042, -834383, 1640004, 794482, 2994859, 2557907, 2348245, 1230755]
[312444, 2431, 1314343, 107154, 1153236, 3193915, 2065325, 1932269, -944268, -828734, 1585230, 790582, 2904382, 2537985, 2266043, 1185184]
[320722, 18016, 1295682, 100600, 1120549, 3186961, 2045407, 1923953, -951697, -836282, 1648479, 797015, 3003771, 2558214, 2353316, 1231483]
[313519, 3525, 1312432, 106029, 1152729, 3190105, 2059325, 1927819, -942081, -826633, 1577291, 787422, 2895534, 2536327, 2260303, 1183059]
[319457, 16821, 1299760, 101161, 1121630, 3192003, 2051248, 1927178, -953715, -838165, 1655142, 799131, 3010285, 2557940, 2356702, 1231542]
[314304, 4853, 1309565, 104701, 1150098, 3185843, 2053767, 1924221, -940662, -825098, 1572183, 784841, 2891393, 2536665, 2258750, 1183545]
[318023, 15184, 1304743, 102174, 1124113, 3196585, 2057968, 1931832, -955500, -840015, 1658969, 800748, 3013512, 2558013, 2357782, 1231287]
[316527, 7670, 1306402, 104334, 1148082, 3181065, 2048281, 1920633, -938988, -823429, 1569806, 783390, 2891009, 2538122, 2260771, 1185972]
[316782, 13385, 1309134, 103740, 1126744, 3200345, 2063773, 1935105, -956254, -840513, 1660143, 802914, 3011908, 2557571, 2354587, 1228366]
[317888, 9812, 1303009, 103574, 1144426, 3177604, 2042807, 1917141, -938236, -822808, 1570552, 782417, 2894349, 2540106, 2265140, 1189269]
[314267, 10394, 1313421, 104519, 1130309, 3205217, 2069948, 1939389, -957114, -841663, 1658463, 803431, 3006980, 2555449, 2349056, 1225008]
[319164, 11892, 1299061, 102176, 1139969, 3175248, 2037871, 1914628, -938064, -822764, 1573939, 781641, 2901904, 2541129, 2273252, 1194670]
[313640, 8392, 1316575, 105825, 1134684, 3207273, 2073444, 1940780, -956333, -841068, 1653364, 803516, 2997373, 2552473, 2339968, 1219593]
[320988, 14222, 1296014, 101687, 1136362, 3172943, 2034050, 1912728, -938325, -823090, 1580275, 782065, 2912026, 2543070, 2282826, 1199967]
[312022, 5639, 1319436, 106478, 1138857, 3207952, 2076499, 1942271, -955593, -840181, 1645918, 802945, 2985102, 2549458, 2328859, 1213416]
[321126, 15109, 1293874, 100122, 1131645, 3171584, 2032045, 1912062, -939791, -824790, 1588447, 782414, 2925391, 2546156, 2294049, 1205860]
[311503, 4234, 1322221, 107349, 1143146, 3208262, 2078214, 1942646, -954430, -839377, 1636331, 801000, 2971126, 2546468, 2316793, 1207281]
[322798, 17751, 1293250, 100457, 1128325, 3172410, 2030851, 1911710, -940586, -825469, 1599036, 784646, 2940311, 2548595, 2306280, 1211793]
[310715, 2469, 1324049, 107909, 1146555, 3207937, 2078212, 1942197, -952680, -837577, 1625704, 799427, 2955612, 2543784, 2303703, 1200561]
[322388, 18178, 1293503, 99808, 1124196, 3174675, 2031542, 1913242, -942955, -828127, 1610271, 786456, 2955967, 2551400, 2318749, 1217531]
[310095, 1067, 1324988, 107997, 1148726, 3206693, 2077402, 1941981, -950998, -836369, 1614465, 796666, 2940852, 2542311, 2292482, 1196099]
[322918, 19384, 1294495, 100017, 1121862, 3177470, 2034144, 1916034, -945098, -830405, 1622022, 788961, 2972306, 2554667, 2331891, 1224354]
[311143, 1697, 1324134, 108104, 1151875, 3202955, 2074077, 1939076, -947924, -833327, 1602918, 794535, 2925740, 2539972, 2280945, 1191134]
[322666, 19767, 1296230, 100254, 1121087, 3180686, 2037575, 1918365, -946732, -832192, 1633433, 792469, 2986082, 2556436, 2341434, 1227944]
[311734, 1722, 1322266, 107467, 1153169, 3199027, 2069595, 1935371, -945346, -831014, 1592390, 791784, 2912641, 2538109, 2271076, 1187070]
[321388, 18747, 1298399, 100407, 1120029, 3185553, 2042566, 1922175, -949775, -835421, 1643181, 794541, 2998465, 2557550, 2349773, 1231147]
[312515, 2277, 1318955, 107020, 1152839, 3195298, 2064981, 1932178, -943168, -828990, 1583261, 788773, 2902495, 2537179, 2264369, 1185231]
[320383, 17666, 1301349, 101640, 1120654, 3190916, 2048843, 1926597, -951714, -837510, 1651638, 797250, 3007529, 2558206, 2355541, 1233137]
[313947, 3814, 1315584, 106858, 1151892, 3191141, 2059687, 1928645, -941244, -826874, 1576878, 786458, 2895965, 2537293, 2261326, 1185793]
[319513, 16431, 1304325, 103225, 1122811, 3195144, 2054526, 1929613, -953397, -838777, 1657661, 799899, 3012799, 2558648, 2358329, 1233721]
[315934, 5804, 1311209, 106561, 1150140, 3186635, 2053889, 1924283, -939179, -824576, 1572258, 784624, 2891658, 2537482, 2259579, 1185917]
[318042, 14619, 1307394, 104070, 1124525, 3199933, 2060881, 1933576, -954643, -839753, 1660745, 801968, 3014183, 2557947, 2357385, 1232019]
[317208, 8198, 1305958, 104946, 1146601, 3182086, 2047699, 1920851, -938089, -823267, 1570365, 783237, 2892105, 2538821, 2261731, 1188085]
[316387, 12673, 1310078, 104614, 1127770, 3203019, 2066367, 1937397, -955803, -840549, 1660378, 803602, 3011137, 2557551, 2353060, 1228683]
[318621, 10242, 1300966, 103224, 1143132, 3176602, 2041662, 1916556, -937538, -822481, 1571153, 782495, 2895941, 2541454, 2266346, 1191282]
[315029, 10300, 1313758, 105352, 1132076, 3204772, 2071107, 1939295, -956474, -841405, 1656956, 803636, 3003903, 2555921, 2345229, 1223423]
[320104, 12358, 1298311, 102496, 1139515, 3174111, 2037556, 1914384, -937484, -822483, 1575545, 782182, 2904081, 2542749, 2274096, 1195548]
[313671, 7791, 1318013, 106593, 1136145, 3207736, 2075365, 1941832, -955917, -841026, 1651744, 803633, 2994320, 2551696, 2335974, 1218062]
[321680, 14890, 1296187, 102103, 1134895, 3173760, 2034527, 1913311, -938042, -823117, 1583383, 782818, 2916454, 2544165, 2285534, 1202340]
[312450, 5879, 1321465, 108033, 1140068, 3210567, 2078970, 1944240, -954791, -839662, 1644416, 803269, 2982322, 2548745, 2325878, 1213087]
[322849, 17311, 1294706, 101998, 1131389, 3174219, 2033620, 1913540, -938895, -823782, 1592831, 784614, 2930934, 2546994, 2298866, 1209919]
[312373, 4837, 1322746, 108677, 1144794, 3209777, 2079911, 1943957, -952785, -837784, 1634795, 802192, 2968116, 2546798, 2314487, 1207995]
[323806, 18928, 1292141, 100806, 1127264, 3173547, 2032065, 1912743, -940132, -825524, 1602924, 785931, 2945184, 2550086, 2310264, 1215098]
[311479, 2937, 1322659, 108714, 1147811, 3208140, 2079433, 1943027, -951243, -836832, 1623105, 799189, 2951674, 2544439, 2300637, 1201021]
[323640, 19910, 1291285, 100625, 1124055, 3175450, 2032989, 1913963, -942653, -828035, 1613906, 787866, 2960708, 2553002, 2322303, 1221010]
[310541, 1860, 1321936, 108382, 1150179, 3205885, 2077169, 1940972, -949817, -834836, 1610955, 796539, 2935744, 2541718, 2287962, 1195183]
[322549, 19548, 1292380, 100236, 1121367, 3179535, 2036123, 1917236, -945602, -830588, 1625306, 790106, 2975979, 2555126, 2333891, 1226153]
[311138, 1496, 1320882, 108253, 1152007, 3203468, 2074009, 1939052, -947243, -832484, 1600083, 793794, 2921910, 2539808, 2278216, 1191861]
[322997, 19731, 1293917, 101179, 1121117, 3182973, 2039681, 1919825, -946848, -832342, 1636576, 793196, 2989349, 2556922, 2343946, 1230495]
[312163, 1401, 1318484, 107829, 1153397, 3198571, 2069432, 1935172, -943753, -829640, 1589848, 791196, 2908756, 2538177, 2268327, 1187385]
[322701, 19221, 1296305, 101273, 1120872, 3186470, 2044224, 1922829, -948844, -835069, 1646070, 795494, 3000609, 2557927, 2350913, 1232411]
[314105, 2813, 1315712, 107119, 1153430, 3194019, 2063962, 1931507, -940781, -827398, 1581687, 788576, 2899772, 2538124, 2262095, 1184970]
[321427, 17524, 1299780, 101726, 1121583, 3191892, 2050698, 1927724, -950838, -837650, 1653855, 797961, 3009571, 2559715, 2356377, 1233912]
[316001, 4824, 1311961, 106256, 1151768, 3189683, 2058125, 1927831, -938820, -825775, 1575159, 785700, 2894262, 2537746, 2259666, 1185446]
[320619, 16508, 1302902, 102404, 1122889, 3196689, 2056412, 1931665, -952269, -839134, 1658804, 800223, 3014100, 2558648, 2358164, 1233781]
[317714, 7110, 1307263, 104959, 1149180, 3184929, 2051379, 1923492, -937280, -824157, 1571536, 783883, 2891823, 2537824, 2259814, 1186959]
[318676, 14179, 1306404, 103264, 1125421, 3201577, 2062632, 1936326, -954110, -840588, 1661019, 802032, 3014238, 2558211, 2356598, 1232287]
[318944, 9511, 1302923, 103771, 1145704, 3180870, 2045376, 1920342, -936483, -822823, 1570832, 782578, 2893718, 2539335, 2263458, 1190719]
[317139, 12353, 1310231, 104136, 1128762, 3204509, 2067863, 1939092, -954437, -840611, 1660276, 803332, 3009969, 2556725, 2351501, 1228783]
[320568, 11576, 1299217, 102519, 1142093, 3177115, 2040382, 1917301, -935821, -822209, 1573337, 782092, 2899136, 2541039, 2269428, 1194669]
[315471, 9336, 1313290, 104818, 1132723, 3206718, 2071817, 1941165, -954320, -840964, 1656675, 803534, 3002015, 2553971, 2343205, 1223686]
[321318, 12767, 1295324, 101189, 1137634, 3174495, 2035751, 1914576, -936423, -823419, 1578146, 781296, 2907795, 2542718, 2277504, 1199164]
[313836, 6592, 1316258, 105802, 1137222, 3208931, 2075831, 1943151, -953984, -841088, 1650164, 802592, 2990931, 2551659, 2332900, 1217661]
[322484, 14573, 1292683, 100420, 1133900, 3173545, 2033187, 1913615, -936980, -824081, 1585908, 781969, 2920473, 2546157, 2288834, 1205449]
[312555, 4193, 1318827, 106316, 1141593, 3210028, 2078479, 1944769, -953195, -840351, 1641608, 801393, 2978512, 2549615, 2322063, 1212551]
[323129, 16381, 1291024, 99344, 1130065, 3173465, 2032139, 1913940, -938348, -825736, 1595379, 783080, 2935380, 2548948, 2301694, 1212406]
[311708, 2538, 1320292, 106450, 1145799, 3208955, 2079238, 1944373, -951596, -838762, 1630866, 799528, 2963611, 2545862, 2309938, 1206603]
[323295, 17427, 1290063, 98849, 1126731, 3174099, 2031948, 1914210, -940385, -827557, 1605845, 784870, 2950635, 2550857, 2314136, 1218240]
[311451, 1487, 1320743, 106841, 1149136, 3206718, 2078057, 1942925, -950014, -837070, 1619323, 797169, 2947782, 2543257, 2297257, 1200519]
[323975, 18930, 1289873, 99248, 1123949, 3175386, 2033061, 1915160, -942583, -829271, 1617107, 787360, 2965999, 2553129, 2325905, 1223459]
[312036, 962, 1319755, 107420, 1151634, 3203464, 2075358, 1939939, -947556, -834026, 1607761, 795248, 2932156, 2540149, 2284657, 1194428]
[323574, 18883, 1290602, 99474, 1121674, 3178399, 2035841, 1917022, -945049, -831375, 1628490, 790440, 2980524, 2555117, 2336605, 1227528]
[311744, 340, 1318399, 107165, 1152861, 3200457, 2071946, 1937526, -945640, -832118, 1596813, 792317, 2918362, 2538909, 2274563, 1190091]
[322792, 18556, 1293155, 100307, 1121074, 3183618, 2041175, 1921571, -947707, -834043, 1639388, 793111, 2993900, 2557940, 2346667, 1231924]
[313433, 1899, 1316655, 107557, 1153997, 3197080, 2067924, 1934799, -942820, -829144, 1587486, 790201, 2907000, 2538706, 2267438, 1188073]
[322742, 18710, 1295751, 101573, 1121021, 3188013, 2046033, 1924605, -949382, -835376, 1648768, 796834, 3004308, 2558997, 2353735, 1234402]
[314602, 3134, 1312801, 106871, 1152998, 3192187, 2061766, 1929851, -940593, -826728, 1579401, 788126, 2897755, 2537012, 2261046, 1185699]
[320896, 16950, 1298702, 102052, 1121780, 3192589, 2051467, 1928018, -951559, -837659, 1655428, 799308, 3010513, 2558454, 2356441, 1233937]
[315452, 4503, 1309395, 105819, 1150843, 3188114, 2056116, 1926525, -939426, -825705, 1573911, 785436, 2893038, 2536952, 2259266, 1186027]
[319083, 14984, 1303031, 102811, 1123749, 3197292, 2057585, 1931851, -953089, -839383, 1659613, 801351, 3013731, 2557983, 2357322, 1233087]
[316760, 6540, 1305943, 105001, 1148716, 3183646, 2049626, 1922018, -937802, -824062, 1570935, 783750, 2891667, 2538497, 2260001, 1187490]
[317313, 12783, 1307489, 104088, 1126775, 3201607, 2063421, 1935340, -954435, -840645, 1660826, 802813, 3012959, 2558553, 2354925, 1230716]
[317542, 7721, 1302413, 103568, 1144637, 3179905, 2044177, 1918794, -936860, -823419, 1570930, 782419, 2894420, 2540489, 2264050, 1190358]
[315516, 10163, 1311532, 105235, 1130614, 3205116, 2068862, 1938598, -955306, -841716, 1659166, 803238, 3008110, 2556720, 2349698, 1227128]
[319190, 10192, 1298900, 103075, 1141389, 3176646, 2039026, 1915746, -936628, -822972, 1574104, 782061, 2901002, 2542142, 2271415, 1194990]
[313818, 7447, 1314991, 106108, 1134302, 3207788, 2073360, 1941311, -955726, -841855, 1654610, 803451, 2999693, 2553770, 2341377, 1222139]
[320811, 12651, 1295266, 102228, 1137067, 3174492, 2035061, 1913907, -937542, -823457, 1579737, 782098, 2911297, 2544193, 2281215, 1200504]
[312494, 5103, 1317258, 106983, 1138969, 3209647, 2076757, 1942997, -955034, -840660, 1647373, 803098, 2987585, 2551434, 2330555, 1215784]
[321340, 14154, 1291819, 100774, 1132722, 3174014, 2032567, 1912896, -938883, -824703, 1587650, 782573, 2924072, 2546751, 2292505, 1206391]
[311103, 2754, 1318805, 106908, 1142893, 3210631, 2078828, 1944144, -954206, -839930, 1637886, 801130, 2973936, 2548653, 2318794, 1209924]
[321947, 15719, 1289871, 99700, 1128449, 3174514, 2031738, 1913574, -940644, -826203, 1597655, 783573, 2939419, 2550142, 2305718, 1213607]
[310358, 1118, 1319695, 107174, 1145974, 3210113, 2079491, 1944715, -953107, -838660, 1627369, 798893, 2959454, 2546816, 2307380, 1205135]
[322491, 16994, 1288638, 99591, 1125168, 3175508, 2032221, 1914394, -942154, -827905, 1608515, 785728, 2954712, 2552652, 2318391, 1220153]
[310458, 504, 1319166, 107667, 1149346, 3207510, 2077676, 1942206, -950601, -836294, 1615665, 796831, 2943076, 2543201, 2294674, 1199441]
[322580, 18098, 1288372, 99598, 1123130, 3177482, 2033364, 1915045, -944213, -829752, 1619828, 788415, 2969421, 2554342, 2329594, 1224896]
[310096, -396, 1318232, 107325, 1151734, 3204982, 2075109, 1940001, -948607, -834256, 1604256, 794301, 2927905, 2540636, 2282634, 1193754]
[321986, 17968, 1289714, 99539, 1121023, 3181927, 2037640, 1918782, -947087, -832773, 1631335, 790971, 2984309, 2556492, 2341021, 1230043]
[310720, -289, 1316337, 106768, 1152735, 3201593, 2071745, 1937642, -946278, -832048, 1593838, 791422, 2915046, 2539350, 2274177, 1191082]
[321165, 17299, 1291915, 99864, 1120637, 3186330, 2042914, 1923036, -949278, -834968, 1641602, 793642, 2996756, 2558391, 2350273, 1233784]
[311331, 330, 1313709, 106222, 1153056, 3197435, 2067076, 1934828, -944049, -829909, 1584582, 788480, 2904825, 2538993, 2267892, 1189573]
[320356, 16986, 1295287, 101077, 1121294, 3190500, 2048416, 1926889, -951282, -836933, 1650140, 796538, 3006355, 2559277, 2356979, 1236460]
[312963, 2093, 1310690, 105742, 1152371, 3192119, 2060507, 1930011, -941269, -826899, 1576991, 786720, 2896088, 2537477, 2262578, 1187680]
[318855, 15104, 1298483, 101307, 1122140, 3195222, 2053689, 1930314, -953525, -839224, 1656058, 799045, 3012011, 2558798, 2359314, 1236032]
[314533, 3730, 1306565, 104490, 1150509, 3187680, 2054454, 1926070, -939610, -825409, 1572051, 784613, 2892118, 2537345, 2260695, 1187933]
[317344, 13094, 1301794, 101871, 1124923, 3199131, 2059478, 1933765, -955015, -840648, 1659374, 800946, 3013922, 2557413, 2358467, 1234253]
[316056, 5830, 1301996, 103431, 1148003, 3182606, 2048216, 1921653, -938496, -824074, 1569878, 782656, 2891848, 2537492, 2262129, 1189505]
[315804, 10731, 1305171, 103052, 1128088, 3203120, 2065612, 1937567, -955878, -841299, 1660005, 802346, 3011921, 2556477, 2354632, 1230901]
[317351, 7394, 1297440, 101813, 1144463, 3179251, 2043050, 1919124, -938322, -823863, 1570638, 781020, 2896162, 2539595, 2267063, 1193134]
[313923, 7750, 1308464, 103561, 1131552, 3206932, 2070720, 1941059, -956665, -842262, 1657314, 802302, 3006207, 2554524, 2348418, 1227081]
[319408, 10115, 1293839, 100998, 1140015, 3177151, 2038354, 1916655, -938261, -823894, 1574694, 780579, 2904197, 2541469, 2275560, 1198772]
[313058, 6143, 1312359, 104785, 1135741, 3209821, 2074768, 1943262, -956133, -841545, 1652552, 802756, 2996940, 2552358, 2340012, 1222501]
[320519, 12525, 1291131, 100523, 1136193, 3175404, 2034597, 1914657, -938312, -823416, 1581338, 781753, 2914830, 2544182, 2285510, 1204174]
[311271, 3756, 1314882, 105830, 1139449, 3211132, 2077844, 1945085, -955849, -840821, 1644662, 802201, 2984637, 2550122, 2329243, 1216772]
[321593, 15011, 1288001, 100000, 1131753, 3174041, 2032358, 1914235, -939938, -825039, 1590027, 782583, 2928800, 2547135, 2298280, 1211243]
[310627, 2528, 1316672, 107048, 1144372, 3210399, 2079565, 1945903, -954247, -839237, 1635098, 800970, 2970078, 2546978, 2317218, 1210693]
[322307, 17148, 1287866, 100119, 1128300, 3174428, 2032442, 1915340, -941594, -826459, 1600659, 784504, 2944091, 2549410, 2311268, 1218199]
[310873, 2377, 1319035, 107913, 1147932, 3208857, 2079164, 1944672, -952313, -836808, 1624299, 799306, 2954732, 2543876, 2305200, 1205324]
[322976, 18646, 1289347, 99660, 1125132, 3176553, 2033106, 1915830, -943222, -827463, 1611880, 787149, 2958754, 2551637, 2322971, 1223256]
[310817, 1696, 1321137, 107782, 1150584, 3207879, 2077933, 1943234, -950719, -835112, 1612931, 796514, 2939361, 2541398, 2293461, 1200375]
[323167, 19729, 1291858, 99848, 1122706, 3179896, 2035356, 1917746, -945278, -829675, 1623446, 789541, 2974047, 2553517, 2335136, 1229134]
[311213, 1825, 1321177, 107913, 1152681, 3204326, 2073970, 1939388, -947607, -832087, 1601464, 793926, 2923771, 2538598, 2281712, 1195012]
[323066, 20541, 1293560, 100593, 1121350, 3182387, 2037824, 1918518, -947337, -831642, 1634458, 792222, 2986909, 2555783, 2344167, 1232255]
[311932, 2145, 1319027, 107840, 1153757, 3199351, 2068932, 1934690, -944910, -829278, 1591204, 791479, 2909993, 2538133, 2270978, 1189663]
[321573, 19171, 1296221, 100869, 1120769, 3186564, 2043150, 1922248, -950061, -834485, 1644387, 794675, 2998677, 2557883, 2351616, 1234391]
[312710, 3015, 1316188, 107251, 1153264, 3194739, 2063922, 1931301, -943001, -827479, 1582374, 788350, 2900660, 2537402, 2264944, 1188146]
[320444, 18291, 1299380, 102003, 1121657, 3191278, 2048684, 1926056, -951900, -836349, 1652146, 797432, 3007050, 2558596, 2356735, 1235841]
[313965, 4443, 1313262, 106615, 1152495, 3190989, 2058489, 1928024, -940666, -825194, 1575937, 786212, 2893966, 2537068, 2261274, 1187576]
[318913, 16208, 1303584, 102587, 1123168, 3196288, 2055011, 1930722, -953714, -838472, 1657830, 799421, 3012375, 2558485, 2359421, 1235880]
[315423, 5718, 1310365, 105598, 1150290, 3186296, 2052561, 1924378, -938948, -823980, 1571628, 783628, 2890978, 2537718, 2260977, 1188364]
[317226, 13880, 1308847, 103543, 1125848, 3201121, 2061708, 1935379, -955508, -840445, 1660715, 800786, 3014127, 2558399, 2359330, 1234897]
[317291, 8106, 1307077, 104523, 1147399, 3181634, 2045986, 1920140, -937594, -822611, 1570211, 782032, 2891856, 2538746, 2263887, 1190783]
[315445, 11084, 1313527, 104312, 1129244, 3205061, 2067111, 1938856, -955935, -840930, 1659983, 802004, 3009999, 2556550, 2354015, 1230278]
[318678, 10101, 1304412, 103391, 1143739, 3179583, 2042125, 1919195, -938029, -823000, 1572501, 780608, 2898325, 2541022, 2271472, 1196413]
[314728, 9815, 1317177, 105892, 1133576, 3207855, 2071742, 1941768, -955895, -840653, 1657102, 802455, 3003739, 2554643, 2348020, 1227096]
[320621, 12847, 1299954, 102483, 1139802, 3175303, 2036236, 1914867, -937266, -822180, 1576801, 780976, 2905591, 2543057, 2278541, 1200070]
[313288, 7330, 1319729, 106700, 1137666, 3208856, 2074861, 1942650, -955628, -840561, 1650701, 802264, 2992073, 2552588, 2336905, 1219982]
[321577, 15051, 1297032, 102249, 1135903, 3174235, 2033302, 1913555, -938159, -822787, 1583821, 781699, 2916976, 2546495, 2288539, 1205029]
[312115, 5327, 1322508, 108099, 1142093, 3210596, 2078117, 1944022, -954655, -839262, 1642711, 801775, 2979592, 2551265, 2325801, 1214194]
[321812, 16355, 1295339, 101261, 1130871, 3174764, 2032453, 1913669, -939822, -824593, 1593311, 782947, 2931574, 2549662, 2301293, 1211991]
[311346, 3916, 1324203, 108322, 1145301, 3210889, 2079207, 1944267, -953616, -838516, 1632649, 799934, 2965311, 2547967, 2314467, 1209106]
[323184, 18551, 1294169, 100959, 1127802, 3175221, 2031585, 1913373, -940683, -825845, 1603943, 785100, 2946106, 2551447, 2313634, 1217847]
[310741, 2259, 1324718, 108137, 1148804, 3209391, 2078423, 1943162, -951317, -836574, 1621705, 797966, 2949175, 2544686, 2301365, 1202449]
[322671, 18843, 1293651, 99964, 1124261, 3178041, 2033364, 1915611, -943445, -828726, 1615539, 786788, 2962492, 2553954, 2326719, 1224299]
[310333, 964, 1323853, 107587, 1151222, 3207435, 2076909, 1941918, -949613, -834915, 1609846, 794750, 2934328, 2542270, 2290314, 1198161]
[322559, 19264, 1293479, 99613, 1122487, 3180515, 2035786, 1917370, -945912, -831313, 1626295, 788630, 2976834, 2555554, 2338089, 1229535]
[310852, 1035, 1321447, 107654, 1153049, 3203303, 2072681, 1938175, -946844, -832065, 1598098, 791996, 2918500, 2539395, 2278296, 1192464]
[322196, 19301, 1295040, 100482, 1121032, 3184452, 2039587, 1920410, -948094, -833150, 1636996, 791835, 2989568, 2556807, 2346638, 1232467]
[311000, 1063, 1319336, 107558, 1153336, 3200201, 2069216, 1936348, -944856, -829719, 1588428, 789702, 2907173, 2538351, 2270382, 1189802]
[321057, 18421, 1297170, 101484, 1120877, 3188544, 2045102, 1924797, -950752, -835581, 1646246, 794556, 3001258, 2558591, 2354916, 1236097]
[312997, 2842, 1315973, 107512, 1153740, 3193531, 2062549, 1931471, -942159, -827112, 1579663, 787163, 2897251, 2537320, 2263779, 1187486]
[319891, 17150, 1301783, 102240, 1121796, 3192254, 2050376, 1928700, -952462, -837189, 1653589, 797610, 3008018, 2558824, 2358072, 1235590]
[314727, 4589, 1313657, 106460, 1152049, 3188686, 2056373, 1927375, -940215, -824975, 1573960, 785019, 2891533, 2537404, 2261066, 1187190]
[318783, 15565, 1306514, 103130, 1123923, 3197486, 2056752, 1932760, -953977, -838686, 1658547, 799972, 3011765, 2557901, 2359355, 1234765]
[316507, 6722, 1310674, 105607, 1149857, 3185397, 2050810, 1924097, -938477, -823285, 1571006, 783292, 2889732, 2537032, 2261825, 1188755]
[316679, 12928, 1311277, 103841, 1126689, 3203158, 2063723, 1937776, -955215, -840102, 1661004, 801571, 3011986, 2557159, 2358000, 1233336]
[317578, 8486, 1307053, 104093, 1146363, 3181584, 2045547, 1921387, -937921, -823062, 1570671, 781379, 2892394, 2539021, 2266288, 1192923]
[315871, 11221, 1315129, 104908, 1130613, 3205518, 2068470, 1940464, -955795, -840927, 1659573, 802327, 3007539, 2556681, 2353044, 1230208]
[319090, 10577, 1303336, 102855, 1142702, 3176953, 2039878, 1917767, -936887, -822501, 1572805, 780706, 2897502, 2541604, 2271556, 1196123]
[313909, 8442, 1318520, 105849, 1133982, 3207509, 2072999, 1942756, -955768, -841529, 1655214, 802151, 2999273, 2554142, 2344318, 1224652]
[320354, 12740, 1300416, 102454, 1138506, 3175762, 2037033, 1916909, -937468, -823182, 1578329, 780625, 2907649, 2543494, 2281569, 1202101]
[312567, 6096, 1321634, 106650, 1138286, 3210606, 2077603, 1945973, -955557, -841200, 1648910, 801707, 2988949, 2551180, 2335769, 1220524]
[321832, 15122, 1297369, 101586, 1134068, 3175068, 2034438, 1916211, -938350, -823965, 1586177, 781431, 2920233, 2545521, 2293608, 1209031]
[312232, 4762, 1323091, 108087, 1142867, 3210897, 2079673, 1946524, -953934, -839183, 1640312, 801102, 2975190, 2548560, 2324483, 1214994]
[322582, 16767, 1294169, 101039, 1130198, 3173931, 2032465, 1915245, -939294, -824760, 1595795, 783165, 2934068, 2548456, 2305436, 1214893]
[310835, 2391, 1323608, 107971, 1146262, 3210068, 2080227, 1946794, -952808, -838196, 1629603, 799205, 2960093, 2546628, 2311919, 1208670]
[323113, 18152, 1292716, 100574, 1126816, 3174689, 2032401, 1915907, -941419, -826652, 1606523, 785068, 2949743, 2552517, 2318465, 1221404]
[311088, 1581, 1323580, 108697, 1149429, 3207833, 2078699, 1945041, -950527, -835689, 1618047, 797333, 2943889, 2544528, 2299079, 1202238]
[323490, 19245, 1292862, 100745, 1124260, 3177288, 2034185, 1917825, -943450, -828572, 1618361, 787996, 2965390, 2555252, 2330693, 1226894]
[311201, 1190, 1323122, 108529, 1152540, 3205093, 2076153, 1942506, -948052, -833287, 1606915, 795141, 2928673, 2541994, 2287507, 1197348]
[322928, 19334, 1294323, 100619, 1122702, 3180447, 2037337, 1920024, -945432, -830790, 1629689, 790756, 2979512, 2556448, 2340978, 1231057]
[311514, 896, 1321472, 107909, 1153539, 3201321, 2072319, 1939442, -945651, -831214, 1596068, 792177, 2915080, 2540132, 2277260, 1193274]
[321889, 18472, 1296002, 100405, 1121002, 3184093, 2041405, 1922843, -948284, -834015, 1639785, 792988, 2992066, 2558258, 2349822, 1234510]
[312412, 1644, 1318646, 107235, 1154230, 3196491, 2067264, 1935235, -943498, -829343, 1585948, 789034, 2903080, 2538638, 2269081, 1190129]
[320708, 17615, 1298751, 101258, 1121770, 3188579, 2047056, 1926279, -950290, -836161, 1648734, 795727, 3001803, 2559036, 2355948, 1236205]
[313127, 2584, 1315430, 106672, 1153677, 3192208, 2062009, 1931513, -941273, -827135, 1578454, 786427, 2894580, 2538037, 2263664, 1188333]
[318958, 15745, 1302099, 101718, 1122000, 3193913, 2053582, 1931690, -953040, -838692, 1655687, 797821, 3009257, 2560062, 2360493, 1237571]
[314806, 4424, 1311340, 105631, 1150995, 3187458, 2055893, 1928052, -939786, -825414, 1573062, 783817, 2890587, 2538756, 2262985, 1189904]
[318484, 14700, 1305701, 103242, 1124733, 3197704, 2059267, 1934629, -953785, -839290, 1659431, 800040, 3011368, 2559303, 2360558, 1236243]
[316762, 6864, 1307316, 105341, 1149171, 3182089, 2049509, 1923076, -937725, -823123, 1570510, 782675, 2888987, 2538790, 2263122, 1190590]
[316534, 12334, 1309505, 104495, 1128391, 3201071, 2064516, 1937333, -954910, -840184, 1660620, 801942, 3009763, 2557657, 2356875, 1232736]
[317283, 7949, 1303466, 103691, 1146050, 3178798, 2044305, 1920165, -937237, -822769, 1570839, 781393, 2892089, 2540168, 2267177, 1193381]
[314894, 9758, 1313103, 105007, 1131732, 3205531, 2070314, 1941403, -956046, -841478, 1658817, 802118, 3005449, 2556789, 2352018, 1229909]
[319086, 10529, 1299726, 102665, 1141722, 3176267, 2039310, 1917617, -937073, -822503, 1574295, 780931, 2899996, 2542695, 2275272, 1198750]
[313144, 7144, 1316370, 106000, 1135793, 3207466, 2074047, 1942758, -955520, -840885, 1653871, 802426, 2996276, 2553917, 2342730, 1223972]
[320323, 12712, 1296493, 102253, 1137827, 3173921, 2035711, 1915353, -937531, -823071, 1579936, 780934, 2909899, 2544822, 2284034, 1203254]
[311943, 4776, 1319110, 106896, 1139952, 3209582, 2078078, 1945078, -954857, -840164, 1646491, 801878, 2984792, 2551978, 2331926, 1218126]
[320870, 14163, 1293363, 100419, 1133246, 3173583, 2033583, 1914858, -939012, -824408, 1588287, 781714, 2924186, 2548273, 2296538, 1210563]
[310811, 2600, 1320529, 106822, 1143696, 3209751, 2079676, 1945564, -953924, -839359, 1636497, 799997, 2970953, 2548728, 2320221, 1212416]
[321720, 15857, 1291336, 99554, 1129219, 3173769, 2032752, 1914969, -940696, -826043, 1597736, 783037, 2938802, 2550203, 2308955, 1217064]
[310804, 1837, 1321045, 107252, 1147570, 3208417, 2079127, 1944263, -952070, -837476, 1625658, 798221, 2955593, 2545546, 2307734, 1206694]
[322676, 17546, 1290700, 99531, 1126001, 3174813, 2032397, 1914699, -941570, -826908, 1609075, 785658, 2953341, 2552177, 2320149, 1221565]
[310227, 199, 1321932, 107413, 1149898, 3207459, 2078619, 1943971, -950202, -835505, 1614925, 796340, 2940268, 2543393, 2295279, 1200654]
[323463, 19208, 1291417, 100056, 1123143, 3177457, 2034716, 1917263, -944108, -829369, 1621254, 788107, 2970178, 2555581, 2333591, 1228591]
[311327, 880, 1321256, 108179, 1152586, 3203252, 2074969, 1940543, -946707, -831942, 1603714, 794326, 2924907, 2541220, 2283255, 1195065]
[322690, 18716, 1293157, 100491, 1121541, 3180549, 2037829, 1919479, -945966, -831126, 1632513, 791214, 2983691, 2557559, 2342630, 1231447]
[311463, 403, 1319936, 107920, 1153894, 3200317, 2071538, 1938330, -945100, -830524, 1593147, 791071, 2912626, 2540546, 2274065, 1191727]
[321517, 17708, 1295656, 100656, 1121014, 3185972, 2043607, 1924363, -949009, -834395, 1642769, 793559, 2997085, 2559812, 2352295, 1236036]
[313021, 1632, 1316078, 107657, 1154217, 3195443, 2066094, 1933920, -942635, -828081, 1583768, 788125, 2902154, 2539119, 2267357, 1189726]
[320558, 16749, 1297090, 101974, 1122145, 3189659, 2048316, 1926847, -950463, -835705, 1650800, 796620, 3005137, 2560127, 2356754, 1236203]
[313503, 2353, 1311230, 106448, 1153065, 3190513, 2059847, 1929466, -940821, -826141, 1576381, 785621, 2893991, 2538458, 2262021, 1187755]
[318198, 14273, 1299597, 101550, 1122347, 3195122, 2054849, 1931794, -953518, -838932, 1656713, 798151, 3011339, 2559900, 2359931, 1236884]
[314814, 3881, 1306994, 104987, 1150348, 3187066, 2054837, 1926923, -939650, -825233, 1572115, 782748, 2891561, 2538485, 2262388, 1190138]
[317867, 13432, 1302471, 102589, 1125041, 3199164, 2060489, 1934854, -954488, -840045, 1660166, 799974, 3013628, 2559121, 2360374, 1236588]
[316862, 6625, 1302363, 103981, 1147432, 3182053, 2047915, 1921794, -937438, -823050, 1570261, 781986, 2890962, 2539041, 2263580, 1191554]
[316298, 11127, 1306418, 103576, 1127722, 3203134, 2066066, 1938313, -955615, -841028, 1660390, 801760, 3010910, 2556742, 2355998, 1232983]
[318311, 8560, 1298370, 103049, 1144069, 3178472, 2043002, 1919211, -937017, -822690, 1571493, 780934, 2895501, 2539463, 2268863, 1195350]
[314708, 8847, 1310066, 104977, 1131888, 3206828, 2072050, 1942277, -955930, -841439, 1658191, 802347, 3005188, 2554892, 2350115, 1229435]
[320442, 11568, 1294574, 102755, 1140303, 3175658, 2038326, 1916707, -936789, -822316, 1576120, 781004, 2903939, 2542198, 2277862, 1201013]
[313732, 6745, 1312745, 106563, 1136450, 3208618, 2075472, 1943605, -954921, -840366, 1652915, 802775, 2994998, 2552629, 2340302, 1223415]
[321341, 12972, 1290759, 101553, 1135978, 3173880, 2034817, 1914933, -937234, -822900, 1582915, 781362, 2914790, 2544820, 2287740, 1206263]
[312226, 4067, 1314548, 106799, 1140193, 3209908, 2078326, 1945319, -954606, -840416, 1645078, 801202, 2982829, 2550748, 2329854, 1217966]
[322174, 14718, 1287761, 100850, 1131325, 3173040, 2032234, 1913955, -938482, -824256, 1591339, 781979, 2927795, 2547748, 2299095, 1211993]
[311298, 2339, 1316097, 107786, 1144067, 3210419, 2079951, 1945862, -953657, -839356, 1635179, 799726, 2968131, 2547982, 2317390, 1211796]
[323067, 16748, 1286590, 100643, 1128055, 3174324, 2032209, 1914641, -939951, -825605, 1602030, 784114, 2943186, 2550727, 2311946, 1218639]
[310391, 665, 1317145, 107909, 1147552, 3209549, 2080174, 1945719, -951746, -837457, 1624327, 797905, 2952958, 2545647, 2305207, 1206129]
[323021, 17778, 1286310, 100340, 1124784, 3176664, 2033961, 1916907, -942657, -828303, 1613430, 786023, 2959466, 2553853, 2325648, 1225907]
[310827, 392, 1316819, 108506, 1150866, 3207028, 2078290, 1943996, -949406, -834810, 1612878, 795810, 2937201, 2543158, 2293542, 1201364]
[323478, 18476, 1286802, 100722, 1122669, 3179200, 2036256, 1919180, -944660, -829916, 1625179, 789023, 2974544, 2556914, 2337308, 1231416]
[311414, -63, 1316032, 108817, 1152929, 3204198, 2075535, 1942008, -946738, -832068, 1601803, 793287, 2922551, 2541699, 2282502, 1196850]
[323135, 18691, 1288761, 101125, 1121226, 3183279, 2040253, 1922378, -946877, -832158, 1636385, 791821, 2988522, 2558597, 2347822, 1236161]
[312179, 552, 1313389, 108056, 1154138, 3199951, 2070381, 1937838, -944031, -829133, 1591138, 790645, 2909474, 2540057, 2273132, 1192912]
[321704, 17416, 1290241, 101006, 1120933, 3187299, 2044674, 1925051, -949438, -834608, 1645400, 794456, 2999435, 2560332, 2354749, 1237670]
[312436, 480, 1310038, 106896, 1153047, 3195434, 2065496, 1934486, -942466, -827929, 1582029, 787425, 2899839, 2539730, 2266670, 1190503]
[320347, 15998, 1293252, 101624, 1121387, 3191833, 2050854, 1929671, -951876, -837435, 1652970, 796510, 3008005, 2561357, 2360170, 1239375]
[314333, 2800, 1305850, 106041, 1152416, 3189898, 2059216, 1930257, -940335, -825849, 1575363, 784840, 2893314, 2539406, 2263617, 1190419]
[318915, 14761, 1296459, 102669, 1123766, 3195410, 2056306, 1932601, -953381, -839018, 1657830, 799044, 3011955, 2560829, 2361185, 1238293]
