[1628370, 1497149, 1702911, 163862, 2595463, 3174214, 2079703, 3070897, 694165, 934998, 1848725, 1625605, 1764293, 773460, 2551887, 1464564, 'Down']
[1625373, 1495134, 1696201, 158500, 2584788, 3216719, 2117736, 3104876, 678922, 919912, 1964284, 1659274, 1825084, 794504, 2628707, 1500039, 'Down']
[1630047, 1498394, 1704304, 163672, 2595283, 3171364, 2074998, 3069023, 694396, 934590, 1858976, 1625324, 1768398, 773674, 2561616, 1471523, 'Down']
[1624273, 1493040, 1695999, 157654, 2586079, 3219493, 2122011, 3107774, 679885, 920406, 1952581, 1658286, 1820407, 792916, 2618934, 1494053, 'Down']
[1631398, 1500206, 1703864, 163392, 2593778, 3169131, 2070444, 3066509, 693931, 934362, 1871877, 1626883, 1774235, 775199, 2572554, 1478390, 'Down']
[1622457, 1491389, 1694725, 157576, 2587312, 3220586, 2124336, 3108187, 680202, 921146, 1937657, 1656464, 1813442, 790913, 2606317, 1486619, 'Down']
[1632429, 1502442, 1704064, 164686, 2592822, 3169848, 2069696, 3066657, 691909, 933356, 1887423, 1629074, 1780883, 776903, 2585473, 1486635, 'Down']
[1622104, 1490830, 1695292, 158123, 2589179, 3219481, 2125591, 3107392, 682349, 923687, 1921307, 1654390, 1805790, 788914, 2593533, 1479268, 'Down']
[1632601, 1502812, 1703475, 163624, 2591422, 3170569, 2069754, 3067246, 690922, 931894, 1904528, 1631603, 1789141, 779371, 2597893, 1492861, 'Down']
[1620502, 1488652, 1695286, 157443, 2590085, 3217190, 2124685, 3106241, 683223, 924020, 1904015, 1649554, 1797292, 786020, 2580540, 1472419, 'Down']
[1632815, 1503294, 1703067, 162765, 2590289, 3175145, 2072679, 3071713, 688672, 929131, 1922491, 1635229, 1798026, 781793, 2611498, 1501088, 'Down']
[1621776, 1489886, 1695933, 157748, 2591293, 3213011, 2121575, 3103542, 685938, 926540, 1887107, 1645802, 1789227, 783063, 2568826, 1467176, 'Down']
[1633984, 1504824, 1703097, 163147, 2588043, 3178862, 2075231, 3074198, 687895, 928026, 1938689, 1639563, 1806441, 784428, 2622272, 1506175, 'Down']
[1621118, 1488971, 1696441, 157966, 2591459, 3207198, 2115600, 3098048, 687886, 927967, 1871553, 1640911, 1780997, 779991, 2557118, 1461103, 'Down']
[1632419, 1503178, 1701278, 161917, 2586847, 3184777, 2079785, 3078404, 685239, 925424, 1953262, 1642640, 1814283, 786668, 2630906, 1510087, 'Down']
[1621570, 1488923, 1697401, 159065, 2593690, 3201861, 2110451, 3093851, 689308, 929740, 1858919, 1635759, 1774508, 777366, 2549210, 1458702, 'Down']
[1631503, 1502192, 1700329, 161284, 2586494, 3191181, 2086439, 3083546, 683694, 924128, 1965592, 1647141, 1821055, 789693, 2638603, 1513717, 'Down']
[1621956, 1489439, 1697616, 158907, 2594676, 3194695, 2103238, 3087936, 690734, 931203, 1849342, 1631794, 1768382, 775628, 2543753, 1457289, 'Down']
[1630035, 1500829, 1698950, 160096, 2585543, 3196924, 2093237, 3088409, 681384, 922273, 1972639, 1650985, 1825365, 791979, 2641487, 1513817, 'Down']
[1623759, 1491657, 1699456, 160017, 2595136, 3187967, 2096267, 3082784, 692366, 933327, 1843709, 1628902, 1764893, 774989, 2541628, 1457571, 'Down']
[1629699, 1500708, 1698941, 159658, 2585858, 3202789, 2100366, 3092969, 680763, 921692, 1976396, 1654512, 1828678, 794191, 2642240, 1512684, 'Down']
[1625677, 1493840, 1701091, 160671, 2595588, 3181479, 2088967, 3077338, 694151, 934833, 1842275, 1626647, 1763921, 774704, 2542715, 1458745, 'Down']
[1627517, 1498155, 1697060, 157178, 2585209, 3208714, 2107486, 3098204, 679878, 920443, 1975259, 1656661, 1829782, 794900, 2639042, 1508970, 'Down']
[1627191, 1495441, 1701662, 160069, 2596003, 3175953, 2083092, 3072714, 694477, 934732, 1845315, 1624557, 1764296, 772697, 2547212, 1462864, 'Down']
[1625981, 1496140, 1695659, 156000, 2585165, 3213983, 2114470, 3102555, 679310, 920013, 1969763, 1658103, 1827945, 794523, 2633055, 1504916, 'Down']
[1628426, 1497197, 1702044, 160284, 2594668, 3172269, 2076886, 3069271, 694572, 934653, 1852830, 1624421, 1766661, 773421, 2555028, 1469441, 'Down']
[1623840, 1493792, 1695225, 154964, 2585214, 3217330, 2118703, 3105389, 679251, 919693, 1960046, 1657654, 1824184, 793662, 2624041, 1499484, 'Down']
[1629746, 1499071, 1703550, 160533, 2594181, 3168947, 2071691, 3066418, 694294, 934373, 1863849, 1624441, 1771693, 774093, 2564771, 1475829, 'Down']
[1622912, 1492464, 1695597, 154907, 2587073, 3218399, 2121793, 3106211, 680473, 920813, 1946843, 1656397, 1819080, 792375, 2612385, 1491661, 'Down']
[1630868, 1500509, 1703884, 160331, 2593331, 3167113, 2068522, 3064457, 693728, 933859, 1878025, 1626195, 1778375, 776428, 2575857, 1481805, 'Down']
[1620809, 1489972, 1694796, 153122, 2587645, 3217921, 2123579, 3105984, 681237, 921099, 1931301, 1653961, 1812055, 790530, 2599762, 1484030, 'Down']
[1631273, 1501352, 1703793, 159580, 2592212, 3167788, 2068144, 3065064, 691683, 931089, 1894166, 1628067, 1785871, 778104, 2588938, 1489373, 'Down']
[1620571, 1489208, 1695520, 153441, 2589408, 3216439, 2124178, 3105114, 683001, 922715, 1914259, 1650899, 1803933, 788164, 2586762, 1476597, 'Down']
[1632525, 1503059, 1704443, 159757, 2591129, 3170578, 2069203, 3067100, 690794, 930510, 1912117, 1632156, 1794694, 781572, 2602201, 1496646, 'Down']
[1620093, 1488515, 1695472, 152924, 2590063, 3214283, 2122764, 3103456, 684825, 924524, 1897842, 1647285, 1796228, 785857, 2574702, 1470842, 'Down']
[1632821, 1503760, 1703236, 158431, 2589274, 3174686, 2072173, 3069919, 688742, 928084, 1929561, 1635598, 1803336, 783362, 2614566, 1503636, 'Down']
[1620312, 1488480, 1696012, 152717, 2591277, 3210364, 2119443, 3100452, 686554, 926200, 1881993, 1643381, 1787882, 782660, 2563381, 1465872, 'Down']
[1633203, 1504174, 1702720, 157662, 2588290, 3180133, 2076220, 3074267, 686758, 926551, 1945509, 1640809, 1811762, 786063, 2625579, 1509645, 'Down']
[1621799, 1489734, 1697576, 153600, 2593128, 3204194, 2113202, 3095162, 689245, 929017, 1866764, 1639868, 1780741, 780357, 2552975, 1460978, 'Down']
[1632353, 1503474, 1702016, 156459, 2586847, 3185613, 2081530, 3078658, 685302, 924981, 1958628, 1645750, 1819428, 789291, 2633386, 1512066, 'Down']
[1621617, 1489476, 1698249, 153481, 2593247, 3197693, 2107207, 3090317, 690533, 930000, 1855082, 1635166, 1774146, 777919, 2546032, 1458179, 'Down']
[1631450, 1502496, 1701241, 155779, 2586364, 3192380, 2089061, 3084573, 683127, 922790, 1968634, 1649717, 1824989, 790927, 2639589, 1514590, 'Down']
[1622946, 1490701, 1699886, 154337, 2595126, 3190509, 2099950, 3084374, 692688, 932523, 1846558, 1632343, 1768765, 775864, 2542045, 1457227, 'Down']
[1629418, 1500433, 1699612, 154267, 2585334, 3198048, 2095420, 3088980, 681373, 921234, 1974030, 1653512, 1828725, 792424, 2641593, 1513625, 'Down']
[1623603, 1491578, 1700786, 154644, 2595281, 3184183, 2092935, 3079280, 693444, 933190, 1841876, 1628694, 1766162, 773673, 2541287, 1457973, 'Down']
[1627501, 1498091, 1698324, 152513, 2584800, 3205017, 2103060, 3095189, 679833, 919861, 1975677, 1656269, 1831310, 793291, 2641173, 1512190, 'Down']
[1625462, 1493817, 1702406, 154637, 2595840, 3178571, 2085789, 3074941, 694204, 934042, 1842498, 1626766, 1765692, 772510, 2544403, 1461760, 'Down']
[1626660, 1497082, 1698266, 151504, 2585716, 3209660, 2108928, 3098790, 679827, 920097, 1972680, 1658644, 1830820, 794097, 2636586, 1508027, 'Down']
[1626819, 1495395, 1703191, 154680, 2595985, 3172709, 2078660, 3069643, 694631, 934523, 1846789, 1625632, 1766357, 772846, 2549034, 1464639, 'Down']
[1624475, 1494346, 1696417, 149751, 2584843, 3214100, 2114417, 3102561, 679139, 918776, 1965078, 1658581, 1828091, 793731, 2628864, 1502127, 'Down']
[1628519, 1497418, 1703765, 154879, 2594683, 3169923, 2073277, 3067560, 694401, 933845, 1855833, 1624967, 1769954, 773072, 2558047, 1471343, 'Down']
[1622947, 1492494, 1696015, 148977, 2585791, 3216568, 2118135, 3104811, 679650, 919452, 1954386, 1658224, 1823391, 792421, 2619066, 1495904, 'Down']
[1629093, 1498698, 1704005, 154571, 2593476, 3166932, 2068270, 3064696, 693721, 933092, 1868092, 1625575, 1774637, 773896, 2568056, 1477189, 'Down']
[1620506, 1489805, 1694841, 147880, 2586442, 3217984, 2120988, 3106298, 679866, 919324, 1940058, 1655785, 1816406, 790387, 2606961, 1488497, 'Down']
[1629818, 1499471, 1703901, 153972, 2592314, 3167303, 2066713, 3065016, 692120, 931169, 1883575, 1626913, 1781249, 775238, 2581218, 1485800, 'Down']
[1619709, 1488487, 1695327, 147391, 2587957, 3217822, 2122495, 3106338, 681180, 920325, 1923903, 1652472, 1809025, 787726, 2594808, 1482033, 'Down']
[1630984, 1501032, 1704695, 153763, 2591361, 3168534, 2066727, 3066073, 690944, 929881, 1899703, 1629448, 1789187, 777675, 2593971, 1492867, 'Down']
[1619556, 1487648, 1695798, 147452, 2589268, 3216159, 2122325, 3105423, 682914, 921884, 1906773, 1649211, 1801117, 785993, 2581976, 1475105, 'Down']
[1632015, 1502632, 1705142, 154104, 2590921, 3171420, 2068205, 3067617, 689293, 928418, 1917568, 1633076, 1797707, 780389, 2607143, 1500067, 'Down']
[1619683, 1487815, 1697394, 148089, 2590902, 3211445, 2118492, 3100744, 685624, 924568, 1889423, 1645244, 1792326, 783108, 2568516, 1467056, 'Down']
[1632396, 1503127, 1704797, 153801, 2589459, 3175649, 2071029, 3070498, 688039, 926860, 1934479, 1637214, 1806563, 783803, 2618062, 1504625, 'Down']
[1619530, 1487250, 1697638, 148123, 2592076, 3207442, 2115162, 3097768, 687207, 926330, 1874307, 1640787, 1784562, 781066, 2557813, 1461698, 'Down']
[1632190, 1503151, 1703576, 152960, 2588433, 3181044, 2076244, 3074697, 686164, 925342, 1949664, 1641215, 1814150, 786363, 2627988, 1508791, 'Down']
[1620411, 1488222, 1697790, 148262, 2592852, 3201082, 2109407, 3092714, 689130, 928386, 1860782, 1635971, 1776853, 778308, 2548988, 1457818, 'Down']
[1631303, 1502509, 1701467, 151065, 2585877, 3187581, 2082838, 3080033, 683950, 923392, 1961551, 1645134, 1820543, 788564, 2635405, 1511990, 'Down']
[1621517, 1489651, 1698479, 149460, 2593780, 3194327, 2102652, 3086857, 691189, 930479, 1849646, 1632342, 1770651, 775542, 2542850, 1455840, 'Down']
[1629641, 1501090, 1699822, 152170, 2585126, 3194075, 2089635, 3085325, 681898, 921292, 1969898, 1649064, 1825439, 790608, 2639734, 1512704, 'Down']
[1622338, 1490400, 1699852, 153530, 2594517, 3187968, 2096139, 3082052, 692064, 931254, 1842960, 1628358, 1766437, 773434, 2540485, 1456062, 'Down']
[1627794, 1498819, 1699083, 153773, 2584628, 3200448, 2096910, 3090391, 680750, 920368, 1973416, 1652375, 1829010, 791955, 2641054, 1511409, 'Down']
[1623415, 1491063, 1701039, 154214, 2595135, 3182095, 2089065, 3076989, 692902, 932267, 1839722, 1624634, 1764481, 772596, 2541628, 1457784, 'Down']
[1626682, 1496823, 1698404, 151934, 2585452, 3206746, 2103757, 3095438, 679685, 919077, 1973105, 1653720, 1830151, 793059, 2639342, 1509071, 'Down']
[1625366, 1493259, 1702397, 154414, 2596280, 3176389, 2082018, 3072067, 693956, 933379, 1841577, 1622048, 1764584, 771775, 2545362, 1460780, 'Down']
[1624782, 1495171, 1696451, 150826, 2585518, 3211675, 2109485, 3099353, 679117, 918958, 1968377, 1654770, 1829194, 792771, 2633863, 1504209, 'Down']
[1626257, 1495763, 1701174, 155420, 2595151, 3172416, 2075428, 3068397, 693748, 933758, 1847719, 1621125, 1766848, 771602, 2552676, 1466302, 'Down']
[1622782, 1494141, 1693738, 152161, 2585274, 3216093, 2115192, 3102935, 678460, 919154, 1959721, 1654881, 1826046, 792137, 2626301, 1499374, 'Down']
[1627517, 1498369, 1700374, 157950, 2593999, 3169990, 2071575, 3066504, 692976, 933984, 1858310, 1622235, 1771150, 772940, 2562985, 1473000, 'Down']
[1621089, 1492956, 1692039, 152238, 2585744, 3219474, 2120338, 3106769, 678207, 919615, 1948591, 1655095, 1821436, 791217, 2617479, 1494178, 'Down']
[1629062, 1500846, 1700684, 158533, 2592756, 3168669, 2068784, 3065882, 691921, 932970, 1872703, 1623765, 1777117, 773799, 2576021, 1481755, 'Down']
[1620978, 1491948, 1692105, 152789, 2586368, 3218401, 2121693, 3106218, 679773, 920823, 1933058, 1652985, 1814015, 788607, 2604962, 1485923, 'Down']
[1630551, 1502379, 1700751, 159420, 2590901, 3167393, 2065681, 3064426, 691397, 932123, 1888357, 1626458, 1784384, 775788, 2587480, 1487069, 'Down']
[1620281, 1490696, 1692322, 154210, 2587663, 3216801, 2121825, 3104765, 681395, 922167, 1916567, 1650144, 1806424, 786353, 2591279, 1477388, 'Down']
[1631872, 1503765, 1700539, 160453, 2590221, 3169257, 2066625, 3065287, 690128, 930725, 1905446, 1629998, 1793105, 777926, 2599881, 1492906, 'Down']
[1619239, 1489248, 1691522, 154151, 2588684, 3214435, 2120614, 3102570, 682918, 923452, 1899197, 1646880, 1798323, 783540, 2578254, 1470077, 'Down']
[1631721, 1503967, 1699576, 160381, 2588465, 3172431, 2067961, 3066855, 688046, 928388, 1921855, 1633485, 1800997, 779842, 2611573, 1498893, 'Down']
[1619019, 1488713, 1692373, 155714, 2590631, 3210258, 2117469, 3098532, 685205, 925757, 1881782, 1642941, 1789684, 781099, 2565364, 1462891, 'Down']
[1630975, 1503414, 1698801, 161359, 2587115, 3177993, 2072982, 3071070, 685658, 926210, 1938479, 1637832, 1809794, 783214, 2623251, 1504616, 'Down']
[1618822, 1488167, 1692770, 157577, 2591470, 3205184, 2113066, 3094600, 686923, 927294, 1866502, 1637878, 1781745, 777833, 2555315, 1458385, 'Down']
[1630423, 1502949, 1697934, 161875, 2586109, 3184060, 2078803, 3076004, 683533, 924163, 1952520, 1641743, 1817675, 785669, 2632687, 1509107, 'Down']
[1619495, 1488553, 1693442, 159613, 2592349, 3198815, 2107151, 3089464, 688614, 929436, 1853802, 1633918, 1775372, 775933, 2547508, 1455298, 'Down']
[1629518, 1501794, 1696357, 162497, 2584944, 3190312, 2085302, 3081413, 681703, 922537, 1963571, 1645732, 1823969, 788294, 2638811, 1511190, 'Down']
[1620501, 1489488, 1694559, 161490, 2593483, 3191728, 2100487, 3084261, 690554, 931447, 1844828, 1629805, 1769784, 773770, 2542514, 1454040, 'Down']
[1627992, 1499970, 1695273, 162086, 2584737, 3196102, 2092394, 3086481, 680343, 921289, 1970455, 1649813, 1828059, 790125, 2641500, 1510928, 'Down']
[1621286, 1490121, 1695641, 161807, 2594060, 3184948, 2093189, 3079040, 691384, 932164, 1839572, 1625668, 1766049, 771913, 2540511, 1454027, 'Down']
[1625611, 1497509, 1693744, 160099, 2583760, 3202442, 2099391, 3091688, 678772, 919681, 1973582, 1651753, 1830537, 791203, 2641114, 1509042, 'Down']
[1622508, 1491877, 1696894, 162346, 2594424, 3179581, 2086809, 3074618, 692101, 933049, 1839342, 1622559, 1764539, 770565, 2542347, 1456991, 'Down']
[1624641, 1496519, 1693359, 159895, 2583994, 3208691, 2107012, 3096777, 678156, 919300, 1972691, 1654237, 1830949, 791859, 2638305, 1506714, 'Down']
[1624566, 1494478, 1698353, 162899, 2594380, 3174403, 2079425, 3069673, 693104, 934006, 1843669, 1621801, 1765485, 770701, 2547388, 1461172, 'Down']
[1622943, 1494768, 1692604, 158438, 2583957, 3213886, 2113431, 3100881, 677721, 918772, 1966575, 1655006, 1829203, 791753, 2631527, 1501537, 'Down']
[1625833, 1496463, 1699157, 162248, 2593256, 3171510, 2074732, 3067383, 693063, 933747, 1852239, 1621417, 1769069, 770807, 2556171, 1467888, 'Down']
[1621456, 1492927, 1692273, 156822, 2583887, 3217348, 2117482, 3104026, 677921, 918408, 1956727, 1654451, 1825315, 790166, 2622944, 1496536, 'Down']
[1628014, 1498889, 1701173, 162405, 2593663, 3168466, 2069840, 3064656, 693022, 933083, 1863685, 1621830, 1773729, 771364, 2566124, 1474235, 'Down']
[1620781, 1491453, 1692726, 156220, 2585904, 3218230, 2120745, 3104624, 679726, 920068, 1943232, 1653819, 1819448, 789465, 2610645, 1488209, 'Down']
[1628708, 1499742, 1700631, 161278, 2591810, 3167808, 2067677, 3063836, 691964, 932070, 1878731, 1623728, 1780853, 773615, 2577812, 1480999, 'Down']
[1618853, 1489195, 1691651, 154955, 2586673, 3219196, 2123879, 3105935, 679822, 920066, 1927826, 1651142, 1812270, 786816, 2598636, 1482108, 'Down']
[1629553, 1501275, 1700625, 161842, 2591162, 3168747, 2067779, 3064358, 690410, 930773, 1895025, 1626313, 1787961, 775379, 2591194, 1489227, 'Down']
[1617924, 1488227, 1691211, 155791, 2587806, 3216616, 2123196, 3103384, 681701, 922263, 1909755, 1647997, 1803260, 784763, 2584586, 1473676, 'Down']
[1628990, 1501718, 1699180, 161731, 2588903, 3171356, 2069512, 3066136, 688374, 928771, 1911989, 1629386, 1796193, 778190, 2603593, 1495696, 'Down']
[1616848, 1486863, 1691441, 155739, 2589195, 3213737, 2122938, 3101606, 682927, 923432, 1892321, 1643197, 1795177, 782340, 2572348, 1467717, 'Down']
[1629294, 1501912, 1699166, 160758, 2587826, 3175199, 2073750, 3069204, 686308, 926462, 1928865, 1632731, 1804765, 781006, 2616026, 1502268, 'Down']
[1617354, 1487054, 1692787, 155806, 2590816, 3208869, 2120048, 3097817, 685241, 925302, 1875523, 1638882, 1786718, 779649, 2560725, 1461678, 'Down']
[1629361, 1502156, 1698685, 160176, 2586955, 3180944, 2079520, 3074012, 684745, 925070, 1944366, 1637922, 1812988, 784307, 2626611, 1506950, 'Down']
[1617589, 1487128, 1693135, 156292, 2592211, 3203411, 2115260, 3093561, 686960, 927336, 1861439, 1634698, 1778961, 777178, 2552028, 1458152, 'Down']
[1628461, 1501475, 1697283, 159682, 2585563, 3186366, 2085129, 3077874, 682794, 922890, 1957008, 1641878, 1819482, 786594, 2634591, 1510036, 'Down']
[1618126, 1487711, 1693659, 157198, 2592911, 3196571, 2108970, 3087477, 688962, 929416, 1849447, 1630527, 1772092, 774806, 2544188, 1454493, 'Down']
[1627393, 1500286, 1695698, 158978, 2584757, 3193385, 2092268, 3083441, 680285, 920673, 1966922, 1645901, 1824864, 788467, 2639762, 1511843, 'Down']
[1619630, 1489208, 1695037, 158420, 2594313, 3190220, 2102407, 3082484, 690600, 931150, 1842213, 1627136, 1767217, 772765, 2540630, 1454057, 'Down']
[1626161, 1498918, 1694645, 158150, 2584291, 3200513, 2100803, 3089560, 678865, 919943, 1972747, 1650167, 1828478, 790510, 2641742, 1511468, 'Down']
[1620842, 1491033, 1696274, 158817, 2594489, 3184347, 2095900, 3077903, 691788, 932126, 1839578, 1624068, 1764213, 771679, 2541045, 1456488, 'Down']
[1624457, 1497346, 1693818, 157099, 2584283, 3207304, 2108773, 3095669, 678229, 918824, 1974492, 1652389, 1829904, 791886, 2640845, 1509919, 'Down']
[1622432, 1492806, 1697425, 159298, 2594787, 3179006, 2089049, 3073809, 692370, 932943, 1841168, 1621934, 1763603, 770790, 2544491, 1460163, 'Down']
[1622283, 1495049, 1692410, 155623, 2584151, 3212073, 2115225, 3099558, 677435, 918306, 1970819, 1654085, 1829264, 791752, 2636311, 1506096, 'Down']
[1623570, 1494291, 1698292, 159217, 2594964, 3173904, 2083844, 3069595, 692559, 932966, 1846038, 1620532, 1765089, 770260, 2550690, 1464594, 'Down']
[1620861, 1492993, 1691780, 154575, 2584879, 3215986, 2121309, 3103024, 677139, 917932, 1962590, 1653869, 1826294, 791243, 2628447, 1500319, 'Down']
[1625282, 1496599, 1699348, 160166, 2594364, 3170300, 2078221, 3066206, 692753, 933253, 1855705, 1620772, 1769038, 771168, 2559368, 1470403, 'Down']
[1619209, 1491219, 1691240, 154471, 2585705, 3219176, 2126017, 3105462, 677886, 918680, 1951351, 1654070, 1821666, 790655, 2618159, 1493719, 'Down']
[1626397, 1498484, 1699871, 160887, 2593917, 3169062, 2075624, 3064966, 691997, 932916, 1869003, 1622134, 1774883, 773544, 2570855, 1477769, 'Down']
[1617817, 1489395, 1690992, 153843, 2586963, 3219498, 2128397, 3105593, 678991, 919706, 1936541, 1652136, 1814982, 789335, 2605905, 1486238, 'Down']
[1627252, 1499533, 1699875, 159639, 2592374, 3167812, 2073067, 3063177, 691194, 931233, 1883763, 1623877, 1781903, 774617, 2582335, 1483717, 'Down']
[1616771, 1487946, 1691085, 152877, 2588180, 3218414, 2129745, 3104918, 680108, 920062, 1919471, 1648992, 1807195, 786739, 2592192, 1477775, 'Down']
[1628272, 1501076, 1700350, 159488, 2591401, 3169311, 2073453, 3064385, 689518, 929369, 1901022, 1627287, 1789812, 777396, 2595815, 1491278, 'Down']
[1616325, 1487024, 1691523, 152659, 2589316, 3215449, 2128618, 3102628, 682016, 921893, 1902193, 1646305, 1799057, 784354, 2579419, 1470477, 'Down']
[1628560, 1501448, 1699683, 158274, 2589789, 3172385, 2075978, 3066863, 687860, 927384, 1918297, 1631321, 1798761, 779823, 2608233, 1497441, 'Down']
[1616291, 1486612, 1692141, 152589, 2590543, 3212397, 2127153, 3100736, 683912, 923485, 1885409, 1642237, 1790844, 781948, 2567463, 1464821, 'Down']
[1628913, 1501814, 1699562, 157648, 2588315, 3177762, 2080832, 3071714, 685810, 925312, 1935578, 1635762, 1807754, 783225, 2621076, 1504811, 'Down']
[1616756, 1486637, 1693116, 152781, 2592288, 3207094, 2122835, 3096788, 686100, 925322, 1869592, 1637996, 1782766, 778725, 2557171, 1460224, 'Down']
[1628833, 1502229, 1698896, 157007, 2587535, 3183187, 2085541, 3076131, 684383, 923641, 1949848, 1640125, 1815167, 785182, 2630136, 1508627, 'Down']
[1617488, 1487361, 1694406, 153149, 2593604, 3201124, 2116944, 3092259, 688479, 927806, 1856661, 1634013, 1775502, 776378, 2548458, 1456388, 'Down']
[1627624, 1500910, 1697679, 155456, 2586487, 3189512, 2091556, 3081082, 682222, 921458, 1961432, 1644331, 1821527, 787513, 2637088, 1511357, 'Down']
[1618032, 1487979, 1695161, 153348, 2594426, 3194531, 2109411, 3087001, 689848, 929364, 1846255, 1629891, 1769753, 773882, 2542854, 1454760, 'Down']
[1626371, 1499391, 1696715, 154757, 2585931, 3196672, 2099157, 3087564, 680126, 919939, 1969118, 1647989, 1826824, 789533, 2641137, 1512074, 'Down']
[1619539, 1489725, 1697275, 154661, 2595727, 3187971, 2103230, 3081843, 691271, 930674, 1840239, 1626525, 1766432, 772081, 2541212, 1455559, 'Down']
[1625315, 1498530, 1696439, 154264, 2585355, 3202523, 2106200, 3092310, 679446, 919043, 1972972, 1652190, 1829925, 791186, 2642127, 1511020, 'Down']
[1620912, 1491236, 1698525, 154841, 2595234, 3181284, 2094729, 3076647, 692688, 932279, 1838571, 1624769, 1764360, 771748, 2541954, 1456895, 'Down']
[1623773, 1496399, 1695495, 152812, 2586205, 3208142, 2112127, 3097093, 678633, 917979, 1971993, 1654382, 1830585, 791783, 2638969, 1507405, 'Down']
[1623010, 1493516, 1700294, 155990, 2596784, 3176254, 2088168, 3072495, 693659, 932992, 1841910, 1623080, 1765553, 771251, 2547025, 1461248, 'Down']
[1621926, 1494112, 1694226, 151825, 2585763, 3213472, 2118020, 3101665, 678244, 917598, 1967302, 1655766, 1829644, 792579, 2633753, 1503465, 'Down']
[1624249, 1495010, 1700598, 156196, 2595567, 3172832, 2082230, 3069369, 693499, 932745, 1848829, 1621629, 1767702, 771493, 2554147, 1466591, 'Down']
[1620292, 1492157, 1693373, 151352, 2586447, 3217831, 2123152, 3105248, 678305, 917999, 1958301, 1655313, 1826228, 792239, 2625357, 1498384, 'Down']
[1625993, 1497366, 1701168, 157127, 2595574, 3170277, 2077015, 3067149, 693141, 932738, 1860049, 1621976, 1772524, 773151, 2564467, 1473789, 'Down']
[1619445, 1491106, 1692748, 151049, 2587223, 3219336, 2125645, 3106479, 679285, 919352, 1945264, 1654789, 1821027, 791590, 2614307, 1491203, 'Down']
[1627174, 1499272, 1701181, 157179, 2594076, 3168229, 2072889, 3065036, 692581, 932198, 1873700, 1623658, 1778837, 774962, 2575663, 1480021, 'Down']
[1617565, 1489096, 1691936, 150421, 2588269, 3219646, 2127787, 3107209, 680321, 919913, 1929877, 1652335, 1813875, 789394, 2601531, 1483473, 'Down']
[1627991, 1500232, 1700666, 156699, 2593195, 3168777, 2071430, 3065549, 691063, 930391, 1890571, 1625866, 1786289, 776317, 2588854, 1488032, 'Down']
[1616585, 1487442, 1691646, 150462, 2589526, 3217748, 2126300, 3105775, 681561, 921239, 1912994, 1648673, 1805496, 786402, 2588243, 1475900, 'Down']
[1628307, 1500821, 1700836, 156962, 2591489, 3171341, 2071216, 3067500, 689120, 928585, 1908195, 1628992, 1794675, 778462, 2602064, 1495233, 'Down']
[1615989, 1486243, 1692031, 150235, 2591055, 3215236, 2124431, 3104135, 683287, 922752, 1895845, 1644553, 1797212, 783601, 2576136, 1469821, 'Down']
[1627819, 1501058, 1699351, 155196, 2590220, 3174980, 2072816, 3070323, 686900, 926124, 1924547, 1631749, 1803316, 781053, 2614725, 1501821, 'Down']
[1616051, 1486830, 1692741, 150625, 2593013, 3210256, 2119400, 3099857, 684861, 924077, 1877974, 1639773, 1788604, 780420, 2564162, 1463409, 'Down']
[1628642, 1502301, 1699206, 155469, 2588745, 3180085, 2075959, 3074116, 685414, 924733, 1939713, 1637500, 1811155, 784117, 2625091, 1505697, 'Down']
[1616925, 1487622, 1693574, 151273, 2593155, 3205312, 2113552, 3096104, 687224, 926301, 1863496, 1636692, 1780819, 778440, 2554588, 1458870, 'Down']
[1627667, 1501618, 1697984, 154806, 2586643, 3186561, 2081149, 3079438, 683337, 922388, 1953747, 1642377, 1818466, 786709, 2634409, 1510279, 'Down']
[1617386, 1487819, 1694848, 152709, 2594262, 3199431, 2107388, 3091401, 689070, 928006, 1851561, 1632635, 1773918, 775775, 2547598, 1456695, 'Down']
[1626905, 1500370, 1697419, 155096, 2586260, 3193281, 2086580, 3084697, 681700, 920711, 1964411, 1646228, 1824547, 789329, 2640795, 1513094, 'Down']
[1618530, 1488211, 1696207, 154026, 2595443, 3193570, 2099482, 3086419, 690595, 929669, 1843070, 1628504, 1769044, 774450, 2543366, 1456034, 'Down']
[1625975, 1499001, 1696622, 154089, 2585929, 3200325, 2093714, 3090555, 680265, 919240, 1970681, 1649656, 1829100, 791635, 2643826, 1513696, 'Down']
[1620285, 1490610, 1697086, 154203, 2595519, 3187042, 2091068, 3081091, 692367, 931059, 1838676, 1625548, 1766352, 773394, 2542811, 1457388, 'Down']
[1625349, 1498636, 1695807, 154327, 2585970, 3205578, 2099765, 3094414, 679798, 918397, 1972204, 1653518, 1831217, 792812, 2642664, 1511104, 'Down']
[1621760, 1492504, 1698213, 156335, 2595541, 3179910, 2083413, 3074843, 693760, 932320, 1838245, 1624812, 1765353, 772758, 2544416, 1458495, 'Down']
[1623169, 1495867, 1694418, 153983, 2584665, 3211006, 2105729, 3098927, 678597, 916761, 1969708, 1655388, 1830649, 792692, 2638215, 1506372, 'Down']
[1623242, 1493822, 1700322, 158152, 2596017, 3175772, 2076969, 3071222, 694224, 931936, 1843301, 1622651, 1766282, 771606, 2550116, 1462960, 'Down']
[1621176, 1493148, 1694139, 153482, 2585941, 3216481, 2112083, 3103463, 678510, 916505, 1963593, 1656015, 1828751, 793019, 2632181, 1502473, 'Down']
[1624948, 1495286, 1700901, 157963, 2595991, 3172353, 2071130, 3068201, 693869, 931861, 1852069, 1622030, 1769662, 772664, 2559027, 1469869, 'Down']
[1619366, 1490532, 1692894, 151920, 2587106, 3219094, 2115597, 3105447, 678591, 917180, 1952222, 1655412, 1824268, 791799, 2621922, 1496010, 'Down']
[1626424, 1497362, 1701396, 158410, 2596121, 3170066, 2066605, 3065798, 693319, 931810, 1863821, 1623237, 1775157, 773017, 2569681, 1476909, 'Down']
[1617958, 1489307, 1691549, 152586, 2588678, 3220190, 2118264, 3106096, 679766, 918978, 1937810, 1654768, 1818528, 790518, 2610254, 1488716, 'Down']
[1626579, 1499150, 1699670, 159716, 2594647, 3168848, 2063520, 3064328, 691452, 931464, 1877987, 1625870, 1782372, 775613, 2581846, 1483635, 'Down']
[1616267, 1488434, 1689889, 153503, 2588282, 3219617, 2118671, 3106291, 679705, 920152, 1920912, 1652398, 1811496, 788342, 2597434, 1480935, 'Down']
[1627841, 1501792, 1698711, 160709, 2592285, 3170638, 2063645, 3066419, 689344, 929823, 1895144, 1629072, 1790455, 778131, 2595816, 1491639, 'Down']
[1616616, 1488956, 1689795, 154651, 2589170, 3217698, 2118110, 3105424, 681626, 922070, 1904300, 1649923, 1802807, 786101, 2585315, 1474268, 'Down']
[1628726, 1502907, 1697878, 160396, 2590136, 3172954, 2063989, 3068404, 687792, 928155, 1912238, 1633597, 1798569, 780209, 2608600, 1498276, 'Down']
[1616525, 1488200, 1689905, 154670, 2590499, 3213968, 2115499, 3102958, 683218, 923398, 1886753, 1646272, 1794306, 782868, 2572787, 1467776, 'Down']
[1629534, 1504025, 1697591, 160541, 2589165, 3177367, 2067339, 3071792, 686491, 926591, 1929102, 1639034, 1807752, 782863, 2620443, 1504229, 'Down']
[1617103, 1488733, 1691194, 156319, 2592464, 3209774, 2111939, 3099631, 685892, 926206, 1871229, 1644134, 1787337, 780647, 2562024, 1462832, 'Down']
[1628344, 1502776, 1696123, 160197, 2587376, 3183136, 2071510, 3076349, 684284, 924408, 1944397, 1644179, 1816230, 785366, 2630543, 1509245, 'Down']
[1616843, 1488190, 1691027, 156945, 2592865, 3203491, 2104772, 3094164, 686813, 927054, 1856668, 1639387, 1779547, 776883, 2552309, 1458798, 'Down']
[1627469, 1501765, 1694779, 160729, 2585816, 3189480, 2076729, 3081179, 682202, 922379, 1956292, 1648885, 1822477, 787435, 2637262, 1511705, 'Down']
[1617467, 1488345, 1692237, 159590, 2593703, 3197762, 2097886, 3089739, 688871, 929108, 1846024, 1636120, 1773479, 774732, 2545642, 1456616, 'Down']
[1625683, 1500164, 1693355, 161753, 2585321, 3196512, 2083253, 3087246, 679984, 920474, 1965499, 1653007, 1828004, 789818, 2642120, 1513705, 'Down']
[1618323, 1489539, 1692620, 162395, 2594878, 3190701, 2090112, 3083768, 690385, 931096, 1838816, 1632638, 1769103, 773391, 2542212, 1456022, 'Down']
[1623895, 1497716, 1691204, 162310, 2584027, 3203211, 2090610, 3092889, 678538, 919273, 1970257, 1656563, 1830983, 791838, 2642958, 1512422, 'Down']
[1619474, 1490229, 1693580, 164688, 2595510, 3184047, 2083589, 3078518, 691513, 931975, 1836390, 1629494, 1766173, 771949, 2542416, 1457809, 'Down']
[1622283, 1495767, 1690564, 162930, 2585060, 3208017, 2097782, 3096710, 678012, 918304, 1970090, 1659318, 1831973, 792013, 2640169, 1508943, 'Down']
[1620325, 1491325, 1694162, 165549, 2595015, 3178617, 2076367, 3074151, 692186, 932366, 1838272, 1628156, 1766615, 771047, 2545359, 1460443, 'Down']
[1620556, 1493695, 1689571, 162621, 2584968, 3214043, 2104931, 3102110, 676903, 917487, 1966670, 1661185, 1831597, 792175, 2635317, 1505705, 'Down']
[1622199, 1493606, 1695610, 166198, 2594825, 3174095, 2070393, 3070242, 692635, 932932, 1845174, 1627241, 1768554, 771390, 2552371, 1466100, 'Down']
[1618590, 1491363, 1688502, 160844, 2585269, 3217236, 2109096, 3104341, 677023, 917278, 1958060, 1660860, 1828297, 791461, 2626442, 1499394, 'Down']
[1623602, 1495640, 1696517, 166266, 2594877, 3170836, 2065454, 3067084, 692105, 932275, 1855166, 1626967, 1773152, 771467, 2561056, 1471584, 'Down']
[1617426, 1490195, 1688662, 160497, 2586092, 3219462, 2113641, 3106131, 678104, 918280, 1946274, 1659931, 1823886, 790334, 2615930, 1492166, 'Down']
[1624763, 1497689, 1697047, 165754, 2593321, 3169270, 2061894, 3065508, 691382, 931361, 1868724, 1627696, 1778610, 772818, 2572299, 1478127, 'Down']
[1616854, 1489141, 1688627, 159687, 2587932, 3220929, 2116059, 3107666, 679187, 919217, 1931981, 1657598, 1817049, 788794, 2604161, 1485354, 'Down']
[1626362, 1499278, 1697568, 165423, 2592222, 3169753, 2060825, 3065883, 690839, 930577, 1885422, 1630845, 1786206, 775147, 2585517, 1486015, 'Down']
[1615667, 1487261, 1688824, 158957, 2588254, 3219620, 2116651, 3107059, 680428, 920040, 1915624, 1655342, 1808676, 786141, 2591183, 1477990, 'Down']
[1627708, 1500586, 1698134, 165281, 2591392, 3170826, 2060446, 3066679, 689667, 929120, 1902263, 1634282, 1793890, 777536, 2598148, 1492736, 'Down']
[1614998, 1485973, 1688997, 158326, 2589540, 3216835, 2115414, 3105055, 682522, 922197, 1897712, 1651645, 1800402, 784113, 2577394, 1469799, 'Down']
[1627665, 1501359, 1697169, 164105, 2589742, 3175182, 2063554, 3070054, 687657, 927309, 1919698, 1638002, 1803031, 780330, 2610886, 1499462, 'Down']
[1615311, 1486559, 1689418, 158992, 2591280, 3212803, 2111653, 3101368, 684105, 924337, 1880914, 1647517, 1791927, 781333, 2565981, 1464915, 'Down']
[1627054, 1501305, 1695727, 163661, 2588121, 3180051, 2067207, 3073725, 685558, 925851, 1935731, 1642720, 1810875, 783014, 2621824, 1504823, 'Down']
[1614919, 1486127, 1689860, 159492, 2592267, 3207661, 2107838, 3097781, 685848, 926010, 1865448, 1642722, 1783445, 777966, 2555670, 1460009, 'Down']
[1626333, 1501157, 1694914, 162837, 2586912, 3185626, 2071976, 3078252, 683322, 923368, 1949791, 1646012, 1818113, 785397, 2631441, 1509068, 'Down']
[1615449, 1486801, 1691123, 159430, 2593675, 3201386, 2101651, 3092703, 687900, 928038, 1852487, 1637697, 1776393, 775605, 2547510, 1456393, 'Down']
[1625988, 1500373, 1694899, 161750, 2586438, 3191356, 2078944, 3082880, 681899, 921753, 1960756, 1649184, 1824872, 787726, 2638001, 1511235, 'Down']
[1616674, 1488038, 1692556, 160034, 2594655, 3194038, 2094981, 3087009, 690005, 929594, 1842828, 1632518, 1771481, 773645, 2542223, 1453906, 'Down']
[1624685, 1498995, 1693029, 160438, 2585589, 3198142, 2086190, 3088940, 679723, 919638, 1968158, 1651683, 1829540, 789520, 2641268, 1511375, 'Down']
[1618567, 1489667, 1693749, 160646, 2595362, 3187263, 2087418, 3081380, 691594, 931159, 1838251, 1628211, 1768077, 771667, 2540786, 1455225, 'Down']
[1623028, 1497387, 1692081, 159466, 2585382, 3203824, 2092569, 3093050, 678997, 918748, 1971087, 1654191, 1831856, 790391, 2640691, 1509474, 'Down']
[1619571, 1490899, 1694347, 160794, 2595115, 3181556, 2079948, 3076383, 692424, 931912, 1837257, 1624898, 1766265, 770422, 2541885, 1457293, 'Down']
[1621899, 1495751, 1691073, 158434, 2584776, 3210119, 2098846, 3098412, 678219, 917612, 1970003, 1655608, 1832479, 790660, 2637767, 1507376, 'Down']
[1621524, 1493343, 1696121, 162121, 2595318, 3176716, 2073543, 3072660, 693256, 932738, 1841099, 1623743, 1767875, 769818, 2546825, 1461664, 'Down']
[1620711, 1494217, 1690382, 158364, 2584967, 3214588, 2105058, 3102349, 678293, 917632, 1964508, 1657234, 1831401, 791032, 2631597, 1502653, 'Down']
[1623356, 1495554, 1696904, 162928, 2594796, 3172641, 2067502, 3069385, 693670, 932871, 1849527, 1623730, 1770888, 770239, 2554750, 1467200, 'Down']
[1618849, 1492061, 1689658, 157539, 2585672, 3218314, 2110599, 3106184, 678150, 917889, 1954651, 1657419, 1827366, 790018, 2622583, 1496804, 'Down']
[1624269, 1496908, 1697490, 162533, 2593995, 3170375, 2063991, 3067791, 692686, 931905, 1860938, 1624365, 1776196, 770899, 2566042, 1475058, 'Down']
[1617278, 1490048, 1689457, 156757, 2586503, 3220290, 2114146, 3108060, 678793, 918413, 1940894, 1655847, 1821580, 787859, 2611546, 1490365, 'Down']
[1625416, 1498422, 1697987, 162795, 2593346, 3169703, 2061444, 3067105, 691953, 931158, 1875371, 1625435, 1782356, 772214, 2578116, 1482862, 'Down']
[1615956, 1488074, 1689239, 156597, 2587926, 3220137, 2115728, 3108209, 679971, 919506, 1925319, 1652627, 1814236, 786077, 2599068, 1483186, 'Down']
[1626391, 1499800, 1697952, 162947, 2592541, 3170106, 2060067, 3067014, 690761, 930224, 1891619, 1627990, 1790034, 774649, 2590405, 1489539, 'Down']
[1614877, 1486733, 1688952, 156067, 2589428, 3218783, 2115940, 3107069, 681243, 921225, 1908440, 1649548, 1806361, 784131, 2585827, 1475905, 'Down']
[1626352, 1500261, 1697611, 161887, 2590644, 3173416, 2061610, 3069591, 688338, 928132, 1909161, 1631311, 1798389, 777625, 2603548, 1497435, 'Down']
[1614269, 1486036, 1689652, 156003, 2590555, 3215928, 2114058, 3104765, 683053, 922664, 1891129, 1645513, 1797974, 781642, 2573350, 1470481, 'Down']
[1626868, 1501271, 1697589, 161501, 2589229, 3176888, 2063704, 3071637, 686673, 926147, 1925697, 1635210, 1806657, 780622, 2615511, 1504175, 'Down']
[1614139, 1485576, 1690612, 156434, 2591858, 3210959, 2110016, 3100685, 685138, 924501, 1873891, 1641128, 1789099, 779245, 2561244, 1463927, 'Down']
[1626735, 1501358, 1697009, 160927, 2588348, 3182789, 2068486, 3076580, 684733, 924130, 1940910, 1639562, 1814502, 783431, 2626051, 1509067, 'Down']
[1615042, 1486477, 1691835, 156607, 2593891, 3205342, 2104518, 3096152, 687148, 926613, 1859657, 1636966, 1781278, 776640, 2552388, 1460856, 'Down']
[1625523, 1500199, 1695960, 159318, 2587088, 3188060, 2073615, 3080514, 682820, 922060, 1953642, 1643451, 1821158, 784706, 2633987, 1512460, 'Down']
[1615344, 1486652, 1692860, 156701, 2593863, 3198596, 2097863, 3090696, 688813, 927419, 1847772, 1632087, 1774759, 772856, 2544769, 1457532, 'Down']
[1625328, 1499903, 1695485, 159025, 2586265, 3194791, 2080762, 3085919, 681385, 919867, 1963665, 1647910, 1827183, 787164, 2639279, 1513978, 'Down']
[1616769, 1488215, 1694263, 157654, 2594876, 3192562, 2091521, 3085826, 690987, 929940, 1840541, 1629466, 1770384, 772305, 2541257, 1456947, 'Down']
[1623239, 1497800, 1693817, 157199, 2585244, 3201396, 2087855, 3091594, 679514, 918453, 1969060, 1651316, 1831022, 788818, 2641364, 1513877, 'Down']
[1617539, 1489117, 1694800, 157900, 2595326, 3186697, 2084291, 3081019, 691467, 930340, 1836607, 1625830, 1767404, 769879, 2540912, 1458657, 'Down']
[1621521, 1495675, 1692751, 156712, 2585506, 3208126, 2095381, 3096779, 678364, 917508, 1970320, 1653695, 1832501, 789715, 2640364, 1512173, 'Down']
[1619384, 1490955, 1696385, 158976, 2595588, 3181084, 2077529, 3076343, 692822, 931475, 1837418, 1623542, 1766763, 769146, 2543593, 1461520, 'Down']
[1620110, 1493935, 1691668, 155608, 2584879, 3214087, 2102337, 3102408, 677690, 916725, 1967822, 1655452, 1832518, 790640, 2636266, 1509007, 'Down']
[1621259, 1493382, 1697545, 159320, 2596178, 3176075, 2071197, 3072427, 693176, 932114, 1843093, 1622540, 1768171, 769321, 2549987, 1466814, 'Down']
[1618731, 1491844, 1690735, 154168, 2585411, 3217510, 2107894, 3105351, 677760, 916863, 1959818, 1656410, 1829080, 790296, 2627986, 1502680, 'Down']
[1623041, 1495283, 1698433, 159143, 2595456, 3172051, 2065473, 3068997, 692937, 931673, 1852233, 1622653, 1771777, 769987, 2558349, 1472132, 'Down']
[1616941, 1490087, 1690365, 153371, 2586369, 3220375, 2112394, 3108176, 677953, 916834, 1948687, 1655659, 1824744, 789685, 2617718, 1495809, 'Down']
[1624135, 1497186, 1698926, 159281, 2594672, 3170706, 2062079, 3067934, 692172, 931205, 1865551, 1623730, 1777780, 772141, 2569886, 1479804, 'Down']
[1615569, 1488375, 1690111, 153465, 2587182, 3221045, 2114141, 3108789, 678961, 917981, 1934107, 1653382, 1818356, 787700, 2605751, 1488694, 'Down']
[1625278, 1498503, 1699839, 160274, 2593424, 3169724, 2059722, 3066832, 691240, 930080, 1880337, 1625369, 1784757, 773387, 2581619, 1486214, 'Down']
[1614724, 1486542, 1690296, 153599, 2588676, 3220331, 2116173, 3108389, 680432, 919510, 1917621, 1651201, 1810878, 785641, 2592350, 1480164, 'Down']
