[862199, 747325, 1612471, -330492, 2037236, 2297741, 2061963, 1763417, 110474, -7250, 2356542, 652066, 2036212, 2012778, 1589275, 725249, 'Left']
[854503, 737730, 1626113, -336233, 2043780, 2291348, 2065402, 1761879, 119500, 1582, 2262070, 631561, 1999394, 2002481, 1492976, 673417, 'Left']
[861278, 746614, 1613156, -331744, 2036873, 2303737, 2070896, 1768796, 109536, -8186, 2362134, 654928, 2040451, 2014449, 1590531, 724298, 'Left']
[856080, 739536, 1625063, -335436, 2043690, 2283637, 2056074, 1755606, 121569, 3470, 2258496, 630005, 1997176, 2001856, 1492347, 673595, 'Left']
[859710, 744956, 1614595, -333468, 2035657, 2310072, 2080097, 1774660, 108414, -9231, 2364549, 656630, 2042490, 2015190, 1588786, 722531, 'Left']
[857605, 741300, 1623494, -334384, 2043711, 2277403, 2048340, 1750676, 121948, 3783, 2258529, 628231, 1996347, 2000599, 1496391, 677394, 'Left']
[857932, 742952, 1615826, -335279, 2035417, 2315088, 2087633, 1779072, 107906, -9774, 2362385, 656990, 2041877, 2015053, 1583028, 718283, 'Left']
[859146, 742969, 1621837, -333341, 2044134, 2273645, 2042661, 1747346, 122160, 3616, 2261985, 627856, 1994713, 2000227, 1503159, 681977, 'Left']
[856214, 740860, 1617607, -336881, 2035557, 2320213, 2094846, 1783807, 108058, -9828, 2357603, 656778, 2040890, 2014951, 1575928, 714203, 'Left']
[860059, 744048, 1620157, -332711, 2043671, 2270817, 2037630, 1744754, 121940, 3036, 2268718, 628023, 1996091, 2000673, 1512951, 688843, 'Left']
[854590, 738975, 1620151, -338120, 2036061, 2321674, 2098090, 1784814, 108430, -9873, 2348164, 654597, 2037129, 2013544, 1565095, 707947, 'Left']
[861903, 746196, 1618953, -331035, 2043834, 2269128, 2034114, 1742598, 121471, 2338, 2277617, 629821, 1998972, 2001304, 1523440, 694295, 'Left']
[853653, 737766, 1621904, -339093, 2036800, 2322602, 2100388, 1785939, 109718, -8498, 2337453, 653068, 2033935, 2012745, 1553223, 701080, 'Left']
[862709, 747220, 1616788, -330692, 2042642, 2269137, 2032552, 1741897, 120476, 1172, 2289563, 632375, 2003839, 2002513, 1535719, 700985, 'Left']
[852392, 736074, 1623386, -339902, 2037155, 2321868, 2100473, 1785726, 110197, -8003, 2324745, 649945, 2029381, 2011376, 1540646, 694836, 'Left']
[863462, 748180, 1614632, -329875, 2041472, 2271981, 2034334, 1743956, 118727, -218, 2302514, 635468, 2009725, 2004549, 1548447, 708102, 'Left']
[851894, 735293, 1624232, -340003, 2038612, 2319412, 2098703, 1784199, 112331, -5903, 2311212, 647134, 2023866, 2010309, 1528239, 688681, 'Left']
[864389, 749235, 1613201, -329187, 2040402, 2276286, 2038418, 1746897, 117086, -1822, 2316888, 639456, 2015925, 2006301, 1561589, 715053, 'Left']
[852076, 735381, 1625940, -339589, 2039230, 2315077, 2094069, 1780574, 114186, -4112, 2297867, 644080, 2018142, 2008654, 1516832, 683310, 'Left']
[864238, 749689, 1613054, -329036, 2039534, 2280740, 2043059, 1749852, 115414, -3102, 2330048, 643979, 2022151, 2008723, 1572049, 719661, 'Left']
[852237, 735747, 1627076, -338884, 2040834, 2308778, 2087085, 1775113, 115793, -2123, 2284751, 640242, 2010425, 2007125, 1506272, 678315, 'Left']
[863684, 749469, 1612570, -329354, 2038270, 2286988, 2050083, 1754313, 113470, -4690, 2341798, 647595, 2026008, 2010685, 1580604, 722968, 'Left']
[852830, 736529, 1627097, -338305, 2041527, 2302391, 2079652, 1770016, 117769, -214, 2273651, 637046, 2004662, 2005019, 1498638, 675213, 'Left']
[862911, 748806, 1612797, -330393, 2037126, 2294310, 2058621, 1760118, 111855, -6310, 2351975, 651058, 2031324, 2011986, 1587154, 725474, 'Left']
[854362, 738101, 1627566, -337093, 2043262, 2295143, 2070748, 1764072, 119985, 1633, 2265412, 634006, 2000023, 2003658, 1494145, 673980, 'Left']
[861536, 747415, 1613411, -331764, 2036466, 2300981, 2067203, 1765948, 110549, -7768, 2359414, 654018, 2035712, 2013793, 1590178, 725464, 'Left']
[855281, 739100, 1626517, -336169, 2043045, 2288078, 2061609, 1758617, 121106, 2647, 2259959, 631059, 1996079, 2002207, 1492287, 674023, 'Left']
[860145, 745784, 1614689, -332979, 2035395, 2308132, 2076494, 1772307, 109258, -8750, 2363477, 656168, 2039825, 2014946, 1590346, 724714, 'Left']
[857108, 740995, 1625582, -334631, 2044205, 2282109, 2053907, 1753860, 122219, 3689, 2258071, 629780, 1994940, 2001238, 1494549, 676936, 'Left']
[858948, 744319, 1615744, -334164, 2035732, 2313237, 2084064, 1776592, 108904, -9009, 2363542, 658024, 2041575, 2015339, 1586589, 721382, 'Left']
[858450, 742354, 1624007, -333363, 2044774, 2276833, 2046706, 1749457, 122553, 3859, 2259297, 629227, 1994964, 2000763, 1499165, 680095, 'Left']
[857306, 742311, 1617337, -335591, 2035884, 2318470, 2091782, 1781229, 108190, -9741, 2360699, 658077, 2041269, 2015363, 1580677, 717697, 'Left']
[859416, 743842, 1621603, -332767, 2044322, 2272396, 2039823, 1744981, 122268, 3684, 2264207, 628716, 1994785, 2000606, 1506785, 685177, 'Left']
[855103, 740237, 1619310, -336978, 2036162, 2322620, 2097844, 1784916, 107777, -10003, 2353736, 656899, 2038388, 2014828, 1571185, 712109, 'Left']
[860939, 745734, 1620207, -331186, 2044064, 2271266, 2036845, 1743970, 121596, 2967, 2272950, 630199, 1997043, 2001506, 1518366, 693146, 'Left']
[853837, 738691, 1621467, -337761, 2036725, 2323283, 2100162, 1785387, 109103, -8759, 2344036, 655441, 2035864, 2014225, 1560240, 705918, 'Left']
[861761, 746821, 1617869, -330410, 2043108, 2270270, 2034067, 1742264, 120602, 1818, 2283176, 631862, 2000863, 2002667, 1529484, 698899, 'Left']
[852579, 737286, 1622994, -339217, 2036735, 2323997, 2101885, 1786434, 109661, -8444, 2332432, 652622, 2031190, 2012887, 1548352, 699813, 'Left']
[863193, 748740, 1616734, -329628, 2042951, 2271318, 2034197, 1742833, 119683, 886, 2295927, 634585, 2005942, 2004078, 1542411, 706016, 'Left']
[852406, 736917, 1625256, -339243, 2038466, 2321438, 2100629, 1784806, 111686, -6321, 2319466, 649934, 2025895, 2011969, 1535464, 693050, 'Left']
[863798, 749700, 1615627, -329007, 2041567, 2273376, 2035637, 1743888, 118713, -111, 2309472, 638577, 2011380, 2006337, 1554399, 711872, 'Left']
[851501, 735950, 1626474, -339618, 2038939, 2316900, 2096065, 1780957, 113398, -4548, 2305199, 646806, 2018643, 2010319, 1522031, 686007, 'Left']
[863139, 749456, 1614040, -329296, 2040221, 2278341, 2040485, 1747650, 116163, -2179, 2323174, 642159, 2015858, 2007917, 1565875, 717326, 'Left']
[851359, 735618, 1627094, -339414, 2040507, 2312430, 2091330, 1777762, 114822, -3455, 2292484, 642478, 2012774, 2007939, 1511939, 681915, 'Left']
[863032, 749224, 1613193, -329597, 2039173, 2284289, 2046820, 1752063, 114772, -4000, 2336252, 645593, 2022970, 2009886, 1576308, 722193, 'Left']
[851515, 735722, 1627449, -339033, 2041577, 2306904, 2084599, 1773212, 116689, -1571, 2280274, 638890, 2006805, 2006390, 1503072, 678230, 'Left']
[862224, 748740, 1612741, -330343, 2038342, 2291107, 2054519, 1757122, 112380, -6002, 2347477, 649165, 2027244, 2011700, 1584490, 726037, 'Left']
[851906, 736318, 1626872, -338717, 2042149, 2300428, 2076831, 1767953, 118206, 107, 2270252, 635323, 2000819, 2005201, 1496793, 676268, 'Left']
[861341, 747771, 1612801, -331489, 2037321, 2297653, 2063021, 1762380, 110901, -7319, 2355942, 652343, 2032732, 2013228, 1589354, 727456, 'Left']
[853497, 737806, 1626524, -337546, 2043583, 2293029, 2068002, 1761754, 119896, 1491, 2262666, 632682, 1997149, 2003172, 1492987, 675229, 'Left']
[860178, 746507, 1613949, -332661, 2036590, 2304839, 2072021, 1768110, 109735, -8527, 2361923, 655449, 2037341, 2014940, 1590918, 726754, 'Left']
[854737, 739189, 1625847, -336589, 2043692, 2286858, 2059644, 1756569, 120888, 2304, 2259156, 630622, 1995039, 2002468, 1493454, 676833, 'Left']
[858681, 744735, 1615337, -333926, 2036285, 2311484, 2080951, 1773437, 108603, -9730, 2364261, 656904, 2039013, 2015558, 1589745, 725312, 'Left']
[856055, 740214, 1625108, -335178, 2044853, 2280627, 2051417, 1750878, 122087, 3159, 2258101, 628764, 1992313, 2001639, 1496308, 679155, 'Left']
[856798, 742265, 1617021, -335869, 2036116, 2316804, 2088629, 1777679, 107690, -10871, 2362798, 656872, 2038792, 2015471, 1584830, 721513, 'Left']
[857667, 741908, 1623069, -334084, 2044716, 2275951, 2044675, 1746595, 121768, 2679, 2261420, 627690, 1992100, 2000635, 1502926, 683951, 'Left']
[855717, 740928, 1618495, -336495, 2036682, 2320971, 2095079, 1781386, 107954, -10392, 2358264, 656902, 2038133, 2015530, 1577341, 716719, 'Left']
[859028, 743705, 1620757, -332761, 2044101, 2272193, 2039085, 1743053, 122102, 3056, 2268182, 628711, 1992962, 2001793, 1511872, 689297, 'Left']
[853615, 739047, 1619809, -338236, 2036313, 2323120, 2099753, 1783291, 108103, -10272, 2350395, 655751, 2034720, 2015045, 1567031, 710412, 'Left']
[860377, 745860, 1618675, -331689, 2043615, 2270261, 2035713, 1740755, 121172, 2040, 2277515, 630245, 1996342, 2002562, 1522796, 695426, 'Left']
[852311, 737719, 1621616, -338984, 2036644, 2323216, 2101457, 1783465, 108931, -8968, 2339462, 653601, 2031889, 2014574, 1554641, 703203, 'Left']
[861188, 746997, 1616928, -330679, 2042691, 2269805, 2033579, 1739529, 119881, 1343, 2288888, 631905, 2001318, 2004066, 1534300, 701322, 'Left']
[851181, 735849, 1623511, -339866, 2037887, 2322759, 2101774, 1783283, 109960, -7836, 2326999, 650015, 2027209, 2012948, 1541768, 696143, 'Left']
[861647, 747200, 1615267, -330460, 2042013, 2272190, 2035062, 1740824, 118316, -514, 2302499, 634088, 2006380, 2004899, 1547640, 708689, 'Left']
[850258, 734682, 1625082, -340381, 2039045, 2320289, 2099983, 1781259, 111362, -6772, 2313272, 645361, 2020547, 2010255, 1529370, 690108, 'Left']
[861836, 748027, 1614133, -330084, 2041307, 2276654, 2038868, 1743611, 116643, -1813, 2316234, 636971, 2012215, 2006470, 1560353, 715348, 'Left']
[850028, 734491, 1626249, -340132, 2040472, 2316336, 2095553, 1777846, 113067, -4838, 2299488, 641718, 2014477, 2008398, 1517792, 685107, 'Left']
[861982, 748389, 1612962, -330003, 2040513, 2281344, 2043722, 1746589, 115025, -3758, 2329408, 641245, 2017914, 2008018, 1571312, 720421, 'Left']
[849882, 734571, 1626436, -340260, 2041143, 2310508, 2089118, 1772738, 115074, -3218, 2286482, 638131, 2008490, 2006902, 1507482, 680077, 'Left']
[861308, 748440, 1611721, -330907, 2038226, 2287196, 2050298, 1751043, 112934, -5928, 2341302, 644554, 2024411, 2010263, 1580014, 724012, 'Left']
[850826, 735880, 1626630, -339683, 2041981, 2303279, 2080902, 1767279, 117086, -1554, 2275051, 634835, 2004008, 2005321, 1499090, 676361, 'Left']
[861583, 748836, 1612133, -331672, 2037172, 2293204, 2057815, 1755900, 111759, -7182, 2351868, 648798, 2030741, 2012053, 1586179, 725645, 'Left']
[852741, 737765, 1626412, -338663, 2042324, 2297036, 2073518, 1762784, 118747, 103, 2267328, 632407, 1999342, 2004018, 1494717, 675314, 'Left']
[861183, 748355, 1612639, -332353, 2036330, 2300814, 2067523, 1762556, 110376, -8189, 2360287, 652088, 2034230, 2014100, 1591180, 727855, 'Left']
[854334, 739299, 1625543, -337560, 2042708, 2289356, 2063999, 1756518, 120328, 1561, 2261368, 629306, 1995471, 2002521, 1493014, 675495, 'Left']
[859967, 746645, 1613764, -333525, 2036055, 2306485, 2075736, 1767762, 109116, -8958, 2364008, 653957, 2037469, 2015013, 1590723, 725596, 'Left']
[856191, 740800, 1624395, -335700, 2043868, 2281620, 2054731, 1751197, 121719, 2873, 2258580, 627574, 1992950, 2001912, 1493830, 676284, 'Left']
[858174, 744301, 1614547, -334834, 2035893, 2311936, 2083886, 1774074, 108308, -10066, 2364496, 654995, 2039582, 2015833, 1587105, 721889, 'Left']
[856956, 741753, 1622798, -334621, 2044636, 2276362, 2047783, 1748038, 121801, 2878, 2259792, 625938, 1992731, 2001317, 1498894, 679890, 'Left']
[855859, 741999, 1616080, -336308, 2035401, 2317404, 2092028, 1779925, 107241, -10751, 2361811, 654947, 2040010, 2015654, 1581965, 718601, 'Left']
[857710, 742944, 1620310, -333572, 2043620, 2272226, 2041958, 1745406, 121558, 2604, 2264477, 625652, 1994353, 2000719, 1506961, 685417, 'Left']
[854699, 740659, 1617560, -337124, 2035993, 2319537, 2096524, 1782416, 107757, -10488, 2355266, 654067, 2038801, 2014998, 1572896, 712943, 'Left']
[859280, 744910, 1617992, -332474, 2043566, 2268159, 2036037, 1741563, 121840, 2784, 2272179, 626841, 1996390, 2001650, 1515615, 689558, 'Left']
[852251, 738132, 1618479, -339509, 2035676, 2321393, 2100389, 1784582, 107708, -10599, 2346156, 652187, 2035551, 2013826, 1561446, 705677, 'Left']
[860553, 746655, 1616563, -331297, 2043024, 2267874, 2034027, 1740778, 120512, 1471, 2283145, 628297, 1999012, 2002051, 1528014, 696947, 'Left']
[851261, 736754, 1620873, -340132, 2036273, 2321485, 2101595, 1784760, 109112, -9045, 2334756, 649943, 2030170, 2012785, 1548968, 698964, 'Left']
[861095, 747365, 1614437, -331082, 2041649, 2268969, 2033826, 1741181, 119158, 59, 2295609, 631259, 2003914, 2003080, 1540131, 703612, 'Left']
[850502, 735888, 1622775, -340281, 2037363, 2320797, 2101681, 1784595, 110446, -7739, 2321545, 646797, 2025396, 2011163, 1536166, 692623, 'Left']
[861996, 748697, 1613546, -329992, 2040940, 2272390, 2036444, 1743306, 118064, -917, 2309338, 634806, 2010224, 2005452, 1553384, 710975, 'Left']
[849989, 735356, 1624685, -340244, 2038846, 2316826, 2097614, 1781171, 112308, -5985, 2307366, 643390, 2019885, 2009546, 1523277, 686131, 'Left']
[861919, 749161, 1612641, -329894, 2040400, 2277310, 2040756, 1746807, 115878, -3193, 2322777, 638632, 2016909, 2007438, 1565036, 716374, 'Left']
[849383, 735054, 1625497, -340434, 2039702, 2313291, 2093402, 1778368, 114037, -4447, 2293945, 639803, 2014693, 2008239, 1512805, 681398, 'Left']
[861275, 748926, 1611190, -330850, 2038345, 2283965, 2047362, 1751667, 113861, -5260, 2335261, 641814, 2022762, 2009161, 1575721, 721606, 'Left']
[849841, 735264, 1624983, -340810, 2040286, 2308896, 2087753, 1775101, 115353, -3302, 2281729, 635352, 2007757, 2005815, 1504301, 678783, 'Left']
[861582, 749207, 1610999, -331365, 2038109, 2290561, 2054741, 1756600, 112629, -6538, 2346583, 645194, 2028072, 2010802, 1583979, 725683, 'Left']
[850944, 736486, 1626039, -339499, 2041900, 2301612, 2078727, 1769291, 117897, -962, 2271269, 632135, 2002789, 2004401, 1496835, 675538, 'Left']
[860220, 747653, 1611182, -332500, 2036277, 2298581, 2064041, 1763821, 110703, -8241, 2356213, 648638, 2033485, 2012871, 1589285, 727594, 'Left']
[852360, 737305, 1625023, -338563, 2042770, 2294289, 2069839, 1763275, 119449, 173, 2264077, 628785, 1997599, 2002459, 1493711, 675586, 'Left']
[859802, 746641, 1612218, -332911, 2036771, 2303938, 2071684, 1767738, 109743, -9298, 2361890, 650994, 2035900, 2013489, 1590491, 726326, 'Left']
[853738, 738716, 1624089, -337036, 2043598, 2286388, 2060379, 1756769, 121148, 1989, 2259969, 627119, 1994774, 2001735, 1492470, 675131, 'Left']
[857971, 744780, 1612291, -334106, 2035961, 2310042, 2080736, 1773458, 108418, -10339, 2364982, 653173, 2039110, 2014590, 1589227, 724325, 'Left']
[854845, 740406, 1621870, -335545, 2043623, 2279789, 2052509, 1751650, 121560, 2436, 2259237, 625730, 1993814, 2001116, 1495469, 677796, 'Left']
[855908, 743224, 1614288, -335149, 2035609, 2315448, 2089129, 1778648, 107487, -10724, 2364009, 654215, 2040397, 2015800, 1584979, 720559, 'Left']
[856148, 742322, 1621076, -334050, 2044184, 2274842, 2046138, 1747997, 121992, 3141, 2262091, 625660, 1994063, 2001846, 1502246, 682207, 'Left']
[853892, 740945, 1616082, -337143, 2035666, 2319752, 2096460, 1783100, 107200, -11177, 2359452, 654450, 2039829, 2015891, 1578320, 716387, 'Left']
[857782, 743993, 1619186, -333296, 2043900, 2271130, 2040560, 1744481, 121878, 2283, 2267985, 625928, 1994733, 2001357, 1511484, 688113, 'Left']
[852743, 739334, 1618550, -338740, 2035856, 2321931, 2100539, 1784830, 107979, -10968, 2351371, 653141, 2037503, 2014808, 1567910, 710073, 'Left']
[859436, 746043, 1618116, -332338, 2043469, 2269077, 2036535, 1741979, 121497, 1891, 2277124, 627594, 1998410, 2002152, 1521752, 693983, 'Left']
[851653, 738113, 1620816, -339603, 2036576, 2322235, 2102037, 1784672, 109076, -9573, 2340816, 651492, 2033912, 2013865, 1555323, 702672, 'Left']
[860731, 747643, 1616622, -330952, 2043033, 2269491, 2035020, 1741322, 120471, 852, 2288675, 630074, 2001719, 2003571, 1533504, 700352, 'Left']
[850582, 736714, 1622650, -340365, 2037444, 2321509, 2101619, 1783783, 110602, -8301, 2328438, 648734, 2028007, 2012752, 1542691, 695804, 'Left']
[860631, 747702, 1614714, -331221, 2041661, 2271600, 2035672, 1742287, 118660, -1155, 2301542, 632363, 2006695, 2004462, 1546215, 706873, 'Left']
[849083, 735156, 1623925, -341201, 2037923, 2320764, 2101435, 1784122, 111224, -7724, 2315075, 644705, 2022417, 2010476, 1531075, 690723, 'Left']
[861042, 748610, 1613222, -330677, 2040295, 2276076, 2039752, 1746223, 116909, -2603, 2315420, 635843, 2012389, 2005998, 1559678, 715000, 'Left']
[849117, 734798, 1625001, -341190, 2039856, 2316948, 2098156, 1781809, 113110, -5716, 2301449, 641356, 2016108, 2009022, 1519727, 686170, 'Left']
[860974, 748444, 1611998, -330941, 2039998, 2280774, 2044965, 1749498, 115121, -4609, 2328472, 639426, 2018087, 2007917, 1570896, 720403, 'Left']
[849181, 734734, 1626238, -340865, 2040902, 2311034, 2091314, 1776621, 114945, -4069, 2287699, 637426, 2009966, 2007000, 1508626, 680642, 'Left']
[860803, 748546, 1612103, -331174, 2038716, 2287119, 2051898, 1754339, 113206, -6045, 2341142, 643687, 2024542, 2010042, 1580117, 724395, 'Left']
[849833, 735539, 1626415, -340050, 2042005, 2304657, 2084381, 1772062, 116709, -2073, 2276963, 634162, 2005062, 2005320, 1500816, 677749, 'Left']
[860120, 748028, 1611823, -331711, 2037574, 2293530, 2059880, 1759519, 111652, -7268, 2351448, 647391, 2030563, 2012071, 1586471, 726648, 'Left']
[850887, 736595, 1625913, -338959, 2042466, 2297352, 2075503, 1765782, 118406, -436, 2268026, 631007, 2001340, 2003819, 1495145, 676096, 'Left']
[859242, 747145, 1612487, -332289, 2036864, 2300191, 2068503, 1764878, 110380, -8522, 2359589, 650660, 2036803, 2013784, 1590127, 727539, 'Left']
[851755, 737605, 1625640, -337912, 2043012, 2290141, 2066607, 1760163, 120028, 1010, 2262026, 629000, 1999086, 2002566, 1492773, 675736, 'Left']
[857713, 745508, 1613786, -333860, 2035994, 2307306, 2077949, 1771216, 108490, -10395, 2364053, 653034, 2040201, 2014432, 1591268, 727281, 'Left']
[853567, 739710, 1625031, -336173, 2044343, 2283050, 2057756, 1754176, 121321, 1874, 2259188, 627165, 1996981, 2001582, 1494576, 677899, 'Left']
[855947, 743719, 1615156, -335196, 2036060, 2312438, 2085438, 1775420, 108210, -10619, 2364403, 654680, 2043159, 2015552, 1587637, 723135, 'Left']
[854494, 740843, 1623468, -335701, 2044262, 2277596, 2050294, 1749719, 121358, 1987, 2259864, 626035, 1995813, 2000979, 1498956, 680848, 'Left']
[854201, 741811, 1616562, -337109, 2035605, 2316921, 2092151, 1779333, 107297, -11432, 2361531, 654570, 2042059, 2014979, 1581959, 719159, 'Left']
[855875, 742391, 1621768, -334740, 2044078, 2273373, 2044074, 1745956, 121381, 1627, 2264032, 625478, 1995740, 2000812, 1505862, 685291, 'Left']
[852435, 739820, 1618824, -338290, 2036008, 2321507, 2099425, 1784098, 107413, -11460, 2355913, 653870, 2040267, 2015398, 1573911, 714486, 'Left']
[857141, 744057, 1620158, -333250, 2043662, 2270976, 2039736, 1743706, 121147, 1509, 2271851, 626382, 1997113, 2001823, 1516685, 692308, 'Left']
[850814, 737871, 1621086, -339185, 2036394, 2323508, 2102893, 1785515, 108024, -10681, 2346117, 652169, 2036881, 2014741, 1562688, 708133, 'Left']
[858070, 745235, 1618015, -332258, 2042856, 2270513, 2037193, 1742557, 120141, 574, 2281611, 628237, 2001402, 2002626, 1527938, 698942, 'Left']
[849737, 736618, 1622457, -339990, 2037138, 2323945, 2104308, 1785788, 108901, -9705, 2334598, 649832, 2033519, 2013574, 1550492, 701967, 'Left']
[859537, 747084, 1616505, -331125, 2042614, 2271051, 2036456, 1741847, 119469, -314, 2294092, 630983, 2006983, 2004334, 1540113, 705603, 'Left']
[848869, 735586, 1624293, -340628, 2037987, 2322222, 2103455, 1784490, 110481, -8579, 2321588, 646910, 2028598, 2012191, 1537219, 694913, 'Left']
[860332, 748316, 1615445, -330196, 2042051, 2274205, 2038749, 1743865, 117697, -1843, 2307870, 634496, 2012249, 2006215, 1552790, 712545, 'Left']
[848204, 734767, 1625505, -341064, 2039241, 2319091, 2100404, 1781884, 112158, -6662, 2308133, 643875, 2021707, 2010476, 1524525, 688712, 'Left']
[860629, 748772, 1613570, -330457, 2040796, 2277724, 2041937, 1746002, 116120, -3436, 2321512, 638414, 2016088, 2007564, 1564405, 717750, 'Left']
[848364, 734847, 1626261, -340879, 2040350, 2313827, 2094937, 1777805, 114137, -4807, 2294717, 640183, 2014885, 2008517, 1513160, 682886, 'Left']
[860208, 748814, 1612227, -330895, 2039258, 2283339, 2048032, 1750317, 114091, -5208, 2334737, 642094, 2022588, 2009686, 1574713, 722641, 'Left']
[848505, 735064, 1626001, -340796, 2040802, 2307634, 2087881, 1772825, 115713, -3210, 2282297, 636210, 2009185, 2006745, 1503656, 679255, 'Left']
[859566, 748150, 1612337, -331807, 2037736, 2289187, 2054890, 1754603, 112323, -6927, 2345811, 645344, 2028815, 2011302, 1582102, 725329, 'Left']
[849121, 735448, 1627465, -339962, 2042144, 2301248, 2080337, 1767907, 117306, -1865, 2272241, 632698, 2003868, 2004910, 1496986, 676770, 'Left']
[858684, 747240, 1613531, -332546, 2037082, 2297212, 2064525, 1761605, 110643, -8644, 2355566, 648949, 2033446, 2012987, 1588626, 728166, 'Left']
[850721, 737180, 1627402, -338575, 2043461, 2294335, 2071912, 1762312, 119235, -6, 2264457, 629870, 1999423, 2003300, 1493630, 676601, 'Left']
[857892, 746562, 1614301, -333080, 2036692, 2304139, 2073469, 1767067, 109397, -9440, 2362021, 652056, 2038056, 2014515, 1591224, 728679, 'Left']
[852033, 738566, 1626336, -337313, 2043896, 2287513, 2063139, 1756434, 120692, 1476, 2260079, 628028, 1997147, 2002474, 1492859, 677395, 'Left']
[856046, 744325, 1614918, -335044, 2035899, 2310178, 2082094, 1771797, 108387, -10555, 2364645, 653912, 2040287, 2015519, 1589705, 726546, 'Left']
[853203, 740041, 1624872, -336486, 2044203, 2280879, 2054813, 1750646, 121131, 1607, 2258833, 626040, 1993668, 2001217, 1495588, 679934, 'Left']
[854381, 742540, 1616173, -336747, 2035430, 2315077, 2089389, 1775808, 107632, -11235, 2363545, 654515, 2040115, 2015568, 1584838, 722424, 'Left']
[854601, 741552, 1622747, -335645, 2043981, 2275018, 2046897, 1745157, 121645, 1809, 2261112, 625253, 1993923, 2000720, 1500991, 683373, 'Left']
[852788, 740945, 1617692, -337896, 2035453, 2318765, 2095179, 1778959, 107399, -11532, 2359116, 654232, 2040271, 2015093, 1577277, 717280, 'Left']
[855750, 743242, 1621241, -334387, 2043896, 2272117, 2041926, 1742974, 121215, 1549, 2267283, 626092, 1995584, 2001141, 1509607, 688850, 'Left']
[850971, 738961, 1619822, -339381, 2035750, 2322052, 2100616, 1782268, 107472, -11343, 2351877, 653455, 2038717, 2014876, 1568376, 712406, 'Left']
[857738, 745404, 1620138, -332489, 2043872, 2269549, 2037556, 1740133, 121165, 1492, 2275966, 627128, 1998557, 2002054, 1520180, 694841, 'Left']
[850161, 737471, 1622622, -339979, 2037073, 2323869, 2103879, 1784310, 108752, -9957, 2342207, 652012, 2035537, 2014739, 1556775, 705562, 'Left']
[858836, 746492, 1618206, -332112, 2043300, 2270447, 2036749, 1740927, 120196, 302, 2288011, 629744, 2002526, 2003233, 1533498, 702608, 'Left']
[849094, 735997, 1624091, -341021, 2037700, 2323471, 2104612, 1784859, 109876, -9156, 2329842, 649152, 2030274, 2012295, 1544857, 699382, 'Left']
[859752, 747748, 1616122, -331577, 2041855, 2272499, 2037579, 1742406, 118720, -1433, 2300930, 632521, 2008765, 2004067, 1546531, 709901, 'Left']
[848349, 735433, 1625126, -341429, 2037930, 2321681, 2103081, 1783617, 111582, -7745, 2316447, 645627, 2025661, 2010788, 1532190, 693367, 'Left']
[860123, 748731, 1614087, -330915, 2040625, 2276337, 2040872, 1745088, 117257, -2604, 2314909, 636390, 2014757, 2006362, 1559290, 716991, 'Left']
[848442, 735489, 1625615, -340768, 2039781, 2316715, 2098470, 1779789, 113447, -5516, 2302757, 642526, 2019518, 2009580, 1520465, 687804, 'Left']
[860244, 749152, 1613480, -330606, 2039983, 2280046, 2045113, 1747633, 115537, -3893, 2328095, 640312, 2020238, 2009023, 1570001, 721382, 'Left']
[847897, 734647, 1626324, -341221, 2040243, 2311004, 2092312, 1775360, 114854, -4120, 2289540, 638243, 2012136, 2008222, 1509581, 682713, 'Left']
[859383, 748085, 1612382, -331684, 2038851, 2285441, 2050958, 1751193, 113303, -6277, 2339909, 642593, 2025253, 2010274, 1578894, 725122, 'Left']
[848293, 734731, 1626731, -340744, 2041904, 2304084, 2084158, 1769439, 116626, -2820, 2277466, 633737, 2006497, 2005517, 1500615, 678388, 'Left']
[858472, 747138, 1611756, -332683, 2037742, 2292143, 2058820, 1756653, 111292, -8433, 2350439, 646173, 2030714, 2011625, 1585757, 727537, 'Left']
[849337, 735842, 1626160, -339608, 2042940, 2297077, 2075771, 1763580, 118150, -1555, 2268188, 630193, 2001302, 2003511, 1495129, 676643, 'Left']
[857403, 746185, 1611604, -333207, 2036939, 2299033, 2067408, 1761804, 110065, -9455, 2358485, 649191, 2035142, 2013398, 1589641, 728157, 'Left']
[849831, 736676, 1624587, -338560, 2043153, 2290614, 2067678, 1758575, 119270, -280, 2261866, 627603, 1997142, 2002736, 1492913, 676741, 'Left']
[855622, 744769, 1612095, -334582, 2035453, 2305732, 2076612, 1767711, 108226, -11135, 2363111, 651556, 2037727, 2014702, 1591010, 728118, 'Left']
[851608, 739074, 1623728, -336991, 2043710, 2283698, 2059264, 1752987, 120316, 549, 2258846, 625830, 1993292, 2001666, 1494143, 678754, 'Left']
[855087, 744524, 1614335, -334646, 2035869, 2311617, 2085058, 1773046, 108051, -10791, 2364593, 654102, 2039938, 2016225, 1588295, 725117, 'Left']
[853516, 741096, 1622795, -335630, 2043850, 2277985, 2051632, 1748768, 121626, 2247, 2260023, 626063, 1993975, 2002401, 1498401, 681846, 'Left']
[853218, 741945, 1615449, -337305, 2034944, 2317203, 2093334, 1778915, 107181, -11984, 2362506, 654409, 2040748, 2016004, 1583218, 721570, 'Left']
[855290, 743125, 1620551, -334590, 2043340, 2273700, 2045333, 1745564, 121486, 1883, 2263766, 625343, 1994497, 2001413, 1505848, 686965, 'Left']
[852222, 740879, 1617066, -338017, 2034984, 2321310, 2099478, 1783220, 107344, -11301, 2356799, 654006, 2040088, 2016184, 1574955, 716560, 'Left']
[857263, 745456, 1618858, -332758, 2043192, 2270910, 2040804, 1743629, 121145, 1700, 2271482, 626433, 1997666, 2002361, 1516304, 693814, 'Left']
[851053, 739294, 1618921, -338949, 2035236, 2322343, 2102629, 1784951, 108116, -10658, 2347720, 652406, 2037928, 2015719, 1564361, 710222, 'Left']
[858672, 747223, 1617211, -331536, 2043067, 2269143, 2037291, 1742131, 120776, 1300, 2280892, 628169, 2000311, 2003603, 1526765, 698805, 'Left']
[849368, 737516, 1620514, -340178, 2035984, 2323362, 2105100, 1786870, 108862, -9727, 2336701, 650270, 2033243, 2014754, 1552763, 703710, 'Left']
[858893, 747591, 1614666, -331479, 2041235, 2270568, 2037546, 1743435, 118989, -824, 2293062, 629970, 2005356, 2004267, 1540221, 706755, 'Left']
[848368, 736285, 1622148, -340799, 2036723, 2322249, 2104896, 1786753, 110112, -8821, 2323652, 646838, 2027914, 2012759, 1540216, 697726, 'Left']
[859501, 748565, 1613264, -330767, 2040940, 2273154, 2039422, 1745537, 117574, -2151, 2306495, 633328, 2011136, 2005962, 1552921, 713904, 'Left']
[848086, 735576, 1624244, -340860, 2038179, 2318999, 2102019, 1784730, 111860, -7274, 2309859, 643472, 2022853, 2011058, 1527818, 691884, 'Left']
[860173, 749223, 1612458, -330685, 2039389, 2277292, 2042961, 1748721, 116188, -3544, 2320111, 637024, 2017044, 2008043, 1564998, 720155, 'Left']
[847942, 735353, 1625644, -341000, 2039208, 2314573, 2097160, 1781450, 114116, -5182, 2296343, 639766, 2016875, 2008861, 1516009, 686380, 'Left']
[860130, 749552, 1611645, -330612, 2038712, 2282433, 2048581, 1752329, 114689, -4851, 2333580, 641181, 2023327, 2009501, 1575358, 724951, 'Left']
[848289, 735498, 1625783, -340446, 2040212, 2308785, 2090570, 1776522, 115954, -3064, 2284066, 636512, 2011314, 2007062, 1506140, 681875, 'Left']
[859517, 748918, 1611418, -330844, 2037885, 2289204, 2055919, 1757333, 113024, -6328, 2345532, 645168, 2030462, 2011214, 1583804, 728449, 'Left']
[848766, 735971, 1625946, -339456, 2041927, 2301820, 2082119, 1770531, 117781, -1476, 2273465, 633003, 2007134, 2005018, 1499078, 679351, 'Left']
[858156, 747465, 1611565, -332127, 2037013, 2295857, 2063817, 1762337, 111087, -8307, 2354364, 648197, 2034805, 2012645, 1588880, 729564, 'Left']
[849193, 736499, 1625058, -338970, 2041851, 2295852, 2073979, 1765763, 118721, -643, 2265144, 629634, 2000821, 2003540, 1495171, 678747, 'Left']
[856934, 746509, 1611786, -332885, 2035814, 2303122, 2072448, 1768089, 109216, -9983, 2360790, 650555, 2038001, 2014209, 1592231, 731041, 'Left']
[850711, 738252, 1624274, -337592, 2042636, 2288146, 2064294, 1758789, 120261, 658, 2259923, 627248, 1998303, 2002754, 1493682, 679049, 'Left']
[855414, 745093, 1612262, -334621, 2035010, 2309867, 2081434, 1773436, 108108, -11120, 2364354, 652716, 2041136, 2015504, 1591001, 728977, 'Left']
[852220, 740357, 1622813, -336406, 2042953, 2282138, 2056218, 1753738, 121270, 1618, 2258914, 626172, 1995874, 2001833, 1496419, 681826, 'Left']
[853621, 743251, 1614711, -336155, 2034603, 2315126, 2089090, 1777840, 107684, -11457, 2363804, 654126, 2041804, 2016344, 1587386, 726053, 'Left']
[853751, 741734, 1622249, -335202, 2043392, 2276630, 2048711, 1748807, 121621, 1548, 2260465, 624956, 1994535, 2001574, 1501716, 685613, 'Left']
[852969, 741856, 1616782, -336860, 2035234, 2318908, 2095148, 1781126, 107719, -11601, 2359772, 654138, 2041436, 2016067, 1580522, 721381, 'Left']
[855469, 743587, 1620605, -333592, 2043446, 2272114, 2041832, 1744688, 121944, 1948, 2265829, 625557, 1996583, 2001579, 1509548, 690189, 'Left']
[850441, 739161, 1618142, -338750, 2034904, 2322095, 2100261, 1784513, 107593, -11394, 2352479, 653372, 2039076, 2015433, 1570307, 714792, 'Left']
[856323, 744854, 1618142, -332755, 2042748, 2270637, 2038749, 1743538, 120608, 707, 2274799, 626654, 1997561, 2001908, 1520866, 697441, 'Left']
[849211, 737936, 1620071, -339321, 2035830, 2322919, 2102996, 1785545, 108213, -10699, 2342454, 651256, 2035016, 2014537, 1559583, 709045, 'Left']
[857232, 746383, 1615852, -331720, 2041686, 2269677, 2036754, 1742623, 119740, 44, 2285754, 629049, 2001993, 2003735, 1532594, 703775, 'Left']
[847584, 736458, 1620938, -340433, 2035668, 2322813, 2104794, 1786623, 108934, -9896, 2330822, 648826, 2030716, 2013593, 1547517, 702910, 'Left']
[858383, 748192, 1614311, -330604, 2041408, 2270393, 2036802, 1742694, 118619, -854, 2298515, 631993, 2007263, 2005225, 1545417, 710605, 'Left']
[847273, 735921, 1622843, -340957, 2037261, 2320739, 2103252, 1785153, 110451, -8289, 2317822, 645987, 2025514, 2012382, 1534878, 696348, 'Left']
[858919, 748813, 1612513, -331131, 2039632, 2273836, 2038983, 1744909, 117263, -2433, 2312540, 635471, 2013015, 2006849, 1557926, 717212, 'Left']
[846865, 735091, 1624163, -341461, 2038027, 2316604, 2098771, 1781797, 112259, -6753, 2303952, 642011, 2019605, 2009965, 1522200, 690192, 'Left']
[859125, 749124, 1611597, -330953, 2039100, 2278750, 2043805, 1748760, 115094, -4546, 2326432, 638749, 2019142, 2008434, 1569507, 723141, 'Left']
[847089, 735176, 1625141, -341227, 2039519, 2311230, 2092770, 1777766, 114690, -4679, 2290922, 638111, 2013306, 2008228, 1511198, 684974, 'Left']
[858595, 748822, 1610977, -331679, 2037321, 2285552, 2051073, 1753813, 113129, -6575, 2339418, 642682, 2025158, 2010252, 1579698, 728076, 'Left']
[847744, 735913, 1626147, -340298, 2040932, 2305522, 2086045, 1772781, 116375, -2830, 2279301, 634883, 2007360, 2006009, 1503200, 682144, 'Left']
[858316, 748670, 1611626, -331730, 2037400, 2291608, 2058177, 1758209, 111847, -7471, 2350412, 647059, 2030352, 2012389, 1587278, 730798, 'Left']
[848320, 736509, 1625696, -339741, 2041472, 2297906, 2076491, 1766398, 118159, -1192, 2269520, 631899, 2001624, 2004657, 1496551, 678912, 'Left']
[857112, 747455, 1611348, -332923, 2036123, 2298437, 2066398, 1763863, 110145, -9298, 2358211, 649943, 2034737, 2013978, 1590393, 730596, 'Left']
[849505, 737696, 1624773, -338631, 2042759, 2291630, 2068713, 1761758, 119494, -23, 2263289, 629139, 1997949, 2003621, 1494325, 679252, 'Left']
[855528, 745936, 1612177, -334221, 2035315, 2305073, 2075288, 1769347, 108890, -10450, 2363428, 652338, 2038570, 2015216, 1591864, 730192, 'Left']
[850691, 739215, 1623690, -337535, 2043021, 2283993, 2059157, 1755406, 120291, 817, 2259491, 626762, 1995788, 2002397, 1494101, 679996, 'Left']
[853957, 744125, 1613128, -335993, 2034883, 2311013, 2083836, 1774635, 107472, -11558, 2364953, 653597, 2040951, 2015990, 1589091, 727077, 'Left']
[852208, 740830, 1622283, -336444, 2043258, 2278208, 2051762, 1750607, 121113, 1510, 2260110, 625835, 1994666, 2001913, 1498025, 682906, 'Left']
[852611, 742697, 1615140, -336872, 2034805, 2316258, 2091941, 1779355, 107117, -11959, 2363675, 654668, 2041319, 2016386, 1584509, 724058, 'Left']
[853794, 743039, 1620919, -334705, 2043520, 2273072, 2044963, 1745887, 121764, 2083, 2263949, 626073, 1995216, 2001884, 1504944, 687643, 'Left']
[850595, 740725, 1616831, -337927, 2034917, 2319892, 2097886, 1782482, 107002, -11762, 2358052, 654509, 2040722, 2016270, 1576148, 718512, 'Left']
[854774, 744257, 1619059, -333284, 2043076, 2270528, 2040507, 1743846, 121203, 1701, 2271037, 626912, 1997131, 2002231, 1514929, 693966, 'Left']
[848963, 738724, 1618515, -339189, 2035030, 2322475, 2102439, 1785514, 107311, -11371, 2349692, 653197, 2038374, 2015490, 1566574, 713525, 'Left']
[856163, 746184, 1617158, -332434, 2042317, 2268719, 2036527, 1741739, 120422, 766, 2280518, 628363, 2000923, 2003184, 1526239, 700549, 'Left']
[847213, 737172, 1620413, -340878, 2035332, 2322589, 2103715, 1785663, 108372, -10553, 2338138, 650683, 2033800, 2014323, 1553597, 705581, 'Left']
[856691, 747278, 1615288, -331924, 2041518, 2268882, 2035456, 1741279, 119112, -680, 2291976, 630519, 2003318, 2003937, 1538011, 706733, 'Left']
[845968, 735638, 1622265, -341391, 2036733, 2321220, 2103242, 1784832, 109567, -9457, 2324859, 647657, 2027077, 2012451, 1540326, 698353, 'Left']
[856896, 747761, 1613227, -331525, 2040252, 2272103, 2037557, 1743509, 117212, -2402, 2305098, 633153, 2008130, 2005580, 1550781, 713340, 'Left']
[845617, 735045, 1623067, -341603, 2037453, 2318490, 2100483, 1782524, 111134, -7791, 2311299, 643980, 2021088, 2011021, 1527898, 692667, 'Left']
[857378, 748285, 1612071, -331214, 2039416, 2275848, 2040269, 1745291, 115936, -3779, 2319057, 637055, 2014572, 2007388, 1562208, 719079, 'Left']
[845495, 734549, 1625032, -341331, 2039216, 2314546, 2095844, 1779268, 113031, -6223, 2298122, 640530, 2014756, 2008936, 1516005, 686902, 'Left']
[857481, 748414, 1611931, -331208, 2038743, 2282233, 2046798, 1750187, 114282, -5379, 2332680, 641218, 2020097, 2009543, 1573183, 724176, 'Left']
[845525, 734630, 1625825, -341133, 2039954, 2309366, 2089717, 1774959, 115085, -4281, 2285810, 637129, 2009393, 2007221, 1506833, 683206, 'Left']
[856740, 748084, 1611250, -331930, 2037187, 2289388, 2054701, 1755675, 111893, -7676, 2344876, 644837, 2027353, 2010856, 1583052, 729379, 'Left']
[846702, 736004, 1626053, -339997, 2041376, 2303097, 2082249, 1769512, 116934, -2201, 2274968, 633755, 2003702, 2005307, 1500008, 681194, 'Left']
[856556, 747915, 1611255, -332305, 2036725, 2294566, 2061236, 1758959, 110882, -8214, 2354027, 648563, 2031853, 2013239, 1588358, 730649, 'Left']
[847393, 736556, 1625178, -339613, 2041675, 2294742, 2072273, 1762408, 118304, -1111, 2266171, 630229, 1999576, 2004181, 1494453, 678454, 'Left']
[855230, 746474, 1612315, -333493, 2035832, 2300839, 2069537, 1763810, 109435, -9828, 2360739, 651052, 2036783, 2014715, 1590634, 729797, 'Left']
[848238, 737500, 1624602, -338725, 2042371, 2287153, 2063091, 1755908, 119857, 554, 2260985, 627873, 1997089, 2003160, 1492579, 677851, 'Left']
[852829, 744047, 1612675, -335617, 2034461, 2308350, 2079627, 1770675, 107286, -11721, 2364702, 652417, 2039354, 2015588, 1590450, 728541, 'Left']
[850321, 739830, 1623912, -336613, 2043536, 2281045, 2055561, 1751365, 120569, 1131, 2259580, 625737, 1994232, 2002183, 1495674, 681495, 'Left']
[851454, 742672, 1614453, -336772, 2034368, 2313372, 2087267, 1775329, 107383, -11658, 2364712, 654103, 2040464, 2016719, 1586653, 725081, 'Left']
[851001, 740922, 1621717, -336144, 2042674, 2275917, 2048311, 1747196, 120477, 769, 2261286, 624957, 1993210, 2001677, 1500780, 685134, 'Left']
[849821, 740990, 1616585, -338234, 2034168, 2318047, 2094151, 1779338, 106601, -12283, 2360799, 654074, 2039419, 2016398, 1580232, 721162, 'Left']
[852808, 743318, 1621234, -334460, 2043172, 2272136, 2042559, 1743692, 120643, 1043, 2266294, 625755, 1993924, 2002002, 1508885, 690592, 'Left']
