[611533, 716317, 1648990, -338657, 1881903, 2390787, 2031376, 2238950, 57989, -83969, 2276853, 611720, 2145651, 2056147, 1580567, 895337, 'Right']
[620899, 726698, 1636735, -329763, 1883823, 2333856, 1960288, 2194543, 70232, -73264, 2219413, 586731, 2110836, 2043654, 1556112, 892589, 'Right']
[610635, 715245, 1651282, -339310, 1883775, 2390432, 2031961, 2239438, 59178, -82837, 2262802, 608398, 2139099, 2053855, 1566974, 888132, 'Right']
[622293, 728272, 1634990, -328892, 1881990, 2336426, 1961452, 2196278, 69134, -74117, 2234519, 590630, 2119281, 2046415, 1570596, 900466, 'Right']
[610391, 714402, 1653265, -339532, 1886054, 2388659, 2030768, 2238692, 61081, -80844, 2248125, 604656, 2132627, 2051647, 1553601, 881914, 'Right']
[623177, 729253, 1633814, -328297, 1880605, 2340716, 1965093, 2198905, 67349, -75786, 2250061, 594488, 2125288, 2048353, 1584611, 908067, 'Right']
[609868, 713790, 1654563, -339396, 1887445, 2384777, 2026514, 2235727, 63167, -79007, 2232754, 600415, 2124060, 2048689, 1540413, 876126, 'Right']
[622619, 728937, 1632603, -328649, 1878444, 2347122, 1971520, 2203816, 64930, -78150, 2265323, 599109, 2132710, 2050697, 1597543, 914882, 'Right']
[610701, 714617, 1654916, -338285, 1888980, 2379151, 2019796, 2231586, 65291, -76817, 2218256, 596339, 2116583, 2046262, 1529396, 871762, 'Right']
[623021, 729770, 1633417, -327920, 1878072, 2352543, 1977426, 2207292, 63588, -78781, 2278950, 604401, 2140030, 2053806, 1607503, 918717, 'Right']
[610621, 714380, 1654461, -338206, 1889690, 2371173, 2010868, 2225904, 67203, -74937, 2205329, 592552, 2110667, 2044269, 1519738, 866765, 'Right']
[621785, 728281, 1634010, -329413, 1876563, 2359011, 1985253, 2212784, 61238, -81557, 2290220, 607712, 2146315, 2055321, 1614828, 920709, 'Right']
[611963, 715875, 1653687, -337121, 1890580, 2362983, 2001293, 2219300, 69239, -73516, 2195301, 588351, 2104857, 2041780, 1513657, 864270, 'Right']
[620623, 727383, 1635310, -330429, 1876466, 2365455, 1993510, 2217168, 59850, -82609, 2298479, 611244, 2150396, 2057003, 1618012, 920022, 'Right']
[613154, 717052, 1651799, -336101, 1890824, 2355426, 1992139, 2213428, 70698, -71854, 2188549, 585297, 2100714, 2040547, 1510979, 863608, 'Right']
[618591, 724795, 1636886, -332920, 1876064, 2373464, 2004000, 2224108, 58223, -84399, 2303213, 613318, 2154009, 2057964, 1619322, 919487, 'Right']
[614178, 718209, 1648800, -335697, 1889146, 2349357, 1984235, 2208917, 71283, -72262, 2185488, 582135, 2097556, 2038553, 1513166, 867000, 'Right']
[617237, 723321, 1638947, -334146, 1876344, 2379875, 2012554, 2228902, 57248, -85502, 2303830, 614669, 2154449, 2057811, 1616808, 917591, 'Right']
[615723, 720210, 1646434, -333964, 1888956, 2343728, 1976528, 2204010, 72055, -71502, 2186369, 581432, 2097443, 2038340, 1517991, 870740, 'Right']
[615983, 721792, 1642315, -334939, 1877740, 2385473, 2020662, 2233699, 57022, -85449, 2301029, 615556, 2155180, 2057905, 1611035, 913717, 'Right']
[617886, 722504, 1644263, -332150, 1888282, 2338909, 1969430, 2200196, 72692, -70735, 2191750, 581845, 2100211, 2039284, 1526323, 876036, 'Right']
[614149, 719741, 1645369, -336475, 1879301, 2388928, 2026316, 2237448, 57085, -85235, 2294169, 614829, 2153004, 2057612, 1601706, 907454, 'Right']
[619317, 724570, 1641189, -330761, 1886817, 2335167, 1963686, 2196768, 72386, -71323, 2200147, 583112, 2102256, 2040594, 1536888, 882126, 'Right']
[612822, 718081, 1647659, -337135, 1881025, 2390860, 2029908, 2239234, 57816, -84541, 2283837, 613453, 2147357, 2056994, 1589464, 900359, 'Right']
[620861, 726213, 1638448, -329579, 1884684, 2333499, 1959935, 2194712, 71996, -71591, 2211378, 585858, 2107095, 2042906, 1548876, 888431, 'Right']
[611421, 716046, 1650042, -338332, 1882882, 2391278, 2031806, 2240102, 58364, -83695, 2270672, 610635, 2142024, 2054768, 1575870, 892980, 'Right']
[621855, 727572, 1636844, -328562, 1883589, 2335048, 1960432, 2195630, 70508, -72987, 2225429, 588999, 2113809, 2044749, 1563427, 896777, 'Right']
[610281, 714724, 1652956, -339217, 1884787, 2389515, 2030968, 2238987, 60313, -82182, 2256215, 607156, 2135336, 2052567, 1562255, 886083, 'Right']
[622354, 728669, 1635194, -328391, 1881266, 2337622, 1961887, 2196943, 68635, -74745, 2240138, 592683, 2120005, 2047130, 1576980, 903641, 'Right']
[609864, 714179, 1654141, -339497, 1886897, 2386115, 2028000, 2236938, 62073, -80290, 2240478, 603316, 2127533, 2050532, 1548377, 879246, 'Right']
[622512, 728981, 1633941, -328663, 1879843, 2342822, 1967401, 2200854, 66313, -77188, 2255307, 596786, 2127119, 2049456, 1590826, 910577, 'Right']
[609836, 713817, 1655450, -339337, 1888429, 2381356, 2023418, 2233390, 64262, -78510, 2225454, 598689, 2120495, 2047964, 1536550, 874063, 'Right']
[622046, 728825, 1633596, -329037, 1878163, 2348553, 1973680, 2204649, 64288, -79148, 2269892, 600709, 2135278, 2052412, 1602579, 916286, 'Right']
[610277, 714276, 1655091, -338674, 1889763, 2374581, 2015742, 2227897, 66400, -76536, 2211186, 594057, 2113045, 2045429, 1525679, 869189, 'Right']
[621978, 728878, 1633669, -329218, 1877374, 2354348, 1980598, 2208497, 62548, -80807, 2282374, 605014, 2141521, 2054222, 1611058, 919098, 'Right']
[610767, 714887, 1653975, -338183, 1890104, 2367546, 2007714, 2222605, 68137, -74653, 2199469, 590050, 2107120, 2043381, 1517578, 865985, 'Right']
[620757, 727673, 1634150, -330587, 1876392, 2362364, 1990275, 2214858, 60489, -82243, 2292592, 608837, 2147079, 2056345, 1617367, 921598, 'Right']
[612244, 716299, 1652965, -336824, 1891104, 2360783, 1999342, 2217346, 69704, -73025, 2190926, 586905, 2101642, 2041714, 1513568, 865852, 'Right']
[619455, 726280, 1636165, -331561, 1875893, 2370345, 2000138, 2220949, 58950, -83781, 2299624, 612394, 2151438, 2058060, 1620663, 922709, 'Right']
[613605, 718029, 1651149, -335055, 1890762, 2353613, 1990220, 2211676, 71354, -71846, 2185447, 584354, 2098823, 2040112, 1512720, 867099, 'Right']
[618064, 724728, 1638597, -332193, 1877040, 2377251, 2009283, 2226369, 58179, -84491, 2302700, 614654, 2154223, 2059182, 1619748, 920849, 'Right']
[614430, 719011, 1648439, -334049, 1890260, 2347478, 1981827, 2206694, 72221, -71267, 2184349, 582508, 2097557, 2039924, 1515737, 869968, 'Right']
[616459, 722867, 1640908, -333627, 1877701, 2382692, 2017029, 2230830, 57548, -85348, 2301681, 615432, 2153834, 2058850, 1615318, 917321, 'Right']
[616738, 721514, 1646254, -332219, 1889993, 2341640, 1973843, 2201811, 73114, -70366, 2187085, 582243, 2096920, 2039883, 1521603, 873826, 'Right']
[614953, 720974, 1643612, -334916, 1879263, 2387090, 2023599, 2234830, 57601, -85176, 2297409, 615999, 2152690, 2058941, 1607691, 912228, 'Right']
[617911, 723216, 1642773, -331651, 1887501, 2337422, 1967413, 2198195, 72988, -70748, 2193693, 582540, 2100128, 2040259, 1530678, 879366, 'Right']
[613467, 719341, 1645921, -336598, 1880345, 2390456, 2028957, 2237709, 57476, -84893, 2288914, 614674, 2150864, 2057412, 1597230, 906102, 'Right']
[619920, 725701, 1639734, -330311, 1886484, 2335014, 1962973, 2195265, 72504, -71037, 2203249, 584584, 2104572, 2041787, 1542309, 886103, 'Right']
[611853, 717275, 1648151, -338124, 1882424, 2391602, 2032051, 2238852, 58678, -83657, 2277101, 612588, 2145325, 2056244, 1584176, 898065, 'Right']
[620909, 726987, 1637132, -329565, 1884562, 2334653, 1961292, 2194516, 71110, -72400, 2215891, 586897, 2109594, 2043477, 1555737, 893416, 'Right']
[610830, 715870, 1651108, -338850, 1884174, 2391221, 2033069, 2239145, 59741, -82655, 2263552, 609539, 2139611, 2054223, 1570634, 890804, 'Right']
[621983, 728414, 1635929, -328300, 1883590, 2336169, 1962208, 2195403, 69898, -73537, 2230501, 590506, 2116740, 2045864, 1569657, 900390, 'Right']
[609608, 714475, 1653339, -339383, 1886214, 2389075, 2031786, 2238366, 61236, -81382, 2248816, 605646, 2133247, 2051748, 1557132, 883940, 'Right']
[622080, 728974, 1634507, -328251, 1881007, 2339184, 1964555, 2197173, 67765, -75967, 2245506, 594313, 2124530, 2047774, 1583764, 907606, 'Right']
[608671, 713361, 1654335, -340059, 1887675, 2384675, 2027713, 2235132, 62758, -79790, 2233050, 601216, 2125233, 2048975, 1543451, 877171, 'Right']
[621702, 728880, 1633050, -328776, 1879797, 2344643, 1970627, 2201132, 65341, -78220, 2260603, 598184, 2131226, 2049789, 1596597, 913847, 'Right']
[608691, 713237, 1654783, -339678, 1889508, 2379328, 2022468, 2231430, 64892, -77612, 2218247, 596783, 2117824, 2046466, 1531676, 872213, 'Right']
[621315, 728573, 1632562, -329574, 1878220, 2350992, 1977896, 2205689, 63203, -79696, 2274528, 602422, 2137384, 2052650, 1607105, 918792, 'Right']
[609361, 713781, 1654203, -339457, 1889857, 2372642, 2014924, 2225939, 66413, -76359, 2204955, 591789, 2108877, 2043659, 1522148, 868540, 'Right']
[620873, 727997, 1633920, -330074, 1877294, 2358430, 1986759, 2211008, 61715, -81501, 2286492, 606481, 2142988, 2054836, 1614668, 921742, 'Right']
[610567, 714792, 1653389, -338233, 1890725, 2364998, 2005677, 2219648, 68636, -74459, 2194620, 588135, 2103569, 2041947, 1515495, 866712, 'Right']
[619537, 726723, 1634922, -331457, 1876428, 2365486, 1995085, 2215912, 59886, -83348, 2295428, 610107, 2148055, 2056447, 1618922, 923005, 'Right']
[611623, 716177, 1652062, -337171, 1890981, 2357648, 1996331, 2213654, 70239, -73014, 2187384, 585211, 2099093, 2040313, 1511839, 866208, 'Right']
[617744, 724931, 1636768, -332813, 1876240, 2373655, 2005225, 2222846, 58165, -84644, 2300921, 613106, 2150924, 2057784, 1620137, 922457, 'Right']
[613291, 718271, 1649985, -335311, 1890910, 2351905, 1988523, 2209597, 71245, -71941, 2184504, 583290, 2096121, 2039434, 1513733, 869548, 'Right']
[617032, 724078, 1639787, -333259, 1877483, 2380328, 2014134, 2227709, 57526, -85112, 2302660, 615257, 2153281, 2058733, 1618160, 920895, 'Right']
[615006, 720439, 1647813, -333542, 1890301, 2345156, 1979395, 2203706, 72592, -70634, 2184458, 582458, 2095872, 2039335, 1516890, 871868, 'Right']
[615094, 722061, 1642326, -334707, 1878555, 2385832, 2022031, 2232687, 57071, -85100, 2299935, 616318, 2152952, 2058515, 1611531, 915774, 'Right']
[616770, 722359, 1645349, -332087, 1889326, 2340553, 1972723, 2200028, 72787, -70455, 2189176, 582658, 2097846, 2039730, 1524564, 877133, 'Right']
[613748, 719953, 1645252, -336005, 1879695, 2389439, 2027734, 2235934, 57056, -84907, 2293621, 615878, 2151954, 2058297, 1602294, 910140, 'Right']
[618135, 723837, 1642346, -331348, 1887609, 2336963, 1967356, 2196900, 72567, -70814, 2196902, 583502, 2100363, 2040864, 1534097, 882427, 'Right']
[612240, 718222, 1648029, -337539, 1881076, 2392223, 2032744, 2238814, 57600, -84713, 2283930, 613998, 2147030, 2056749, 1590777, 903521, 'Right']
[620076, 726463, 1639418, -330155, 1885463, 2335013, 1963515, 2194734, 72054, -71763, 2208001, 585488, 2104964, 2041897, 1546505, 889849, 'Right']
[610738, 716810, 1650020, -338595, 1882513, 2392138, 2034229, 2239345, 58827, -83350, 2271069, 611667, 2141319, 2055086, 1576683, 895430, 'Right']
[620720, 727714, 1637232, -329156, 1883546, 2335959, 1963498, 2195392, 70565, -72850, 2221664, 588880, 2111734, 2044216, 1560280, 897219, 'Right']
[609716, 715349, 1652004, -339065, 1884644, 2391131, 2034917, 2239268, 60162, -82025, 2257234, 608241, 2136386, 2053025, 1564101, 889457, 'Right']
[621665, 728699, 1635142, -327964, 1881908, 2337885, 1965006, 2196494, 69199, -74422, 2236542, 592436, 2119402, 2046333, 1574641, 904770, 'Right']
[609017, 714090, 1653472, -339232, 1886416, 2388123, 2032661, 2238076, 61832, -80563, 2241461, 604004, 2128571, 2050584, 1549913, 882206, 'Right']
[621874, 729114, 1633365, -328308, 1880027, 2342030, 1969178, 2199765, 67021, -76118, 2251790, 596608, 2125697, 2048999, 1588230, 911791, 'Right']
[609154, 714026, 1654024, -339421, 1887997, 2382374, 2026936, 2233761, 63625, -78648, 2225819, 599401, 2120062, 2047490, 1536748, 876421, 'Right']
[621875, 729341, 1633209, -328508, 1878818, 2347435, 1974725, 2203734, 65262, -77881, 2266100, 600681, 2132650, 2051415, 1599108, 916481, 'Right']
[609576, 713982, 1654673, -339017, 1889534, 2376322, 2019713, 2229500, 66129, -76558, 2211893, 595129, 2113612, 2045401, 1525889, 871668, 'Right']
[621451, 728640, 1633123, -329355, 1877763, 2354481, 1982488, 2209042, 62718, -80329, 2279220, 604727, 2139377, 2053495, 1608950, 920777, 'Right']
[610402, 714867, 1654263, -337945, 1890039, 2369975, 2012512, 2225175, 67822, -74726, 2199787, 590975, 2107282, 2043226, 1517828, 868732, 'Right']
[620715, 728054, 1634234, -329779, 1876481, 2362608, 1992637, 2215787, 60759, -82032, 2290335, 609011, 2145619, 2055884, 1616231, 924238, 'Right']
[611520, 716394, 1653400, -336600, 1890158, 2362477, 2003597, 2219437, 69597, -73002, 2190729, 587816, 2101451, 2041241, 1512974, 868034, 'Right']
[619331, 727115, 1636604, -330616, 1875863, 2369414, 2001523, 2221152, 59158, -83074, 2297814, 612759, 2149631, 2057378, 1619079, 924240, 'Right']
[612732, 717852, 1652166, -335492, 1889995, 2356225, 1995776, 2215033, 70411, -72081, 2185316, 585468, 2099045, 2040247, 1512427, 869587, 'Right']
[618316, 725501, 1638854, -332208, 1875874, 2376502, 2010572, 2226549, 58181, -83991, 2301370, 615102, 2153886, 2058615, 1619441, 923546, 'Right']
[614869, 719581, 1650255, -334294, 1889198, 2348065, 1984941, 2207501, 72463, -70739, 2182749, 583263, 2097764, 2039829, 1513485, 870645, 'Right']
[616623, 723141, 1641779, -333871, 1876505, 2382377, 2018588, 2230984, 57227, -85270, 2301046, 615827, 2155613, 2058504, 1614758, 919040, 'Right']
[616505, 721542, 1647448, -332634, 1888316, 2342483, 1977095, 2202803, 72826, -70531, 2185121, 582386, 2098052, 2039014, 1519315, 874456, 'Right']
[614834, 721156, 1644277, -335149, 1877364, 2388097, 2026736, 2235970, 57003, -85331, 2297094, 616296, 2154092, 2058750, 1608039, 914707, 'Right']
[618187, 723670, 1644925, -330915, 1887649, 2338975, 1971463, 2199542, 73208, -70444, 2191443, 583185, 2099734, 2040266, 1528945, 881008, 'Right']
[613282, 719564, 1647202, -336032, 1879294, 2391161, 2031504, 2238449, 57791, -84406, 2289039, 615617, 2150882, 2058396, 1597624, 908220, 'Right']
[619515, 725483, 1641727, -329704, 1885863, 2335622, 1966073, 2196183, 72584, -70822, 2200467, 584284, 2102923, 2041794, 1539438, 886601, 'Right']
[611151, 717049, 1649582, -337668, 1880440, 2392610, 2035191, 2240160, 57976, -84057, 2277811, 612771, 2145797, 2056672, 1584998, 900627, 'Right']
[620101, 726542, 1639138, -329099, 1884042, 2334935, 1964276, 2195430, 71045, -72141, 2212633, 586193, 2108406, 2043299, 1552677, 893770, 'Right']
[610110, 715329, 1652051, -338743, 1882747, 2391060, 2035093, 2239537, 59003, -82939, 2263839, 609426, 2140411, 2054242, 1571122, 892777, 'Right']
[620999, 727394, 1636964, -328929, 1882108, 2336572, 1964885, 2196372, 69393, -73798, 2226825, 589165, 2115868, 2044927, 1566531, 900756, 'Right']
[609327, 714096, 1654056, -339374, 1884325, 2389935, 2035000, 2239590, 60435, -81612, 2249633, 605326, 2134464, 2051789, 1558106, 886661, 'Right']
[621579, 728125, 1635164, -328260, 1880887, 2339311, 1967622, 2198141, 67868, -75419, 2242105, 592491, 2123199, 2047440, 1580671, 908224, 'Right']
[609011, 713290, 1654894, -339343, 1886880, 2385410, 2031346, 2236366, 62496, -79828, 2233749, 600799, 2126314, 2049363, 1544148, 879551, 'Right']
[622058, 728909, 1633853, -328150, 1878901, 2345330, 1973693, 2202724, 65606, -77664, 2257782, 597188, 2130016, 2050432, 1594530, 915349, 'Right']
[609592, 713519, 1655657, -338710, 1888434, 2381033, 2026312, 2233228, 64716, -77841, 2219619, 597086, 2118250, 2047224, 1533157, 875523, 'Right']
[621957, 728685, 1633931, -328303, 1877797, 2351172, 1979848, 2206412, 64296, -79168, 2271951, 602152, 2136505, 2052695, 1604856, 919816, 'Right']
[609624, 713814, 1655330, -338386, 1889416, 2374551, 2018809, 2228256, 66661, -76287, 2206157, 593031, 2111426, 2044834, 1523063, 871262, 'Right']
[621571, 728525, 1634589, -328726, 1877215, 2358213, 1988285, 2211774, 62226, -81219, 2284223, 606404, 2143879, 2055067, 1613435, 923416, 'Right']
[610887, 715133, 1654818, -337118, 1890063, 2366904, 2009836, 2222183, 68898, -74062, 2195428, 589504, 2106285, 2042695, 1515864, 868509, 'Right']
[620217, 727543, 1635774, -330114, 1875624, 2365390, 1996801, 2217338, 60459, -82452, 2293546, 610225, 2150293, 2056657, 1617875, 924139, 'Right']
[612143, 716920, 1653521, -335890, 1890592, 2360590, 2001401, 2217729, 70373, -72595, 2188054, 586415, 2103245, 2040942, 1512760, 868737, 'Right']
[618634, 726113, 1637513, -331271, 1876023, 2373224, 2006325, 2223609, 59142, -83447, 2299741, 613380, 2154622, 2058028, 1620265, 924541, 'Right']
[613569, 718404, 1651199, -334656, 1890038, 2352834, 1991085, 2211300, 71938, -71142, 2183391, 583831, 2099788, 2039856, 1512323, 869535, 'Right']
[617008, 723757, 1639353, -333083, 1875787, 2380092, 2014799, 2229185, 57875, -84526, 2301513, 614886, 2155813, 2058843, 1617981, 921875, 'Right']
[615104, 719741, 1648394, -333528, 1889447, 2347008, 1982701, 2206841, 72358, -71152, 2182979, 581847, 2097015, 2038879, 1516279, 872945, 'Right']
[615592, 722023, 1642215, -333872, 1877654, 2385938, 2022634, 2234299, 57292, -85008, 2299267, 615852, 2153340, 2058940, 1612757, 917882, 'Right']
[616627, 721932, 1645501, -331463, 1888434, 2342089, 1975303, 2202659, 72506, -70500, 2186530, 582340, 2097064, 2039615, 1523451, 877672, 'Right']
[613798, 720075, 1644874, -335116, 1878228, 2390386, 2029038, 2238145, 56893, -84762, 2293210, 616112, 2151590, 2058678, 1604064, 912025, 'Right']
[618055, 723701, 1643041, -330363, 1887117, 2338788, 1970307, 2199670, 72073, -70963, 2194128, 583321, 2100298, 2040829, 1533739, 883927, 'Right']
[612372, 718323, 1648249, -336147, 1880598, 2393042, 2034494, 2240680, 57415, -84755, 2284286, 614594, 2149358, 2057504, 1593782, 906199, 'Right']
[619541, 725589, 1640810, -329117, 1884993, 2336619, 1966484, 2197720, 71897, -71627, 2204761, 585228, 2105899, 2042254, 1545685, 890414, 'Right']
[611070, 716715, 1650331, -337374, 1882062, 2393518, 2036795, 2241921, 58041, -84076, 2272252, 611490, 2144563, 2055841, 1581149, 899547, 'Right']
[621207, 727700, 1638312, -328107, 1884044, 2335787, 1964691, 2196220, 71246, -72355, 2217557, 587670, 2111646, 2044008, 1558654, 897001, 'Right']
[610145, 715113, 1652974, -338514, 1883541, 2392195, 2036902, 2241215, 59743, -82455, 2258041, 608551, 2137824, 2053710, 1566836, 891315, 'Right']
[621884, 728286, 1636134, -327654, 1881565, 2338328, 1966628, 2197959, 68790, -74809, 2232563, 591032, 2118079, 2046084, 1573512, 905091, 'Right']
[609541, 714355, 1654585, -338418, 1885803, 2388669, 2034088, 2238715, 61854, -80591, 2242264, 604329, 2130596, 2051269, 1552705, 883912, 'Right']
[621570, 728485, 1634562, -328004, 1879388, 2342160, 1970480, 2200371, 66943, -76434, 2247811, 595137, 2125960, 2048818, 1586937, 911356, 'Right']
[609209, 713968, 1656007, -338330, 1887584, 2384590, 2030573, 2235889, 63300, -78974, 2227174, 599889, 2123057, 2048270, 1540291, 878479, 'Right']
[621533, 728917, 1634517, -327935, 1878109, 2348073, 1976747, 2204415, 65274, -77847, 2263125, 600029, 2132646, 2051268, 1599774, 917664, 'Right']
[609205, 713961, 1656031, -338386, 1889007, 2379006, 2024198, 2231662, 65417, -77229, 2212981, 595737, 2114937, 2045953, 1529655, 874063, 'Right']
[621009, 728541, 1634122, -328701, 1876789, 2354403, 1983693, 2208970, 63236, -80099, 2276065, 604008, 2139738, 2053417, 1609445, 921725, 'Right']
[609918, 714424, 1655659, -337929, 1889783, 2371731, 2015739, 2225998, 67563, -75542, 2200008, 591301, 2109345, 2043376, 1520457, 870275, 'Right']
[620694, 728040, 1635373, -329307, 1876661, 2361019, 1991571, 2213565, 61599, -81445, 2287238, 608359, 2146647, 2055426, 1616252, 924168, 'Right']
[610956, 715365, 1654406, -336754, 1890444, 2364140, 2006277, 2220110, 69251, -73662, 2190209, 587878, 2104236, 2041642, 1514257, 868309, 'Right']
[619813, 726794, 1636654, -330097, 1876230, 2368370, 2000371, 2219391, 59780, -83000, 2294975, 611513, 2151268, 2057414, 1619661, 924564, 'Right']
[612265, 716575, 1652364, -335520, 1890479, 2356634, 1996540, 2213819, 70868, -72360, 2183825, 584864, 2100215, 2040726, 1511994, 868272, 'Right']
[617793, 724656, 1638672, -331524, 1876396, 2375899, 2009864, 2225231, 58114, -84489, 2299453, 613784, 2153970, 2058666, 1619996, 923435, 'Right']
[613600, 718224, 1650359, -334336, 1889678, 2349660, 1987205, 2208094, 71849, -71540, 2181266, 582717, 2098163, 2039538, 1513693, 870666, 'Right']
[616225, 723156, 1641571, -332906, 1877419, 2382020, 2018330, 2230085, 57332, -85345, 2299747, 615479, 2155466, 2059063, 1616373, 920274, 'Right']
[615172, 720375, 1648197, -332643, 1889806, 2343908, 1979524, 2203616, 72723, -70905, 2182829, 582261, 2098355, 2039943, 1518660, 874561, 'Right']
[614414, 721005, 1644500, -334312, 1878609, 2387542, 2026200, 2235204, 56957, -85465, 2296428, 616143, 2155687, 2059467, 1610015, 916145, 'Right']
[616677, 722207, 1645229, -331322, 1888256, 2339350, 1972803, 2199812, 72762, -71076, 2188096, 582248, 2100085, 2040272, 1527265, 880047, 'Right']
[612202, 718504, 1646428, -336208, 1879591, 2390783, 2031792, 2238031, 56789, -86017, 2288722, 614766, 2152825, 2058045, 1600058, 909947, 'Right']
[618323, 724461, 1642184, -329994, 1886842, 2336098, 1967649, 2196741, 72059, -71723, 2196830, 583156, 2103908, 2041056, 1538324, 886487, 'Right']
[611321, 717501, 1649469, -336897, 1881644, 2392212, 2034896, 2239695, 57641, -84793, 2277917, 612852, 2147802, 2056948, 1587966, 902844, 'Right']
[619824, 726483, 1639736, -328554, 1885289, 2334177, 1963683, 2194502, 71797, -71834, 2208241, 585917, 2107994, 2043150, 1550202, 892171, 'Right']
[609639, 715676, 1651656, -337990, 1883081, 2392198, 2036070, 2240478, 58886, -83262, 2264733, 610461, 2141767, 2055484, 1573719, 894503, 'Right']
[620217, 727443, 1636715, -328629, 1882813, 2336427, 1965218, 2196693, 69461, -74195, 2222927, 588897, 2114333, 2045291, 1565043, 901081, 'Right']
[609324, 715004, 1653323, -338431, 1885154, 2389537, 2034710, 2239051, 60581, -81934, 2250009, 606405, 2134485, 2052931, 1559761, 887722, 'Right']
[620691, 728187, 1635361, -328193, 1880923, 2338254, 1966291, 2197406, 68316, -75343, 2237579, 592734, 2121211, 2047916, 1577370, 906283, 'Right']
[608519, 713886, 1654963, -338939, 1886709, 2386210, 2031503, 2236941, 62118, -80585, 2234548, 602283, 2127329, 2050475, 1545623, 880749, 'Right']
[621120, 728928, 1634390, -327857, 1880163, 2343005, 1970695, 2200798, 66639, -77057, 2252979, 597362, 2129535, 2050693, 1590424, 912812, 'Right']
[608077, 713106, 1655237, -339293, 1888427, 2381256, 2026187, 2233885, 64273, -78741, 2219584, 598080, 2120262, 2047805, 1533185, 874860, 'Right']
[620734, 728557, 1633488, -328779, 1878025, 2350088, 1978098, 2206557, 63953, -79881, 2267691, 601174, 2136758, 2052451, 1602562, 919065, 'Right']
[608771, 713858, 1655038, -338371, 1890555, 2375129, 2019469, 2229676, 66309, -77114, 2205934, 593666, 2113409, 2045012, 1523878, 871958, 'Right']
[620130, 728152, 1634005, -328867, 1877804, 2356089, 1985395, 2210942, 62618, -81099, 2279635, 605920, 2143573, 2054733, 1610956, 921979, 'Right']
[609174, 714308, 1654198, -337671, 1890780, 2368159, 2010729, 2224362, 68123, -75439, 2194287, 590076, 2108349, 2042983, 1516112, 868433, 'Right']
[618330, 726455, 1634258, -330439, 1876070, 2364402, 1994984, 2217425, 59956, -83408, 2289896, 609691, 2149386, 2056287, 1617416, 924642, 'Right']
[610637, 715969, 1652919, -336103, 1891396, 2360870, 2001522, 2218383, 69446, -73872, 2185770, 586327, 2102151, 2040656, 1512045, 868224, 'Right']
[618145, 726296, 1637081, -330323, 1877493, 2371725, 2003805, 2222704, 59141, -83744, 2296264, 613095, 2152922, 2058551, 1619367, 924180, 'Right']
[611738, 717513, 1651101, -334999, 1891017, 2353616, 1991478, 2212275, 71260, -71880, 2181054, 584397, 2099092, 2040805, 1511272, 868671, 'Right']
[615908, 723991, 1639064, -332507, 1876832, 2378579, 2012125, 2227933, 57535, -84971, 2298567, 614792, 2154701, 2058994, 1617270, 921298, 'Right']
[613258, 719063, 1648600, -333895, 1890526, 2348078, 1983574, 2207650, 71908, -71281, 2180269, 582561, 2097156, 2039835, 1514082, 871593, 'Right']
[614534, 721922, 1641604, -334292, 1878159, 2385524, 2021679, 2234191, 56441, -85935, 2297859, 615840, 2153662, 2059086, 1613340, 919168, 'Right']
[615515, 721691, 1646385, -332174, 1889878, 2342331, 1975589, 2203091, 72388, -71058, 2183448, 581861, 2096821, 2039634, 1520994, 876609, 'Right']
[612816, 720319, 1644695, -335601, 1879502, 2389085, 2027164, 2237238, 57119, -85215, 2292238, 615834, 2152433, 2059072, 1604082, 912205, 'Right']
[616429, 723270, 1643000, -331396, 1887834, 2338603, 1969802, 2199990, 72155, -71404, 2190395, 582480, 2099776, 2040277, 1530247, 881874, 'Right']
[611217, 718220, 1646784, -337029, 1880692, 2392656, 2032910, 2240366, 56962, -85560, 2283463, 614356, 2149290, 2057382, 1594259, 907096, 'Right']
[618388, 725226, 1640757, -329885, 1887097, 2335986, 1965468, 2196531, 71942, -71896, 2200484, 584322, 2104295, 2041515, 1542286, 888786, 'Right']
[609662, 716019, 1649661, -338135, 1882519, 2392984, 2035313, 2240798, 58004, -84658, 2271480, 611706, 2145477, 2055682, 1581084, 899073, 'Right']
[619259, 726293, 1637824, -329041, 1884719, 2335885, 1964242, 2196203, 70470, -73309, 2213427, 587008, 2110687, 2043344, 1555642, 895989, 'Right']
[608849, 714956, 1651806, -338432, 1884696, 2391265, 2035046, 2239638, 59466, -83196, 2257461, 608739, 2138744, 2053523, 1566859, 891322, 'Right']
[620055, 727649, 1636104, -328482, 1882529, 2336705, 1964365, 2195813, 69159, -74765, 2227878, 590837, 2117695, 2045804, 1568932, 902315, 'Right']
[608068, 713950, 1654203, -338983, 1886325, 2389293, 2033860, 2238514, 60949, -81937, 2242649, 605176, 2132217, 2051435, 1553230, 884467, 'Right']
[620680, 728324, 1635101, -328221, 1880992, 2341614, 1968610, 2199361, 67648, -76251, 2243702, 595150, 2125744, 2048423, 1583752, 910140, 'Right']
[607673, 712921, 1654845, -339678, 1888341, 2384534, 2029088, 2235080, 63071, -80143, 2226869, 600577, 2124416, 2048345, 1540473, 878447, 'Right']
[620453, 728565, 1633916, -328414, 1879624, 2346363, 1973541, 2202523, 64986, -79106, 2257889, 598868, 2132405, 2050310, 1596087, 915708, 'Right']
[608060, 713758, 1655614, -338556, 1889947, 2379587, 2023691, 2231691, 65098, -77706, 2212554, 596703, 2117356, 2046755, 1529237, 873505, 'Right']
[619917, 728498, 1633641, -328818, 1878182, 2353439, 1981248, 2207986, 63226, -80293, 2272257, 604106, 2139630, 2053918, 1607185, 921029, 'Right']
[608047, 713871, 1654767, -338431, 1890491, 2372886, 2015486, 2226678, 66629, -76764, 2199399, 592341, 2109794, 2043969, 1520352, 870272, 'Right']
[619132, 727967, 1634888, -329169, 1877510, 2360852, 1989547, 2213508, 61247, -82210, 2283291, 607995, 2145057, 2055587, 1614643, 923803, 'Right']
[609153, 714815, 1654491, -337180, 1890861, 2365840, 2006706, 2221242, 68953, -74690, 2189278, 588909, 2104547, 2042443, 1514416, 868360, 'Right']
[618300, 726624, 1636284, -330331, 1877490, 2369467, 1999902, 2220476, 59350, -84110, 2292117, 611296, 2150330, 2057204, 1619725, 925701, 'Right']
[611172, 716670, 1652670, -335317, 1892474, 2358112, 1996701, 2214985, 71004, -72536, 2182307, 585833, 2100336, 2040791, 1512087, 868763, 'Right']
[616864, 724694, 1637548, -332036, 1877313, 2374779, 2006465, 2224190, 58370, -85029, 2296390, 613414, 2153365, 2058519, 1619139, 923123, 'Right']
[612480, 717874, 1650040, -334940, 1891864, 2351344, 1987365, 2209512, 71624, -72169, 2178977, 582593, 2097880, 2039718, 1512184, 869466, 'Right']
[615544, 722845, 1639758, -333437, 1878659, 2382461, 2016236, 2230709, 56913, -86133, 2297650, 614728, 2154744, 2058697, 1616725, 920865, 'Right']
[614531, 719966, 1647493, -333075, 1891050, 2345377, 1978975, 2204941, 72646, -71285, 2179930, 581738, 2097149, 2039029, 1517058, 873402, 'Right']
[614160, 721145, 1642669, -334680, 1878692, 2387415, 2023434, 2235242, 56646, -86154, 2294879, 615416, 2153557, 2058383, 1610244, 916218, 'Right']
[615952, 721874, 1644857, -332017, 1889101, 2341157, 1973063, 2202010, 72219, -71603, 2185139, 581649, 2097731, 2039724, 1525374, 879039, 'Right']
[612532, 719749, 1645749, -335849, 1879841, 2391561, 2030389, 2239319, 56445, -86281, 2288317, 614886, 2150871, 2057960, 1601639, 911056, 'Right']
[617495, 724481, 1642668, -330562, 1886967, 2337521, 1968074, 2198879, 72151, -71671, 2193759, 583236, 2101512, 2040713, 1536101, 885223, 'Right']
[611269, 718234, 1649975, -336694, 1881257, 2392746, 2034196, 2240750, 57421, -85224, 2278569, 613558, 2147440, 2056808, 1589983, 903967, 'Right']
[619072, 726002, 1640875, -329248, 1885095, 2335483, 1965197, 2196662, 71254, -72722, 2205731, 585527, 2107185, 2042408, 1548994, 891934, 'Right']
[609869, 716123, 1652507, -338166, 1882910, 2392585, 2036522, 2240927, 58991, -84198, 2266036, 610884, 2143143, 2054874, 1576845, 895893, 'Right']
[619729, 727100, 1637735, -329000, 1882623, 2336095, 1965213, 2196145, 70009, -74529, 2219629, 588329, 2112973, 2043907, 1563412, 899265, 'Right']
[609008, 715134, 1653829, -338626, 1884468, 2390789, 2035997, 2239730, 59998, -82842, 2251309, 607245, 2135359, 2052321, 1563562, 889043, 'Right']
[620262, 728040, 1636075, -328495, 1880789, 2338402, 1967025, 2197276, 68432, -75696, 2234268, 592330, 2119805, 2046867, 1577888, 906225, 'Right']
[608069, 714000, 1655450, -339200, 1885954, 2386729, 2032813, 2237100, 61752, -81415, 2235256, 602613, 2127387, 2049901, 1549833, 881696, 'Right']
[620431, 728534, 1634967, -328335, 1879137, 2343448, 1972551, 2201698, 66384, -77483, 2249519, 596578, 2127022, 2049861, 1591409, 912732, 'Right']
[608532, 714205, 1656314, -338214, 1887915, 2381999, 2028323, 2234500, 63830, -78926, 2220411, 598838, 2121298, 2048231, 1538056, 876639, 'Right']
[620685, 729007, 1635261, -328070, 1878107, 2349140, 1978481, 2206224, 64746, -78933, 2263989, 601399, 2135725, 2052531, 1603268, 917880, 'Right']
[608265, 713771, 1656275, -338460, 1888955, 2376743, 2022355, 2231214, 65546, -77314, 2206671, 594703, 2114685, 2045448, 1528547, 872973, 'Right']
[620550, 728850, 1635269, -328428, 1877120, 2355947, 1986449, 2211383, 62146, -81033, 2276601, 605270, 2142165, 2054238, 1613531, 922972, 'Right']
[609963, 715031, 1656370, -337030, 1890396, 2368663, 2012955, 2224643, 68130, -74864, 2194229, 590612, 2108321, 2043491, 1519968, 869331, 'Right']
[619677, 727420, 1636413, -329685, 1876944, 2361953, 1993814, 2215776, 61105, -82259, 2286681, 609156, 2148880, 2056862, 1618819, 923735, 'Right']
[610358, 715274, 1654439, -336950, 1890481, 2360688, 2003332, 2218539, 69098, -74149, 2184970, 586255, 2103274, 2041784, 1514925, 867524, 'Right']
[618223, 725569, 1637502, -331132, 1876212, 2369524, 2003236, 2221815, 58549, -84317, 2293180, 611315, 2152424, 2057675, 1621492, 923509, 'Right']
[611998, 716585, 1652368, -335594, 1890604, 2353967, 1994522, 2213800, 70686, -72834, 2179705, 583279, 2100351, 2040043, 1514113, 868542, 'Right']
[616839, 724036, 1639931, -332156, 1877053, 2376841, 2012803, 2227995, 57368, -85573, 2296932, 613287, 2155033, 2058725, 1621330, 922999, 'Right']
[613258, 718485, 1650497, -333652, 1890565, 2346562, 1984971, 2207470, 72015, -71554, 2177962, 581870, 2098171, 2039524, 1515998, 870537, 'Right']
[614642, 722050, 1642574, -333408, 1877622, 2382515, 2020461, 2232423, 56393, -86197, 2295780, 615088, 2156544, 2058932, 1616165, 918398, 'Right']
[614647, 720711, 1647806, -332332, 1889045, 2341450, 1977443, 2203351, 72282, -71371, 2180451, 581711, 2098815, 2039449, 1521768, 874723, 'Right']
[612733, 720011, 1645024, -335315, 1877879, 2387576, 2027764, 2237476, 56613, -86366, 2291378, 615334, 2153952, 2058616, 1608587, 913849, 'Right']
[615930, 722487, 1644530, -331380, 1887414, 2337562, 1971336, 2200465, 72134, -71964, 2187004, 581696, 2100068, 2040306, 1531251, 881318, 'Right']
[610854, 717988, 1647790, -336821, 1879700, 2391126, 2033331, 2240993, 56655, -86253, 2282744, 613476, 2150643, 2057661, 1598099, 907719, 'Right']
[617720, 724607, 1641463, -330440, 1885840, 2335970, 1967569, 2199162, 71689, -72441, 2196788, 583260, 2103732, 2041276, 1543115, 888478, 'Right']
[609795, 716193, 1649955, -338539, 1881999, 2393016, 2037174, 2243193, 57829, -85126, 2271630, 611742, 2145696, 2055801, 1586083, 901536, 'Right']
[619114, 726247, 1639044, -329755, 1884657, 2335875, 1966617, 2198716, 70562, -73888, 2209545, 585820, 2109617, 2042515, 1557090, 896822, 'Right']
[609386, 715601, 1652240, -338660, 1883932, 2391475, 2037022, 2242335, 59593, -83705, 2257835, 608677, 2139589, 2053828, 1571858, 893974, 'Right']
[620216, 727837, 1636982, -328454, 1883033, 2336858, 1966433, 2199050, 69819, -74461, 2223880, 590132, 2116096, 2045774, 1569546, 902694, 'Right']
[608261, 714325, 1653702, -339190, 1884802, 2389345, 2035905, 2241534, 60563, -82422, 2243428, 605428, 2132825, 2051802, 1558261, 887320, 'Right']
[620807, 728908, 1635577, -327731, 1880371, 2339401, 1968695, 2200536, 68007, -76110, 2239077, 593854, 2123532, 2047711, 1583051, 909449, 'Right']
[608010, 713938, 1655650, -338964, 1886695, 2384424, 2031514, 2238049, 62696, -80490, 2227778, 601242, 2125526, 2049032, 1544143, 879965, 'Right']
[620986, 729404, 1634616, -327685, 1879086, 2344223, 1974276, 2204223, 65806, -78240, 2254455, 598501, 2131578, 2050400, 1595973, 915383, 'Right']
[608224, 713923, 1655939, -338528, 1888458, 2377784, 2024955, 2233571, 65097, -78310, 2212622, 597062, 2119321, 2046885, 1532064, 874228, 'Right']
[619996, 728417, 1634214, -328812, 1877365, 2349708, 1980507, 2208290, 63628, -80614, 2267690, 602658, 2138249, 2052429, 1605955, 919200, 'Right']
[608428, 714007, 1655765, -338243, 1889510, 2371725, 2017982, 2229248, 66730, -76979, 2199521, 592532, 2110955, 2043819, 1522781, 870383, 'Right']
[619347, 727751, 1634640, -329652, 1876661, 2357283, 1989546, 2214003, 61900, -81838, 2279885, 606702, 2144689, 2054664, 1614590, 922838, 'Right']
[609871, 715286, 1654122, -337404, 1890246, 2364014, 2008778, 2222589, 68778, -74737, 2188657, 588437, 2106321, 2042035, 1516117, 868189, 'Right']
[618798, 726792, 1635383, -330653, 1876084, 2363952, 1997570, 2218474, 60341, -83330, 2288453, 610093, 2149942, 2056862, 1618633, 923319, 'Right']
[610793, 716045, 1652704, -336404, 1890122, 2357459, 1999809, 2217249, 70202, -73539, 2180996, 585271, 2101154, 2040883, 1512291, 866893, 'Right']
[617473, 725518, 1637890, -331460, 1876381, 2372153, 2007127, 2224691, 58746, -84571, 2294324, 613357, 2153975, 2058458, 1620628, 923399, 'Right']
[612111, 717867, 1651081, -335012, 1890098, 2350551, 1990581, 2211377, 71668, -72243, 2177418, 583302, 2098797, 2039813, 1512838, 868515, 'Right']
[615902, 723938, 1640711, -332669, 1876647, 2379880, 2017158, 2231283, 57138, -85857, 2296106, 615105, 2155770, 2059070, 1618672, 921313, 'Right']
[614260, 720371, 1649217, -333109, 1889800, 2344687, 1982508, 2206993, 72693, -71182, 2178007, 582527, 2098985, 2039654, 1517873, 873012, 'Right']
[614460, 722160, 1643154, -334254, 1878113, 2384503, 2024117, 2235030, 57120, -86064, 2293467, 615792, 2156233, 2058771, 1612476, 916437, 'Right']
[615687, 722179, 1645798, -331795, 1888710, 2340344, 1975897, 2203329, 72842, -71164, 2182242, 582306, 2099638, 2039957, 1525095, 877447, 'Right']
[612468, 719702, 1645076, -335707, 1879118, 2389179, 2030537, 2239262, 56895, -86028, 2287218, 615278, 2153011, 2058349, 1604333, 911454, 'Right']
[617189, 723823, 1642606, -330514, 1887557, 2336511, 1969678, 2199752, 72390, -71905, 2189211, 582661, 2101893, 2040660, 1535192, 883444, 'Right']
[610889, 717646, 1647763, -336999, 1880823, 2391328, 2034836, 2241367, 57056, -85879, 2276900, 613073, 2148863, 2057037, 1592365, 904145, 'Right']
[618602, 725346, 1640356, -329208, 1885690, 2335227, 1966591, 2198329, 71433, -72577, 2200333, 584574, 2107253, 2042464, 1547373, 890158, 'Right']
[609230, 715731, 1650767, -337653, 1882428, 2391927, 2036546, 2242181, 58003, -84678, 2264618, 610761, 2144494, 2055821, 1579290, 897075, 'Right']
[618907, 726596, 1637821, -328409, 1883624, 2335760, 1965517, 2198142, 69880, -74123, 2213550, 587526, 2113313, 2044541, 1560482, 897608, 'Right']
[608837, 715205, 1653332, -337433, 1885386, 2390721, 2035893, 2241476, 60143, -82892, 2250641, 607665, 2137831, 2053610, 1565119, 890051, 'Right']
[619826, 727888, 1636351, -327458, 1882075, 2337381, 1965934, 2198733, 68872, -75223, 2228307, 591373, 2120377, 2046971, 1573688, 903955, 'Right']
[607323, 713418, 1654787, -338822, 1886296, 2388136, 2034093, 2240503, 61271, -81641, 2235053, 603517, 2131522, 2050875, 1550774, 882566, 'Right']
[620286, 728646, 1634692, -327746, 1880165, 2341704, 1970233, 2202111, 66492, -77682, 2243858, 595216, 2128105, 2048557, 1588085, 911811, 'Right']
[607412, 713456, 1656105, -338742, 1888326, 2382950, 2029024, 2236911, 63775, -79321, 2219703, 599304, 2123578, 2048070, 1537571, 876149, 'Right']
[620315, 729071, 1634853, -327753, 1878772, 2347419, 1976435, 2206225, 64850, -79155, 2258944, 599969, 2135674, 2051400, 1599839, 917036, 'Right']
