[1451745, 1690043, 1385756, -486602, 2245990, 2613003, 2497093, 2266207, 645620, 1319331, 2145860, 2377520, 2563844, 2772223, 1069071, 1054986, 'Stay']
[1458651, 1703240, 1373885, -473185, 2239838, 2608653, 2481379, 2260754, 636723, 1310521, 2323691, 2390374, 2613443, 2786701, 1186817, 1116787, 'Stay']
[1452861, 1690772, 1386487, -485938, 2246737, 2606089, 2489798, 2261134, 647159, 1320528, 2138472, 2373772, 2557841, 2770239, 1064890, 1055025, 'Stay']
[1457318, 1701207, 1373999, -474685, 2238680, 2615693, 2488008, 2265788, 635101, 1308408, 2327690, 2392630, 2618872, 2787711, 1188969, 1117004, 'Stay']
[1454501, 1692598, 1386989, -483259, 2248038, 2598708, 2482185, 2255416, 648888, 1321916, 2136639, 2370948, 2553815, 2768499, 1064022, 1056250, 'Stay']
[1456038, 1699816, 1374298, -475173, 2238282, 2622187, 2495027, 2270565, 634217, 1307886, 2325264, 2395626, 2622577, 2788914, 1187045, 1114594, 'Stay']
[1455798, 1694910, 1385849, -480439, 2248304, 2592599, 2475267, 2250600, 649708, 1323124, 2141701, 2369115, 2551826, 2768486, 1068014, 1059553, 'Stay']
[1454293, 1697999, 1374008, -477066, 2237117, 2627991, 2501367, 2274998, 633461, 1307641, 2317151, 2397293, 2623242, 2789153, 1181394, 1110732, 'Stay']
[1457898, 1698202, 1384944, -477526, 2248246, 2587339, 2468875, 2246594, 650016, 1323661, 2153545, 2368562, 2551387, 2768588, 1075912, 1065450, 'Stay']
[1453417, 1696578, 1375552, -478789, 2237441, 2631452, 2506394, 2277633, 634253, 1308803, 2302749, 2399587, 2621106, 2789089, 1171065, 1104458, 'Stay']
[1458487, 1699612, 1383558, -476435, 2247397, 2583158, 2463905, 2243191, 649492, 1323160, 2169474, 2368353, 2553747, 2769268, 1086076, 1071138, 'Stay']
[1451927, 1694156, 1376237, -481635, 2237212, 2634977, 2511431, 2280802, 633501, 1308127, 2284720, 2398049, 2617096, 2787691, 1158959, 1098461, 'Stay']
[1459880, 1701493, 1381241, -474816, 2246652, 2581156, 2460119, 2241484, 648606, 1322338, 2190559, 2368678, 2558769, 2770462, 1100178, 1079481, 'Stay']
[1450995, 1692019, 1377578, -483718, 2237918, 2636299, 2513690, 2282063, 634786, 1309287, 2262371, 2396495, 2611407, 2785988, 1144179, 1090986, 'Stay']
[1460837, 1703051, 1380297, -472703, 2246270, 2581503, 2459005, 2241666, 647636, 1320999, 2214941, 2370781, 2566156, 2772634, 1116535, 1088668, 'Stay']
[1450392, 1690555, 1379381, -484854, 2239134, 2635701, 2514553, 2282199, 636415, 1310484, 2238632, 2393921, 2604182, 2783716, 1128855, 1083976, 'Stay']
[1461117, 1704319, 1379186, -470992, 2245665, 2582756, 2459026, 2242033, 646271, 1319398, 2239415, 2372867, 2574697, 2775348, 1132664, 1096792, 'Stay']
[1449291, 1689036, 1381660, -486038, 2240545, 2632771, 2513686, 2279947, 638334, 1312042, 2212977, 2390362, 2596108, 2781229, 1112023, 1075564, 'Stay']
[1460352, 1704537, 1377648, -470473, 2243817, 2586192, 2461097, 2244279, 643744, 1316673, 2263728, 2376053, 2584341, 2777382, 1148806, 1104676, 'Stay']
[1449329, 1688631, 1383510, -486285, 2242119, 2628976, 2510843, 2277516, 639960, 1313587, 2190218, 2387392, 2587154, 2778467, 1097751, 1069701, 'Stay']
[1460536, 1705225, 1376556, -469764, 2242696, 2591256, 2465317, 2247779, 642053, 1315112, 2285930, 2380602, 2593624, 2780685, 1163268, 1111211, 'Stay']
[1450142, 1689117, 1384614, -485975, 2243513, 2623346, 2506415, 2273551, 642606, 1316166, 2169863, 2384064, 2578048, 2776403, 1084817, 1064576, 'Stay']
[1460216, 1705355, 1374742, -469896, 2241126, 2596894, 2469587, 2251507, 640153, 1313569, 2304173, 2384376, 2602279, 2783373, 1174812, 1116106, 'Stay']
[1451272, 1690041, 1385114, -485447, 2244655, 2615892, 2498976, 2267437, 644984, 1318558, 2152295, 2379740, 2568963, 2773676, 1073179, 1059495, 'Stay']
[1459026, 1704256, 1373786, -470747, 2239861, 2603861, 2475997, 2256439, 638278, 1311788, 2317278, 2388154, 2610307, 2786105, 1182544, 1118285, 'Stay']
[1451932, 1690621, 1385511, -484680, 2245995, 2609443, 2493135, 2262745, 646519, 1319939, 2141591, 2376432, 2561834, 2772002, 1066465, 1057884, 'Stay']
[1457490, 1702541, 1373118, -472424, 2238688, 2611266, 2483155, 2261539, 636535, 1309958, 2325246, 2392475, 2616896, 2787954, 1187308, 1119454, 'Stay']
[1452867, 1691664, 1385521, -483626, 2246686, 2602381, 2485893, 2257115, 647767, 1320927, 2136332, 2372848, 2556363, 2769656, 1063436, 1057890, 'Stay']
[1456191, 1700945, 1372880, -473857, 2238096, 2618859, 2491131, 2267365, 634542, 1307935, 2327455, 2394736, 2621154, 2788385, 1188735, 1119338, 'Stay']
[1454656, 1694403, 1385688, -481045, 2248055, 2595370, 2478442, 2251838, 649552, 1322686, 2137750, 2370838, 2552674, 2768743, 1064944, 1060174, 'Stay']
[1454431, 1698986, 1373445, -476071, 2237354, 2624796, 2498060, 2271677, 634096, 1307758, 2321677, 2397245, 2623483, 2789476, 1184279, 1115132, 'Stay']
[1455807, 1696153, 1384758, -479352, 2247920, 2590120, 2472046, 2247573, 649734, 1322825, 2145714, 2368976, 2551795, 2768351, 1070701, 1064437, 'Stay']
[1453056, 1697107, 1373984, -477981, 2237287, 2630043, 2503752, 2275196, 633678, 1307454, 2310855, 2398233, 2623176, 2789344, 1176919, 1110274, 'Stay']
[1457059, 1698193, 1383475, -477389, 2248163, 2585606, 2466119, 2243906, 649957, 1322832, 2159563, 2368060, 2553234, 2768990, 1079910, 1070105, 'Stay']
[1451892, 1695083, 1375254, -480222, 2237513, 2633390, 2508044, 2277795, 634038, 1307657, 2294986, 2398761, 2620807, 2788932, 1166113, 1104242, 'Stay']
[1458574, 1700204, 1382116, -475504, 2247739, 2581984, 2461338, 2240572, 650006, 1322576, 2177492, 2368573, 2557223, 2770432, 1091626, 1076228, 'Stay']
[1451247, 1693267, 1375679, -482331, 2237677, 2636088, 2512569, 2280500, 634562, 1308114, 2275040, 2397676, 2616567, 2788037, 1152810, 1097096, 'Stay']
[1459921, 1702287, 1380021, -473789, 2246620, 2580822, 2458919, 2239665, 649266, 1321858, 2200714, 2370193, 2563187, 2772520, 1106901, 1084908, 'Stay']
[1449953, 1691142, 1376545, -484550, 2238076, 2636382, 2513922, 2280767, 635772, 1309301, 2251974, 2395683, 2609057, 2785960, 1137053, 1089417, 'Stay']
[1460233, 1703332, 1377257, -472502, 2245734, 2581570, 2457857, 2239733, 647468, 1319884, 2225176, 2372180, 2570005, 2774347, 1122616, 1093334, 'Stay']
[1448567, 1688890, 1377066, -486706, 2239214, 2635520, 2514421, 2280430, 637103, 1310276, 2227511, 2392939, 2600919, 2783302, 1121036, 1081981, 'Stay']
[1460016, 1703856, 1374747, -471920, 2244593, 2584559, 2459247, 2241829, 645016, 1317330, 2250717, 2374487, 2578528, 2776209, 1139699, 1102424, 'Stay']
[1448473, 1687868, 1378494, -487823, 2240966, 2631911, 2512195, 2278107, 639138, 1312177, 2202607, 2389343, 2591955, 2780397, 1104865, 1074291, 'Stay']
[1459811, 1704092, 1373240, -471675, 2243316, 2588640, 2462034, 2244667, 642683, 1314996, 2273825, 2377482, 2588067, 2778877, 1154699, 1109194, 'Stay']
[1448848, 1687728, 1379866, -488094, 2242546, 2626763, 2508188, 2274308, 641063, 1313873, 2179739, 2384951, 2582420, 2777302, 1090035, 1067512, 'Stay']
[1459083, 1703651, 1371478, -471759, 2241668, 2594167, 2466346, 2248389, 640949, 1313085, 2293860, 2381226, 2597115, 2781486, 1167295, 1113919, 'Stay']
[1449209, 1687889, 1380703, -487702, 2243972, 2621047, 2503297, 2270270, 642727, 1315371, 2161628, 2380941, 2574021, 2774703, 1078770, 1063416, 'Stay']
[1458341, 1703413, 1370522, -471960, 2240296, 2600808, 2472283, 2252991, 638753, 1311404, 2310523, 2385447, 2606250, 2784273, 1177837, 1118236, 'Stay']
[1450387, 1689058, 1381418, -486740, 2245045, 2614285, 2496480, 2265086, 644898, 1317807, 2147424, 2377604, 2566311, 2772802, 1069608, 1060351, 'Stay']
[1458142, 1703119, 1370046, -472613, 2239314, 2607564, 2478325, 2257470, 637335, 1310235, 2321825, 2389648, 2613705, 2786901, 1184627, 1120520, 'Stay']
[1451922, 1690357, 1382040, -485720, 2246040, 2606418, 2488866, 2258987, 647013, 1319793, 2138412, 2374015, 2559446, 2771009, 1063828, 1058541, 'Stay']
[1456208, 1700940, 1369791, -474702, 2237675, 2614696, 2485665, 2262906, 635211, 1308008, 2326867, 2392393, 2619119, 2788161, 1187488, 1120329, 'Stay']
[1453304, 1692122, 1382534, -484143, 2246879, 2599261, 2481570, 2253772, 648378, 1320830, 2136272, 2370866, 2554747, 2769274, 1062927, 1059634, 'Stay']
[1455007, 1699191, 1369935, -476445, 2237384, 2621378, 2492880, 2268173, 634135, 1306982, 2325742, 2394980, 2622888, 2789464, 1186458, 1118491, 'Stay']
[1454334, 1693475, 1381767, -482739, 2247646, 2592936, 2474655, 2248776, 649270, 1321495, 2140494, 2368757, 2552517, 2769197, 1066243, 1062823, 'Stay']
[1453151, 1696613, 1370002, -479186, 2236636, 2627219, 2499677, 2272196, 632904, 1305691, 2318121, 2396020, 2623618, 2789551, 1181167, 1114601, 'Stay']
[1455713, 1695383, 1380818, -481006, 2247318, 2588189, 2468508, 2245020, 649589, 1321684, 2151038, 2367065, 2552048, 2768742, 1073380, 1067467, 'Stay']
[1451515, 1694285, 1370320, -481724, 2236048, 2632559, 2505277, 2276476, 632607, 1305280, 2305895, 2397199, 2622651, 2788926, 1172769, 1109969, 'Stay']
[1457428, 1698216, 1379262, -478410, 2247358, 2584184, 2463079, 2242212, 649415, 1321278, 2167439, 2367298, 2554484, 2769069, 1084384, 1074430, 'Stay']
[1451220, 1693407, 1371514, -483003, 2237029, 2635266, 2509840, 2279003, 633844, 1306628, 2287109, 2398059, 2619022, 2788600, 1159987, 1102536, 'Stay']
[1458845, 1700270, 1377264, -476669, 2246681, 2581788, 2459209, 2240131, 649004, 1320743, 2187780, 2368492, 2559525, 2770957, 1097704, 1081725, 'Stay']
[1450214, 1691265, 1372637, -485288, 2237517, 2637110, 2512690, 2280990, 634608, 1307195, 2265663, 2396726, 2613740, 2786755, 1145611, 1095328, 'Stay']
[1459703, 1701655, 1376021, -475019, 2246272, 2581810, 2457930, 2240091, 648127, 1319640, 2211839, 2370307, 2566432, 2773039, 1113739, 1090758, 'Stay']
[1449035, 1688950, 1373910, -487367, 2238508, 2637015, 2514290, 2281457, 635911, 1308131, 2242239, 2394095, 2606348, 2784618, 1130370, 1088296, 'Stay']
[1460105, 1702892, 1374028, -473515, 2245151, 2583399, 2458119, 2241274, 646124, 1317423, 2237239, 2372261, 2574233, 2775208, 1130339, 1099673, 'Stay']
[1449115, 1688660, 1375520, -487584, 2240229, 2633829, 2512735, 2279202, 638024, 1310401, 2217083, 2391300, 2597847, 2782768, 1113805, 1080378, 'Stay']
[1459618, 1703461, 1371923, -473211, 2243237, 2586236, 2459625, 2242958, 644137, 1315837, 2260736, 2375940, 2583635, 2778851, 1145558, 1106491, 'Stay']
[1448401, 1687672, 1376672, -489063, 2241145, 2629854, 2510133, 2276498, 639468, 1311786, 2192993, 2387189, 2588445, 2780089, 1098339, 1073426, 'Stay']
[1459238, 1703724, 1370305, -472927, 2242303, 2590825, 2463433, 2246150, 641694, 1313555, 2283155, 2379672, 2592365, 2781142, 1160147, 1113408, 'Stay']
[1448181, 1686845, 1377376, -490026, 2242359, 2624678, 2506037, 2272864, 641268, 1313546, 2171772, 2383514, 2578947, 2776892, 1084494, 1067877, 'Stay']
[1458691, 1702951, 1368705, -473719, 2240759, 2596415, 2468032, 2249775, 639483, 1311265, 2301862, 2382755, 2601180, 2783388, 1172002, 1118769, 'Stay']
[1449125, 1686854, 1377879, -490349, 2243629, 2618201, 2500285, 2268316, 643235, 1315119, 2154532, 2378850, 2570531, 2774153, 1073633, 1064053, 'Stay']
[1458132, 1702051, 1366967, -475333, 2239339, 2603073, 2474543, 2254718, 637442, 1309018, 2316671, 2386154, 2609647, 2785449, 1181437, 1122862, 'Stay']
[1450833, 1688171, 1378827, -489808, 2245020, 2610905, 2493589, 2262866, 645546, 1317032, 2142718, 2375181, 2563120, 2771793, 1066260, 1062107, 'Stay']
[1457032, 1701053, 1367188, -476532, 2238390, 2610545, 2481745, 2260181, 635543, 1307114, 2325551, 2390117, 2615998, 2787025, 1186917, 1124725, 'Stay']
[1452444, 1690579, 1379797, -487283, 2246655, 2603115, 2486007, 2256809, 647102, 1318997, 2136612, 2371952, 2557061, 2770091, 1062469, 1061852, 'Stay']
[1455570, 1700189, 1367846, -477253, 2237750, 2617421, 2489563, 2265392, 634087, 1306606, 2327627, 2393814, 2621122, 2789534, 1187472, 1123287, 'Stay']
[1453050, 1692641, 1380515, -485316, 2246934, 2596303, 2479180, 2251987, 647759, 1320090, 2137935, 2369967, 2553311, 2769882, 1063926, 1064120, 'Stay']
[1453606, 1698657, 1369214, -479064, 2236364, 2623628, 2496369, 2270736, 632508, 1305564, 2323952, 2396196, 2623250, 2790140, 1184766, 1120433, 'Stay']
[1454989, 1695878, 1381560, -483041, 2247305, 2589501, 2471877, 2247213, 648420, 1321334, 2144707, 2368738, 2551547, 2769583, 1068892, 1067833, 'Stay']
[1452217, 1696814, 1370487, -482073, 2235637, 2628575, 2502600, 2274839, 632086, 1305639, 2313581, 2398245, 2623358, 2790751, 1177585, 1115376, 'Stay']
[1456424, 1697606, 1380473, -482105, 2246469, 2584785, 2466182, 2243919, 648333, 1320879, 2158186, 2367756, 2552618, 2769939, 1078024, 1073984, 'Stay']
[1451526, 1695107, 1371678, -484417, 2235758, 2632615, 2508156, 2278198, 632189, 1305394, 2298698, 2398400, 2621227, 2789832, 1167740, 1110174, 'Stay']
[1458107, 1700096, 1379626, -479920, 2246363, 2581639, 2462165, 2241223, 648800, 1320925, 2176099, 2368527, 2556425, 2770945, 1090178, 1080838, 'Stay']
[1450327, 1692909, 1372938, -486661, 2236046, 2635052, 2511944, 2279779, 633084, 1306064, 2278572, 2397595, 2616949, 2788927, 1154442, 1102878, 'Stay']
[1458849, 1701397, 1377993, -478249, 2245315, 2580172, 2458627, 2239117, 647636, 1319525, 2197541, 2369096, 2561760, 2772211, 1104356, 1088378, 'Stay']
[1449345, 1691174, 1375575, -487920, 2237498, 2634938, 2513089, 2279695, 634692, 1307253, 2254379, 2395808, 2610007, 2786546, 1138060, 1093796, 'Stay']
[1459209, 1702638, 1376974, -476772, 2244697, 2581120, 2458143, 2240388, 646229, 1317655, 2221749, 2371229, 2569148, 2774988, 1120233, 1096162, 'Stay']
[1448643, 1689468, 1376843, -489542, 2238437, 2634158, 2514018, 2280110, 635978, 1308192, 2230813, 2392884, 2602211, 2784884, 1123006, 1086699, 'Stay']
[1459531, 1703767, 1375049, -475406, 2243616, 2582454, 2458571, 2241070, 644721, 1315991, 2246210, 2374124, 2577614, 2777603, 1136152, 1103734, 'Stay']
[1448144, 1688432, 1378474, -490551, 2239763, 2631325, 2513052, 2278655, 637847, 1310096, 2206155, 2390460, 2593628, 2782263, 1106938, 1079147, 'Stay']
[1459050, 1704031, 1373022, -475038, 2241901, 2586589, 2461721, 2244419, 642682, 1314312, 2270292, 2378110, 2586912, 2780278, 1152131, 1111660, 'Stay']
[1447832, 1687404, 1379110, -491529, 2240516, 2626480, 2509600, 2275756, 639354, 1311533, 2183431, 2385882, 2583870, 2779191, 1092619, 1073449, 'Stay']
[1458827, 1703962, 1371204, -474689, 2240287, 2591529, 2465709, 2248154, 640284, 1311760, 2291569, 2381265, 2595695, 2782310, 1165881, 1118396, 'Stay']
[1448691, 1687724, 1380295, -490609, 2242272, 2620232, 2503998, 2271589, 641940, 1313986, 2163448, 2382294, 2574569, 2776430, 1079531, 1068026, 'Stay']
[1458339, 1703665, 1370355, -474307, 2239156, 2597808, 2471117, 2252879, 638243, 1310121, 2308548, 2385416, 2604594, 2785444, 1176640, 1122572, 'Stay']
[1449666, 1688604, 1381487, -489566, 2243560, 2613682, 2497773, 2266976, 643697, 1315874, 2149054, 2378266, 2566675, 2774918, 1070648, 1065182, 'Stay']
[1457257, 1702582, 1370359, -475191, 2238026, 2604851, 2477715, 2257858, 636737, 1308422, 2320728, 2389103, 2612228, 2787750, 1183824, 1124677, 'Stay']
[1451327, 1690461, 1383277, -487561, 2245217, 2606206, 2490269, 2260961, 646017, 1317553, 2140144, 2374622, 2560171, 2772317, 1064988, 1063880, 'Stay']
[1455862, 1701447, 1371197, -475881, 2237483, 2612591, 2485360, 2263275, 635392, 1307075, 2326977, 2392644, 2618519, 2789586, 1187340, 1124913, 'Stay']
[1452219, 1691864, 1383526, -485837, 2246313, 2600495, 2484416, 2256785, 647351, 1318681, 2137867, 2371595, 2555600, 2771460, 1064199, 1065258, 'Stay']
[1454532, 1699608, 1370948, -477745, 2236768, 2619428, 2492785, 2268348, 634129, 1305776, 2327732, 2395174, 2622434, 2790967, 1187840, 1124436, 'Stay']
[1453952, 1693847, 1382943, -484132, 2247020, 2592628, 2476036, 2250571, 648857, 1319774, 2140444, 2368848, 2552441, 2770735, 1066013, 1067180, 'Stay']
[1453164, 1697409, 1370984, -480334, 2235966, 2625307, 2499196, 2272887, 633452, 1304892, 2320395, 2396938, 2623710, 2791800, 1182501, 1120092, 'Stay']
[1455262, 1695661, 1381920, -482604, 2247323, 2586555, 2469094, 2245712, 649539, 1320176, 2149932, 2367418, 2551987, 2770609, 1072624, 1071952, 'Stay']
[1451533, 1694966, 1371379, -482768, 2236327, 2629170, 2504286, 2275761, 633236, 1304534, 2307173, 2397506, 2622876, 2791228, 1172930, 1114148, 'Stay']
[1456188, 1697083, 1379645, -480836, 2246915, 2582357, 2464080, 2242663, 649294, 1319791, 2164569, 2366933, 2554303, 2771077, 1082100, 1077596, 'Stay']
[1449685, 1692526, 1371500, -484619, 2236355, 2632654, 2509458, 2278982, 633055, 1304546, 2289750, 2397505, 2619677, 2790219, 1161571, 1108111, 'Stay']
[1456671, 1699028, 1377878, -478323, 2246399, 2579666, 2460052, 2240386, 648241, 1318968, 2184252, 2368033, 2558375, 2771893, 1095458, 1085212, 'Stay']
[1447962, 1690702, 1372887, -486161, 2237016, 2634032, 2512207, 2280252, 633453, 1305322, 2268058, 2396229, 2614209, 2788343, 1147372, 1100539, 'Stay']
[1457280, 1700760, 1376737, -476517, 2245856, 2578126, 2457803, 2238805, 647071, 1317921, 2206552, 2368884, 2564877, 2774036, 1110270, 1092543, 'Stay']
[1446911, 1688680, 1375035, -488206, 2237752, 2633795, 2514039, 2280515, 634771, 1306451, 2243388, 2393982, 2607105, 2786518, 1131186, 1091846, 'Stay']
[1458331, 1702721, 1375634, -474525, 2244612, 2580103, 2458111, 2240349, 645396, 1316095, 2232570, 2371599, 2573342, 2776408, 1127855, 1102128, 'Stay']
[1447367, 1688438, 1377014, -488717, 2239105, 2632062, 2513988, 2280041, 636850, 1308542, 2219894, 2391398, 2599415, 2784757, 1116193, 1085475, 'Stay']
[1458610, 1703581, 1373745, -474012, 2242882, 2582959, 2459836, 2242618, 644101, 1314867, 2257115, 2375220, 2582197, 2779292, 1143593, 1109792, 'Stay']
[1447712, 1687860, 1378004, -489768, 2240048, 2627956, 2510775, 2277055, 638937, 1310309, 2195992, 2387784, 2589587, 2781699, 1100377, 1078411, 'Stay']
[1458048, 1703270, 1371625, -474179, 2241058, 2587993, 2463135, 2246029, 641908, 1312494, 2280072, 2378191, 2591276, 2781889, 1158146, 1116136, 'Stay']
[1447659, 1687310, 1379256, -490275, 2241342, 2623392, 2507027, 2273992, 640689, 1311729, 2174991, 2383332, 2580284, 2778476, 1087070, 1073043, 'Stay']
[1457964, 1703476, 1370536, -474110, 2239739, 2593857, 2468179, 2249981, 639941, 1310558, 2299916, 2382255, 2599932, 2784308, 1170995, 1121753, 'Stay']
[1448544, 1687923, 1380371, -489947, 2242729, 2616803, 2501408, 2269014, 643159, 1314073, 2157196, 2379496, 2570966, 2775991, 1075752, 1068279, 'Stay']
[1457263, 1703121, 1369891, -474405, 2238630, 2599673, 2473685, 2254305, 637918, 1308504, 2315093, 2386237, 2608144, 2786919, 1180605, 1125288, 'Stay']
[1449362, 1688903, 1381505, -488687, 2244067, 2608569, 2493933, 2263363, 645201, 1315993, 2143447, 2376026, 2563706, 2773885, 1066769, 1064631, 'Stay']
[1455426, 1701534, 1369501, -475565, 2237530, 2606236, 2480780, 2259383, 635762, 1306509, 2323865, 2390377, 2615379, 2788772, 1185852, 1126148, 'Stay']
[1450283, 1689956, 1382275, -487299, 2245212, 2601522, 2487878, 2258553, 646582, 1316962, 2137104, 2372808, 2557667, 2771534, 1063268, 1064605, 'Stay']
[1453918, 1699950, 1369846, -476836, 2236519, 2614175, 2489046, 2265554, 633949, 1304798, 2328475, 2393183, 2620505, 2789874, 1188825, 1127187, 'Stay']
[1451788, 1692212, 1382370, -485037, 2245976, 2594346, 2479909, 2252724, 647884, 1318571, 2137406, 2369973, 2553332, 2770312, 1063951, 1066988, 'Stay']
[1452528, 1698176, 1370086, -478407, 2235710, 2620296, 2495496, 2269876, 633106, 1304306, 2324510, 2395817, 2622938, 2791012, 1185283, 1123663, 'Stay']
[1453545, 1694456, 1381759, -482717, 2246391, 2588649, 2473494, 2248345, 648763, 1319468, 2143467, 2368881, 2551797, 2770226, 1068200, 1070685, 'Stay']
[1452035, 1696748, 1370552, -480097, 2235613, 2625796, 2501697, 2273910, 632865, 1304297, 2315490, 2398145, 2623523, 2791277, 1179188, 1119974, 'Stay']
[1454668, 1695852, 1380077, -481339, 2245868, 2584065, 2467138, 2244672, 649022, 1319491, 2155580, 2368061, 2552298, 2770468, 1076456, 1076002, 'Stay']
[1449794, 1693667, 1370836, -482983, 2235330, 2631291, 2507570, 2278577, 632211, 1303387, 2300932, 2397957, 2621411, 2790441, 1169520, 1114719, 'Stay']
[1456322, 1698493, 1379239, -478533, 2246553, 2581395, 2462780, 2242751, 648476, 1318825, 2174025, 2367950, 2555564, 2771243, 1089298, 1084690, 'Stay']
[1448959, 1691883, 1372779, -484687, 2236395, 2633738, 2511920, 2280742, 633356, 1304331, 2281341, 2397867, 2617416, 2789276, 1156621, 1108207, 'Stay']
[1457520, 1700373, 1378031, -476518, 2245864, 2578841, 2459308, 2240397, 648016, 1317908, 2194631, 2368478, 2561007, 2772224, 1102776, 1091836, 'Stay']
[1447976, 1690070, 1374525, -486278, 2237162, 2634252, 2513769, 2281027, 634562, 1305416, 2257932, 2396106, 2611171, 2787232, 1140762, 1099844, 'Stay']
[1457968, 1701685, 1376818, -474810, 2245108, 2579298, 2457844, 2240011, 646805, 1316639, 2218529, 2371000, 2568069, 2774654, 1118330, 1099882, 'Stay']
[1447128, 1688256, 1376008, -487913, 2238242, 2633547, 2513972, 2280732, 635974, 1306559, 2233521, 2393708, 2603315, 2785162, 1124875, 1092148, 'Stay']
[1458628, 1703199, 1374948, -473221, 2244446, 2581671, 2459198, 2241755, 645013, 1314687, 2244101, 2373888, 2576781, 2777594, 1135507, 1109024, 'Stay']
[1447230, 1687742, 1377325, -488676, 2239807, 2630511, 2512969, 2278809, 638286, 1308806, 2209194, 2391002, 2594876, 2783169, 1109261, 1085161, 'Stay']
[1458371, 1703409, 1372529, -473120, 2242399, 2585147, 2461504, 2244398, 643074, 1313060, 2267960, 2377187, 2585934, 2780345, 1150778, 1116075, 'Stay']
[1447446, 1687520, 1378543, -489152, 2240905, 2625442, 2509259, 2275519, 640053, 1310876, 2186241, 2386690, 2585677, 2780509, 1094167, 1078642, 'Stay']
[1458331, 1703757, 1371292, -472725, 2240811, 2589461, 2464562, 2246886, 641097, 1311117, 2289182, 2380882, 2595405, 2783361, 1163890, 1121592, 'Stay']
[1448250, 1687686, 1379897, -488916, 2242353, 2619767, 2504498, 2271323, 642436, 1312921, 2166000, 2383055, 2576551, 2778164, 1080904, 1072779, 'Stay']
[1457240, 1702975, 1369752, -473533, 2239484, 2596432, 2471353, 2252374, 639062, 1309022, 2307549, 2384795, 2604331, 2786417, 1175833, 1126748, 'Stay']
[1448606, 1687786, 1380390, -488814, 2243679, 2613843, 2499388, 2267735, 644056, 1314113, 2151385, 2378100, 2568281, 2775608, 1072206, 1070375, 'Stay']
[1456508, 1702367, 1369414, -474055, 2238867, 2603331, 2477708, 2257602, 636855, 1306910, 2320845, 2387470, 2611994, 2788414, 1184629, 1130538, 'Stay']
[1449539, 1688815, 1381433, -487832, 2245224, 2606227, 2491890, 2262004, 645956, 1315987, 2140734, 2373714, 2561211, 2773544, 1065583, 1068551, 'Stay']
[1454788, 1700385, 1369108, -475678, 2237221, 2609943, 2484079, 2262155, 635117, 1305213, 2326497, 2391450, 2618090, 2789878, 1187784, 1130459, 'Stay']
[1450885, 1690396, 1382383, -485988, 2245958, 2598845, 2484281, 2256129, 647254, 1317005, 2136011, 2371415, 2556139, 2771319, 1062896, 1068658, 'Stay']
[1453640, 1698970, 1369873, -477206, 2236708, 2617356, 2491721, 2267786, 634099, 1304047, 2326980, 2394818, 2622696, 2791008, 1187768, 1129277, 'Stay']
[1452055, 1692250, 1381272, -484664, 2246136, 2593123, 2477633, 2251998, 648348, 1317930, 2139554, 2369273, 2553574, 2770480, 1065965, 1072321, 'Stay']
[1452258, 1697221, 1369470, -479399, 2235979, 2623792, 2498455, 2272532, 632997, 1303148, 2322125, 2396603, 2624400, 2791188, 1184366, 1127146, 'Stay']
[1454226, 1695092, 1380588, -481964, 2246958, 2586135, 2469374, 2246120, 649544, 1319011, 2147685, 2367647, 2552708, 2770137, 1071317, 1076058, 'Stay']
[1450577, 1694726, 1370001, -481621, 2235619, 2628514, 2504056, 2276018, 632830, 1303185, 2308844, 2397283, 2623864, 2791274, 1174680, 1120261, 'Stay']
[1455666, 1697104, 1379909, -479620, 2246897, 2581675, 2463870, 2242581, 649376, 1318766, 2162155, 2366452, 2554270, 2770820, 1081057, 1081945, 'Stay']
[1449566, 1692889, 1372000, -483272, 2236052, 2631641, 2508496, 2278757, 633073, 1303503, 2291524, 2396999, 2620736, 2790362, 1162739, 1113210, 'Stay']
[1457053, 1699451, 1379408, -477275, 2246711, 2579052, 2459876, 2240083, 648809, 1318427, 2181471, 2367573, 2558807, 2772196, 1093582, 1088824, 'Stay']
[1448502, 1690835, 1374034, -485407, 2237002, 2633310, 2511591, 2279770, 634166, 1304613, 2270554, 2396958, 2616174, 2789167, 1148435, 1105490, 'Stay']
[1457246, 1700250, 1377415, -476161, 2245566, 2578711, 2458185, 2239652, 647297, 1316817, 2204563, 2368755, 2565495, 2774232, 1108714, 1096923, 'Stay']
[1446974, 1688672, 1374762, -487688, 2237731, 2634443, 2514236, 2281157, 634409, 1305055, 2247403, 2394173, 2609334, 2787332, 1133708, 1098507, 'Stay']
[1458054, 1702121, 1376043, -474739, 2245406, 2580252, 2457748, 2240399, 645637, 1315408, 2229477, 2371819, 2573021, 2776778, 1125760, 1106251, 'Stay']
[1446487, 1687090, 1376257, -489648, 2239002, 2632566, 2513150, 2279683, 636524, 1306861, 2222453, 2392067, 2600787, 2784823, 1117670, 1090877, 'Stay']
[1457378, 1701446, 1373239, -475384, 2243117, 2583765, 2459681, 2242963, 643386, 1312395, 2253731, 2373962, 2581302, 2778757, 1141514, 1113826, 'Stay']
[1446682, 1686501, 1377386, -490254, 2240279, 2629895, 2511841, 2278293, 638049, 1307976, 2199273, 2387827, 2591780, 2781783, 1103066, 1085349, 'Stay']
[1457951, 1702975, 1371334, -474055, 2241791, 2587840, 2462584, 2245259, 642101, 1311422, 2276388, 2378352, 2590643, 2781249, 1155988, 1120675, 'Stay']
[1447206, 1687134, 1377958, -490110, 2241646, 2624791, 2507857, 2274307, 640306, 1310479, 2177162, 2384692, 2582444, 2779308, 1088285, 1078858, 'Stay']
[1457409, 1703361, 1369650, -473725, 2240408, 2593797, 2467689, 2249828, 639797, 1309541, 2297190, 2382735, 2600133, 2784432, 1168920, 1126528, 'Stay']
[1448182, 1687992, 1378894, -489350, 2243144, 2618333, 2502350, 2269788, 642774, 1312896, 2158986, 2381456, 2573752, 2776617, 1076252, 1074092, 'Stay']
[1456747, 1702859, 1368724, -473908, 2239315, 2599660, 2472964, 2253834, 638195, 1307861, 2312503, 2386966, 2608743, 2786828, 1178288, 1129989, 'Stay']
[1448559, 1687939, 1379773, -488728, 2244187, 2611347, 2495435, 2264684, 644614, 1314239, 2145174, 2377226, 2565928, 2774514, 1067391, 1070888, 'Stay']
[1455705, 1701501, 1368617, -474693, 2238689, 2606861, 2479481, 2258706, 636065, 1305708, 2323097, 2390119, 2615681, 2789230, 1184950, 1132330, 'Stay']
[1449936, 1689122, 1380626, -487799, 2245757, 2604391, 2488444, 2259599, 646581, 1316128, 2137728, 2373826, 2560095, 2773195, 1063011, 1070113, 'Stay']
[1454286, 1699455, 1368112, -477444, 2237766, 2614459, 2487300, 2264703, 634319, 1303904, 2327918, 2393074, 2621445, 2791285, 1188092, 1132718, 'Stay']
[1450941, 1690307, 1379726, -487383, 2246417, 2597563, 2481363, 2254434, 647487, 1316593, 2137027, 2369856, 2555807, 2771584, 1063517, 1072198, 'Stay']
[1452243, 1697231, 1366418, -480325, 2236632, 2621511, 2494745, 2269908, 632726, 1302394, 2325925, 2394216, 2624367, 2791385, 1186628, 1130994, 'Stay']
[1452410, 1692827, 1378104, -485175, 2246962, 2590826, 2474117, 2249010, 648002, 1317402, 2142445, 2367366, 2553105, 2770636, 1067617, 1075886, 'Stay']
[1450273, 1695344, 1366541, -482412, 2235636, 2626753, 2501081, 2274021, 631510, 1301862, 2316795, 2396323, 2624839, 2791899, 1180264, 1126209, 'Stay']
[1453505, 1695300, 1377589, -483029, 2246600, 2585231, 2467688, 2244906, 647965, 1317669, 2153367, 2367056, 2553487, 2771142, 1075216, 1080746, 'Stay']
[1449322, 1694126, 1368454, -484041, 2235361, 2630755, 2506880, 2277637, 631203, 1302027, 2302864, 2397433, 2623202, 2791649, 1170987, 1120674, 'Stay']
[1455679, 1698628, 1377214, -480375, 2246044, 2580787, 2462652, 2241781, 647737, 1317733, 2170362, 2367184, 2555873, 2772013, 1086706, 1087805, 'Stay']
[1448680, 1692967, 1370586, -485967, 2235401, 2632836, 2510597, 2279454, 632229, 1303135, 2283431, 2397273, 2618951, 2790598, 1157687, 1113258, 'Stay']
[1457050, 1700936, 1376780, -478285, 2245333, 2579009, 2459512, 2240045, 647483, 1317320, 2191277, 2368586, 2561154, 2773672, 1100503, 1095398, 'Stay']
[1448014, 1691583, 1373118, -487266, 2236303, 2634554, 2513689, 2281220, 633565, 1304230, 2262298, 2396467, 2613591, 2789165, 1143982, 1106653, 'Stay']
[1458084, 1702904, 1375850, -476733, 2244639, 2579056, 2457819, 2239557, 646748, 1316494, 2215693, 2370998, 2568494, 2775991, 1116485, 1103966, 'Stay']
[1447294, 1689850, 1374760, -489699, 2237375, 2633684, 2514108, 2280314, 635498, 1306038, 2237802, 2394478, 2605918, 2786977, 1127299, 1098320, 'Stay']
[1457710, 1703095, 1373249, -476889, 2242907, 2581485, 2458861, 2241227, 644709, 1314178, 2240297, 2372714, 2576280, 2778056, 1132268, 1112034, 'Stay']
[1446456, 1688338, 1375163, -491732, 2238100, 2632277, 2513613, 2279855, 636581, 1306830, 2213876, 2389939, 2596760, 2783564, 1111930, 1092046, 'Stay']
[1458199, 1704313, 1371115, -475751, 2241611, 2585028, 2460572, 2243828, 642733, 1312134, 2264958, 2375501, 2585200, 2780166, 1148301, 1120403, 'Stay']
[1447150, 1688370, 1376697, -491625, 2239869, 2626206, 2509276, 2275578, 639406, 1309437, 2189424, 2386657, 2587428, 2781020, 1095351, 1084001, 'Stay']
[1457319, 1703970, 1368865, -475804, 2239863, 2588420, 2463292, 2245800, 640933, 1310356, 2285228, 2379580, 2594568, 2782837, 1160362, 1124554, 'Stay']
[1447089, 1687929, 1377238, -491492, 2241131, 2619641, 2504467, 2270868, 640845, 1310744, 2168437, 2382667, 2578555, 2778488, 1081587, 1077902, 'Stay']
[1456551, 1703218, 1367805, -475440, 2238670, 2593556, 2468952, 2249606, 638626, 1307922, 2303339, 2383643, 2603803, 2785610, 1171648, 1128763, 'Stay']
[1447173, 1687477, 1378613, -490872, 2242413, 2613257, 2499493, 2266469, 642976, 1312447, 2151795, 2378387, 2570280, 2775885, 1070700, 1073143, 'Stay']
[1455087, 1702170, 1367899, -475423, 2237589, 2601669, 2476499, 2255712, 636079, 1305688, 2318316, 2387408, 2612363, 2788114, 1181530, 1133460, 'Stay']
[1448273, 1688550, 1380164, -489012, 2243749, 2606909, 2492864, 2261893, 644918, 1314619, 2141781, 2375389, 2563626, 2774286, 1065155, 1072928, 'Stay']
[1453942, 1700370, 1367828, -476903, 2236253, 2609832, 2483987, 2261827, 634540, 1304062, 2326328, 2391426, 2618928, 2790430, 1186863, 1135321, 'Stay']
[1450049, 1690247, 1380518, -487559, 2244790, 2600761, 2486013, 2257193, 646541, 1315756, 2138007, 2371553, 2558480, 2772202, 1063775, 1074655, 'Stay']
[1453052, 1699198, 1367817, -477990, 2235555, 2617089, 2490908, 2266778, 633468, 1302826, 2328415, 2393234, 2623397, 2791106, 1188202, 1135206, 'Stay']
[1451508, 1692334, 1379714, -485189, 2245582, 2593887, 2477910, 2251286, 648082, 1316869, 2139235, 2368750, 2555050, 2771551, 1064768, 1076465, 'Stay']
[1451254, 1696962, 1367322, -479925, 2234810, 2623801, 2498045, 2271873, 632608, 1301968, 2323124, 2395477, 2625671, 2792544, 1183958, 1131598, 'Stay']
[1452903, 1694166, 1378630, -483013, 2245535, 2588681, 2472284, 2247654, 648444, 1317103, 2147723, 2367381, 2554003, 2771373, 1071008, 1081461, 'Stay']
[1450590, 1695280, 1368475, -481517, 2234773, 2627996, 2503613, 2275008, 632467, 1301736, 2312189, 2397166, 2624954, 2792164, 1176836, 1127169, 'Stay']
[1454254, 1695887, 1378189, -481209, 2245336, 2583440, 2465894, 2243531, 648751, 1317213, 2160219, 2366893, 2554856, 2771491, 1079335, 1086029, 'Stay']
[1448771, 1692434, 1370021, -483971, 2234816, 2632349, 2509087, 2279072, 632086, 1301369, 2296137, 2397100, 2622363, 2791021, 1166014, 1121232, 'Stay']
[1455750, 1698007, 1377681, -478456, 2245513, 2580578, 2461918, 2241512, 647775, 1316093, 2179997, 2366871, 2558717, 2771904, 1092894, 1094840, 'Stay']
[1447709, 1690572, 1371961, -485168, 2236028, 2634122, 2512485, 2280343, 633339, 1302531, 2275181, 2396730, 2617546, 2789371, 1151930, 1113768, 'Stay']
[1456489, 1699987, 1376065, -476019, 2244986, 2578974, 2458692, 2239427, 646983, 1315285, 2201657, 2368971, 2564739, 2773926, 1106890, 1102318, 'Stay']
[1446334, 1688969, 1372992, -486858, 2236496, 2634066, 2513748, 2279868, 634223, 1303589, 2251012, 2395145, 2610827, 2787539, 1135644, 1105171, 'Stay']
[1456592, 1701532, 1373862, -474530, 2243549, 2580066, 2457954, 2239447, 645177, 1313859, 2225576, 2371237, 2572427, 2776179, 1122725, 1109994, 'Stay']
[1445812, 1687801, 1374554, -488231, 2237335, 2633075, 2513946, 2279191, 635596, 1305132, 2226519, 2392795, 2602907, 2784923, 1120066, 1097473, 'Stay']
[1457252, 1702912, 1372124, -473194, 2242543, 2582141, 2459093, 2240458, 643757, 1312782, 2250072, 2374798, 2580758, 2778786, 1138713, 1117385, 'Stay']
[1446094, 1687595, 1375703, -488607, 2239052, 2629293, 2512125, 2277003, 637318, 1307280, 2202701, 2389509, 2593466, 2783025, 1104635, 1090400, 'Stay']
[1456901, 1703146, 1369691, -473446, 2240602, 2585897, 2462265, 2243679, 641530, 1310646, 2273612, 2377965, 2589300, 2781652, 1153907, 1124290, 'Stay']
[1446178, 1686998, 1376362, -489835, 2239830, 2624156, 2508566, 2273949, 639432, 1308930, 2180093, 2385048, 2583583, 2779655, 1089860, 1083582, 'Stay']
[1456614, 1703244, 1368379, -473343, 2238966, 2592056, 2467122, 2248490, 639301, 1308315, 2295340, 2382307, 2599100, 2784271, 1168208, 1131150, 'Stay']
[1447045, 1687433, 1378088, -489037, 2241343, 2618606, 2503448, 2270153, 641372, 1310556, 2162669, 2382198, 2575170, 2777139, 1079223, 1080583, 'Stay']
[1456103, 1702882, 1368716, -473078, 2238311, 2598010, 2472443, 2252433, 637904, 1306617, 2311361, 2386192, 2607544, 2786774, 1178095, 1134733, 'Stay']
[1447726, 1687824, 1380100, -488339, 2242833, 2611512, 2496552, 2264432, 643969, 1312607, 2147742, 2377812, 2567407, 2775129, 1069348, 1076203, 'Stay']
[1454677, 1701313, 1368472, -474483, 2236881, 2605577, 2479510, 2257828, 635742, 1303946, 2323125, 2389154, 2615339, 2788911, 1185505, 1137369, 'Stay']
[1449136, 1689389, 1381076, -486528, 2244565, 2604836, 2490416, 2259660, 646078, 1314065, 2140054, 2373907, 2561472, 2772908, 1065005, 1075828, 'Stay']
[1453102, 1699606, 1368311, -475790, 2235970, 2613134, 2487392, 2263624, 634647, 1302892, 2328515, 2392872, 2621518, 2790881, 1188630, 1137683, 'Stay']
[1449698, 1690504, 1380351, -485340, 2244936, 2597960, 2483298, 2254882, 647001, 1315154, 2138269, 2370342, 2556663, 2771694, 1064257, 1077572, 'Stay']
[1451486, 1697649, 1367395, -477876, 2234774, 2619652, 2494521, 2268883, 633222, 1301812, 2327102, 2395075, 2624408, 2791631, 1187089, 1136149, 'Stay']
[1451746, 1692883, 1379248, -482995, 2245125, 2591281, 2475863, 2249796, 648106, 1316054, 2142583, 2368615, 2553783, 2770803, 1067367, 1081121, 'Stay']
[1450842, 1696425, 1367912, -478842, 2234713, 2624808, 2500572, 2272589, 632842, 1301338, 2319417, 2397413, 2625088, 2792141, 1181470, 1132445, 'Stay']
[1453380, 1695152, 1378534, -480452, 2245696, 2584677, 2468676, 2244281, 649086, 1316906, 2151961, 2368047, 2553585, 2770863, 1073312, 1084617, 'Stay']
[1448780, 1693500, 1368485, -481540, 2234464, 2629034, 2505681, 2275785, 632471, 1300973, 2304907, 2397876, 2623877, 2791076, 1171297, 1125337, 'Stay']
[1454017, 1696555, 1376822, -478879, 2245215, 2581345, 2463449, 2241665, 648108, 1315840, 2168325, 2367238, 2556406, 2771172, 1084630, 1091528, 'Stay']
[1447546, 1691306, 1369430, -483791, 2234725, 2632292, 2509248, 2278033, 632629, 1301113, 2286883, 2397144, 2620733, 2789913, 1159297, 1118847, 'Stay']
[1455025, 1698170, 1375050, -476942, 2244886, 2579320, 2459455, 2239214, 647251, 1314981, 2187968, 2367349, 2561336, 2772343, 1097629, 1098464, 'Stay']
[1446300, 1688919, 1370748, -485442, 2236138, 2634293, 2513143, 2279529, 633131, 1302051, 2264479, 2395437, 2615223, 2788535, 1144597, 1111033, 'Stay']
[1455822, 1699516, 1373886, -474998, 2244429, 2580089, 2458849, 2240047, 645599, 1313440, 2211995, 2368365, 2568194, 2774830, 1114030, 1107594, 'Stay']
[1445595, 1687542, 1372463, -487168, 2237198, 2634304, 2514206, 2280341, 634449, 1303290, 2240903, 2392694, 2607852, 2786243, 1129649, 1104061, 'Stay']
[1456612, 1701289, 1372162, -474085, 2243285, 2580678, 2457496, 2239725, 644505, 1312430, 2236015, 2371093, 2576239, 2776640, 1129777, 1114897, 'Stay']
[1445393, 1686684, 1373920, -488834, 2238200, 2631731, 2513065, 2278520, 636251, 1304882, 2215811, 2390248, 2599600, 2783474, 1113238, 1095882, 'Stay']
[1457108, 1702361, 1370413, -473313, 2241731, 2583763, 2459600, 2242021, 642742, 1310489, 2260514, 2374761, 2585620, 2779125, 1145905, 1122861, 'Stay']
[1445791, 1686582, 1375373, -489244, 2239445, 2627028, 2509743, 2275328, 638295, 1306777, 2192271, 2386203, 2590114, 2780791, 1098088, 1089278, 'Stay']
[1456528, 1702693, 1368914, -472962, 2240052, 2588371, 2463314, 2245098, 640907, 1308832, 2282492, 2378472, 2594243, 2782237, 1159630, 1128656, 'Stay']
[1446275, 1686641, 1376982, -489005, 2240867, 2621460, 2505349, 2271123, 640742, 1309137, 2170982, 2382655, 2580739, 2778124, 1084102, 1083204, 'Stay']
[1455657, 1701841, 1367861, -473526, 2238632, 2594824, 2468831, 2249710, 638618, 1306486, 2301885, 2382428, 2603636, 2785193, 1171944, 1134167, 'Stay']
[1446468, 1686157, 1378354, -489459, 2242147, 2615796, 2500408, 2267381, 642357, 1310134, 2154742, 2378030, 2572448, 2775269, 1074002, 1080114, 'Stay']
[1454474, 1700634, 1366900, -474825, 2237324, 2601940, 2475293, 2254905, 636298, 1303746, 2316336, 2385164, 2611803, 2786285, 1181180, 1138234, 'Stay']
[1447119, 1686777, 1378193, -489002, 2243543, 2609117, 2493457, 2262556, 644294, 1311741, 2142954, 2373480, 2565051, 2772578, 1066474, 1078201, 'Stay']
[1452815, 1698846, 1366077, -476548, 2236367, 2609227, 2481937, 2260289, 634334, 1301708, 2325078, 2388305, 2618542, 2787979, 1186550, 1139762, 'Stay']
[1448175, 1688045, 1378793, -487634, 2244722, 2602450, 2486533, 2258001, 645737, 1312941, 2137349, 2370146, 2559462, 2770761, 1063448, 1078171, 'Stay']
[1451735, 1697578, 1365678, -477766, 2235868, 2616178, 2488759, 2265732, 633096, 1300723, 2327578, 2391908, 2623288, 2790017, 1187872, 1139159, 'Stay']
[1450050, 1690434, 1377963, -485539, 2245557, 2595063, 2478791, 2252361, 646912, 1314296, 2137691, 2368109, 2555719, 2770668, 1064116, 1080148, 'Stay']
[1450609, 1695942, 1365678, -479929, 2234747, 2622099, 2495793, 2270263, 632276, 1300344, 2323075, 2394941, 2625896, 2791499, 1184322, 1136019, 'Stay']
[1452257, 1693174, 1376963, -483077, 2245883, 2588421, 2471500, 2247276, 648011, 1315414, 2144744, 2366973, 2554444, 2770292, 1068970, 1084149, 'Stay']
[1449818, 1694538, 1366027, -481329, 2234720, 2627395, 2502009, 2274469, 632024, 1300206, 2313001, 2397079, 2626179, 2791333, 1177189, 1131521, 'Stay']
