[2628612, 1433662, -455254, -73601, 2254690, 2476015, 1384928, 461150, 126782, 1079610, 203318, 1120267, 1705878, 1100942, -663105, 770426, 'Up']
[2690860, 1424564, -450935, -82396, 2246021, 2531894, 1378056, 453396, 117081, 1072824, 210812, 1132565, 1710431, 1143926, -666531, 789222, 'Up']
[2628533, 1434843, -455248, -71762, 2255995, 2474020, 1385079, 463709, 125686, 1078219, 209541, 1134321, 1706006, 1108908, -664285, 771483, 'Up']
[2689997, 1425207, -449055, -82231, 2246289, 2530795, 1377836, 451266, 119949, 1075444, 204394, 1118051, 1711352, 1134769, -664658, 789159, 'Up']
[2631179, 1435025, -455576, -71765, 2256615, 2474180, 1385192, 463511, 124658, 1077196, 215658, 1147065, 1706728, 1118292, -665163, 773525, 'Up']
[2687956, 1425689, -448551, -81843, 2246384, 2528477, 1377546, 452872, 121258, 1075959, 199159, 1105438, 1710656, 1125385, -664021, 787797, 'Up']
[2635331, 1434600, -456162, -72202, 2255919, 2475728, 1384352, 460574, 122973, 1075821, 221626, 1159379, 1707181, 1128709, -666302, 775580, 'Up']
[2683795, 1426257, -448445, -81484, 2247186, 2523857, 1379026, 451629, 122660, 1077504, 193988, 1094200, 1709961, 1116067, -662912, 784298, 'Up']
[2640874, 1434235, -455975, -72149, 2256126, 2479395, 1384130, 463090, 121616, 1074776, 226536, 1169705, 1707729, 1138575, -666791, 777669, 'Up']
[2678247, 1426349, -447572, -81072, 2247465, 2519099, 1380361, 452457, 124164, 1078656, 189970, 1085497, 1709264, 1107157, -661608, 783046, 'Up']
[2647299, 1433511, -455680, -72586, 2255971, 2484022, 1383839, 460895, 119852, 1073339, 230130, 1177834, 1708335, 1147243, -667438, 780687, 'Up']
[2671083, 1427423, -447692, -81332, 2248538, 2512159, 1380738, 454462, 126012, 1079861, 186445, 1079204, 1708769, 1098789, -660511, 781159, 'Up']
[2655022, 1432558, -455449, -75933, 2254539, 2489903, 1381226, 459905, 118439, 1071948, 231900, 1181979, 1708844, 1153922, -668532, 783395, 'Up']
[2663372, 1428717, -447746, -81115, 2249668, 2504270, 1382023, 454433, 127986, 1080840, 185037, 1076615, 1708861, 1092927, -660098, 779190, 'Up']
[2663574, 1431274, -454750, -77597, 2252890, 2496061, 1382312, 456323, 117027, 1070703, 233277, 1183565, 1709460, 1159789, -668560, 786139, 'Up']
[2655332, 1430613, -447732, -79671, 2250927, 2495154, 1383653, 456771, 129134, 1081554, 185450, 1078077, 1707763, 1088940, -659798, 776018, 'Up']
[2671097, 1430469, -453518, -78699, 2251977, 2501575, 1379344, 457339, 117083, 1070760, 231671, 1180746, 1710114, 1162704, -668482, 788565, 'Up']
[2647233, 1431923, -448611, -78407, 2252583, 2486005, 1384433, 456307, 129817, 1081458, 186121, 1082123, 1707432, 1086851, -659974, 773926, 'Up']
[2677765, 1429017, -452431, -80260, 2249884, 2506849, 1379787, 454603, 116861, 1070781, 228367, 1174692, 1710941, 1162531, -667543, 789517, 'Up']
[2639461, 1432788, -449903, -77350, 2252914, 2478149, 1384673, 459793, 129252, 1081104, 188599, 1089482, 1707205, 1087405, -660432, 772649, 'Up']
[2682783, 1428284, -451514, -81630, 2249277, 2512239, 1379347, 453751, 116601, 1070881, 224010, 1165936, 1711494, 1160660, -667191, 791266, 'Up']
[2633464, 1433250, -451637, -77341, 2253303, 2471354, 1384747, 459317, 128570, 1080073, 192542, 1098981, 1706829, 1090482, -661297, 771901, 'Up']
[2687059, 1426206, -451704, -83556, 2247127, 2515668, 1377474, 451617, 115773, 1070538, 219127, 1155449, 1711069, 1155688, -667469, 791500, 'Up']
[2629675, 1433122, -453643, -76162, 2253717, 2465898, 1384915, 459488, 127086, 1078900, 197225, 1111263, 1705964, 1094986, -662478, 771393, 'Up']
[2689892, 1424999, -451183, -83894, 2246170, 2518389, 1378948, 451853, 115561, 1070830, 213251, 1143611, 1710626, 1149377, -667095, 790874, 'Up']
[2627799, 1434083, -454518, -74505, 2255530, 2462827, 1386469, 462439, 125911, 1077977, 202446, 1124983, 1706112, 1102239, -663199, 772378, 'Up']
[2689618, 1424900, -450063, -83880, 2246198, 2519230, 1377127, 452457, 117213, 1072704, 206535, 1129920, 1711429, 1141417, -665582, 792027, 'Up']
[2627251, 1434297, -455146, -73815, 2256246, 2461381, 1386066, 462921, 124811, 1077144, 207862, 1137764, 1706684, 1110754, -664466, 773792, 'Up']
[2687549, 1425680, -448182, -83012, 2247180, 2517636, 1380166, 452468, 119686, 1074358, 200234, 1115560, 1711657, 1132239, -663552, 790645, 'Up']
[2629940, 1433681, -454823, -74346, 2255397, 2461393, 1385969, 462271, 123623, 1075559, 214462, 1150661, 1708222, 1120554, -664673, 775958, 'Up']
[2684562, 1424613, -448106, -84394, 2245394, 2514271, 1378498, 450719, 120305, 1074626, 194791, 1103355, 1711337, 1121920, -663282, 788280, 'Up']
[2633171, 1434476, -455286, -73742, 2255800, 2462624, 1384676, 462011, 121725, 1074103, 219739, 1162995, 1708161, 1129777, -666092, 777114, 'Up']
[2678926, 1426073, -447389, -83393, 2245912, 2508675, 1379461, 452002, 122784, 1076827, 189180, 1091845, 1710990, 1112300, -661892, 786158, 'Up']
[2639034, 1433970, -455388, -74391, 2254856, 2465835, 1384535, 460586, 120306, 1072767, 224113, 1172324, 1708592, 1139190, -666974, 779412, 'Up']
[2673187, 1426559, -446979, -82686, 2246307, 2502992, 1379032, 453574, 124438, 1078214, 185482, 1083891, 1710187, 1103647, -661344, 783088, 'Up']
[2646133, 1432270, -454897, -75376, 2254149, 2470905, 1383393, 459367, 118644, 1071460, 227713, 1179713, 1709113, 1147535, -668020, 782115, 'Up']
[2666294, 1426491, -447280, -82197, 2247372, 2495192, 1379291, 453245, 125087, 1077646, 183310, 1079436, 1709182, 1094854, -661716, 780270, 'Up']
[2654271, 1431119, -454236, -75670, 2253847, 2475893, 1383722, 460328, 117798, 1070234, 229575, 1183457, 1710271, 1153472, -667924, 785000, 'Up']
[2659120, 1427336, -447436, -80911, 2248648, 2486454, 1382108, 454421, 127097, 1078958, 182290, 1077495, 1709894, 1089683, -660013, 779074, 'Up']
[2663110, 1429443, -454477, -77579, 2252102, 2481627, 1380706, 458235, 115471, 1068542, 230373, 1184074, 1711342, 1158193, -669233, 787533, 'Up']
[2651395, 1429122, -448984, -79332, 2249562, 2477163, 1382007, 457149, 127183, 1079005, 182983, 1079443, 1708973, 1085818, -660765, 776890, 'Up']
[2671379, 1428860, -453365, -78534, 2250137, 2487218, 1380823, 458066, 115580, 1069022, 228487, 1179803, 1711670, 1160217, -668445, 790420, 'Up']
[2645037, 1430457, -449335, -78323, 2250095, 2468614, 1383172, 457046, 127558, 1078984, 185014, 1084277, 1708227, 1084606, -660443, 775387, 'Up']
[2680034, 1427797, -452085, -79835, 2248288, 2493407, 1380325, 457704, 114807, 1068822, 226218, 1173765, 1711798, 1159956, -667961, 791654, 'Up']
[2639471, 1432412, -450057, -76468, 2251684, 2461555, 1383988, 460782, 127914, 1079479, 188532, 1092398, 1708092, 1086142, -660450, 774088, 'Up']
[2686720, 1427019, -451087, -81390, 2247467, 2498575, 1378043, 454800, 115487, 1069538, 222001, 1164406, 1712740, 1158305, -667492, 792595, 'Up']
[2635776, 1432266, -451416, -76470, 2252375, 2455440, 1384695, 460673, 127243, 1078166, 192264, 1102699, 1707508, 1089756, -661872, 772496, 'Up']
[2691426, 1426332, -449981, -82282, 2246527, 2501977, 1377798, 454354, 115562, 1069483, 216201, 1153489, 1712169, 1152526, -667493, 791804, 'Up']
[2632608, 1434107, -452009, -74672, 2254549, 2450801, 1386800, 463917, 127221, 1078419, 196539, 1114523, 1707582, 1095330, -661811, 772568, 'Up']
[2693720, 1425832, -448830, -83758, 2246657, 2504558, 1378977, 455388, 116858, 1071248, 209881, 1139940, 1712733, 1146801, -665103, 793294, 'Up']
[2631967, 1433907, -452605, -75821, 2254548, 2447831, 1385721, 463106, 126226, 1077219, 202070, 1126798, 1708083, 1102952, -662820, 773241, 'Up']
[2695657, 1424020, -447673, -86260, 2244741, 2505454, 1377875, 453782, 117421, 1071130, 204219, 1126439, 1712711, 1138034, -665056, 790962, 'Up']
[2634648, 1434174, -453062, -75941, 2254868, 2447813, 1385163, 461827, 123874, 1074729, 209046, 1141750, 1707366, 1111134, -665374, 773571, 'Up']
[2694634, 1424799, -445904, -85665, 2245481, 2504052, 1378862, 454426, 119522, 1072796, 198304, 1113419, 1712101, 1128253, -663904, 790281, 'Up']
[2638031, 1434256, -452512, -75683, 2255187, 2448403, 1385722, 464442, 123579, 1074061, 214785, 1154165, 1708342, 1121279, -665369, 777147, 'Up']
[2691516, 1425588, -444949, -85520, 2245382, 2500773, 1380391, 454039, 121294, 1074325, 192732, 1100947, 1711681, 1118246, -663063, 789243, 'Up']
[2643688, 1434191, -452960, -76404, 2254477, 2451499, 1385582, 463835, 121915, 1072749, 220648, 1165798, 1708564, 1131072, -666521, 779791, 'Up']
[2687737, 1426218, -444857, -85733, 2245091, 2496063, 1379234, 453770, 123202, 1075629, 188478, 1090398, 1710750, 1108903, -662915, 787134, 'Up']
[2651719, 1433254, -452536, -77199, 2253470, 2456196, 1383765, 462187, 120420, 1071408, 225956, 1175148, 1708909, 1140403, -668110, 781985, 'Up']
[2683472, 1426312, -445304, -85104, 2245441, 2490633, 1379172, 456987, 123862, 1075708, 186255, 1084456, 1709380, 1100248, -662777, 784866, 'Up']
[2659908, 1432873, -452715, -77250, 2253275, 2461353, 1384537, 462293, 118852, 1070182, 229240, 1182378, 1709456, 1148093, -668008, 785682, 'Up']
[2676333, 1428241, -444906, -83278, 2247112, 2482878, 1381187, 456777, 126260, 1077787, 183666, 1079827, 1709639, 1093325, -660823, 782841, 'Up']
[2668353, 1432176, -452269, -78175, 2252459, 2467766, 1383184, 462337, 117512, 1069530, 230971, 1184747, 1710595, 1155095, -668241, 788012, 'Up']
[2668977, 1429811, -445639, -82111, 2248258, 2475042, 1383208, 457840, 127348, 1078936, 183621, 1078777, 1709409, 1088866, -660309, 780499, 'Up']
[2677258, 1430450, -452202, -80073, 2250206, 2474774, 1380819, 459635, 116232, 1068736, 231282, 1184020, 1711553, 1159291, -668855, 790127, 'Up']
[2661582, 1430972, -446731, -80500, 2249604, 2467153, 1384263, 460473, 127966, 1079240, 184379, 1081163, 1709072, 1084646, -660668, 778066, 'Up']
[2685623, 1429345, -451633, -80995, 2249256, 2481818, 1381290, 459851, 115345, 1068527, 229324, 1179324, 1712224, 1159798, -668702, 792649, 'Up']
[2655644, 1431234, -448422, -80312, 2249727, 2459976, 1383903, 459857, 127764, 1078879, 187133, 1086869, 1708867, 1084025, -661570, 776271, 'Up']
[2692838, 1427814, -451185, -82617, 2247501, 2487667, 1379830, 458059, 114353, 1067897, 226617, 1172786, 1712423, 1158918, -669542, 792581, 'Up']
[2649349, 1432433, -449376, -78776, 2251800, 2452892, 1385801, 461813, 127642, 1078615, 190354, 1095072, 1708758, 1085834, -661765, 774759, 'Up']
[2698914, 1425830, -450145, -84357, 2246270, 2492910, 1377570, 457740, 114650, 1068397, 222020, 1162079, 1713120, 1156103, -668632, 793045, 'Up']
[2645595, 1431675, -451066, -78153, 2252286, 2447948, 1385297, 462648, 125518, 1076661, 195077, 1105908, 1707635, 1089771, -663785, 773031, 'Up']
[2703006, 1423633, -449294, -85260, 2245772, 2497387, 1378444, 455428, 113863, 1068514, 216471, 1150731, 1713023, 1150708, -668370, 792659, 'Up']
[2643055, 1431214, -451669, -76835, 2254271, 2444645, 1386695, 465208, 124234, 1075843, 199710, 1118405, 1708038, 1096012, -664259, 773564, 'Up']
[2705368, 1420963, -448468, -86524, 2244828, 2499836, 1378332, 455359, 113851, 1068491, 209947, 1137566, 1712795, 1143322, -667529, 793562, 'Up']
[2643377, 1430527, -452227, -76230, 2254247, 2442911, 1386936, 465997, 122111, 1073539, 205101, 1132314, 1707514, 1103327, -665347, 774854, 'Up']
[2705814, 1420917, -446685, -86175, 2244374, 2499935, 1377719, 455329, 115050, 1069366, 203051, 1124308, 1712607, 1134078, -666115, 793952, 'Up']
[2646126, 1429877, -452395, -76155, 2253627, 2443156, 1385878, 466029, 121193, 1072170, 210375, 1145617, 1707774, 1112486, -666324, 777535, 'Up']
[2704856, 1420945, -445502, -85937, 2244170, 2499067, 1379457, 455349, 116970, 1070541, 196867, 1111494, 1711841, 1124499, -665354, 793273, 'Up']
[2650135, 1430242, -452562, -75937, 2253761, 2444983, 1385340, 466019, 119831, 1070865, 216056, 1158536, 1708306, 1122005, -667414, 780753, 'Up']
[2701441, 1421439, -445264, -85867, 2243768, 2495557, 1379002, 456197, 118802, 1071840, 191254, 1098983, 1711182, 1114561, -664655, 791869, 'Up']
[2655399, 1430293, -453093, -75892, 2253765, 2447993, 1386369, 465761, 117914, 1069494, 221282, 1169191, 1708373, 1131830, -668304, 783218, 'Up']
[2696356, 1422336, -444763, -85267, 2244531, 2490599, 1379706, 456774, 120627, 1073506, 186716, 1089141, 1710554, 1105339, -662715, 790079, 'Up']
[2662775, 1429839, -452843, -77000, 2252291, 2453443, 1384093, 466374, 116559, 1068225, 225116, 1177577, 1709039, 1140826, -669118, 786072, 'Up']
[2690439, 1424129, -444391, -84493, 2245254, 2484913, 1381054, 458040, 122452, 1074511, 182892, 1082125, 1710000, 1096581, -662626, 787658, 'Up']
[2671194, 1429186, -452404, -78410, 2251723, 2459967, 1383441, 464067, 115611, 1067336, 227497, 1182576, 1709930, 1148098, -669185, 788705, 'Up']
[2684063, 1425208, -445126, -83935, 2245724, 2478581, 1380409, 459656, 123718, 1075327, 181433, 1079130, 1709172, 1090049, -662453, 784679, 'Up']
[2679511, 1429277, -452000, -78856, 2250682, 2466986, 1382966, 463678, 114833, 1066767, 228806, 1185130, 1710281, 1154105, -669600, 791223, 'Up']
[2676570, 1427399, -445559, -82687, 2247102, 2470824, 1381879, 458987, 125487, 1076551, 181215, 1079171, 1709228, 1085248, -661821, 782110, 'Up']
[2688434, 1428696, -451598, -80420, 2248901, 2474058, 1382155, 462374, 114068, 1066241, 228496, 1183426, 1711571, 1157395, -670393, 792374, 'Up']
[2668983, 1429881, -446713, -80786, 2248672, 2463206, 1383308, 461681, 126761, 1077334, 182455, 1082298, 1709178, 1082798, -661366, 780338, 'Up']
[2696313, 1428097, -450795, -81412, 2247679, 2481396, 1380653, 462172, 113946, 1066620, 226250, 1177897, 1712223, 1158439, -669845, 795376, 'Up']
[2662896, 1431743, -447250, -78951, 2249756, 2456916, 1385759, 463772, 126935, 1077298, 185699, 1088834, 1708580, 1083100, -661862, 779143, 'Up']
[2703710, 1427188, -449991, -82938, 2245304, 2488312, 1378240, 458963, 114018, 1066768, 223770, 1170564, 1712617, 1157649, -669303, 796596, 'Up']
[2657633, 1433216, -448505, -77739, 2250500, 2451115, 1384945, 463750, 126841, 1076819, 189907, 1098529, 1708050, 1085810, -662801, 776655, 'Up']
[2708970, 1427445, -448197, -82993, 2245204, 2493697, 1380086, 460368, 114914, 1067802, 219376, 1160933, 1713016, 1154403, -668341, 797321, 'Up']
[2653363, 1434516, -449159, -76571, 2251694, 2446029, 1385269, 466233, 127210, 1076877, 194591, 1109644, 1708425, 1091018, -662866, 777821, 'Up']
[2712290, 1426295, -446734, -84001, 2244426, 2497376, 1379156, 460442, 116191, 1068721, 213792, 1148441, 1713712, 1149139, -667624, 798162, 'Up']
[2651965, 1434104, -450270, -76188, 2252293, 2443432, 1385612, 466023, 125853, 1075112, 200814, 1123294, 1708284, 1097715, -664511, 778721, 'Up']
[2713610, 1425477, -446721, -84655, 2244061, 2499074, 1377157, 457978, 116786, 1068946, 208566, 1136457, 1713314, 1140500, -667396, 797153, 'Up']
[2651662, 1435219, -451431, -74590, 2253235, 2442010, 1384511, 467505, 124775, 1073950, 207046, 1137572, 1708744, 1104823, -666360, 778429, 'Up']
[2712480, 1426862, -445342, -83635, 2244309, 2499195, 1380793, 458704, 119209, 1071062, 202713, 1123308, 1713918, 1131369, -665826, 796212, 'Up']
[2652734, 1435756, -451894, -74439, 2253307, 2442437, 1387209, 467038, 124764, 1073518, 212704, 1150050, 1710491, 1114306, -665808, 780908, 'Up']
[2709475, 1426477, -446005, -84757, 2242799, 2497604, 1378306, 457222, 120107, 1071841, 196598, 1109759, 1713634, 1121531, -665679, 793779, 'Up']
[2656208, 1435570, -453547, -74642, 2253090, 2444927, 1385387, 467442, 122201, 1071882, 218298, 1162677, 1709617, 1123745, -668112, 781881, 'Up']
[2704843, 1426334, -446064, -84535, 2243128, 2493879, 1379259, 458742, 121679, 1073257, 190314, 1097892, 1712853, 1111254, -664830, 791807, 'Up']
[2661839, 1434072, -453827, -75656, 2252302, 2449138, 1385342, 468430, 120293, 1069950, 222465, 1172898, 1710426, 1133049, -669193, 783992, 'Up']
[2699270, 1426840, -445694, -84129, 2244401, 2489099, 1379039, 459697, 123244, 1074102, 186034, 1089266, 1711638, 1102017, -664671, 788999, 'Up']
[2668285, 1434013, -453789, -75512, 2253308, 2454236, 1385639, 467715, 118600, 1068399, 226143, 1180919, 1710863, 1141060, -670520, 786833, 'Up']
[2692177, 1428056, -445982, -82872, 2246519, 2482546, 1382388, 461167, 125176, 1075825, 182650, 1082529, 1711916, 1093457, -663089, 787188, 'Up']
[2676070, 1432962, -453638, -76509, 2252701, 2460688, 1385381, 466402, 117610, 1068228, 227897, 1184706, 1711475, 1148837, -670322, 789590, 'Up']
[2685055, 1429470, -446590, -81432, 2247276, 2475164, 1382663, 462056, 125926, 1076454, 181245, 1079881, 1710179, 1087703, -663089, 784350, 'Up']
[2684783, 1432136, -453473, -77648, 2251271, 2466739, 1383022, 465128, 116102, 1067294, 228596, 1185788, 1711645, 1153891, -671034, 792152, 'Up']
[2678164, 1429849, -447596, -81420, 2247534, 2467411, 1382094, 463109, 126790, 1076769, 181592, 1080851, 1709652, 1083678, -663040, 782472, 'Up']
[2693267, 1430962, -452534, -78852, 2250490, 2474250, 1382832, 464810, 114784, 1066121, 228277, 1184436, 1711699, 1156722, -671650, 794403, 'Up']
[2670008, 1431547, -447522, -79278, 2249860, 2459775, 1384851, 465697, 128014, 1077383, 183509, 1085624, 1709071, 1081466, -662223, 781691, 'Up']
[2700307, 1429367, -451340, -80725, 2248231, 2481002, 1378376, 463353, 115061, 1066317, 226099, 1178691, 1712248, 1156782, -671392, 796954, 'Up']
[2663107, 1433113, -448235, -77664, 2251167, 2453165, 1388165, 466881, 128017, 1077070, 186789, 1093060, 1708535, 1082062, -663257, 779839, 'Up']
[2706047, 1429062, -449873, -81154, 2247559, 2487216, 1381791, 462277, 115621, 1067153, 222582, 1170423, 1713050, 1155436, -669504, 797933, 'Up']
[2656578, 1434734, -449229, -76140, 2252229, 2446993, 1386653, 468953, 128302, 1076901, 190584, 1102556, 1708817, 1085127, -663036, 779137, 'Up']
[2709861, 1428122, -449023, -82425, 2245813, 2491995, 1380041, 461082, 116300, 1067456, 217554, 1159177, 1713729, 1151165, -669045, 798306, 'Up']
[2651963, 1435844, -450340, -74897, 2253147, 2442656, 1386869, 470058, 127867, 1076042, 195687, 1114281, 1708661, 1090052, -663897, 778093, 'Up']
[2711684, 1426952, -447993, -83959, 2244588, 2495299, 1377958, 459415, 117022, 1068480, 212103, 1146269, 1713494, 1144579, -668240, 797705, 'Up']
[2649942, 1435561, -451397, -75136, 2253358, 2440389, 1387512, 470115, 125788, 1073973, 201689, 1127356, 1707941, 1097009, -666133, 776965, 'Up']
[2711954, 1426560, -446425, -84099, 2244313, 2496967, 1379400, 462116, 117665, 1068873, 206303, 1133126, 1712925, 1136592, -666726, 797146, 'Up']
[2649936, 1435338, -451611, -74948, 2253521, 2439699, 1387335, 470916, 124790, 1073088, 207760, 1140883, 1708133, 1105525, -666021, 779037, 'Up']
[2709880, 1426144, -446182, -85073, 2243926, 2496375, 1380116, 459470, 118674, 1069853, 200149, 1119828, 1712388, 1126747, -666099, 795538, 'Up']
[2651154, 1435317, -452660, -74825, 2254345, 2440752, 1387706, 471687, 122996, 1071193, 213485, 1154034, 1708165, 1114194, -667174, 780580, 'Up']
[2705611, 1426792, -445500, -84056, 2244691, 2494552, 1380739, 462827, 120871, 1071567, 193811, 1106791, 1712195, 1116769, -664475, 794765, 'Up']
[2654554, 1434656, -453694, -75489, 2253473, 2443845, 1386749, 470432, 121576, 1070150, 218452, 1165645, 1709100, 1124908, -667881, 783696, 'Up']
[2700744, 1425975, -446340, -85280, 2243524, 2490784, 1379665, 461894, 121240, 1071664, 188482, 1096160, 1710959, 1107320, -664731, 791376, 'Up']
[2659505, 1434363, -454526, -75584, 2253202, 2447817, 1385348, 470027, 118892, 1067899, 222801, 1176316, 1709008, 1133206, -670089, 784441, 'Up']
[2693492, 1427602, -445884, -83397, 2245427, 2485785, 1380448, 462907, 123748, 1073977, 183833, 1087359, 1711126, 1097691, -663652, 788995, 'Up']
[2665638, 1434093, -453810, -75633, 2253114, 2454527, 1386046, 471237, 118147, 1067797, 225832, 1182664, 1710639, 1142168, -670104, 788359, 'Up']
[2685712, 1428524, -446010, -82796, 2246259, 2479803, 1382990, 462930, 125241, 1074987, 181584, 1082126, 1711242, 1090783, -662902, 786844, 'Up']
[2673394, 1432618, -452817, -77367, 2251355, 2461633, 1383944, 470141, 116740, 1066504, 228080, 1186269, 1711479, 1148957, -670739, 789837, 'Up']
[2677912, 1429603, -445592, -82057, 2246440, 2473060, 1384565, 465521, 125939, 1075270, 181059, 1080719, 1709777, 1084828, -662923, 783810, 'Up']
[2681596, 1431390, -452178, -79076, 2249619, 2469238, 1383530, 467117, 115175, 1065106, 228915, 1187198, 1711493, 1153429, -671358, 792083, 'Up']
[2669833, 1431140, -445836, -80736, 2247838, 2465791, 1384800, 467375, 127222, 1075778, 181656, 1082873, 1709587, 1081013, -662604, 781264, 'Up']
[2688784, 1430904, -450658, -80004, 2249167, 2476377, 1382778, 467792, 115277, 1065297, 227663, 1184181, 1712437, 1155451, -670944, 794196, 'Up']
[2661978, 1432337, -446254, -79837, 2248583, 2458970, 1384719, 467474, 127664, 1075762, 183713, 1088154, 1709000, 1079861, -662966, 779216, 'Up']
[2696027, 1429315, -449499, -81481, 2247049, 2484282, 1382013, 466396, 114336, 1064963, 225022, 1178533, 1712732, 1155549, -671347, 795246, 'Up']
[2655211, 1433027, -447983, -78436, 2250737, 2452802, 1384952, 469598, 127412, 1075677, 186724, 1096776, 1708625, 1081065, -663638, 778446, 'Up']
[2700629, 1428670, -448793, -81884, 2246842, 2489434, 1381472, 464991, 114380, 1065518, 219855, 1169343, 1712823, 1152542, -670953, 796976, 'Up']
[2649024, 1433934, -448664, -77022, 2251563, 2446827, 1387599, 472821, 127105, 1075262, 190298, 1106533, 1708934, 1084974, -663785, 779185, 'Up']
[2704380, 1427295, -447993, -83345, 2245487, 2494031, 1379957, 465319, 114878, 1065984, 215143, 1157833, 1713374, 1148291, -669868, 798924, 'Up']
[2645695, 1435040, -449987, -75942, 2252134, 2443068, 1387986, 473337, 126309, 1074352, 195886, 1118424, 1708423, 1090474, -665305, 779267, 'Up']
[2707371, 1426648, -447097, -84271, 2243922, 2497413, 1379163, 464349, 115513, 1066633, 210127, 1145065, 1713099, 1142031, -669180, 799088, 'Up']
[2645034, 1436035, -450288, -74842, 2253191, 2441775, 1388175, 473854, 125721, 1073721, 202343, 1131772, 1708178, 1098355, -666172, 779940, 'Up']
[2707805, 1426509, -445282, -84956, 2243603, 2499159, 1379780, 463475, 117362, 1068254, 204907, 1131603, 1713072, 1133980, -667530, 798844, 'Up']
[2646617, 1435559, -450871, -75583, 2253002, 2442116, 1386627, 473526, 123554, 1071211, 209629, 1146101, 1707580, 1107282, -667711, 780834, 'Up']
[2705937, 1426415, -444605, -85439, 2242974, 2498897, 1379394, 464127, 118706, 1068781, 199238, 1118608, 1711731, 1123283, -667220, 796210, 'Up']
[2649059, 1435826, -451209, -75223, 2253170, 2444571, 1387062, 473420, 122489, 1069791, 216033, 1159229, 1708313, 1115648, -668277, 782750, 'Up']
[2702113, 1427366, -443934, -84652, 2243781, 2497253, 1380309, 464802, 120783, 1070444, 194246, 1106453, 1711633, 1113525, -665579, 794820, 'Up']
[2652790, 1436482, -450922, -74331, 2253758, 2448263, 1387441, 475112, 121642, 1069475, 221648, 1170691, 1709034, 1126084, -668798, 785174, 'Up']
[2696310, 1427614, -443012, -84143, 2244300, 2493466, 1380523, 465344, 122772, 1072246, 189902, 1095761, 1711947, 1104762, -663935, 793627, 'Up']
[2658659, 1434803, -451396, -75716, 2252911, 2453391, 1386576, 473102, 119313, 1067398, 226574, 1179985, 1710160, 1135383, -669973, 787793, 'Up']
[2689396, 1428393, -443882, -83836, 2244762, 2487691, 1380327, 464659, 124149, 1073139, 186236, 1088431, 1710854, 1095657, -663632, 790863, 'Up']
[2665468, 1434599, -451303, -75896, 2252311, 2459287, 1386732, 472623, 118171, 1066549, 229281, 1185881, 1710501, 1143465, -670614, 790704, 'Up']
[2682233, 1429810, -443725, -81893, 2246335, 2481974, 1382873, 468320, 125865, 1074662, 184243, 1083911, 1710696, 1088782, -662412, 789619, 'Up']
[2673068, 1433031, -451075, -77078, 2251234, 2466931, 1385200, 472775, 117091, 1066039, 230838, 1188784, 1711330, 1149557, -670061, 794521, 'Up']
[2673808, 1430355, -444571, -81486, 2246636, 2475043, 1383527, 468739, 126048, 1074149, 183283, 1083025, 1709005, 1083206, -663029, 786115, 'Up']
[2680626, 1431708, -451101, -79055, 2248819, 2474372, 1381577, 469933, 115679, 1064594, 230208, 1188128, 1711150, 1153272, -671422, 795359, 'Up']
[2665492, 1432247, -445865, -80073, 2247486, 2467835, 1384934, 469630, 126970, 1074510, 183453, 1085715, 1708268, 1080106, -663848, 783218, 'Up']
[2688007, 1431395, -450749, -79961, 2247774, 2482060, 1381542, 469258, 114949, 1064591, 227827, 1184627, 1711545, 1155263, -671272, 796694, 'Up']
[2657384, 1433635, -447103, -78692, 2248567, 2460703, 1386163, 471996, 127728, 1075281, 184320, 1091018, 1708036, 1079665, -663116, 781586, 'Up']
[2694480, 1429730, -450322, -81770, 2246252, 2488551, 1380226, 468393, 114190, 1064175, 223890, 1177450, 1711969, 1154492, -671256, 798230, 'Up']
[2650860, 1434342, -448443, -77921, 2250265, 2454428, 1386669, 471821, 127084, 1074289, 187234, 1099586, 1707291, 1080653, -663996, 779792, 'Up']
[2699399, 1428470, -449329, -82941, 2244915, 2494759, 1379859, 466572, 114448, 1064205, 219244, 1167710, 1711950, 1150931, -670370, 798843, 'Up']
[2645851, 1436002, -449231, -75529, 2251839, 2450330, 1388097, 475056, 127141, 1074073, 191944, 1110245, 1706958, 1085005, -663977, 779928, 'Up']
[2703118, 1428197, -447887, -83012, 2244531, 2499632, 1379713, 466549, 116075, 1066129, 214426, 1155602, 1712554, 1146599, -668276, 800363, 'Up']
[2643258, 1435982, -450525, -75006, 2251968, 2447190, 1386881, 474792, 125861, 1072771, 197832, 1122541, 1707266, 1091482, -664985, 779410, 'Up']
[2705430, 1426913, -447263, -84133, 2243611, 2502618, 1378983, 464804, 116009, 1066152, 209062, 1142775, 1712394, 1139767, -667891, 799304, 'Up']
[2642933, 1436771, -451058, -73923, 2253294, 2446127, 1388332, 476831, 125177, 1072012, 203987, 1135902, 1707203, 1099329, -665550, 780411, 'Up']
[2705333, 1427551, -445886, -83666, 2243576, 2503440, 1381226, 466570, 117663, 1067760, 203357, 1129176, 1712151, 1130978, -666116, 798666, 'Up']
[2644339, 1436388, -451446, -74258, 2252898, 2446693, 1387052, 476853, 124036, 1071058, 210582, 1149482, 1707815, 1108841, -666037, 782452, 'Up']
[2703083, 1426082, -445302, -85369, 2242140, 2503151, 1377140, 465171, 118192, 1067474, 197738, 1116564, 1710925, 1120969, -667264, 796768, 'Up']
[2647387, 1436583, -451130, -73934, 2254050, 2449887, 1388945, 476559, 122073, 1068855, 216450, 1162784, 1707153, 1117585, -668169, 782979, 'Up']
[2698699, 1427216, -444185, -84390, 2243828, 2500817, 1379636, 465373, 121100, 1070180, 191973, 1104308, 1710964, 1111029, -664942, 794706, 'Up']
[2652148, 1435239, -452046, -75145, 2253027, 2453887, 1387360, 476318, 120240, 1067473, 221269, 1173719, 1708266, 1127464, -669197, 785730, 'Up']
[2693537, 1426764, -444923, -85085, 2243250, 2496853, 1379273, 466668, 121339, 1069734, 186787, 1094650, 1709743, 1100742, -665494, 792056, 'Up']
[2658660, 1434328, -452772, -76161, 2252238, 2458795, 1385218, 474583, 118230, 1065396, 224951, 1182610, 1708542, 1135846, -671277, 788108, 'Up']
[2686704, 1428601, -444112, -83145, 2244905, 2490801, 1383018, 467361, 124058, 1071838, 183111, 1087273, 1709551, 1091993, -663888, 790074, 'Up']
[2666491, 1433950, -451961, -76306, 2250987, 2466043, 1384173, 475998, 116880, 1064554, 228144, 1188252, 1709572, 1143526, -671318, 791924, 'Up']
[2678798, 1430957, -443876, -81050, 2246177, 2484605, 1383239, 469805, 126233, 1073757, 181679, 1083903, 1709077, 1085541, -663364, 789018, 'Up']
[2674032, 1433760, -451480, -77247, 2249543, 2473110, 1383201, 473519, 116559, 1064429, 229202, 1189396, 1710516, 1149839, -671586, 795335, 'Up']
[2671076, 1431786, -444751, -81018, 2245728, 2477961, 1383119, 469204, 127003, 1073913, 181299, 1083017, 1708209, 1081335, -663889, 786170, 'Up']
[2681712, 1433003, -450590, -78350, 2248339, 2480902, 1382119, 471160, 115937, 1064011, 228316, 1187382, 1710647, 1153412, -672230, 796741, 'Up']
[2662784, 1433417, -445709, -78934, 2247521, 2471103, 1383612, 472802, 127982, 1074417, 182252, 1085690, 1707660, 1079422, -663498, 785304, 'Up']
[2689513, 1430860, -450877, -80322, 2246495, 2488914, 1381426, 470073, 115290, 1063663, 226062, 1182368, 1710894, 1155273, -671807, 800201, 'Up']
[2655805, 1433838, -448296, -78303, 2248663, 2464773, 1385977, 473090, 127446, 1073442, 184686, 1092957, 1706522, 1079339, -664422, 783921, 'Up']
[2695508, 1429925, -450439, -81155, 2245567, 2496226, 1380435, 470075, 114963, 1063549, 222639, 1175673, 1711254, 1153535, -671691, 801597, 'Up']
[2649462, 1434769, -449468, -77031, 2250080, 2459548, 1386016, 473429, 127563, 1073377, 188058, 1102352, 1706841, 1081447, -665080, 782949, 'Up']
[2700258, 1429421, -449172, -81554, 2245669, 2502220, 1379901, 469922, 115892, 1064795, 217401, 1165138, 1711940, 1149972, -671061, 801983, 'Up']
[2644941, 1435417, -450694, -75959, 2251345, 2455425, 1387024, 476087, 127291, 1073041, 192440, 1113124, 1707229, 1086517, -665751, 782936, 'Up']
[2703786, 1427793, -449460, -83408, 2243520, 2506633, 1378135, 467540, 115419, 1064237, 211817, 1153214, 1711649, 1144192, -671319, 801938, 'Up']
[2643057, 1436481, -452090, -75113, 2251291, 2453192, 1385425, 475333, 126269, 1071742, 197512, 1125996, 1706405, 1092171, -667389, 781901, 'Up']
[2705655, 1427675, -448924, -84205, 2241993, 2509553, 1379449, 467285, 116873, 1065544, 206010, 1140417, 1711278, 1136932, -669716, 801636, 'Up']
[2642505, 1437513, -453530, -74280, 2251215, 2452118, 1385889, 476456, 124821, 1070538, 203589, 1140587, 1706051, 1100474, -668320, 782407, 'Up']
[2703654, 1428408, -448028, -84071, 2241878, 2509154, 1379311, 468199, 118587, 1067129, 199174, 1126666, 1711026, 1127412, -668760, 799552, 'Up']
[2643908, 1437531, -453894, -74294, 2251173, 2452760, 1385807, 477391, 124064, 1069775, 208987, 1153039, 1706711, 1110248, -668948, 783939, 'Up']
[2701346, 1427807, -447749, -84671, 2241428, 2507976, 1378659, 466367, 119366, 1067671, 193113, 1113793, 1710244, 1118168, -668128, 797903, 'Up']
[2647521, 1437009, -454388, -74222, 2252487, 2455712, 1386184, 477726, 122253, 1067762, 214579, 1165934, 1706740, 1119847, -670146, 786026, 'Up']
[2696405, 1427898, -447098, -84381, 2242890, 2505149, 1379181, 468163, 121618, 1069235, 187213, 1101864, 1709428, 1108144, -666358, 796755, 'Up']
[2652569, 1435891, -454860, -75063, 2252121, 2460247, 1385703, 478089, 119998, 1066128, 219121, 1176470, 1707323, 1129521, -671023, 788042, 'Up']
[2690524, 1428658, -447059, -83303, 2244519, 2500770, 1379662, 468880, 122975, 1070407, 182956, 1092867, 1709055, 1098973, -665851, 794127, 'Up']
[2659164, 1435492, -454696, -74754, 2253149, 2466113, 1386054, 477951, 118791, 1065138, 222974, 1184321, 1708241, 1138464, -671634, 791722, 'Up']
[2683198, 1430186, -446602, -81016, 2246644, 2494976, 1382534, 473418, 125235, 1072242, 179633, 1086188, 1708506, 1090965, -664125, 792947, 'Up']
[2667457, 1434060, -453831, -75760, 2251763, 2473519, 1384995, 478300, 117675, 1064432, 225461, 1188538, 1709653, 1145902, -671234, 795178, 'Up']
[2676874, 1431102, -446196, -80420, 2246898, 2488694, 1383585, 472256, 126204, 1072389, 178931, 1084293, 1708088, 1084863, -663823, 789878, 'Up']
[2676167, 1433819, -452609, -76618, 2250674, 2480728, 1383188, 476834, 116939, 1063517, 226296, 1190423, 1709857, 1151157, -671470, 797410, 'Up']
[2669154, 1432885, -445792, -78998, 2249189, 2481759, 1385370, 474381, 127954, 1073407, 178505, 1085179, 1707872, 1080781, -662850, 787644, 'Up']
[2684161, 1432572, -451326, -78336, 2248994, 2488521, 1381379, 474789, 116463, 1063523, 225176, 1188406, 1710803, 1154209, -670700, 799306, 'Up']
[2661221, 1434042, -446947, -78372, 2248747, 2473989, 1384039, 475093, 128085, 1073399, 180176, 1090019, 1706644, 1078925, -663725, 784785, 'Up']
[2691243, 1431661, -450862, -79437, 2248246, 2495500, 1382706, 475741, 115808, 1063079, 222374, 1183444, 1710241, 1154551, -670691, 799870, 'Up']
[2653780, 1435173, -447760, -77148, 2250214, 2467822, 1385408, 477690, 128723, 1073749, 182054, 1097289, 1706017, 1079659, -662922, 783560, 'Up']
[2696478, 1430314, -450021, -81291, 2246289, 2501953, 1380490, 472881, 115576, 1063101, 217769, 1174890, 1710318, 1152624, -670998, 800390, 'Up']
[2647411, 1436032, -449631, -75930, 2251391, 2462394, 1387437, 479187, 127916, 1072818, 185795, 1107171, 1705605, 1082361, -664201, 781398, 'Up']
[2700198, 1429691, -449441, -82029, 2245569, 2506655, 1379188, 472716, 115869, 1064058, 212671, 1164372, 1710833, 1148503, -670108, 800934, 'Up']
[2642792, 1436758, -450777, -75236, 2252635, 2457693, 1387478, 479748, 127232, 1072295, 189956, 1118147, 1705687, 1087290, -665915, 780926, 'Up']
[2702498, 1428803, -448160, -83177, 2245372, 2510316, 1380674, 471614, 116207, 1064399, 206956, 1151562, 1710996, 1142195, -669477, 800549, 'Up']
[2640654, 1437464, -450872, -74512, 2252880, 2455294, 1388226, 480699, 126165, 1071375, 196049, 1131211, 1706132, 1094544, -665976, 781706, 'Up']
[2702971, 1427721, -447708, -84582, 2243253, 2512117, 1378873, 471865, 117054, 1065184, 201351, 1138098, 1711101, 1133732, -668745, 799965, 'Up']
[2640863, 1436787, -453213, -75177, 2252539, 2455132, 1386683, 481261, 123757, 1068799, 201820, 1145057, 1705689, 1101952, -668477, 782126, 'Up']
[2701714, 1427896, -447838, -84806, 2242944, 2512269, 1379095, 471735, 118118, 1065821, 194772, 1125050, 1710256, 1124250, -668125, 798531, 'Up']
[2642118, 1438093, -453669, -73966, 2253763, 2455873, 1388294, 482511, 123236, 1068015, 207397, 1158160, 1706632, 1111482, -668841, 783318, 'Up']
[2697601, 1428277, -446688, -84664, 2242927, 2509926, 1380396, 471941, 120481, 1067897, 188191, 1111019, 1710716, 1114554, -666624, 797087, 'Up']
[2646113, 1436773, -454041, -75094, 2252550, 2459054, 1385475, 481356, 121053, 1066476, 212795, 1169769, 1707090, 1121529, -670507, 785518, 'Up']
[2692500, 1428920, -445740, -83891, 2243709, 2505703, 1381884, 472955, 121714, 1068791, 182973, 1100192, 1709547, 1104585, -666123, 794282, 'Up']
[2651293, 1436931, -453955, -74778, 2252228, 2462935, 1385920, 481957, 119411, 1065137, 217278, 1179698, 1707675, 1131034, -671132, 788345, 'Up']
[2685787, 1429485, -446525, -83673, 2243698, 2500312, 1380117, 472967, 123373, 1070329, 178504, 1091329, 1708778, 1096065, -665781, 791920, 'Up']
[2657941, 1436171, -453941, -75741, 2251457, 2468857, 1385803, 482046, 117794, 1064045, 221197, 1186624, 1707858, 1139749, -672154, 790250, 'Up']
[2678493, 1430740, -446185, -82897, 2243771, 2494005, 1381538, 475353, 124645, 1071144, 176903, 1086245, 1707812, 1088486, -664943, 789729, 'Up']
[2665336, 1435273, -453070, -77281, 2249788, 2475181, 1384843, 480049, 116572, 1063082, 223316, 1190615, 1708790, 1146265, -672369, 793300, 'Up']
[2670434, 1431680, -446041, -82347, 2244812, 2486936, 1382430, 475570, 125733, 1071530, 175479, 1084723, 1707179, 1082034, -664789, 786920, 'Up']
[2673552, 1433404, -452538, -79117, 2248042, 2482844, 1382168, 478133, 115193, 1061634, 223271, 1191101, 1708631, 1150244, -673268, 795234, 'Up']
[2661698, 1433267, -446188, -80406, 2247284, 2479540, 1382446, 477644, 126638, 1071906, 176312, 1087144, 1706192, 1078541, -665900, 784686, 'Up']
[2679959, 1431773, -451128, -80116, 2247866, 2489900, 1382037, 478142, 115316, 1062154, 221906, 1187520, 1709713, 1152945, -673754, 797502, 'Up']
[2653347, 1433235, -447667, -79761, 2248028, 2472813, 1385053, 478597, 126670, 1071628, 178240, 1091479, 1705885, 1077418, -666579, 783340, 'Up']
[2686683, 1430183, -451867, -81535, 2245897, 2496947, 1379281, 476691, 113392, 1060706, 219616, 1181743, 1709385, 1152365, -675378, 798527, 'Up']
[2645898, 1434800, -448927, -77512, 2249817, 2465504, 1386293, 480894, 127013, 1072222, 181337, 1098879, 1705269, 1078162, -667070, 782299, 'Up']
[2692623, 1428664, -451052, -83173, 2243616, 2502648, 1378937, 474920, 113316, 1061250, 216330, 1172272, 1709709, 1150167, -674435, 800476, 'Up']
[2641267, 1435050, -451000, -77461, 2249638, 2460224, 1385671, 481847, 125658, 1070482, 186491, 1109543, 1704443, 1081197, -668513, 781355, 'Up']
[2696648, 1428599, -450324, -84001, 2243341, 2507093, 1380301, 473881, 114116, 1062113, 211440, 1160964, 1709681, 1145122, -673311, 801013, 'Up']
[2638060, 1436070, -451985, -77011, 2249791, 2456335, 1385315, 483049, 125177, 1069916, 192028, 1121317, 1704430, 1087128, -668694, 781066, 'Up']
[2699314, 1429032, -448688, -84404, 2242671, 2510452, 1378298, 474675, 114807, 1062843, 206137, 1148363, 1709362, 1138282, -672613, 800867, 'Up']
[2636930, 1437397, -451766, -75947, 2251171, 2454510, 1387987, 482546, 124924, 1069819, 198198, 1134556, 1705251, 1094671, -668400, 782579, 'Up']
[2699522, 1428608, -447096, -85286, 2242050, 2511714, 1379048, 474528, 116352, 1064065, 200439, 1134904, 1709635, 1130304, -670788, 800282, 'Up']
[2637757, 1438082, -452097, -75626, 2251737, 2454801, 1385777, 484787, 123721, 1068361, 204424, 1148592, 1705222, 1103653, -670050, 783295, 'Up']
[2697918, 1427898, -446644, -86439, 2241265, 2511761, 1377893, 472685, 117903, 1065061, 194517, 1121925, 1709446, 1120532, -670327, 798412, 'Up']
