[1947629, 1822597, 905055, 309726, 2576538, 4567977, 2570733, 2675926, 817153, 1167541, 145394, 1394672, 2358370, 2623822, 1210650, 1453959, 'Up']
[1943632, 1818046, 906122, 313842, 2574834, 4599060, 2575483, 2679314, 822701, 1173277, 146826, 1394742, 2351297, 2602237, 1195283, 1389613, 'Up']
[1947272, 1821432, 904618, 308748, 2576272, 4574058, 2574886, 2682899, 816554, 1166970, 145955, 1395921, 2359645, 2629441, 1212506, 1454321, 'Up']
[1945168, 1818773, 906559, 313874, 2575697, 4587271, 2573122, 2675660, 822689, 1172985, 145824, 1393181, 2350462, 2596766, 1194697, 1390770, 'Up']
[1947778, 1821151, 904342, 308839, 2575595, 4579820, 2576495, 2688324, 816357, 1166852, 146618, 1397220, 2359780, 2633855, 1212842, 1452365, 'Up']
[1946419, 1818675, 906021, 313006, 2575731, 4575806, 2571756, 2671439, 822807, 1172620, 145170, 1391896, 2350165, 2592345, 1194502, 1392173, 'Up']
[1947835, 1819404, 903569, 307960, 2574350, 4587363, 2579389, 2695479, 815233, 1165464, 145759, 1396862, 2359709, 2636161, 1212181, 1448951, 'Up']
[1949589, 1820488, 907164, 313512, 2575995, 4564405, 2569000, 2668268, 823222, 1172895, 145362, 1390862, 2350318, 2589319, 1193499, 1397040, 'Up']
[1949047, 1819293, 904685, 308635, 2574146, 4592562, 2580540, 2698862, 816405, 1166415, 147370, 1398330, 2360141, 2638034, 1210850, 1442679, 'Up']
[1951431, 1821308, 907999, 313523, 2576714, 4553941, 2567241, 2665454, 823616, 1172915, 145347, 1390753, 2351573, 2587891, 1194249, 1402028, 'Up']
[1948400, 1818213, 904494, 309289, 2573383, 4597550, 2582581, 2703437, 816603, 1166556, 147988, 1398732, 2359988, 2637834, 1210131, 1436003, 'Up']
[1952467, 1821971, 907844, 313376, 2577049, 4544419, 2566245, 2664777, 823007, 1172066, 145325, 1389915, 2351920, 2588411, 1195870, 1410071, 'Up']
[1948043, 1817361, 904532, 310127, 2573752, 4600120, 2584060, 2705830, 817087, 1166860, 148269, 1398797, 2359510, 2636402, 1208907, 1428324, 'Up']
[1953126, 1822518, 907766, 312904, 2577516, 4536720, 2566297, 2665257, 822138, 1171119, 144735, 1389787, 2352901, 2590953, 1198497, 1417926, 'Up']
[1948116, 1816882, 904661, 310381, 2573141, 4600268, 2585854, 2707830, 817279, 1167112, 147772, 1398361, 2358225, 2633406, 1207240, 1420212, 'Up']
[1954840, 1823633, 907952, 313030, 2578089, 4531229, 2567915, 2667445, 821588, 1170781, 144697, 1390266, 2354346, 2594984, 1201548, 1426472, 'Up']
[1948146, 1816498, 904160, 310990, 2572774, 4599967, 2585952, 2708423, 818183, 1168314, 148061, 1398555, 2357052, 2629772, 1205282, 1411547, 'Up']
[1955575, 1824031, 906813, 311925, 2577526, 4528822, 2568207, 2670362, 820429, 1169920, 144395, 1390697, 2354646, 2600249, 1202850, 1434206, 'Up']
[1948778, 1816785, 904094, 311389, 2572811, 4596562, 2585165, 2705735, 819134, 1169112, 147671, 1397453, 2355409, 2624355, 1201812, 1402968, 'Up']
[1955992, 1824252, 906188, 311405, 2577105, 4528953, 2569966, 2674197, 819716, 1169135, 144402, 1391247, 2356104, 2606054, 1204534, 1440004, 'Up']
[1949221, 1816897, 903771, 311626, 2571668, 4592194, 2583714, 2704116, 820081, 1170029, 147507, 1396445, 2354270, 2617614, 1199236, 1396240, 'Up']
[1956418, 1824274, 905551, 310373, 2576264, 4530538, 2571787, 2679581, 818512, 1167902, 144316, 1391917, 2357755, 2611804, 1206397, 1446471, 'Up']
[1950555, 1817685, 904904, 312725, 2572872, 4584549, 2582848, 2699902, 821536, 1171100, 147666, 1395572, 2353849, 2610548, 1196900, 1390740, 'Up']
[1956183, 1823420, 905474, 309707, 2575718, 4534578, 2574559, 2685687, 817889, 1167117, 145457, 1393194, 2359157, 2617998, 1209003, 1449854, 'Up']
[1951679, 1818187, 906045, 313153, 2573422, 4575916, 2581473, 2696098, 822169, 1171651, 147175, 1394325, 2352793, 2603994, 1195676, 1388290, 'Up']
[1956558, 1823311, 906053, 309293, 2576287, 4539620, 2578821, 2692168, 817342, 1166451, 146019, 1394386, 2360335, 2624415, 1211327, 1452003, 'Up']
[1952513, 1818763, 906746, 312822, 2574266, 4565948, 2580961, 2692776, 822727, 1171669, 146920, 1393065, 2352593, 2597967, 1195195, 1387573, 'Up']
[1956202, 1822702, 905502, 308489, 2574937, 4546856, 2581345, 2699919, 816617, 1165751, 146603, 1395333, 2361047, 2628996, 1211767, 1452652, 'Up']
[1954121, 1820541, 906756, 313625, 2574699, 4555502, 2579526, 2689231, 823332, 1172489, 146348, 1392154, 2352115, 2593735, 1193419, 1389584, 'Up']
[1955670, 1822211, 903991, 308539, 2573835, 4553945, 2584590, 2706467, 816433, 1166257, 147015, 1396826, 2361264, 2634087, 1211071, 1450333, 'Up']
[1955225, 1821356, 906489, 313702, 2574556, 4545006, 2577317, 2686143, 823429, 1172767, 145901, 1391169, 2351392, 2590758, 1191921, 1393319, 'Up']
[1955369, 1821578, 903625, 308819, 2573064, 4562364, 2586751, 2712544, 816023, 1165850, 146873, 1397191, 2361012, 2636943, 1209487, 1446714, 'Up']
[1956415, 1822481, 907176, 314102, 2575779, 4536592, 2576609, 2683218, 823785, 1172948, 145433, 1390783, 2351968, 2589244, 1192150, 1398371, 'Up']
[1954851, 1820819, 904422, 309341, 2573645, 4569663, 2589360, 2716158, 816428, 1165971, 147402, 1397816, 2361153, 2638325, 1208834, 1440081, 'Up']
[1957591, 1823237, 907762, 313728, 2577860, 4528441, 2576467, 2681099, 823765, 1172477, 145308, 1390061, 2353101, 2589213, 1193596, 1403587, 'Up']
[1953292, 1818448, 903530, 308430, 2585640, 4576050, 2593047, 2720891, 816550, 1165446, 147279, 1397619, 2360989, 2638023, 1208248, 1432616, 'Up']
[1958320, 1823265, 907296, 312786, 2592994, 4520356, 2575166, 2680953, 822761, 1170561, 143827, 1388510, 2353332, 2588498, 1194847, 1412136, 'Up']
[1953398, 1818133, 904132, 309680, 2589142, 4579541, 2594651, 2723171, 817415, 1166120, 147238, 1397960, 2360111, 2635361, 1206331, 1424793, 'Up']
[1958630, 1823347, 906938, 311956, 2593285, 4515575, 2576581, 2682523, 822087, 1170040, 143625, 1389040, 2354727, 2591550, 1197784, 1420511, 'Up']
[1952943, 1817533, 903708, 309658, 2589254, 4581031, 2595804, 2724539, 817458, 1166076, 146719, 1396951, 2359095, 2631358, 1204546, 1417560, 'Up']
[1959588, 1824356, 906147, 311277, 2593153, 4511731, 2577485, 2684641, 821351, 1169365, 143737, 1389034, 2355650, 2595690, 1199539, 1429217, 'Up']
[1953107, 1817475, 902951, 310309, 2588451, 4580067, 2596292, 2724230, 818528, 1167459, 147145, 1396540, 2358081, 2626984, 1201575, 1409326, 'Up']
[1959795, 1824411, 905418, 310875, 2592397, 4510388, 2579697, 2689032, 820080, 1168462, 143685, 1389442, 2356930, 2601232, 1200918, 1437354, 'Up']
[1953810, 1817664, 903448, 311487, 2588384, 4576967, 2595319, 2722475, 819521, 1168476, 147367, 1395959, 2356554, 2621305, 1198450, 1402152, 'Up']
[1960381, 1824600, 905514, 310765, 2592773, 4511409, 2581281, 2693222, 819585, 1167872, 144565, 1390659, 2358094, 2608015, 1203315, 1443552, 'Up']
[1953894, 1817399, 904099, 312110, 2588717, 4572281, 2594767, 2720389, 820281, 1168951, 147347, 1395012, 2355486, 2615100, 1196958, 1396074, 'Up']
[1960912, 1824559, 905608, 310635, 2592421, 4515029, 2583491, 2698800, 818940, 1167261, 145552, 1392095, 2359600, 2614600, 1206334, 1449182, 'Up']
[1955021, 1818009, 905059, 312725, 2588636, 4565685, 2594008, 2716162, 821840, 1170217, 147311, 1394218, 2354668, 2609096, 1195451, 1391176, 'Up']
[1960852, 1823872, 905632, 309437, 2591991, 4519384, 2587535, 2704826, 817972, 1165786, 145450, 1392579, 2360873, 2620893, 1208679, 1452212, 'Up']
[1956301, 1818560, 906106, 313036, 2589909, 4556877, 2593048, 2712062, 822625, 1170447, 146800, 1392704, 2354274, 2602838, 1194386, 1388645, 'Up']
[1960631, 1823109, 905059, 308444, 2590916, 4526192, 2591062, 2711683, 817528, 1165188, 146322, 1393637, 2362410, 2626727, 1210409, 1453032, 'Up']
[1957199, 1819125, 905778, 312821, 2589413, 4547915, 2592032, 2708948, 822885, 1170558, 146710, 1391416, 2353800, 2597163, 1192766, 1389492, 'Up']
[1960331, 1822383, 904145, 308138, 2590348, 4533419, 2595766, 2719454, 816588, 1164557, 146841, 1394453, 2362529, 2631229, 1210737, 1454067, 'Up']
[1958831, 1820309, 905785, 312722, 2589769, 4537385, 2591502, 2705349, 823790, 1171049, 146569, 1390332, 2353379, 2592494, 1192057, 1392250, 'Up']
[1960534, 1822068, 903279, 307714, 2588524, 4540550, 2597695, 2725129, 816959, 1164337, 147513, 1395427, 2362987, 2634411, 1209680, 1450926, 'Up']
[1961101, 1822037, 906549, 313406, 2590182, 4527636, 2589703, 2701486, 824525, 1171530, 146567, 1389889, 2353619, 2589902, 1191043, 1395604, 'Up']
[1959932, 1820782, 903601, 308007, 2587944, 4548615, 2600835, 2730398, 817002, 1164506, 148012, 1396286, 2363502, 2637278, 1209314, 1445810, 'Up']
[1961299, 1821863, 906793, 313135, 2590483, 4519537, 2589136, 2699473, 823936, 1170684, 145505, 1388658, 2354523, 2588126, 1191807, 1401567, 'Up']
[1959629, 1819707, 903747, 308878, 2587853, 4555574, 2603855, 2735038, 816779, 1164276, 147662, 1396239, 2363110, 2638161, 1207973, 1440167, 'Up']
[1963012, 1822719, 907176, 312933, 2591214, 4510704, 2589852, 2698285, 823753, 1170478, 145314, 1388066, 2355187, 2588604, 1193331, 1408535, 'Up']
[1959804, 1819032, 904055, 309153, 2587720, 4559810, 2606958, 2738318, 817315, 1164501, 148026, 1396558, 2362776, 2637271, 1207108, 1432999, 'Up']
[1965029, 1824074, 907914, 312848, 2591368, 4503461, 2589623, 2697613, 823949, 1170193, 145746, 1388413, 2356154, 2590437, 1194998, 1416493, 'Up']
[1960085, 1818506, 903853, 309160, 2586964, 4562516, 2609566, 2740204, 818001, 1164887, 148478, 1396382, 2362191, 2634969, 1204902, 1425034, 'Up']
[1967100, 1825030, 907385, 312067, 2591500, 4498876, 2591626, 2698898, 823683, 1169575, 145967, 1388365, 2357306, 2593337, 1197081, 1424813, 'Up']
[1961756, 1818652, 903468, 309776, 2586269, 4563783, 2610419, 2740941, 819158, 1165730, 148626, 1396017, 2361245, 2630571, 1202835, 1416663, 'Up']
[1969298, 1825659, 906405, 311445, 2591323, 4496477, 2593192, 2702266, 822544, 1168950, 145546, 1388856, 2358479, 2598034, 1199280, 1434157, 'Up']
[1966085, 1818958, 903686, 310877, 2587197, 4561806, 2610959, 2739500, 820276, 1167273, 148452, 1395915, 2360361, 2626065, 1199937, 1409428, 'Up']
[1976363, 1825726, 905707, 310620, 2591050, 4494820, 2594818, 2705695, 821680, 1167932, 145297, 1389286, 2360013, 2603378, 1201069, 1441523, 'Up']
[1970526, 1819172, 904357, 311655, 2587592, 4558100, 2611446, 2737088, 821233, 1168247, 148459, 1395021, 2358796, 2619594, 1197016, 1402511, 'Up']
[1976968, 1825852, 905917, 310588, 2592475, 4496302, 2598937, 2710849, 820389, 1167072, 145495, 1390401, 2361177, 2610041, 1203037, 1447991, 'Up']
[1971000, 1819260, 904850, 312868, 2588992, 4553674, 2612389, 2735137, 821805, 1169233, 148005, 1394552, 2357768, 2613601, 1195196, 1397454, 'Up']
[1977456, 1825959, 906229, 310795, 2593361, 4499519, 2603641, 2716875, 819580, 1166543, 146137, 1391710, 2362470, 2616886, 1205905, 1453481, 'Up']
[1971979, 1819697, 905634, 313326, 2589759, 4546285, 2612247, 2731541, 823117, 1169994, 148005, 1393502, 2356807, 2607281, 1194221, 1394230, 'Up']
[1977514, 1825284, 905566, 309498, 2592298, 4503281, 2607141, 2722946, 819328, 1165473, 147039, 1392697, 2363119, 2622757, 1207599, 1456158, 'Up']
[1974036, 1821390, 906957, 313986, 2591337, 4537522, 2611688, 2726027, 824678, 1170800, 148490, 1392416, 2356035, 2600885, 1192361, 1391660, 'Up']
[1977520, 1825058, 905386, 308788, 2592758, 4509823, 2611283, 2728774, 819137, 1165363, 147924, 1394170, 2364957, 2628922, 1209552, 1455731, 'Up']
[1974636, 1821680, 905941, 313167, 2591038, 4528631, 2610712, 2722010, 824739, 1170643, 147071, 1391036, 2356223, 2595635, 1191642, 1391858, 'Up']
[1977496, 1824390, 903476, 308117, 2590827, 4515651, 2615067, 2734881, 817937, 1164276, 147048, 1394766, 2365336, 2633071, 1208907, 1454632, 'Up']
[1977293, 1822930, 905583, 313342, 2591553, 4518015, 2611435, 2718297, 824709, 1170578, 146335, 1390088, 2355545, 2591445, 1190038, 1394742, 'Up']
[1979834, 1824306, 903149, 308708, 2590583, 4522022, 2619471, 2740406, 817922, 1164294, 147751, 1396142, 2365068, 2635867, 1208049, 1451081, 'Up']
[1980675, 1824546, 906071, 314017, 2592251, 4508219, 2611866, 2714382, 825183, 1171230, 146325, 1390218, 2355883, 2589420, 1190049, 1398552, 'Up']
[1979079, 1822790, 902557, 308666, 2588476, 4528429, 2624769, 2746648, 817134, 1164008, 147498, 1396649, 2365277, 2638085, 1207502, 1446193, 'Up']
[1982073, 1825321, 906424, 314156, 2591778, 4498655, 2612675, 2713403, 824106, 1170406, 146791, 1389199, 2356027, 2588127, 1190347, 1406063, 'Up']
[1979907, 1822583, 903326, 309850, 2588859, 4534055, 2629067, 2750490, 817896, 1164810, 151447, 1397910, 2365037, 2638518, 1206550, 1439578, 'Up']
[1984456, 1826844, 907069, 313971, 2592741, 4491533, 2613922, 2712092, 824412, 1170427, 148443, 1389110, 2357257, 2589112, 1192389, 1412858, 'Up']
[1980237, 1822248, 903767, 309784, 2588538, 4538832, 2633334, 2754215, 818234, 1164727, 151580, 1397331, 2364732, 2637326, 1205099, 1432299, 'Up']
[1986174, 1828093, 907798, 313307, 2593280, 4485493, 2616658, 2713296, 823984, 1169513, 148593, 1388678, 2358520, 2591581, 1194299, 1421802, 'Up']
[1980543, 1822309, 904574, 310195, 2588912, 4542474, 2636702, 2755586, 819414, 1165333, 152512, 1397525, 2364442, 2634033, 1203184, 1424031, 'Up']
[1987035, 1829042, 907086, 312071, 2593551, 4481818, 2620304, 2715753, 823003, 1168115, 148532, 1388587, 2360081, 2594299, 1196663, 1430411, 'Up']
[1981340, 1823097, 904186, 311246, 2588848, 4543245, 2640023, 2755772, 820138, 1165897, 152517, 1396949, 2362970, 2628932, 1200255, 1416791, 'Up']
[1987927, 1829939, 906976, 312479, 2593261, 4480283, 2624059, 2718459, 822927, 1167838, 149079, 1389493, 2361223, 2599447, 1198208, 1438458, 'Up']
[1981381, 1823020, 904190, 312222, 2588230, 4543616, 2642343, 2754640, 821538, 1167164, 152519, 1396504, 2361931, 2623858, 1197548, 1408574, 'Up']
[1988025, 1830113, 905893, 311513, 2592521, 4480749, 2628862, 2722947, 822096, 1167292, 149216, 1390497, 2362532, 2605751, 1200033, 1445598, 'Up']
[1980865, 1822451, 903429, 311996, 2587604, 4541907, 2645521, 2753579, 821998, 1167747, 151666, 1395370, 2360634, 2617634, 1194402, 1402529, 'Up']
[1987028, 1828960, 904663, 310533, 2591944, 4484668, 2635726, 2730381, 820446, 1165734, 148630, 1391219, 2363449, 2612061, 1202028, 1452823, 'Up']
[1980625, 1822004, 903828, 312899, 2588420, 4538424, 2647905, 2751009, 822628, 1168316, 150655, 1394338, 2358678, 2611257, 1192307, 1398880, 'Up']
[1985201, 1827059, 904044, 309840, 2590787, 4489601, 2641229, 2737559, 819516, 1164738, 148442, 1391838, 2364619, 2618961, 1204302, 1457383, 'Up']
[1979868, 1821350, 904134, 313826, 2589211, 4532593, 2649900, 2749070, 822860, 1168331, 149563, 1392234, 2358047, 2604541, 1190743, 1397187, 'Up']
[1984561, 1826439, 904152, 310602, 2592012, 4493886, 2647204, 2743452, 819287, 1164388, 149334, 1393022, 2365731, 2624715, 1206337, 1459687, 'Up']
[1979585, 1821407, 904655, 314294, 2590039, 4523557, 2652447, 2744528, 824272, 1169187, 149434, 1391195, 2358029, 2598702, 1190204, 1394776, 'Up']
[1982868, 1825132, 903899, 310439, 2592137, 4499196, 2656048, 2750538, 818837, 1163442, 149633, 1393488, 2366765, 2629235, 1208197, 1459398, 'Up']
[1979799, 1821956, 905179, 315754, 2591119, 4515483, 2656086, 2741315, 824910, 1169129, 149111, 1390139, 2357908, 2593815, 1190639, 1396404, 'Up']
[1981784, 1824666, 903120, 311811, 2590904, 4508358, 2663119, 2757174, 818929, 1163376, 149740, 1394866, 2367264, 2634045, 1208637, 1457621, 'Up']
[1980065, 1823099, 904392, 316651, 2590946, 4509062, 2657873, 2737475, 826300, 1170219, 147659, 1389747, 2357649, 2591190, 1189470, 1399704, 'Up']
[1980032, 1823718, 901182, 311763, 2589784, 4517494, 2669692, 2763427, 818558, 1162831, 148468, 1395222, 2367028, 2636789, 1206773, 1454299, 'Up']
[1980630, 1824538, 903629, 316433, 2591214, 4502181, 2661155, 2735721, 825859, 1169722, 146681, 1388591, 2358009, 2588800, 1188826, 1405514, 'Up']
[1979855, 1823947, 901370, 312028, 2589722, 4526837, 2676305, 2769063, 819404, 1163856, 149717, 1396372, 2367098, 2638390, 1205436, 1449213, 'Up']
[1982208, 1826415, 904478, 315884, 2592413, 4496412, 2664674, 2733577, 826988, 1170517, 148219, 1388614, 2358702, 2588451, 1189212, 1412165, 'Up']
[1978391, 1822496, 900873, 311052, 2588881, 4534123, 2683780, 2773203, 819905, 1164259, 150827, 1396703, 2367965, 2637844, 1203864, 1441870, 'Up']
[1982351, 1826621, 904487, 314835, 2592584, 4490430, 2669587, 2734120, 826007, 1169580, 147810, 1387792, 2361562, 2588706, 1190634, 1420424, 'Up']
[1977338, 1821516, 901175, 311054, 2588392, 4539809, 2690160, 2776097, 820270, 1164339, 151045, 1396316, 2370604, 2635215, 1201934, 1434498, 'Up']
[1983266, 1827344, 905113, 313986, 2592994, 4486003, 2674052, 2734483, 825896, 1168647, 147819, 1387710, 2369776, 2590894, 1192217, 1428880, 'Up']
[1977916, 1820833, 902091, 311840, 2588353, 4544026, 2695194, 2777047, 822034, 1165242, 151704, 1396561, 2387020, 2631723, 1200231, 1425734, 'Up']
[1984679, 1826596, 904989, 312904, 2592725, 4483329, 2681164, 2738839, 825318, 1167629, 147384, 1388119, 2437120, 2595158, 1195427, 1437964, 'Up']
[1977430, 1819246, 902215, 311504, 2588473, 4544428, 2702911, 2778751, 822455, 1165098, 151001, 1395608, 2481504, 2626681, 1198375, 1419680, 'Up']
[1985141, 1826882, 905246, 312939, 2593374, 4482362, 2690163, 2742797, 824753, 1166599, 147832, 1388608, 2490128, 2599584, 1197952, 1446584, 'Up']
[1978635, 1819673, 902463, 313451, 2588550, 4544513, 2712422, 2777199, 824249, 1166734, 151345, 1395792, 2495976, 2620716, 1196126, 1411644, 'Up']
[1984488, 1826580, 903795, 312358, 2592288, 4484346, 2705247, 2748124, 824087, 1166105, 147963, 1390257, 2501288, 2606814, 1200175, 1453089, 'Up']
[1977957, 1819744, 902341, 314285, 2588501, 4542689, 2729430, 2775215, 825982, 1167420, 150499, 1394608, 2502549, 2614964, 1193184, 1405549, 'Up']
[1983646, 1826392, 903219, 312159, 2591746, 4487460, 2730284, 2754157, 826250, 1165567, 148337, 1391495, 2509388, 2614200, 1202425, 1458446, 'Up']
[1977106, 1819662, 902561, 314809, 2588075, 4538510, 2755877, 2772282, 828695, 1168346, 150373, 1393888, 2507206, 2608697, 1191086, 1401181, 'Up']
[1982002, 1825200, 902770, 311423, 2590659, 4492818, 2767575, 2761032, 824968, 1164503, 148360, 1392373, 2514642, 2620516, 1204110, 1461700, 'Up']
[1976557, 1819698, 903260, 315064, 2587986, 4532723, 2793041, 2768685, 829171, 1169073, 149062, 1392557, 2509281, 2602770, 1189715, 1398927, 'Up']
[1980922, 1824400, 902931, 311234, 2590152, 4499094, 2806892, 2767734, 823609, 1163562, 148121, 1393266, 2517757, 2626158, 1205525, 1463780, 'Up']
[1977140, 1820284, 904284, 315685, 2589193, 4525496, 2823215, 2764979, 829555, 1169442, 149060, 1391531, 2511422, 2596559, 1188571, 1398913, 'Up']
[1979291, 1822992, 902319, 310244, 2589266, 4506002, 2837495, 2774600, 822912, 1162866, 149260, 1394154, 2520963, 2630211, 1206732, 1463102, 'Up']
[1977372, 1821167, 904663, 315654, 2589307, 4517727, 2844970, 2760976, 829614, 1169405, 150270, 1390347, 2513005, 2591549, 1188064, 1401385, 'Up']
[1978779, 1823079, 902990, 311048, 2589120, 4515095, 2860699, 2780384, 823287, 1163459, 151488, 1395990, 2523222, 2634275, 1206830, 1460066, 'Up']
[1977534, 1821946, 904697, 315207, 2589842, 4510161, 2861373, 2757499, 830279, 1169816, 149315, 1390048, 2515720, 2589039, 1188605, 1404504, 'Up']
[1976949, 1821856, 901698, 310595, 2588125, 4522307, 2879497, 2785806, 822667, 1162511, 150618, 1396046, 2526001, 2636281, 1206309, 1455921, 'Up']
[1978024, 1823227, 904821, 315543, 2589879, 4502694, 2875511, 2754943, 829806, 1169446, 148563, 1389078, 2518512, 2587466, 1188805, 1410140, 'Up']
[1975390, 1820752, 901494, 310990, 2586819, 4530992, 2897146, 2790629, 822646, 1163319, 150669, 1397208, 2528495, 2638400, 1205371, 1448848, 'Up']
[1977730, 1823488, 904201, 314980, 2589285, 4496115, 2889880, 2754227, 828930, 1168973, 147595, 1388486, 2520984, 2587982, 1189786, 1417270, 'Up']
[1974071, 1819808, 901188, 311618, 2585947, 4538153, 2913583, 2794410, 822508, 1163269, 150355, 1396768, 2528906, 2637096, 1203345, 1441898, 'Up']
[1978527, 1824408, 904658, 315152, 2590064, 4491847, 2903022, 2753430, 829206, 1168964, 147876, 1388496, 2523292, 2589654, 1191370, 1424070, 'Up']
[1972738, 1818710, 901348, 312028, 2585492, 4544030, 2929295, 2795869, 823773, 1164130, 151466, 1397200, 2529559, 2634815, 1201503, 1432393, 'Up']
[1977717, 1824181, 904297, 314265, 2589675, 4488324, 2918111, 2755116, 828657, 1167899, 147761, 1388550, 2525215, 2592657, 1193476, 1432304, 'Up']
[1971787, 1817981, 901523, 313109, 2585076, 4547229, 2942763, 2796775, 824353, 1164317, 150438, 1396282, 2528572, 2630443, 1198860, 1424659, 'Up']
[1977639, 1824541, 904388, 314434, 2589761, 4487395, 2932330, 2758991, 827607, 1167257, 147555, 1389068, 2522249, 2598096, 1196291, 1441203, 'Up']
[1971535, 1817861, 901894, 313888, 2584383, 4549185, 2954530, 2797170, 824509, 1165124, 150470, 1395870, 2517809, 2625721, 1197468, 1417667, 'Up']
[1978216, 1824784, 904182, 313777, 2589013, 4488122, 2944716, 2762897, 826291, 1166371, 147856, 1389918, 2512961, 2603669, 1198675, 1448901, 'Up']
[1971656, 1817566, 902234, 313809, 2584511, 4549734, 2967922, 2795127, 825369, 1166169, 150784, 1395088, 2509039, 2620294, 1194738, 1409711, 'Up']
[1978595, 1824352, 903766, 312110, 2588278, 4491566, 2963726, 2768398, 824733, 1165047, 148353, 1390182, 2506816, 2609487, 1200492, 1454803, 'Up']
[1972990, 1817855, 902390, 314043, 2583991, 4547677, 2987059, 2793271, 825761, 1166580, 150637, 1393475, 2496945, 2612777, 1191972, 1403562, 'Up']
[1979476, 1824218, 903276, 311738, 2587694, 4495547, 2988847, 2775302, 823552, 1164439, 149319, 1391099, 2492984, 2615989, 1202180, 1459392, 'Up']
[1973611, 1818211, 903147, 314846, 2584556, 4543390, 3009782, 2790290, 826261, 1167749, 150787, 1392552, 2480109, 2606324, 1189981, 1399920, 'Up']
[1977832, 1823377, 902942, 311206, 2586649, 4500812, 3013161, 2782301, 822298, 1163605, 149635, 1392239, 2479937, 2622013, 1204001, 1461567, 'Up']
[1973488, 1818936, 903925, 315807, 2585702, 4536418, 3027673, 2787598, 826546, 1168241, 150164, 1391412, 2467284, 2600165, 1188519, 1397968, 'Up']
[1976970, 1822666, 902822, 311280, 2585866, 4507774, 3033326, 2790525, 821586, 1163613, 150591, 1393859, 2470542, 2627844, 1205500, 1461691, 'Up']
[1973926, 1819119, 904068, 316016, 2584381, 4529427, 3041016, 2785820, 826320, 1168490, 149831, 1390283, 2457157, 2594583, 1187452, 1397950, 'Up']
[1976301, 1821911, 902627, 311345, 2584860, 4515884, 3049526, 2799415, 819978, 1162628, 150357, 1394103, 2461392, 2632035, 1205951, 1460706, 'Up']
[1974912, 1820183, 904677, 316603, 2585284, 4522404, 3051489, 2783836, 826452, 1169182, 150938, 1389579, 2448572, 2591088, 1187541, 1400088, 'Up']
[1975257, 1820915, 901918, 311743, 2583595, 4523844, 3063328, 2806749, 819349, 1162904, 153070, 1395501, 2454833, 2635531, 1206047, 1456567, 'Up']
[1975299, 1821024, 904438, 316827, 2584739, 4513475, 3061246, 2781627, 825733, 1169226, 151250, 1388915, 2442878, 2588252, 1187559, 1403882, 'Up']
[1973861, 1819780, 901617, 312089, 2582372, 4531900, 3077805, 2813782, 818543, 1162661, 152327, 1395953, 2449532, 2637019, 1205501, 1450946, 'Up']
[1975911, 1821910, 904808, 316856, 2585712, 4506980, 3070265, 2780823, 825359, 1169121, 149076, 1388424, 2438002, 2587341, 1188248, 1409781, 'Up']
[1972840, 1818362, 901051, 311820, 2581447, 4539566, 3089184, 2819241, 818239, 1163065, 151789, 1396704, 2443963, 2637542, 1204084, 1443997, 'Up']
[1976147, 1822143, 904211, 315779, 2584617, 4499970, 3078327, 2781675, 824205, 1168417, 148423, 1387806, 2432407, 2587596, 1189369, 1416963, 'Up']
[1971699, 1817567, 900529, 311878, 2580393, 4544770, 3098957, 2823443, 817841, 1162974, 151585, 1396460, 2435497, 2635608, 1201801, 1436472, 'Up']
[1976073, 1822780, 904166, 315424, 2584933, 4495006, 3088773, 2784350, 823028, 1167726, 148143, 1387566, 2425573, 2589660, 1191017, 1425499, 'Up']
[1970632, 1817784, 901271, 313446, 2580873, 4550621, 3111529, 2826930, 818250, 1164310, 151868, 1396708, 2428079, 2633458, 1200090, 1428862, 'Up']
[1975689, 1823164, 904001, 314989, 2584850, 4492501, 3100781, 2787157, 822183, 1167851, 148388, 1388364, 2420690, 2594076, 1193322, 1433528, 'Up']
[1969381, 1816843, 901362, 313669, 2579891, 4552223, 3125801, 2827796, 818506, 1164671, 151089, 1395887, 2420996, 2628411, 1197191, 1419769, 'Up']
[1974780, 1823041, 903362, 314218, 2583522, 4491835, 3116399, 2792546, 820866, 1166300, 148003, 1388347, 2416769, 2598645, 1195485, 1441603, 'Up']
[1968039, 1816062, 901041, 314064, 2579997, 4554248, 3140983, 2829651, 818867, 1165478, 151584, 1395079, 2415742, 2623047, 1195037, 1413229, 'Up']
[1974365, 1822707, 902538, 313329, 2583750, 4492012, 3131330, 2797957, 819021, 1164987, 148123, 1388338, 2414043, 2603866, 1197615, 1449627, 'Up']
[1967223, 1815511, 900944, 314356, 2578772, 4551408, 3150720, 2828916, 819026, 1165642, 150888, 1393432, 2410039, 2616441, 1192358, 1406025, 'Up']
[1974166, 1822879, 903028, 313487, 2583306, 4493691, 3143073, 2804574, 818176, 1164338, 148986, 1389322, 2409969, 2610404, 1200318, 1455195, 'Up']
[1967441, 1816050, 901986, 315465, 2579240, 4548065, 3158952, 2826641, 820272, 1167097, 151454, 1393001, 2403524, 2610092, 1190701, 1400507, 'Up']
[1972585, 1822102, 902401, 312550, 2582420, 4498320, 3152230, 2812654, 816623, 1163350, 149448, 1390736, 2405366, 2617610, 1202367, 1459639, 'Up']
[1967386, 1816637, 902837, 316341, 2579678, 4542674, 3163097, 2824956, 820528, 1167515, 151198, 1391780, 2396033, 2603481, 1189193, 1398253, 'Up']
[1972393, 1822496, 903331, 313275, 2582293, 4504450, 3159913, 2819883, 816249, 1163529, 150868, 1392666, 2400051, 2623223, 1204636, 1461759, 'Up']
[1967844, 1817487, 903634, 316941, 2579529, 4536248, 3164268, 2820853, 821490, 1168771, 151646, 1391846, 2389023, 2597860, 1188582, 1396640, 'Up']
[1970407, 1820364, 901901, 311827, 2580658, 4511987, 3165643, 2827861, 815297, 1162575, 151530, 1393882, 2394075, 2628103, 1205340, 1460793, 'Up']
[1968533, 1817951, 903516, 316792, 2580396, 4528692, 3167298, 2819454, 820740, 1168123, 150720, 1389790, 2382115, 2592173, 1187203, 1398465, 'Up']
[1971648, 1820484, 901935, 312271, 2580018, 4520091, 3171561, 2835542, 814521, 1162612, 152417, 1394961, 2388731, 2632459, 1205382, 1459509, 'Up']
[1970261, 1818842, 904039, 316725, 2580349, 4521117, 3167560, 2815758, 821536, 1168996, 151455, 1389854, 2376625, 2589311, 1186773, 1400591, 'Up']
[1970181, 1819246, 901456, 312105, 2579076, 4529025, 3175479, 2842099, 813757, 1161787, 152281, 1395436, 2382797, 2635169, 1204565, 1454042, 'Up']
[1970322, 1819714, 904506, 317464, 2580610, 4514136, 3168810, 2815498, 820954, 1168857, 151180, 1389093, 2371391, 2587584, 1187435, 1405486, 'Up']
[1968563, 1818240, 901596, 312649, 2577411, 4536847, 3181089, 2849579, 813553, 1162358, 153303, 1396899, 2379316, 2637575, 1204559, 1449385, 'Up']
[1970684, 1820367, 904432, 317035, 2579986, 4506414, 3168400, 2815081, 820379, 1168531, 150960, 1389342, 2368777, 2586673, 1188246, 1412124, 'Up']
[1967677, 1817349, 901431, 313486, 2576950, 4544657, 3183754, 2854301, 813702, 1162479, 153712, 1397795, 2374906, 2636392, 1202993, 1441743, 'Up']
[1971244, 1821239, 904666, 317023, 2581070, 4501996, 3168932, 2815402, 819901, 1168200, 151027, 1389528, 2365952, 2587727, 1189948, 1419245, 'Up']
[1966187, 1816177, 901335, 313935, 2577139, 4551095, 3186481, 2857763, 813847, 1163136, 154336, 1398391, 2371484, 2634785, 1201731, 1433437, 'Up']
[1971119, 1821335, 904336, 316516, 2580665, 4498136, 3169912, 2817512, 818654, 1167266, 150655, 1389533, 2363108, 2590542, 1192013, 1427538, 'Up']
[1965452, 1815673, 901488, 314641, 2576139, 4555755, 3186117, 2859135, 814156, 1163777, 154277, 1397940, 2366363, 2631069, 1199188, 1424843, 'Up']
[1971122, 1821793, 904425, 316076, 2580673, 4496244, 3169466, 2820444, 817789, 1166794, 151103, 1390060, 2360933, 2594731, 1193635, 1434996, 'Up']
[1964826, 1815572, 902112, 315274, 2576068, 4558949, 3188679, 2860429, 814666, 1164533, 154630, 1397948, 2361563, 2626818, 1196981, 1416557, 'Up']
[1970932, 1822186, 903978, 315032, 2579775, 4497294, 3171243, 2825388, 816608, 1166022, 151584, 1391217, 2357718, 2600124, 1196194, 1443319, 'Up']
[1964370, 1815196, 901785, 315348, 2575171, 4560343, 3186562, 2860562, 814967, 1165463, 154632, 1397326, 2355603, 2620605, 1193621, 1409705, 'Up']
[1970561, 1821980, 903516, 314502, 2579609, 4499746, 3172151, 2832169, 814830, 1164661, 151812, 1391790, 2355279, 2606115, 1198047, 1451075, 'Up']
[1964042, 1815240, 902350, 316287, 2575663, 4559123, 3184453, 2859231, 815586, 1166050, 154840, 1396475, 2351345, 2614026, 1191089, 1403921, 'Up']
[1969271, 1821332, 903245, 313930, 2578346, 4504309, 3171965, 2838074, 813836, 1164154, 152778, 1393234, 2353528, 2612656, 1199830, 1455676, 'Up']
[1963289, 1815293, 902550, 317105, 2575334, 4556600, 3181825, 2857621, 815823, 1166599, 154150, 1395496, 2346883, 2607540, 1188623, 1399254, 'Up']
[1968473, 1821310, 903236, 313939, 2578298, 4510787, 3172457, 2845553, 812745, 1163521, 153097, 1394826, 2351585, 2619576, 1201855, 1459689, 'Up']
[1962906, 1815263, 903500, 317763, 2575781, 4551808, 3177941, 2853752, 817024, 1167920, 154227, 1394892, 2343652, 2602061, 1187184, 1395713, 'Up']
[1966583, 1819447, 902265, 313241, 2576748, 4518468, 3172364, 2853215, 811339, 1162185, 153346, 1395299, 2349991, 2625157, 1202876, 1460582, 'Up']
[1962923, 1815325, 903361, 317944, 2575577, 4545127, 3174896, 2852031, 816723, 1167587, 154601, 1393222, 2340246, 2595782, 1185459, 1395989, 'Up']
[1965557, 1818619, 901668, 313290, 2575812, 4525380, 3174209, 2861470, 810484, 1161637, 157898, 1396427, 2347737, 2629907, 1203649, 1460221, 'Up']
[1963517, 1816542, 903922, 318483, 2575755, 4536329, 3170872, 2848724, 817099, 1168206, 157750, 1392776, 2337355, 2591648, 1185252, 1397938, 'Up']
[1964411, 1817949, 901158, 313328, 2575093, 4533792, 3173202, 2868286, 809921, 1161486, 158481, 1397676, 2345948, 2633816, 1203608, 1457033, 'Up']
[1963364, 1817455, 903531, 317961, 2575707, 4528545, 3166408, 2846579, 816927, 1168230, 156960, 1392013, 2335946, 2588580, 1185025, 1401434, 'Up']
[1962547, 1817299, 900879, 312806, 2574079, 4542792, 3175070, 2876502, 808948, 1160891, 158284, 1398082, 2344084, 2635881, 1203137, 1453430, 'Up']
[1964022, 1818985, 904453, 318085, 2576787, 4520016, 3162819, 2845025, 816648, 1168026, 157124, 1391369, 2333534, 2586417, 1185523, 1408098, 'Up']
[1961439, 1816550, 901436, 313655, 2573125, 4549729, 3172960, 2881078, 809390, 1161678, 159609, 1399297, 2341649, 2636945, 1201812, 1446594, 'Up']
[1964284, 1819716, 904978, 318532, 2577040, 4512910, 3159365, 2845094, 816291, 1168065, 157155, 1391496, 2331663, 2586921, 1186870, 1414678, 'Up']
[1960212, 1815912, 901542, 314850, 2573337, 4555773, 3173241, 2884897, 810151, 1162515, 160252, 1400102, 2338605, 2635979, 1201274, 1439041, 'Up']
[1964254, 1820624, 904585, 317996, 2577127, 4506775, 3155062, 2844869, 815741, 1167757, 156818, 1391407, 2330690, 2588411, 1188936, 1422091, 'Up']
[1958502, 1814894, 901083, 315048, 2572765, 4561428, 3172396, 2888299, 810301, 1163192, 160177, 1400151, 2336308, 2633811, 1199087, 1430568, 'Up']
[1963360, 1820557, 903561, 317147, 2576069, 4503324, 3153046, 2848193, 814449, 1166765, 156038, 1390848, 2329743, 2591557, 1190918, 1430891, 'Up']
[1956493, 1814064, 900328, 315313, 2571419, 4564310, 3169071, 2890665, 810147, 1163364, 158864, 1398999, 2332641, 2629367, 1195974, 1422912, 'Up']
[1962593, 1820921, 903502, 316961, 2576327, 4500804, 3150477, 2852566, 812898, 1165535, 155301, 1391444, 2328977, 2595675, 1192690, 1439992, 'Up']
[1955751, 1814158, 901139, 316836, 2571505, 4564040, 3165190, 2890578, 811138, 1164605, 159462, 1399515, 2330774, 2624537, 1194497, 1415409, 'Up']
[1961624, 1820563, 902956, 316378, 2575645, 4500524, 3147676, 2857542, 812106, 1164913, 155979, 1392634, 2329969, 2602038, 1195658, 1447143, 'Up']
[1955250, 1814001, 901111, 317510, 2571353, 4562599, 3160366, 2889193, 812023, 1165348, 159254, 1398390, 2328591, 2618394, 1191906, 1408446, 'Up']
[1961384, 1820881, 902771, 316422, 2575659, 4502042, 3145481, 2862360, 811511, 1164515, 156213, 1393390, 2330045, 2607945, 1197739, 1453722, 'Up']
[1954143, 1813651, 901402, 318166, 2571579, 4559151, 3157849, 2886736, 813338, 1166795, 158647, 1397409, 2325952, 2611417, 1189870, 1402210, 'Up']
[1958992, 1819514, 901529, 315163, 2574333, 4505773, 3145173, 2869783, 809555, 1162849, 155632, 1393855, 2329351, 2613759, 1200258, 1459304, 'Up']
[1953927, 1814520, 901997, 319289, 2572051, 4553207, 3152314, 2884392, 813049, 1167060, 157748, 1396004, 2323145, 2604331, 1187857, 1400596, 'Up']
[1958084, 1820017, 902229, 315531, 2575028, 4511207, 3144355, 2875970, 809287, 1163218, 157074, 1395883, 2330140, 2620695, 1202108, 1463016, 'Up']
[1952701, 1814645, 901770, 318928, 2572045, 4547081, 3147802, 2880939, 813315, 1167421, 157525, 1395142, 2321932, 2598514, 1186264, 1399496, 'Up']
[1956615, 1819553, 900852, 314872, 2573893, 4518944, 3142991, 2883539, 807716, 1162082, 157570, 1396816, 2330118, 2626143, 1202380, 1464975, 'Up']
[1953109, 1816228, 902527, 319449, 2573306, 4541054, 3142614, 2878240, 813727, 1168366, 158321, 1394442, 2320937, 2594573, 1184926, 1401142, 'Up']
[1954852, 1818708, 900348, 313987, 2573515, 4527539, 3142017, 2891001, 807247, 1162279, 159147, 1398190, 2330142, 2631811, 1202660, 1463402, 'Up']
[1953340, 1817534, 903051, 318975, 2574180, 4532217, 3135933, 2874580, 813792, 1168500, 158400, 1393295, 2320190, 2589913, 1184025, 1403711, 'Up']
[1953363, 1818278, 900825, 313717, 2572231, 4535892, 3139627, 2896494, 807279, 1162366, 160662, 1399209, 2329757, 2634281, 1202344, 1459057, 'Up']
[1953280, 1818582, 903623, 318952, 2574070, 4524568, 3129201, 2870969, 814082, 1168939, 159021, 1392980, 2319117, 2586920, 1183831, 1406451, 'Up']
[1951302, 1817477, 901109, 314152, 2572498, 4544974, 3138650, 2902175, 806896, 1162647, 160871, 1400446, 2328288, 2636050, 1201603, 1452954, 'Up']
[1952423, 1819058, 903927, 318813, 2574619, 4516962, 3125277, 2870073, 813345, 1168617, 158006, 1392363, 2318819, 2585876, 1185324, 1412192, 'Up']
[1948718, 1815913, 900339, 314171, 2571406, 4551984, 3136786, 2907653, 806570, 1162608, 160868, 1400707, 2327316, 2636083, 1200993, 1446802, 'Up']
[1952399, 1820272, 904208, 318659, 2575277, 4510777, 3118954, 2869105, 812936, 1168264, 157849, 1392122, 2317955, 2586151, 1186626, 1419437, 'Up']
[1947338, 1815497, 901002, 314689, 2571242, 4558905, 3134121, 2910514, 807156, 1163280, 161763, 1401374, 2325506, 2634944, 1199533, 1438072, 'Up']
[1951353, 1820167, 903628, 317222, 2574646, 4506447, 3115726, 2870724, 812106, 1167482, 158504, 1392183, 2317918, 2588164, 1188830, 1426666, 'Up']
[1945598, 1814314, 900348, 314603, 2570579, 4562688, 3130888, 2912977, 806964, 1163306, 161709, 1400797, 2322575, 2631332, 1197446, 1430327, 'Up']
[1950951, 1820630, 903365, 316459, 2575506, 4502340, 3112189, 2872608, 811121, 1166755, 158192, 1392242, 2317049, 2591699, 1190679, 1435348, 'Up']
[1944156, 1813931, 900067, 315205, 2570666, 4564728, 3127525, 2913308, 807783, 1164122, 162130, 1400366, 2320056, 2627132, 1195264, 1421671, 'Up']
[1949966, 1820574, 902351, 316160, 2574406, 4501673, 3108622, 2876520, 810150, 1166091, 158589, 1392851, 2316593, 2596837, 1192849, 1442739, 'Up']
[1943516, 1814083, 900651, 316553, 2570686, 4565715, 3124510, 2912793, 808167, 1165330, 161979, 1399893, 2316568, 2621624, 1192566, 1413967, 'Up']
[1949066, 1820410, 902797, 315281, 2574558, 4503164, 3106805, 2881065, 809388, 1165723, 159054, 1394102, 2316634, 2603321, 1196006, 1449838, 'Up']
[1942025, 1813300, 900990, 316715, 2570533, 4564503, 3119116, 2910966, 809212, 1166048, 161206, 1398857, 2313865, 2615165, 1190446, 1406751, 'Up']
[1947981, 1819956, 902353, 315326, 2574987, 4506377, 3104965, 2886377, 808332, 1164613, 158930, 1394725, 2315787, 2609833, 1198318, 1455225, 'Up']
[1941517, 1813724, 901678, 317653, 2571496, 4561199, 3114886, 2907965, 810328, 1167310, 161458, 1397947, 2310618, 2608720, 1188770, 1401008, 'Up']
[1946723, 1819482, 902074, 314141, 2573874, 4510914, 3102086, 2891876, 807326, 1163911, 159598, 1395709, 2315613, 2615843, 1199895, 1458905, 'Up']
[1940537, 1813200, 901431, 316956, 2570713, 4555710, 3109134, 2904082, 810609, 1167216, 161996, 1396065, 2308465, 2601440, 1186186, 1397114, 'Up']
[1945331, 1818739, 901505, 313400, 2573497, 4518519, 3101979, 2899593, 806075, 1162783, 161143, 1396299, 2315295, 2621248, 1201352, 1461486, 'Up']
[1940460, 1813954, 902091, 317983, 2571331, 4550237, 3103643, 2901337, 810982, 1167728, 161643, 1394989, 2305953, 2595514, 1184777, 1397165, 'Up']
[1943659, 1817978, 900951, 313783, 2572598, 4527169, 3100577, 2906614, 805403, 1162452, 161579, 1397749, 2313741, 2626725, 1201664, 1461600, 'Up']
[1940690, 1814933, 902365, 318541, 2571773, 4542905, 3097714, 2896926, 811821, 1168788, 159723, 1394397, 2303418, 2591195, 1183409, 1397684, 'Up']
[1941773, 1816574, 900369, 313241, 2572107, 4535586, 3099347, 2913261, 804792, 1161858, 159776, 1398518, 2312045, 2630808, 1201497, 1459188, 'Up']
[1940661, 1815187, 903140, 318271, 2572866, 4535555, 3091867, 2894208, 812042, 1168720, 158938, 1393517, 2300839, 2587749, 1183164, 1401261, 'Up']
